Date
Open
High
Low
Close 

Adj Close 

Volume

May 22, 2026
41.54
42.08
41.54
41.72
41.72
11,100
May 21, 2026
41.12
41.29
40.40
41.10
41.10
13,000
May 20, 2026
39.95
40.65
39.95
40.65
40.65
7,100
May 19, 2026
38.79
40.28
38.79
40.15
40.15
13,100
May 18, 2026
0.255 Dividend 

May 18, 2026
40.61
40.61
39.51
40.06
40.06
11,400
May 15, 2026
39.81
41.00
39.81
40.61
40.36
14,500
May 14, 2026
40.28
40.52
40.00
40.21
39.96
10,500
May 13, 2026
39.49
40.66
39.49
40.48
40.22
21,300
May 12, 2026
39.53
39.74
39.53
39.68
39.43
7,400
May 11, 2026
0.24 Dividend 

May 11, 2026
39.44
39.55
39.06
39.35
39.10
21,800
May 8, 2026
39.29
39.99
39.29
39.69
39.20
15,900
May 7, 2026
38.76
39.38
38.76
38.76
38.28
13,000
May 6, 2026
37.90
38.84
37.85
38.81
38.34
13,800
May 5, 2026
37.33
38.26
37.33
38.24
37.77
16,800
May 4, 2026
0.191 Dividend 

May 4, 2026
37.62
37.63
36.81
37.11
36.66
15,100
May 1, 2026
38.20
39.00
37.67
37.67
37.02
19,300
Apr 30, 2026
36.00
36.92
35.97
36.39
35.76
34,900
Apr 29, 2026
35.98
36.20
35.95
36.13
35.50
5,800
Apr 28, 2026
36.63
36.63
36.00
36.28
35.66
11,600
Apr 27, 2026
0.25 Dividend 

Apr 27, 2026
36.28
36.32
35.59
35.81
35.20
9,000
Apr 24, 2026
36.80
36.83
36.43
36.59
35.71
11,300
Apr 23, 2026
36.75
37.33
36.75
37.00
36.11
7,900
Apr 22, 2026
36.10
37.05
36.10
36.93
36.05
4,600
Apr 21, 2026
36.27
36.67
35.71
35.71
34.85
11,400
Apr 20, 2026
0.211 Dividend 

Apr 20, 2026
36.66
37.15
36.66
36.90
36.01
13,100
Apr 17, 2026
36.36
37.03
36.28
36.69
35.60
14,800
Apr 16, 2026
36.10
36.10
35.40
35.63
34.58
9,600
Apr 15, 2026
35.14
36.10
34.82
36.10
35.04
17,300
Apr 14, 2026
34.85
35.29
34.67
34.88
33.85
17,100
Apr 13, 2026
0.246 Dividend 

Apr 13, 2026
34.92
34.92
34.59
34.87
33.84
15,400
Apr 10, 2026
35.13
35.62
35.13
35.25
33.97
6,100
Apr 9, 2026
35.25
35.40
34.87
35.40
34.11
12,600
Apr 8, 2026
35.01
35.20
34.81
35.02
33.75
9,200
Apr 7, 2026
34.25
34.35
33.02
34.16
32.92
21,400
Apr 6, 2026
0.214 Dividend 

Apr 6, 2026
34.64
35.64
34.64
35.11
33.83
7,100
Apr 2, 2026
35.09
35.09
34.25
34.85
33.38
3,100
Apr 1, 2026
34.77
34.88
34.61
34.74
33.27
7,600
Mar 31, 2026
33.73
34.70
33.49
34.42
32.96
16,400
Mar 30, 2026
0.186 Dividend 

Mar 30, 2026
33.82
33.82
33.29
33.30
31.89
17,700
Mar 27, 2026
34.49
34.98
33.85
33.85
32.24
16,900
Mar 26, 2026
34.40
35.23
34.40
34.51
32.87
9,600
Mar 25, 2026
34.81
34.88
34.33
34.51
32.87
12,600
Mar 24, 2026
34.63
34.99
34.39
34.39
32.75
9,100
Mar 23, 2026
0.159 Dividend 

Mar 23, 2026
34.56
34.81
34.23
34.26
32.63
14,700
Mar 20, 2026
33.81
34.19
33.80
34.11
32.34
444,400
Mar 19, 2026
34.00
34.60
33.81
34.05
32.28
8,700
Mar 18, 2026
34.70
35.04
34.21
34.21
32.43
7,200
Mar 17, 2026
34.81
35.16
34.81
34.92
33.10
6,500
Mar 16, 2026
0.165 Dividend 

Mar 16, 2026
34.36
34.95
34.36
34.80
32.99
5,200
Mar 13, 2026
35.08
35.54
34.37
34.37
32.43
7,100
Mar 12, 2026
35.75
35.75
35.34
35.43
33.43
9,900
Mar 11, 2026
36.44
36.50
36.19
36.22
34.17
7,100
Mar 10, 2026
35.77
36.48
35.77
36.32
34.27
3,900
Mar 9, 2026
0.2 Dividend 

Mar 9, 2026
35.15
36.29
35.13
36.29
34.24
11,800
Mar 6, 2026
35.90
36.01
35.50
35.89
33.67
8,000
Mar 5, 2026
36.53
36.63
36.00
36.58
34.32
11,000
Mar 4, 2026
37.30
37.33
36.78
36.80
34.52
5,500
Mar 3, 2026
36.97
37.13
36.50
37.03
34.74
7,600
Mar 2, 2026
0.255 Dividend 

Mar 2, 2026
36.93
37.51
36.26
37.21
34.91
7,600
Feb 27, 2026
38.92
38.92
37.24
37.32
34.77
7,100
Feb 26, 2026
38.96
39.33
38.62
38.89
36.24
9,500
Feb 25, 2026
39.17
39.21
38.63
39.00
36.34
8,200
Feb 24, 2026
38.76
39.20
38.63
38.63
35.99
8,900
Feb 23, 2026
0.067 Dividend 

Feb 23, 2026
37.40
38.31
37.40
37.74
35.16
13,900
Feb 20, 2026
36.81
37.65
36.81
37.45
34.83
51,900
Feb 19, 2026
37.42
37.55
36.90
36.94
34.35
8,600
Feb 18, 2026
37.43
37.85
37.30
37.52
34.90
10,900
Feb 17, 2026
0.261 Dividend 

Feb 17, 2026
36.09
37.83
36.09
37.34
34.73
13,600
Feb 13, 2026
37.17
37.17
36.17
36.17
33.40
21,700
Feb 12, 2026
39.29
39.40
37.12
37.23
34.38
17,900
Feb 11, 2026
39.62
40.58
39.62
39.65
36.61
14,700
Feb 10, 2026
39.43
39.76
39.32
39.32
36.31
11,400
Feb 9, 2026
0.243 Dividend 

Feb 9, 2026
40.12
40.12
39.18
39.54
36.51
17,100
Feb 6, 2026
40.39
40.92
40.28
40.47
37.15
17,400
Feb 5, 2026
40.43
40.65
39.65
40.35
37.03
23,100
Feb 4, 2026
38.76
40.52
38.76
40.35
37.03
26,100
Feb 3, 2026
39.08
39.23
38.71
38.97
35.77
15,800
Feb 2, 2026
0.131 Dividend 

Feb 2, 2026
37.61
39.13
37.25
39.13
35.92
21,100
Jan 30, 2026
36.30
37.71
36.19
37.42
34.23
19,000
Jan 29, 2026
36.78
37.48
36.74
37.08
33.91
15,000
Jan 28, 2026
36.90
37.17
36.55
36.76
33.62
12,000
Jan 27, 2026
37.76
37.77
37.20
37.32
34.13
34,000
Jan 26, 2026
0.151 Dividend 

Jan 26, 2026
35.89
36.90
35.89
36.90
33.75
24,000
Jan 23, 2026
35.31
35.89
35.03
35.62
32.44
18,600
Jan 22, 2026
35.93
36.10
35.62
35.62
32.44
14,000
Jan 21, 2026
35.21
36.00
35.20
35.67
32.49
25,800
Jan 20, 2026
0.109 Dividend 

Jan 20, 2026
36.12
36.82
34.89
35.43
32.27
28,000
Jan 16, 2026
37.49
37.53
36.99
37.12
33.71
48,500
Jan 15, 2026
37.97
37.97
37.37
37.41
33.97
10,600
Jan 14, 2026
37.58
38.00
37.31
37.83
34.35
12,800
Jan 13, 2026
37.84
38.19
37.68
38.19
34.68
16,800
Jan 12, 2026
0.163 Dividend 

Jan 12, 2026
37.78
38.04
37.35
37.72
34.25
19,600
Jan 9, 2026
37.90
38.05
37.40
37.83
34.20
23,400
Jan 8, 2026
37.38
37.84
37.14
37.73
34.11
29,700
Jan 7, 2026
38.83
38.83
37.98
38.30
34.63
13,100
Jan 6, 2026
39.22
39.22
38.35
38.35
34.67
25,800
Jan 5, 2026
0.211 Dividend 

Jan 5, 2026
39.80
40.02
39.12
39.23
35.47
35,700
Jan 2, 2026
40.43
41.52
39.94
40.11
36.08
12,700
Dec 31, 2025
40.35
40.60
40.35
40.44
36.37
6,600
Dec 30, 2025
40.19
40.75
40.19
40.50
36.43
7,700
Dec 29, 2025
0.192 Dividend 

Dec 29, 2025
40.13
40.85
40.13
40.64
36.55
14,400
Dec 26, 2025
40.94
41.21
40.74
40.74
36.47
18,800
Dec 24, 2025
40.26
41.25
40.26
40.85
36.57
6,300
Dec 23, 2025
40.19
40.70
40.19
40.59
36.33
13,300
Dec 22, 2025
0.231 Dividend 

Dec 22, 2025
40.80
40.93
40.29
40.61
36.35
14,500
Dec 19, 2025
40.91
41.12
40.66
41.12
36.60
39,200
Dec 18, 2025
41.31
41.31
40.05
40.84
36.35
18,300
Dec 17, 2025
41.35
41.60
40.75
40.85
36.36
12,000
Dec 16, 2025
41.12
41.43
40.91
41.24
36.71
13,400
Dec 15, 2025
0.24 Dividend 

Dec 15, 2025
42.59
42.59
41.10
41.16
36.64
43,100
Dec 12, 2025
42.19
42.50
42.17
42.50
37.62
21,000
Dec 11, 2025
42.59
42.59
41.60
42.31
37.45
32,800
Dec 10, 2025
42.11
42.56
41.96
42.38
37.51
18,200
Dec 9, 2025
42.46
42.60
42.16
42.16
37.32
12,800
Dec 8, 2025
0.271 Dividend 

Dec 8, 2025
42.30
42.46
41.99
42.19
37.34
15,600
Dec 5, 2025
43.17
43.21
42.61
42.61
37.47
18,900
Dec 4, 2025
43.58
43.60
42.80
42.99
37.81
17,300
Dec 3, 2025
43.96
44.65
43.52
43.52
38.28
19,500
Dec 2, 2025
43.30
44.18
43.30
43.88
38.59
22,500
Dec 1, 2025
0.256 Dividend 

Dec 1, 2025
42.47
43.81
42.38
43.59
38.34
13,000
Nov 28, 2025
42.65
43.10
42.48
43.10
37.68
14,900
Nov 26, 2025
42.79
43.12
42.63
42.91
37.51
12,500
Nov 25, 2025
42.50
43.30
42.50
42.69
37.32
21,500
Nov 24, 2025
0.285 Dividend 

Nov 24, 2025
41.90
42.73
41.90
42.62
37.26
25,000
Nov 21, 2025
40.81
42.28
40.81
41.66
36.17
393,300
Nov 20, 2025
42.15
42.63
40.95
40.95
35.56
15,900
Nov 19, 2025
41.25
42.05
41.20
41.30
35.86
14,600
Nov 18, 2025
41.78
41.78
40.87
41.31
35.87
26,400
Nov 17, 2025
0.238 Dividend 

Nov 17, 2025
41.83
41.83
40.97
41.23
35.80
35,300
Nov 14, 2025
41.98
43.06
41.95
42.17
36.41
29,600
Nov 13, 2025
42.57
43.14
42.40
42.50
36.69
16,500
Nov 12, 2025
43.04
43.04
42.41
42.46
36.66
18,600
Nov 11, 2025
41.69
43.08
41.69
42.97
37.10
9,700
Nov 10, 2025
0.27 Dividend 

Nov 10, 2025
42.08
42.70
41.77
41.88
36.16
30,200
Nov 7, 2025
42.20
42.60
41.76
41.91
35.95
21,200
Nov 6, 2025
42.66
42.73
41.96
42.44
36.41
17,900
Nov 5, 2025
42.28
42.47
41.77
42.47
36.43
17,600
Nov 4, 2025
41.61
42.59
41.61
42.38
36.35
19,400
Nov 3, 2025
0.264 Dividend 

Nov 3, 2025
42.40
42.40
41.60
41.97
36.00
19,800
Oct 31, 2025
44.11
44.11
42.44
42.72
36.42
17,800
Oct 30, 2025
42.30
43.03
42.30
42.79
36.48
29,100
Oct 29, 2025
42.35
42.76
42.19
42.19
35.97
10,800
Oct 28, 2025
42.46
42.47
42.24
42.37
36.12
15,300
Oct 27, 2025
0.267 Dividend 

Oct 27, 2025
41.70
42.36
41.54
42.36
36.11
22,000
Oct 24, 2025
41.30
41.75
40.85
41.56
35.20
14,800
Oct 23, 2025
40.69
41.08
40.69
41.04
34.76
12,400
Oct 22, 2025
41.45
41.45
40.17
40.51
34.31
25,500
Oct 21, 2025
41.14
41.80
41.14
41.45
35.11
18,900
Oct 20, 2025
0.218 Dividend 

Oct 20, 2025
39.85
41.82
39.85
41.50
35.15
47,900
Oct 17, 2025
38.67
39.91
38.67
39.74
33.48
67,000
Oct 16, 2025
38.99
39.55
38.48
38.70
32.60
25,600
Oct 15, 2025
39.26
39.61
38.97
39.17
33.00
12,200
Oct 14, 2025
0.38 Dividend 

Oct 14, 2025
38.88
39.11
38.38
39.11
32.95
22,100
Oct 13, 2025
39.29
39.67
38.93
39.23
32.73
21,100
Oct 10, 2025
40.86
40.86
38.78
38.78
32.35
31,200
Oct 9, 2025
41.32
41.32
40.39
40.39
33.69
33,300
Oct 8, 2025
41.07
41.40
41.07
41.29
34.45
16,800
Oct 7, 2025
41.39
41.39
40.90
41.09
34.28
21,000
Oct 6, 2025
0.394 Dividend 

Oct 6, 2025
41.28
41.45
40.74
41.03
34.23
26,400
Oct 3, 2025
41.28
42.34
41.24
41.49
34.28
29,100
Oct 2, 2025
41.74
41.85
41.07
41.85
34.58
23,500
Oct 1, 2025
41.18
41.89
41.18
41.39
34.20
20,800
Sep 30, 2025
41.13
41.20
40.88
41.06
33.93
17,600
Sep 29, 2025
0.373 Dividend 

Sep 29, 2025
41.42
41.42
40.81
41.01
33.89
25,100
Sep 26, 2025
41.89
41.89
41.44
41.52
34.00
31,600
Sep 25, 2025
40.73
41.90
40.73
41.90
34.31
34,800
Sep 24, 2025
41.62
41.62
40.79
41.03
33.59
12,900
Sep 23, 2025
41.53
41.96
41.26
41.36
33.87
22,400
Sep 22, 2025
0.166 Dividend 

Sep 22, 2025
40.23
41.95
40.23
41.95
34.35
38,700
Sep 19, 2025
38.55
40.01
38.55
39.99
32.61
35,400
Sep 18, 2025
38.83
38.98
38.23
38.53
31.42
23,200
Sep 17, 2025
38.68
38.81
38.42
38.65
31.51
25,300
Sep 16, 2025
38.31
39.00
38.15
38.67
31.53
20,500
Sep 15, 2025
0.233 Dividend 

Sep 15, 2025
38.38
38.45
37.92
38.31
31.24
24,400
Sep 12, 2025
36.83
37.99
36.83
37.74
30.59
41,800
Sep 11, 2025
36.63
37.23
36.63
37.14
30.10
31,000
Sep 10, 2025
37.81
37.81
36.39
36.58
29.65
45,400
Sep 9, 2025
38.60
38.78
37.85
37.99
30.79
51,300
Sep 8, 2025
0.233 Dividend 

Sep 8, 2025
38.67
39.03
38.42
38.67
31.34
20,600
Sep 5, 2025
39.51
39.53
39.02
39.44
31.78
24,600
Sep 4, 2025
38.65
39.47
38.65
39.29
31.65
26,200
Sep 3, 2025
37.74
39.08
37.74
38.88
31.32
28,100
Sep 2, 2025
0.173 Dividend 

Sep 2, 2025
37.57
37.59
36.82
37.13
29.91
23,600
Aug 29, 2025
38.26
38.26
37.93
38.19
30.63
24,500
Aug 28, 2025
38.10
38.24
37.57
38.24
30.67
20,200
Aug 27, 2025
37.61
37.82
37.27
37.82
30.33
30,400
Aug 26, 2025
37.05
37.61
36.65
37.61
30.16
32,800
Aug 25, 2025
0.231 Dividend 

Aug 25, 2025
37.03
37.45
36.87
37.14
29.78
15,200
Aug 22, 2025
37.42
37.75
37.00
37.65
30.01
25,600
Aug 21, 2025
37.00
37.08
36.69
36.89
29.41
17,600
Aug 20, 2025
38.01
38.01
37.06
37.10
29.57
24,500
Aug 19, 2025
38.17
38.45
37.81
38.06
30.34
29,400
Aug 18, 2025
0.485 Dividend 

Aug 18, 2025
38.56
38.56
37.92
38.07
30.35
20,300
Aug 15, 2025
39.12
39.12
38.28
38.80
30.54
35,000
Aug 14, 2025
38.89
39.35
38.58
39.11
30.78
35,600
Aug 13, 2025
38.58
39.23
38.58
39.21
30.86
48,600
Aug 12, 2025
38.09
38.52
37.80
38.22
30.08
23,700
Aug 11, 2025
0.231 Dividend 

Aug 11, 2025
38.58
38.58
37.36
38.04
29.94
90,100
Aug 8, 2025
36.98
38.75
36.52
38.64
30.23
80,400
Aug 7, 2025
36.42
36.72
36.01
36.67
28.69
111,400
Aug 6, 2025
33.64
35.70
33.64
35.32
27.64
58,500
Aug 5, 2025
33.34
33.65
33.16
33.44
26.16
32,800
Aug 4, 2025
0.234 Dividend 

Aug 4, 2025
33.60
34.23
33.04
33.34
26.09
64,600
Aug 1, 2025
35.18
35.58
33.30
33.56
26.08
54,600
Jul 31, 2025
34.74
34.93
34.39
34.56
26.85
62,000
Jul 30, 2025
35.34
35.34
34.54
34.76
27.01
49,100
Jul 29, 2025
35.64
35.90
35.24
35.34
27.46
32,700
Jul 28, 2025
0.432 Dividend 

Jul 28, 2025
35.65
35.91
35.59
35.60
27.66
74,500
Jul 25, 2025
36.40
36.40
36.06
36.36
27.92
65,100
Jul 24, 2025
36.11
36.49
36.05
36.14
27.75
38,900
Jul 23, 2025
36.36
36.36
35.90
36.32
27.88
27,700
Jul 22, 2025
36.05
36.31
35.84
36.31
27.88
48,500
Jul 21, 2025
0.398 Dividend 

Jul 21, 2025
35.91
36.50
35.75
36.09
27.71
100,900
Jul 18, 2025
36.09
36.11
35.70
36.01
27.34
68,500
Jul 17, 2025
36.00
36.20
35.68
35.95
27.30
97,500
Jul 16, 2025
35.88
36.30
35.62
35.93
27.28
51,600
Jul 15, 2025
35.75
36.17
35.67
35.74
27.14
46,400
Jul 14, 2025
0.75 Dividend 

Jul 14, 2025
35.66
35.99
35.32
35.53
26.98
57,400
Jul 11, 2025
36.76
37.02
36.55
36.94
27.48
149,800
Jul 10, 2025
36.55
37.25
36.55
36.96
27.49
7,900
Jul 9, 2025
36.30
36.82
36.04
36.82
27.39
10,800
Jul 8, 2025
36.46
36.74
36.27
36.67
27.28
12,000
Jul 7, 2025
0.225 Dividend 

Jul 7, 2025
37.51
37.80
36.47
36.67
27.28
15,500
Jul 3, 2025
37.34
37.72
37.25
37.49
27.72
15,000
Jul 2, 2025
36.96
37.46
36.96
37.30
27.58
12,300
Jul 1, 2025
36.22
36.73
36.06
36.37
26.89
12,900
Jun 30, 2025
0.265 Dividend 

Jun 30, 2025
35.23
36.24
34.60
35.94
26.57
15,200
Jun 27, 2025
35.35
35.58
35.19
35.22
25.85
24,200
Jun 26, 2025
35.26
35.39
34.97
35.29
25.90
14,600
Jun 25, 2025
35.41
35.68
35.20
35.33
25.92
12,600
Jun 24, 2025
35.64
35.67
35.14
35.14
25.79
18,800
Jun 23, 2025
0.145 Dividend 

Jun 23, 2025
35.43
35.45
34.96
35.40
25.98
17,000
Jun 20, 2025
35.00
35.42
34.61
35.42
25.89
12,800
Jun 18, 2025
34.39
34.61
34.20
34.49
25.20
10,700
Jun 17, 2025
34.98
34.98
34.21
34.27
25.05
12,400
Jun 16, 2025
0.235 Dividend 

Jun 16, 2025
34.58
34.87
34.56
34.81
25.44
16,200
Jun 13, 2025
35.26
35.26
34.56
34.56
25.09
15,800
Jun 12, 2025
35.10
35.25
34.87
35.20
25.55
10,200
Jun 11, 2025
36.14
36.14
35.15
35.15
25.52
16,500
Jun 10, 2025
35.64
36.33
35.64
36.00
26.13
9,200
Jun 9, 2025
0.265 Dividend 

Jun 9, 2025
36.49
36.67
35.56
35.86
26.03
13,200
Jun 6, 2025
36.85
36.85
36.29
36.61
26.38
6,100
Jun 5, 2025
36.39
36.49
35.81
35.81
25.80
12,600
Jun 4, 2025
36.41
36.91
36.35
36.39
26.22
7,100
Jun 3, 2025
36.11
36.46
36.07
36.45
26.26
7,600
Jun 2, 2025
0.101 Dividend 

Jun 2, 2025
35.85
36.11
35.84
36.09
26.01
12,900
May 30, 2025
35.67
36.19
35.22
36.19
26.01
8,400
May 29, 2025
36.98
36.98
35.64
35.87
25.78
25,100
May 28, 2025
36.33
36.45
35.90
36.02
25.88
19,200
May 27, 2025
0.278 Dividend 

May 27, 2025
35.54
36.04
35.41
35.90
25.80
36,000
May 23, 2025
35.35
35.47
35.13
35.20
25.09
7,700
May 22, 2025
36.36
36.80
36.28
36.47
26.00
5,100
May 21, 2025
37.20
37.64
36.46
36.70
26.16
6,300
May 20, 2025
37.86
37.94
37.50
37.68
26.86
6,100
May 19, 2025
0.162 Dividend 

May 19, 2025
38.30
38.30
37.18
38.11
27.17
7,100
May 16, 2025
38.67
38.99
38.62
38.85
27.58
5,900
May 15, 2025
38.89
39.18
38.66
38.82
27.56
4,300
May 14, 2025
39.17
39.44
38.95
39.13
27.78
9,700
May 13, 2025
38.29
39.38
38.29
39.28
27.88
6,800
May 12, 2025
0.185 Dividend 

May 12, 2025
39.21
39.21
38.01
38.75
27.51
6,400
May 9, 2025
36.35
36.53
36.15
36.23
25.59
5,500
May 8, 2025
35.81
36.50
35.75
36.00
25.43
6,200
May 7, 2025
36.14
36.48
35.44
35.76
25.26
9,200
May 6, 2025
36.46
36.52
36.23
36.40
25.71
3,300
May 5, 2025
0.32 Dividend 

May 5, 2025
37.40
37.40
36.35
36.35
25.67
6,100
May 2, 2025
37.62
38.43
37.62
38.04
26.64
9,500
May 1, 2025
39.75
39.89
39.39
39.89
27.94
5,400
Apr 30, 2025
38.71
39.79
38.71
39.79
27.87
8,200
Apr 29, 2025
39.30
39.58
39.00
39.39
27.59
4,000
Apr 28, 2025
0.249 Dividend 

Apr 28, 2025
39.01
39.53
38.60
39.34
27.55
10,600
Apr 25, 2025
39.19
39.29
38.76
39.28
27.33
7,600
Apr 24, 2025
38.73
39.12
38.40
39.12
27.23
1,900
Apr 23, 2025
38.97
38.97
38.08
38.35
26.69
2,300
Apr 22, 2025
36.68
37.16
36.68
37.16
25.86
2,300
Apr 21, 2025
0.386 Dividend 

Apr 21, 2025
35.60
35.65
35.12
35.65
24.81
1,700
Apr 17, 2025
36.71
37.28
36.65
36.97
25.46
3,900
Apr 16, 2025
36.92
37.32
36.10
36.39
25.06
4,500
Apr 15, 2025
38.20
38.30
37.63
38.19
26.30
2,100
Apr 14, 2025
0.102 Dividend 

Apr 14, 2025
40.64
40.64
38.16
38.16
26.28
6,200
Apr 11, 2025
35.25
37.49
35.25
37.38
25.67
3,900
Apr 10, 2025
34.95
36.50
34.58
35.77
24.57
28,500
Apr 9, 2025
32.15
36.20
32.15
35.44
24.34
15,500
Apr 8, 2025
34.86
35.46
31.54
31.54
21.66
3,400
Apr 7, 2025
0.226 Dividend 

Apr 7, 2025
33.34
36.89
32.38
33.64
23.10
9,000
Apr 4, 2025
36.86
37.83
35.44
35.44
24.18
4,000
Apr 3, 2025
39.66
39.77
38.93
38.93
26.56
3,700
Apr 2, 2025
43.34
43.81
43.34
43.81
29.89
1,300
Apr 1, 2025
42.67
43.61
42.67
43.59
29.74
2,500
Mar 31, 2025
0.278 Dividend 

Mar 31, 2025
42.79
43.39
41.95
43.39
29.61
3,100
Mar 28, 2025
43.80
43.80
42.68
42.68
28.93
3,300
Mar 27, 2025
43.44
44.15
43.44
44.15
29.93
900
Mar 26, 2025
44.19
44.19
43.54
43.54
29.52
1,900
Mar 25, 2025
43.22
44.06
43.21
44.06
29.87
2,100
Mar 24, 2025
0.121 Dividend 

Mar 24, 2025
43.84
43.84
43.10
43.32
29.37
2,600
Mar 21, 2025
41.50
42.75
41.50
42.75
28.90
17,100
Mar 20, 2025
42.65
42.65
42.00
42.00
28.39
1,300
Mar 19, 2025
42.80
42.80
42.19
42.19
28.52
800
Mar 18, 2025
41.96
42.08
41.37
41.63
28.14
1,600
Mar 17, 2025
0.229 Dividend 

Mar 17, 2025
41.98
42.09
41.63
41.94
28.35
3,400
Mar 14, 2025
41.76
42.07
41.61
42.07
28.29
3,700
Mar 13, 2025
43.06
43.07
41.08
41.08
27.62
5,000
Mar 12, 2025
43.95
44.01
42.62
42.94
28.87
5,300
Mar 11, 2025
44.84
44.92
43.31
43.95
29.55
8,000
Mar 10, 2025
0.202 Dividend 

Mar 10, 2025
47.11
47.11
45.51
45.51
30.60
3,400
Mar 7, 2025
47.61
48.78
47.61
48.56
32.51
4,800
Mar 6, 2025
47.52
47.60
47.52
47.60
31.87
1,200
Mar 5, 2025
47.29
47.84
46.22
47.69
31.93
2,800
Mar 4, 2025
48.29
48.58
47.56
47.76
31.98
3,800
Mar 3, 2025
0.241 Dividend 

Mar 3, 2025
49.72
49.72
48.28
48.28
32.32
5,500
Feb 28, 2025
47.92
49.37
47.92
49.37
32.90
6,400
Feb 27, 2025
49.22
49.41
48.40
48.40
32.25
2,100
Feb 26, 2025
51.14
51.14
48.95
49.09
32.71
4,000
Feb 25, 2025
51.28
51.86
50.59
51.02
33.99
7,000
Feb 24, 2025
50.91
51.08
50.83
50.83
33.86
2,600
Feb 21, 2025
50.51
51.04
50.43
50.43
33.60
3,000
Feb 20, 2025
50.32
50.50
50.17
50.50
33.65
2,900
