Date
Open
High
Low
Close 

Adj Close 

Volume
May 26, 2026
27.08
27.13
26.86
26.86
26.86
3,765
May 22, 2026
26.90
27.03
26.76
26.86
26.86
1,600
May 21, 2026
26.21
26.53
26.21
26.49
26.49
1,800
May 20, 2026
0.3 Dividend 

May 20, 2026
26.17
26.25
25.90
26.25
26.25
6,600
May 19, 2026
26.05
26.22
26.03
26.22
25.91
1,800
May 18, 2026
26.27
26.27
25.93
26.10
25.81
1,700
May 15, 2026
26.08
26.44
26.08
26.36
26.06
1,500
May 14, 2026
26.23
26.23
26.08
26.20
25.90
2,000
May 13, 2026
25.90
26.30
25.84
26.22
25.92
2,800
May 12, 2026
25.76
25.83
25.73
25.83
25.54
4,800
May 11, 2026
25.65
25.68
25.45
25.63
25.33
5,700
May 8, 2026
25.66
25.70
25.59
25.70
25.41
2,300
May 7, 2026
25.19
25.42
25.03
25.03
24.75
6,900
May 6, 2026
24.60
25.12
24.60
25.12
24.83
6,500
May 5, 2026
24.39
24.76
24.34
24.76
24.47
6,000
May 4, 2026
24.27
24.27
23.91
23.99
23.72
1,200
May 1, 2026
24.09
25.00
24.09
24.37
24.09
13,200
Apr 30, 2026
23.17
23.85
23.17
23.39
23.12
12,800
Apr 29, 2026
23.23
23.23
23.23
23.23
22.97
700
Apr 28, 2026
23.37
23.37
23.24
23.32
23.05
1,700
Apr 27, 2026
22.89
23.00
22.88
23.00
22.74
7,200
Apr 24, 2026
23.40
23.41
23.20
23.38
23.11
7,300
Apr 23, 2026
23.82
23.82
23.54
23.62
23.35
5,600
Apr 22, 2026
0.25 Dividend 

Apr 22, 2026
22.94
23.62
22.94
23.59
23.32
4,300
Apr 21, 2026
23.50
23.50
23.11
23.13
22.62
4,300
Apr 20, 2026
23.88
23.92
23.82
23.82
23.30
2,000
Apr 17, 2026
23.44
23.57
23.44
23.48
22.96
1,000
Apr 16, 2026
22.90
23.03
22.81
22.98
22.47
2,400
Apr 15, 2026
22.71
23.22
22.71
23.22
22.70
5,300
Apr 14, 2026
22.58
22.58
22.41
22.43
21.93
900
Apr 13, 2026
22.49
22.56
22.34
22.56
22.06
2,300
Apr 10, 2026
22.67
22.81
22.55
22.57
22.07
2,100
Apr 9, 2026
22.30
22.71
22.30
22.71
22.21
700
Apr 8, 2026
22.61
22.61
22.42
22.50
22.00
3,600
Apr 7, 2026
22.13
22.13
21.43
21.97
21.48
2,500
Apr 6, 2026
22.50
22.79
22.49
22.51
22.01
1,500
Apr 2, 2026
21.82
22.24
21.82
22.24
21.75
700
Apr 1, 2026
22.07
22.18
22.07
22.18
21.69
1,900
Mar 31, 2026
21.52
22.08
21.49
22.08
21.59
1,600
Mar 30, 2026
21.64
21.64
21.25
21.36
20.88
7,200
Mar 27, 2026
21.78
21.78
21.50
21.63
21.15
2,800
Mar 26, 2026
22.18
22.30
21.96
21.96
21.47
1,800
Mar 25, 2026
21.87
21.87
21.85
21.85
21.37
400
Mar 24, 2026
21.78
22.00
21.78
21.81
21.32
1,900
Mar 23, 2026
21.83
21.83
21.80
21.80
21.32
2,300
Mar 20, 2026
21.44
21.52
21.37
21.37
20.90
7,500
Mar 19, 2026
21.98
22.00
21.64
21.75
21.27
2,500
Mar 18, 2026
0.25 Dividend 

Mar 18, 2026
21.75
21.75
21.73
21.73
21.25
3,000
Mar 17, 2026
22.36
22.36
22.33
22.33
21.60
800
Mar 16, 2026
22.19
22.19
22.19
22.19
21.46
500
Mar 13, 2026
22.50
22.50
21.97
21.97
21.24
2,400
Mar 12, 2026
22.55
22.55
22.47
22.53
21.78
1,300
Mar 11, 2026
23.03
23.09
22.96
23.03
22.27
1,600
Mar 10, 2026
22.88
22.96
22.88
22.96
22.20
1,200
Mar 9, 2026
22.38
22.96
22.38
22.91
22.16
1,900
Mar 6, 2026
22.69
22.69
22.56
22.69
21.94
2,400
Mar 5, 2026
22.91
23.04
22.75
23.03
22.27
2,700
Mar 4, 2026
23.33
23.48
23.18
23.25
22.48
8,100
Mar 3, 2026
23.28
23.33
23.28
23.33
22.55
500
Mar 2, 2026
23.09
23.55
23.09
23.45
22.68
2,900
Feb 27, 2026
24.00
24.00
23.35
23.43
22.66
9,100
Feb 26, 2026
24.16
24.16
24.15
24.15
23.35
1,500
Feb 25, 2026
24.16
24.30
24.11
24.27
23.47
5,600
Feb 24, 2026
24.03
24.26
24.02
24.08
23.28
3,600
Feb 23, 2026
23.39
23.64
23.39
23.53
22.75
4,900
Feb 20, 2026
22.84
23.37
22.84
23.37
22.60
2,400
Feb 19, 2026
23.22
23.22
22.94
22.95
22.19
1,000
Feb 18, 2026
0.25 Dividend 

Feb 18, 2026
23.43
23.43
23.36
23.37
22.60
800
Feb 17, 2026
22.75
23.56
22.75
23.47
22.45
2,400
Feb 13, 2026
23.06
23.11
22.69
22.72
21.73
2,800
Feb 12, 2026
24.27
24.39
23.33
23.36
22.35
4,300
Feb 11, 2026
24.73
25.19
24.73
24.82
23.75
3,100
Feb 10, 2026
24.60
24.63
24.56
24.60
23.53
1,400
Feb 9, 2026
24.69
24.72
24.43
24.72
23.65
3,800
Feb 6, 2026
25.11
25.24
25.01
25.07
23.99
10,800
Feb 5, 2026
24.71
24.91
24.68
24.88
23.80
7,600
Feb 4, 2026
24.78
24.96
24.78
24.93
23.85
3,400
Feb 3, 2026
24.27
24.35
24.22
24.28
23.22
4,400
Feb 2, 2026
23.50
24.33
23.34
24.33
23.28
2,300
Jan 30, 2026
23.02
23.33
23.02
23.33
22.32
1,200
Jan 29, 2026
22.83
23.34
22.83
23.22
22.21
4,400
Jan 28, 2026
23.22
23.22
22.91
23.07
22.07
3,900
Jan 27, 2026
23.49
23.51
23.23
23.23
22.22
2,100
Jan 26, 2026
22.62
23.03
22.62
22.96
21.97
3,700
Jan 23, 2026
22.07
22.39
22.07
22.31
21.34
5,500
Jan 22, 2026
22.40
22.53
22.30
22.30
21.34
24,100
Jan 21, 2026
0.25 Dividend 

Jan 21, 2026
22.31
22.59
22.07
22.24
21.27
9,000
Jan 20, 2026
22.95
23.04
22.40
22.40
21.19
5,500
Jan 16, 2026
23.65
23.67
23.35
23.37
22.11
6,000
Jan 15, 2026
23.72
23.78
23.63
23.63
22.35
1,900
Jan 14, 2026
23.87
23.87
23.57
23.80
22.52
2,100
Jan 13, 2026
23.87
23.92
23.81
23.92
22.63
3,400
Jan 12, 2026
23.58
23.96
23.58
23.88
22.59
4,200
Jan 9, 2026
23.69
23.83
23.55
23.76
22.48
3,700
Jan 8, 2026
23.62
23.75
23.50
23.75
22.47
7,300
Jan 7, 2026
24.02
24.04
23.83
23.83
22.54
4,700
Jan 6, 2026
24.26
24.26
24.05
24.05
22.75
4,500
Jan 5, 2026
24.64
24.80
24.43
24.45
23.13
2,800
Jan 2, 2026
25.01
25.19
24.68
24.77
23.43
3,700
Dec 31, 2025
24.93
24.94
24.89
24.89
23.54
2,100
Dec 30, 2025
24.93
24.98
24.90
24.98
23.63
2,700
Dec 29, 2025
24.83
25.06
24.83
25.03
23.68
2,200
Dec 26, 2025
25.02
25.07
24.97
24.97
23.62
900
Dec 24, 2025
25.05
25.14
25.02
25.02
23.66
900
Dec 23, 2025
24.68
24.90
24.68
24.90
23.55
2,100
Dec 22, 2025
24.96
24.96
24.76
24.76
23.42
2,700
Dec 19, 2025
24.86
24.87
24.69
24.81
23.47
4,500
Dec 18, 2025
24.51
24.97
24.51
24.87
23.53
2,000
Dec 17, 2025
0.25 Dividend 

Dec 17, 2025
25.15
25.15
24.89
24.89
23.54
4,500
Dec 16, 2025
25.33
25.41
25.09
25.39
23.78
4,000
Dec 15, 2025
25.31
25.31
25.20
25.31
23.71
6,500
Dec 12, 2025
25.57
25.65
25.57
25.65
24.02
1,900
Dec 11, 2025
25.73
25.73
25.38
25.60
23.98
3,800
Dec 10, 2025
25.37
25.75
25.37
25.71
24.08
3,100
Dec 9, 2025
25.60
25.66
25.51
25.53
23.91
5,900
Dec 8, 2025
25.53
25.55
25.38
25.55
23.93
2,100
Dec 5, 2025
25.68
25.75
25.63
25.63
24.01
1,600
Dec 4, 2025
25.97
25.97
25.66
25.79
24.16
3,700
Dec 3, 2025
26.08
26.08
25.94
25.95
24.31
3,900
Dec 2, 2025
25.92
26.07
25.91
26.07
24.42
11,400
Dec 1, 2025
25.44
25.83
25.44
25.83
24.20
3,800
Nov 28, 2025
25.37
25.55
25.37
25.55
23.93
700
Nov 26, 2025
25.47
25.58
25.41
25.45
23.84
2,400
Nov 25, 2025
25.17
25.58
25.17
25.42
23.81
8,800
Nov 24, 2025
25.08
25.31
25.08
25.26
23.66
1,600
Nov 21, 2025
24.70
25.01
24.70
24.90
23.32
3,300
Nov 20, 2025
25.14
25.14
24.46
24.46
22.91
3,200
Nov 19, 2025
0.25 Dividend 

Nov 19, 2025
24.63
24.87
24.47
24.60
23.04
2,800
Nov 18, 2025
24.97
24.98
24.70
24.84
23.04
3,800
Nov 17, 2025
24.92
25.00
24.67
24.79
22.98
6,600
Nov 14, 2025
24.88
25.39
24.88
25.21
23.37
4,500
Nov 13, 2025
25.05
25.39
25.05
25.22
23.38
5,000
Nov 12, 2025
25.24
25.27
25.21
25.25
23.41
3,400
Nov 11, 2025
25.11
25.30
25.06
25.25
23.41
8,100
Nov 10, 2025
25.01
25.01
24.88
24.88
23.07
1,500
Nov 7, 2025
24.96
25.06
24.69
24.77
22.97
2,600
Nov 6, 2025
24.87
25.18
24.87
24.88
23.07
2,500
Nov 5, 2025
24.87
24.92
24.87
24.92
23.10
5,200
Nov 4, 2025
24.88
24.88
24.80
24.88
23.07
1,200
Nov 3, 2025
24.84
24.84
24.68
24.72
22.92
2,500
Oct 31, 2025
24.91
24.97
24.82
24.89
23.08
3,100
Oct 30, 2025
24.83
24.87
24.71
24.79
22.98
3,200
Oct 29, 2025
24.60
24.69
24.60
24.69
22.89
1,900
Oct 28, 2025
24.70
24.72
24.60
24.60
22.81
2,800
Oct 27, 2025
24.38
24.59
24.33
24.57
22.78
2,500
Oct 24, 2025
24.07
24.07
24.07
24.07
22.32
800
Oct 23, 2025
23.90
24.19
23.90
23.99
22.24
5,400
Oct 22, 2025
0.25 Dividend 

Oct 22, 2025
24.12
24.16
23.90
23.90
22.16
3,100
Oct 21, 2025
24.18
24.39
24.18
24.39
22.38
4,700
Oct 20, 2025
24.13
24.37
24.10
24.34
22.34
5,300
Oct 17, 2025
23.52
23.77
23.45
23.77
21.81
6,300
Oct 16, 2025
23.30
23.34
23.16
23.34
21.42
1,900
Oct 15, 2025
23.51
23.52
23.37
23.46
21.53
1,600
Oct 14, 2025
23.28
23.33
23.28
23.33
21.41
1,300
Oct 13, 2025
23.27
23.35
23.23
23.34
21.42
1,800
Oct 10, 2025
24.09
24.09
23.17
23.17
21.27
13,900
Oct 9, 2025
23.90
23.99
23.87
23.90
21.93
5,400
Oct 8, 2025
24.12
24.34
24.12
24.23
22.24
23,800
Oct 7, 2025
24.08
24.11
24.08
24.11
22.13
500
Oct 6, 2025
24.18
24.18
24.08
24.13
22.15
3,000
Oct 3, 2025
24.16
24.32
24.16
24.23
22.24
1,600
Oct 2, 2025
24.14
24.14
24.14
24.14
22.15
1,000
Oct 1, 2025
23.99
24.06
23.92
23.98
22.01
2,600
Sep 30, 2025
23.91
23.93
23.75
23.93
21.96
800
Sep 29, 2025
23.80
23.87
23.75
23.87
21.90
3,700
Sep 26, 2025
24.00
24.00
23.96
23.96
21.99
600
Sep 25, 2025
23.92
24.07
23.91
24.07
22.09
1,200
Sep 24, 2025
23.88
23.88
23.79
23.86
21.89
1,200
Sep 23, 2025
24.14
24.14
23.97
23.97
22.00
1,200
Sep 22, 2025
23.49
24.09
23.49
24.09
22.11
3,800
Sep 19, 2025
23.56
23.56
23.39
23.45
21.52
1,900
Sep 18, 2025
23.73
23.73
23.35
23.41
21.48
1,600
Sep 17, 2025
0.25 Dividend 

Sep 17, 2025
23.30
23.42
23.28
23.38
21.46
6,000
Sep 16, 2025
23.63
23.69
23.56
23.61
21.44
8,700
Sep 15, 2025
23.60
23.61
23.47
23.54
21.38
12,900
Sep 12, 2025
23.44
23.48
23.37
23.41
21.25
12,000
Sep 11, 2025
22.85
23.07
22.85
23.07
20.95
3,200
Sep 10, 2025
23.00
23.00
22.64
22.72
20.63
4,700
Sep 9, 2025
23.67
23.67
23.47
23.47
21.31
1,600
Sep 8, 2025
23.91
23.91
23.69
23.77
21.58
1,600
Sep 5, 2025
23.91
23.97
23.91
23.97
21.77
900
Sep 4, 2025
23.71
23.79
23.70
23.79
21.60
1,400
Sep 3, 2025
23.40
23.63
23.40
23.63
21.45
2,700
Sep 2, 2025
23.02
23.04
22.84
22.97
20.85
2,000
Aug 29, 2025
23.21
23.27
23.16
23.16
21.02
1,900
Aug 28, 2025
23.06
23.14
22.95
23.14
21.01
5,400
Aug 27, 2025
22.90
22.94
22.87
22.94
20.83
1,000
Aug 26, 2025
22.47
22.80
22.35
22.80
20.70
2,100
Aug 25, 2025
22.63
22.72
22.62
22.62
20.54
2,600
Aug 22, 2025
22.67
22.73
22.65
22.65
20.57
1,200
Aug 21, 2025
22.43
22.46
22.32
22.37
20.31
2,600
Aug 20, 2025
0.25 Dividend 

Aug 20, 2025
22.73
22.74
22.49
22.50
20.43
10,500
Aug 19, 2025
23.40
23.40
23.14
23.18
20.82
7,800
Aug 18, 2025
23.30
23.30
23.14
23.23
20.87
6,300
Aug 15, 2025
23.24
23.26
23.10
23.26
20.89
2,300
Aug 14, 2025
23.47
23.47
23.36
23.38
21.00
2,000
Aug 13, 2025
23.27
23.49
23.27
23.38
21.00
3,500
Aug 12, 2025
23.00
23.08
23.00
23.04
20.69
1,500
Aug 11, 2025
22.90
22.94
22.73
22.73
20.41
3,300
Aug 8, 2025
22.73
22.94
22.73
22.92
20.58
2,300
Aug 7, 2025
22.49
22.66
22.47
22.61
20.31
2,700
Aug 6, 2025
21.27
22.30
21.27
22.16
19.90
4,500
Aug 5, 2025
21.28
21.40
21.27
21.27
19.10
1,500
Aug 4, 2025
21.28
21.60
21.28
21.28
19.11
2,700
Aug 1, 2025
21.86
21.88
21.07
21.17
19.01
6,200
Jul 31, 2025
21.65
21.67
21.54
21.54
19.34
2,600
Jul 30, 2025
21.73
21.73
21.61
21.68
19.48
800
Jul 29, 2025
22.12
22.12
21.82
21.82
19.60
1,700
Jul 28, 2025
22.03
22.13
21.98
22.04
19.79
1,900
Jul 25, 2025
22.01
22.02
22.00
22.02
19.78
1,300
Jul 24, 2025
22.05
22.10
22.00
22.00
19.76
2,500
Jul 23, 2025
21.94
22.01
21.89
21.98
19.74
4,400
Jul 22, 2025
21.93
22.01
21.93
22.01
19.77
800
Jul 21, 2025
21.77
22.05
21.77
21.88
19.65
4,400
Jul 18, 2025
21.64
21.79
21.64
21.77
19.56
2,800
Jul 17, 2025
21.65
21.75
21.65
21.68
19.48
3,800
Jul 16, 2025
0.25 Dividend 

Jul 16, 2025
21.71
21.76
21.63
21.69
19.48
3,300
Jul 15, 2025
21.86
22.00
21.84
21.84
19.40
6,300
Jul 14, 2025
22.02
22.02
21.68
21.84
19.40
8,900
Jul 11, 2025
22.12
22.12
21.99
22.07
19.60
2,100
Jul 10, 2025
21.85
22.22
21.85
22.17
19.69
1,700
Jul 9, 2025
21.94
22.05
21.67
22.05
19.58
3,600
Jul 8, 2025
21.75
21.96
21.75
21.93
19.47
1,200
Jul 7, 2025
22.15
22.16
21.81
21.94
19.48
1,800
Jul 3, 2025
22.15
22.20
22.15
22.20
19.71
1,400
Jul 2, 2025
21.73
22.12
21.73
22.10
19.62
6,900
Jul 1, 2025
21.66
21.86
21.66
21.74
19.30
7,900
Jun 30, 2025
21.06
21.45
20.92
21.45
19.05
4,600
Jun 27, 2025
21.16
21.18
21.05
21.05
18.69
2,200
Jun 26, 2025
21.00
21.09
20.90
21.06
18.70
3,400
Jun 25, 2025
21.00
21.24
21.00
21.10
18.73
2,700
Jun 24, 2025
21.17
21.17
21.00
21.00
18.64
1,700
Jun 23, 2025
21.01
21.38
20.92
21.04
18.68
12,200
Jun 20, 2025
20.92
21.07
20.75
21.03
18.68
2,200
Jun 18, 2025
20.54
20.64
20.51
20.62
18.31
2,000
Jun 17, 2025
0.25 Dividend 

Jun 17, 2025
20.94
20.94
20.49
20.50
18.21
5,800
Jun 16, 2025
20.97
21.05
20.88
21.00
18.42
7,100
Jun 13, 2025
21.04
21.04
20.79
20.82
18.27
6,100
Jun 12, 2025
20.99
21.10
20.88
21.05
18.47
5,100
Jun 11, 2025
21.45
21.45
21.07
21.07
18.49
2,100
Jun 10, 2025
21.34
21.50
21.31
21.41
18.78
4,400
Jun 9, 2025
21.62
21.85
21.27
21.30
18.68
13,000
Jun 6, 2025
21.52
21.56
21.40
21.53
18.89
3,200
Jun 5, 2025
21.35
21.44
21.17
21.17
18.58
3,000
Jun 4, 2025
21.45
21.86
21.35
21.39
18.77
5,000
Jun 3, 2025
21.32
21.42
21.30
21.42
18.79
3,300
Jun 2, 2025
21.18
21.26
21.11
21.26
18.65
1,000
May 30, 2025
21.03
21.26
20.94
21.26
18.65
3,000
May 29, 2025
21.41
21.41
21.06
21.10
18.52
4,000
May 28, 2025
21.21
21.23
21.15
21.15
18.55
1,400
May 27, 2025
20.93
21.20
20.93
21.10
18.52
5,200
