Date
Open
High
Low
Close 

Adj Close 

Volume

May 22, 2026
40.25
40.25
39.69
39.76
39.76
3,300
May 21, 2026
0.34 Dividend 

May 21, 2026
40.00
40.35
39.38
40.24
40.24
2,300
May 20, 2026
39.40
41.06
39.40
40.82
40.48
2,000
May 19, 2026
40.98
40.98
39.72
39.94
39.61
56,000
May 18, 2026
40.73
40.73
40.35
40.61
40.27
1,000
May 15, 2026
40.28
40.28
40.28
40.28
39.95
1,000
May 14, 2026
0.476 Dividend 

May 14, 2026
40.36
40.47
40.23
40.36
40.03
2,200
May 13, 2026
41.00
41.00
40.49
40.49
39.68
5,100
May 12, 2026
42.56
42.56
41.24
41.39
40.56
1,400
May 11, 2026
43.31
44.33
41.93
41.93
41.09
5,400
May 8, 2026
42.25
44.31
42.25
43.09
42.23
4,300
May 7, 2026
0.532 Dividend 

May 7, 2026
42.99
42.99
42.23
42.70
41.85
7,600
May 6, 2026
43.74
43.74
42.94
43.08
41.70
3,800
May 5, 2026
43.04
43.04
42.75
43.01
41.63
1,400
May 4, 2026
43.92
43.92
42.78
42.78
41.41
3,700
May 1, 2026
43.65
43.91
43.51
43.51
42.11
1,500
Apr 30, 2026
0.493 Dividend 

Apr 30, 2026
43.09
43.24
42.80
43.10
41.71
2,300
Apr 29, 2026
42.86
43.50
42.55
43.47
41.60
2,200
Apr 28, 2026
43.73
43.73
43.05
43.05
41.19
400
Apr 27, 2026
43.99
44.15
43.60
43.60
41.72
4,300
Apr 24, 2026
43.58
43.99
43.58
43.99
42.09
700
Apr 23, 2026
0.524 Dividend 

Apr 23, 2026
43.74
43.76
43.67
43.67
41.79
1,100
Apr 22, 2026
45.28
45.28
44.50
44.63
42.20
7,000
Apr 21, 2026
44.90
45.00
44.32
44.32
41.91
1,000
Apr 20, 2026
44.02
44.48
44.02
44.48
42.06
3,300
Apr 17, 2026
44.32
44.32
44.09
44.09
41.69
1,800
Apr 16, 2026
0.379 Dividend 

Apr 16, 2026
43.10
43.10
42.99
42.99
40.66
500
Apr 15, 2026
43.19
43.33
43.17
43.33
40.61
1,400
Apr 14, 2026
42.22
42.35
42.22
42.34
39.69
2,100
Apr 13, 2026
41.43
41.43
41.35
41.43
38.84
1,600
Apr 10, 2026
40.59
41.09
40.59
41.09
38.52
900
Apr 9, 2026
0.355 Dividend 

Apr 9, 2026
40.70
40.92
40.60
40.92
38.36
2,300
Apr 8, 2026
42.13
42.24
41.82
41.82
38.87
1,100
Apr 7, 2026
40.31
40.31
40.31
40.31
37.46
300
Apr 6, 2026
40.48
40.74
40.48
40.74
37.87
600
Apr 2, 2026
0.342 Dividend 

Apr 2, 2026
40.19
40.40
40.19
40.38
37.53
800
Apr 1, 2026
40.50
41.26
40.50
40.80
37.61
3,600
Mar 31, 2026
40.50
41.01
40.50
41.01
37.80
800
Mar 30, 2026
40.50
40.52
40.11
40.11
36.97
4,300
Mar 27, 2026
39.96
39.96
39.96
39.96
36.83
500
Mar 26, 2026
0.333 Dividend 

Mar 26, 2026
42.58
42.58
42.16
42.16
38.86
700
Mar 25, 2026
42.56
42.74
42.56
42.60
38.95
1,900
Mar 24, 2026
41.96
42.09
41.96
42.09
38.49
600
Mar 23, 2026
42.35
42.85
42.35
42.71
39.05
5,800
Mar 20, 2026
41.85
41.85
41.60
41.60
38.04
400
Mar 19, 2026
0.332 Dividend 

Mar 19, 2026
42.36
42.36
41.66
42.05
38.45
1,700
Mar 18, 2026
42.49
42.90
41.90
41.90
38.01
4,300
Mar 17, 2026
42.92
43.01
42.63
42.63
38.68
104,400
Mar 16, 2026
41.07
41.77
41.07
41.70
37.83
1,600
Mar 13, 2026
41.47
41.47
41.05
41.07
37.26
1,200
Mar 12, 2026
0.465 Dividend 

Mar 12, 2026
41.49
41.50
41.49
41.49
37.64
800
Mar 11, 2026
43.35
43.50
43.24
43.47
39.02
3,300
Mar 10, 2026
43.22
43.22
43.16
43.16
38.74
800
Mar 9, 2026
42.23
43.59
42.06
43.56
39.10
1,900
Mar 6, 2026
43.41
43.41
43.38
43.38
38.93
1,500
Mar 5, 2026
0.379 Dividend 

Mar 5, 2026
44.18
44.18
44.18
44.18
39.65
300
Mar 4, 2026
44.00
44.74
44.00
44.28
39.40
7,800
Mar 3, 2026
43.60
43.70
43.02
43.70
38.88
800
Mar 2, 2026
42.04
43.98
42.04
43.61
38.80
4,500
Feb 27, 2026
44.73
44.73
43.90
44.44
39.54
237,100
Feb 26, 2026
0.358 Dividend 

Feb 26, 2026
43.84
45.05
43.84
44.92
39.97
3,100
Feb 25, 2026
43.11
43.96
43.11
43.96
38.80
1,100
Feb 24, 2026
42.31
42.31
42.31
42.31
37.34
300
Feb 23, 2026
41.35
41.35
41.29
41.29
36.44
36,600
Feb 20, 2026
42.44
42.82
42.44
42.82
37.80
1,700
Feb 19, 2026
0.32 Dividend 

Feb 19, 2026
42.20
42.54
42.07
42.54
37.55
1,300
Feb 18, 2026
42.53
42.78
42.53
42.59
37.31
2,300
Feb 17, 2026
42.46
42.46
42.46
42.46
37.19
200
Feb 13, 2026
42.18
42.18
41.13
41.63
36.47
3,100
Feb 12, 2026
0.228 Dividend 

Feb 12, 2026
39.92
39.92
39.60
39.60
34.68
1,200
Feb 11, 2026
40.69
40.97
40.64
40.96
35.68
1,800
Feb 10, 2026
41.91
41.91
41.13
41.13
35.83
600
Feb 9, 2026
41.21
41.51
41.21
41.46
36.12
1,900
Feb 6, 2026
41.50
41.65
41.06
41.64
36.27
2,600
Feb 5, 2026
0.221 Dividend 

Feb 5, 2026
42.15
42.15
41.25
41.40
36.07
2,600
Feb 4, 2026
42.77
42.77
42.34
42.60
36.91
1,400
Feb 3, 2026
42.70
42.70
41.81
41.81
36.23
1,500
Feb 2, 2026
44.24
44.99
44.24
44.78
38.81
1,200
Jan 30, 2026
44.17
44.17
44.17
44.17
38.27
400
Jan 29, 2026
0.25 Dividend 

Jan 29, 2026
44.54
44.86
44.49
44.86
38.87
2,000
Jan 28, 2026
45.21
45.51
45.07
45.07
38.84
1,100
Jan 27, 2026
45.24
45.24
45.04
45.19
38.95
2,400
Jan 26, 2026
45.48
45.48
45.48
45.48
39.19
700
Jan 23, 2026
45.48
45.48
45.08
45.08
38.85
1,800
Jan 22, 2026
0.226 Dividend 

Jan 22, 2026
45.99
46.00
45.49
45.49
39.20
1,800
Jan 21, 2026
44.57
45.75
44.57
45.60
39.10
10,100
Jan 20, 2026
43.49
44.84
43.49
44.84
38.45
4,700
Jan 16, 2026
44.85
44.86
44.72
44.72
38.34
4,800
Jan 15, 2026
0.287 Dividend 

Jan 15, 2026
45.66
45.66
45.39
45.39
38.92
2,400
Jan 14, 2026
45.00
45.58
44.72
45.58
38.84
2,200
Jan 13, 2026
46.91
47.69
46.70
47.69
40.64
2,300
Jan 12, 2026
47.30
47.31
47.25
47.25
40.26
1,200
Jan 9, 2026
46.05
47.78
46.05
47.44
40.42
5,000
Jan 8, 2026
0.269 Dividend 

Jan 8, 2026
46.96
47.24
46.96
47.24
40.25
600
Jan 7, 2026
47.54
47.67
47.28
47.28
40.06
3,800
Jan 6, 2026
46.56
47.20
46.56
47.20
39.99
3,000
Jan 5, 2026
46.88
47.24
46.74
46.74
39.60
2,200
Jan 2, 2026
0.331 Dividend 

Jan 2, 2026
46.98
46.98
45.99
45.99
38.96
3,500
Dec 31, 2025
47.69
47.69
47.38
47.40
39.88
2,000
Dec 30, 2025
47.56
47.72
47.56
47.63
40.07
1,400
Dec 29, 2025
47.56
47.61
47.48
47.61
40.06
3,000
Dec 26, 2025
0.599 Dividend 

Dec 26, 2025
47.29
47.58
47.29
47.58
40.03
2,000
Dec 24, 2025
48.16
48.17
48.04
48.04
39.92
2,200
Dec 23, 2025
47.87
47.93
47.87
47.93
39.82
500
Dec 22, 2025
47.91
48.07
47.69
47.87
39.77
40,600
Dec 19, 2025
47.18
47.95
47.18
47.61
39.56
4,500
Dec 18, 2025
0.319 Dividend 

Dec 18, 2025
47.19
47.19
46.90
47.12
39.15
1,000
Dec 17, 2025
47.66
47.92
47.21
47.21
38.96
3,300
Dec 16, 2025
47.04
47.09
47.02
47.09
38.86
8,300
Dec 15, 2025
46.03
46.86
46.03
46.86
38.67
2,300
Dec 12, 2025
46.22
46.35
45.79
45.79
37.79
4,200
Dec 11, 2025
0.353 Dividend 

Dec 11, 2025
45.07
46.13
45.07
45.72
37.73
1,700
Dec 10, 2025
45.45
46.06
45.45
46.06
37.72
500
Dec 9, 2025
44.81
45.53
44.81
45.53
37.28
1,200
Dec 8, 2025
45.10
45.10
44.40
44.63
36.55
1,700
Dec 5, 2025
44.71
45.20
44.71
45.20
37.01
2,300
Dec 4, 2025
0.421 Dividend 

Dec 4, 2025
44.42
44.42
44.42
44.42
36.38
600
Dec 3, 2025
44.12
44.80
44.12
44.59
36.17
3,300
Dec 2, 2025
1:5 Stock Splits 

Dec 2, 2025
44.51
44.74
44.37
44.37
35.99
1,400
Dec 1, 2025
44.00
44.51
43.70
44.35
35.98
1,480
Nov 28, 2025
0.455 Dividend 

Nov 28, 2025
43.95
44.20
43.88
43.96
35.66
540
Nov 26, 2025
44.00
44.65
44.00
44.47
35.70
740
Nov 25, 2025
44.50
44.70
44.40
44.60
35.81
680
Nov 24, 2025
44.75
44.75
43.50
43.60
35.00
33,940
Nov 21, 2025
43.10
44.05
43.00
43.75
35.13
4,840
Nov 20, 2025
0.535 Dividend 

Nov 20, 2025
44.75
44.75
42.70
42.78
34.34
1,920
Nov 19, 2025
44.60
44.95
44.10
44.25
35.10
1,320
Nov 18, 2025
45.05
45.54
44.75
44.83
35.56
2,020
Nov 17, 2025
46.10
46.45
45.35
45.54
36.12
2,440
Nov 14, 2025
46.70
46.90
46.13
46.77
37.10
2,100
Nov 13, 2025
0.455 Dividend 

Nov 13, 2025
46.80
47.10
46.46
46.55
36.92
860
Nov 12, 2025
47.30
47.30
47.00
47.25
37.12
780
Nov 11, 2025
46.63
47.45
46.63
47.25
37.12
2,120
Nov 10, 2025
47.55
47.55
46.35
46.65
36.64
1,580
Nov 7, 2025
47.65
47.80
45.25
46.62
36.62
9,440
Nov 6, 2025
0.29 Dividend 

Nov 6, 2025
46.50
46.90
45.90
45.94
36.08
3,180
Nov 5, 2025
47.00
47.49
46.80
46.80
36.53
2,460
Nov 4, 2025
48.10
48.10
46.83
46.95
36.65
1,760
Nov 3, 2025
48.45
48.45
47.87
48.10
37.55
900
Oct 31, 2025
48.80
48.80
48.05
48.29
37.70
1,280
Oct 30, 2025
0.53 Dividend 

Oct 30, 2025
47.85
48.65
47.75
48.31
37.71
3,680
Oct 29, 2025
49.15
49.35
48.55
48.72
37.62
2,300
Oct 28, 2025
49.70
49.70
49.10
49.25
38.03
2,220
Oct 27, 2025
49.55
49.58
48.65
49.55
38.26
2,020
Oct 24, 2025
48.80
49.35
48.80
49.25
38.03
1,480
Oct 23, 2025
0.745 Dividend 

Oct 23, 2025
49.00
49.00
48.55
48.95
37.80
1,380
Oct 22, 2025
49.50
49.83
49.35
49.47
37.63
1,420
Oct 21, 2025
49.25
49.85
49.25
49.85
37.91
1,120
Oct 20, 2025
48.90
49.75
48.90
49.10
37.34
80,280
Oct 17, 2025
48.13
48.90
48.13
48.70
37.04
2,760
Oct 16, 2025
1.1 Dividend 

Oct 16, 2025
47.90
48.90
47.60
47.70
36.28
3,560
Oct 15, 2025
49.05
49.88
49.05
49.25
36.62
4,320
Oct 14, 2025
47.70
49.55
47.70
49.10
36.51
4,140
Oct 13, 2025
48.25
48.25
47.95
48.10
35.77
5,760
Oct 10, 2025
48.55
48.62
47.33
47.70
35.47
4,860
Oct 9, 2025
48.55
48.99
48.50
48.52
36.08
1,180
Oct 8, 2025
48.15
48.70
48.15
48.53
36.09
1,840
Oct 7, 2025
48.75
48.75
48.10
48.10
35.76
1,320
Oct 6, 2025
48.60
49.00
48.36
48.56
36.11
4,560
Oct 3, 2025
48.85
48.85
48.20
48.40
35.99
2,140
Oct 2, 2025
49.35
49.35
48.35
48.85
36.32
2,740
Oct 1, 2025
48.95
49.25
48.62
49.14
36.54
1,300
Sep 30, 2025
49.20
49.20
48.55
48.70
36.21
3,560
Sep 29, 2025
49.55
49.55
49.22
49.22
36.60
1,060
Sep 26, 2025
49.00
49.40
48.85
49.40
36.73
4,100
Sep 25, 2025
48.78
48.96
48.50
48.82
36.30
2,200
Sep 24, 2025
49.70
50.05
48.81
49.19
36.58
1,360
Sep 23, 2025
50.25
50.40
49.30
49.42
36.74
1,140
Sep 22, 2025
50.35
50.40
49.30
49.85
37.07
16,380
Sep 19, 2025
50.25
50.75
50.25
50.75
37.73
4,320
Sep 18, 2025
1.245 Dividend 

Sep 18, 2025
49.20
50.35
49.20
49.95
37.14
2,800
Sep 17, 2025
50.30
51.00
50.30
50.75
36.81
3,480
Sep 16, 2025
49.80
50.35
49.52
50.35
36.52
2,920
Sep 15, 2025
50.00
50.30
49.50
49.50
35.90
4,480
Sep 12, 2025
50.40
50.55
50.20
50.32
36.50
2,420
Sep 11, 2025
50.80
50.85
50.40
50.52
36.64
1,480
Sep 10, 2025
51.00
51.00
50.40
50.58
36.69
1,000
Sep 9, 2025
51.25
51.25
50.55
50.55
36.66
3,280
Sep 8, 2025
51.00
51.45
50.60
50.95
36.95
1,660
Sep 5, 2025
51.45
51.55
50.25
50.56
36.68
2,940
Sep 4, 2025
51.25
51.30
50.45
51.30
37.21
1,520
Sep 3, 2025
52.40
52.40
50.85
50.99
36.98
1,900
Sep 2, 2025
52.25
52.42
51.50
51.90
37.64
1,800
Aug 29, 2025
52.86
53.25
52.67
52.95
38.40
1,780
Aug 28, 2025
52.55
52.93
52.55
52.93
38.39
780
Aug 27, 2025
51.60
52.63
51.60
52.63
38.18
2,480
Aug 26, 2025
52.35
52.35
51.35
51.65
37.46
2,000
Aug 25, 2025
52.50
52.50
52.00
52.25
37.90
1,160
Aug 22, 2025
51.75
52.70
51.75
52.55
38.11
5,160
Aug 21, 2025
1.485 Dividend 

Aug 21, 2025
50.70
51.72
50.70
51.60
37.43
4,200
Aug 20, 2025
53.05
53.05
52.45
52.90
37.29
2,560
Aug 19, 2025
53.25
53.74
52.88
53.25
37.54
4,020
Aug 18, 2025
52.80
53.10
52.60
53.05
37.40
36,520
Aug 15, 2025
52.50
53.00
52.50
52.52
37.02
1,660
Aug 14, 2025
52.55
52.89
52.20
52.58
37.06
1,840
Aug 13, 2025
52.00
52.65
52.00
52.65
37.12
1,500
Aug 12, 2025
51.15
51.78
50.75
51.78
36.50
3,540
Aug 11, 2025
51.55
51.55
50.70
50.90
35.88
1,980
Aug 8, 2025
51.10
51.75
51.00
51.46
36.27
2,880
Aug 7, 2025
52.15
52.35
50.05
51.04
35.98
11,120
Aug 6, 2025
54.95
55.10
54.30
55.00
38.77
2,760
Aug 5, 2025
55.40
55.40
54.45
54.51
38.43
960
Aug 4, 2025
54.40
55.35
54.20
55.35
39.02
4,440
Aug 1, 2025
54.55
54.69
53.54
53.75
37.89
3,480
Jul 31, 2025
56.80
56.80
55.50
55.50
39.12
2,040
Jul 30, 2025
57.35
57.39
56.05
56.32
39.70
2,540
Jul 29, 2025
59.50
59.50
57.15
57.42
40.48
2,200
Jul 28, 2025
59.20
59.70
58.75
59.33
41.82
2,080
Jul 25, 2025
59.25
59.60
59.00
59.17
41.72
3,540
Jul 24, 2025
1.875 Dividend 

Jul 24, 2025
58.25
59.60
58.25
59.25
41.77
2,280
Jul 23, 2025
61.20
61.20
60.00
60.67
41.45
5,420
Jul 22, 2025
60.55
60.77
59.75
60.55
41.37
3,060
Jul 21, 2025
60.85
60.85
59.90
60.00
40.99
3,620
Jul 18, 2025
61.05
61.05
60.25
60.60
41.40
1,000
Jul 17, 2025
59.60
60.20
59.60
60.14
41.09
940
Jul 16, 2025
59.00
59.50
58.75
58.85
40.20
1,360
Jul 15, 2025
60.00
60.00
59.05
59.12
40.39
1,000
Jul 14, 2025
58.90
60.00
58.90
60.00
40.99
1,500
Jul 11, 2025
59.00
59.02
58.50
58.58
40.02
1,040
Jul 10, 2025
59.24
59.59
58.55
59.13
40.40
1,380
Jul 9, 2025
59.15
59.25
58.95
59.05
40.34
1,900
Jul 8, 2025
59.00
59.35
59.00
59.01
40.31
460
Jul 7, 2025
58.35
58.95
58.25
58.75
40.14
9,360
Jul 3, 2025
58.65
59.00
58.65
58.72
40.12
1,540
Jul 2, 2025
58.25
58.72
58.25
58.65
40.07
1,980
Jul 1, 2025
58.30
59.00
57.95
58.63
40.05
2,900
Jun 30, 2025
57.50
58.25
57.35
57.40
39.21
2,880
Jun 27, 2025
57.75
58.20
57.50
57.99
39.62
8,740
Jun 26, 2025
1.615 Dividend 

Jun 26, 2025
57.30
57.80
56.15
57.65
39.38
5,060
Jun 25, 2025
59.45
59.45
58.01
58.29
38.72
6,320
Jun 24, 2025
59.20
59.20
58.40
59.05
39.22
3,760
Jun 23, 2025
59.30
59.30
57.05
58.70
38.99
10,980
Jun 20, 2025
59.25
59.30
58.70
59.30
39.39
1,400
Jun 18, 2025
59.10
59.70
58.85
59.25
39.36
960
Jun 17, 2025
60.06
60.06
59.15
59.47
39.51
1,840
Jun 16, 2025
60.05
61.45
60.05
60.65
40.29
1,140
Jun 13, 2025
59.95
60.60
59.75
60.07
39.90
1,680
Jun 12, 2025
60.60
61.60
60.60
61.51
40.86
800
Jun 11, 2025
61.75
62.20
60.75
61.10
40.59
2,760
Jun 10, 2025
61.45
61.99
61.22
61.85
41.08
8,100
Jun 9, 2025
61.90
61.95
61.20
61.49
40.85
1,480
Jun 6, 2025
62.40
63.10
61.45
62.02
41.20
1,640
Jun 5, 2025
60.70
61.00
60.55
60.94
40.48
1,340
Jun 4, 2025
59.60
60.35
59.60
59.95
39.82
1,180
Jun 3, 2025
58.55
59.80
58.55
59.69
39.65
1,760
Jun 2, 2025
57.75
59.10
57.75
58.71
38.99
8,660
May 30, 2025
56.00
58.55
56.00
57.75
38.36
4,300
May 29, 2025
1.935 Dividend 

May 29, 2025
59.60
59.60
57.95
58.13
38.62
8,240
May 28, 2025
60.55
60.55
59.82
60.19
38.69
4,440
May 27, 2025
60.30
61.60
60.00
61.60
39.60
3,960
May 23, 2025
58.75
59.45
58.75
59.40
38.19
2,460
May 22, 2025
59.50
59.80
58.65
59.60
38.32
5,800
May 21, 2025
60.30
60.76
59.05
59.49
38.24
4,640
May 20, 2025
62.80
62.80
61.21
61.95
39.83
2,700
May 19, 2025
63.10
63.55
62.80
63.05
40.53
2,940
May 16, 2025
63.80
63.80
62.65
63.63
40.91
1,620
May 15, 2025
63.15
63.50
63.05
63.15
40.60
640
May 14, 2025
63.67
63.70
63.15
63.22
40.65
3,880
May 13, 2025
62.75
63.44
62.05
63.44
40.78
2,400
May 12, 2025
61.85
62.30
61.30
61.94
39.82
3,360
May 9, 2025
59.35
59.85
58.65
59.76
38.42
880
May 8, 2025
58.46
59.70
58.46
59.33
38.15
7,600
May 7, 2025
57.50
58.15
57.50
58.14
37.38
640
May 6, 2025
58.45
58.45
57.61
57.61
37.04
1,380
May 5, 2025
58.65
59.19
58.45
59.15
38.03
2,000
May 2, 2025
55.75
58.80
55.75
57.95
37.25
8,320
May 1, 2025
3.01 Dividend 

May 1, 2025
57.35
57.75
56.85
57.50
36.97
5,140
Apr 30, 2025
61.65
61.65
58.50
60.30
36.83
4,440
Apr 29, 2025
61.30
61.65
60.20
61.65
37.66
2,860
Apr 28, 2025
60.45
60.90
59.85
60.90
37.20
1,560
Apr 25, 2025
59.95
60.38
59.45
60.15
36.74
11,740
Apr 24, 2025
59.83
60.45
59.07
60.45
36.92
1,380
Apr 23, 2025
59.75
59.75
58.26
58.26
35.59
960
Apr 22, 2025
56.55
57.40
56.55
57.32
35.01
600
Apr 21, 2025
56.35
56.65
55.28
56.35
34.42
4,120
Apr 17, 2025
55.99
56.67
55.99
56.31
34.39
1,100
Apr 16, 2025
56.95
57.22
55.41
56.27
34.37
420
Apr 15, 2025
57.35
57.35
56.76
57.01
34.82
800
Apr 14, 2025
57.50
57.50
56.19
56.23
34.34
760
Apr 11, 2025
56.28
56.95
55.60
56.52
34.52
3,560
Apr 10, 2025
56.46
56.67
54.88
56.26
34.36
860
Apr 9, 2025
53.50
59.03
53.50
58.73
35.87
11,260
Apr 8, 2025
55.30
55.76
53.17
53.33
32.58
1,820
Apr 7, 2025
51.65
53.60
50.65
53.10
32.43
2,640
Apr 4, 2025
55.05
55.15
53.30
53.50
32.68
2,920
Apr 3, 2025
1.835 Dividend 

Apr 3, 2025
58.95
59.50
56.55
57.25
34.97
4,240
Apr 2, 2025
62.80
64.45
62.60
63.69
37.78
5,920
Apr 1, 2025
62.20
63.00
61.97
62.96
37.34
1,340
Mar 31, 2025
62.10
62.20
60.50
62.12
36.85
5,600
Mar 28, 2025
65.70
65.70
62.20
62.51
37.08
1,540
Mar 27, 2025
65.40
65.55
64.20
64.99
38.55
1,580
Mar 26, 2025
66.00
66.30
65.30
65.69
38.97
1,160
Mar 25, 2025
65.45
66.20
65.45
66.00
39.15
300
Mar 24, 2025
66.05
66.15
65.83
66.05
39.18
4,120
Mar 21, 2025
63.92
65.85
63.92
65.71
38.98
420
Mar 20, 2025
64.80
64.80
64.25
64.38
38.19
580
Mar 19, 2025
63.63
64.01
63.25
64.01
37.97
1,360
Mar 18, 2025
63.30
63.66
63.00
63.44
37.64
700
Mar 17, 2025
64.20
64.55
63.55
64.10
38.02
2,920
Mar 14, 2025
62.35
63.19
62.05
62.55
37.10
2,160
Mar 13, 2025
63.25
63.25
60.85
60.96
36.16
2,600
Mar 12, 2025
64.60
64.89
63.50
64.54
38.29
1,580
Mar 11, 2025
66.10
66.12
63.53
64.00
37.96
4,140
Mar 10, 2025
68.35
68.35
66.65
67.42
39.99
1,020
Mar 7, 2025
68.75
69.25
66.65
68.80
40.81
2,420
Mar 6, 2025
2.405 Dividend 

Mar 6, 2025
72.90
72.90
68.40
68.54
40.66
5,140
Mar 5, 2025
74.04
74.95
73.40
74.90
43.01
8,140
Mar 4, 2025
73.10
74.50
72.40
73.97
42.47
5,640
Mar 3, 2025
74.25
75.20
73.57
73.57
42.24
1,300
Feb 28, 2025
73.10
73.15
72.40
72.61
41.69
1,720
Feb 27, 2025
74.95
75.54
72.70
72.75
41.77
2,840
Feb 26, 2025
74.05
75.53
74.05
74.92
43.01
1,240
Feb 25, 2025
74.97
74.97
73.20
73.57
42.24
1,080
Feb 24, 2025
76.47
76.47
74.85
74.95
43.03
45,120
Feb 21, 2025
79.05
79.05
75.35
75.78
43.51
2,380
Feb 20, 2025
80.80
80.80
79.06
79.97
45.92
680
Feb 19, 2025
81.85
81.85
80.00
81.03
46.52
940
Feb 18, 2025
82.50
82.50
81.11
82.10
47.14
2,440
Feb 14, 2025
81.00
82.85
81.00
82.60
47.42
15,520
Feb 13, 2025
75.60
76.10
75.30
76.05
43.66
3,880
Feb 12, 2025
72.55
76.10
72.55
75.60
43.41
2,280
Feb 11, 2025
73.50
73.90
73.35
73.42
42.15
980
Feb 10, 2025
73.65
73.70
72.70
73.69
42.31
1,800
Feb 7, 2025
72.35
74.57
72.35
73.69
42.31
4,740
Feb 6, 2025
2.015 Dividend 

Feb 6, 2025
70.95
72.60
70.95
72.32
41.53
1,480
Feb 5, 2025
72.70
73.17
72.35
72.85
40.67
2,180
Feb 4, 2025
73.30
73.70
73.03
73.37
40.96
1,340
Feb 3, 2025
72.50
73.60
71.70
73.04
40.77
3,640
Jan 31, 2025
74.49
74.60
72.90
73.32
40.93
1,800
Jan 30, 2025
74.45
74.45
73.25
74.05
41.34
2,040
Jan 29, 2025
73.65
74.30
73.60
73.82
41.21
1,100
Jan 28, 2025
71.70
72.97
71.70
72.97
40.74
800
Jan 27, 2025
70.60
72.05
70.30
72.05
40.22
3,640
Jan 24, 2025
72.50
72.70
70.65
70.65
39.44
3,600
Jan 23, 2025
73.00
73.90
73.00
73.70
41.14
1,540
Jan 22, 2025
73.95
74.57
73.25
73.25
40.89
660
Jan 21, 2025
74.70
74.84
72.90
73.55
41.06
18,240
Jan 17, 2025
73.46
74.29
73.46
74.15
41.40
1,280
Jan 16, 2025
72.75
73.40
72.45
73.23
40.88
1,260
Jan 15, 2025
71.65
73.40
71.65
72.90
40.70
3,380
Jan 14, 2025
71.90
72.45
70.50
70.70
39.47
8,940
Jan 13, 2025
71.05
72.00
71.05
71.10
39.69
1,520
Jan 10, 2025
73.05
73.05
71.20
71.45
39.89
1,780
Jan 8, 2025
2.11 Dividend 

Jan 8, 2025
72.40
72.60
71.87
72.35
40.39
1,680
Jan 7, 2025
76.75
76.78
74.25
74.70
40.52
2,500
Jan 6, 2025
77.50
77.50
76.20
76.54
41.52
3,880
Jan 3, 2025
75.55
76.95
75.55
76.90
41.72
1,580
Jan 2, 2025
76.15
76.35
74.15
75.20
40.80
1,820
Dec 31, 2024
74.95
75.70
74.67
75.05
40.71
1,660
Dec 30, 2024
75.00
75.40
74.00
74.75
40.55
1,960
Dec 27, 2024
75.75
75.85
75.05
75.85
41.15
1,380
Dec 26, 2024
76.35
76.75
76.17
76.75
41.64
1,040
Dec 24, 2024
76.10
76.25
75.38
76.08
41.27
1,140
Dec 23, 2024
76.30
76.30
74.82
76.25
41.37
12,820
Dec 20, 2024
72.95
76.13
72.95
75.45
40.93
2,200
Dec 19, 2024
73.85
74.24
73.05
73.95
40.12
1,780
Dec 18, 2024
75.35
75.55
72.45
72.45
39.30
2,240
Dec 17, 2024
75.30
75.35
74.55
75.00
40.69
5,900
Dec 16, 2024
74.75
75.30
73.25
75.07
40.72
4,660
Dec 13, 2024
77.65
77.70
74.33
74.45
40.39
7,380
Dec 12, 2024
1.98 Dividend 

Dec 12, 2024
77.50
78.30
76.40
77.55
42.07
4,320
Dec 11, 2024
80.70
80.70
79.30
80.10
42.38
4,980
Dec 10, 2024
79.00
80.20
79.00
79.75
42.19
4,360
Dec 9, 2024
79.45
80.20
79.25
79.50
42.06
8,420
Dec 6, 2024
80.10
80.40
78.88
79.65
42.14
4,560
Dec 5, 2024
80.28
80.65
78.75
78.85
41.72
2,860
Dec 4, 2024
79.00
80.11
78.35
80.05
42.35
2,960
Dec 3, 2024
78.55
79.72
78.55
79.31
41.96
3,720
Dec 2, 2024
79.40
79.40
78.54
79.20
41.90
4,160
Nov 29, 2024
80.50
80.50
78.50
78.90
41.74
2,840
Nov 27, 2024
80.65
80.65
79.30
79.65
42.14
2,300
Nov 26, 2024
79.70
81.15
79.70
80.00
42.33
3,500
Nov 25, 2024
79.75
81.05
79.55
81.05
42.88
4,580
Nov 22, 2024
78.75
79.90
78.75
78.85
41.72
5,060
Nov 21, 2024
78.95
78.95
78.00
78.51
41.54
2,880
Nov 20, 2024
77.10
79.15
77.10
78.93
41.76
6,240
Nov 19, 2024
76.15
77.65
76.15
77.10
40.79
2,040
Nov 18, 2024
78.40
78.40
77.20
77.75
41.14
6,580
Nov 15, 2024
78.75
78.95
76.98
77.50
41.00
5,320
Nov 14, 2024
4.315 Dividend 

Nov 14, 2024
78.00
79.54
77.50
78.55
41.56
3,740
Nov 13, 2024
83.70
83.70
81.26
82.35
41.29
13,280
Nov 12, 2024
83.79
83.80
82.50
82.50
41.37
7,080
Nov 11, 2024
85.05
85.30
83.25
84.55
42.39
8,260
Nov 8, 2024
84.15
84.50
82.00
83.00
41.61
7,180
Nov 7, 2024
85.65
87.85
85.55
87.39
43.82
2,460
Nov 6, 2024
84.95
85.00
84.19
84.62
42.43
3,060
Nov 5, 2024
82.95
84.19
82.95
83.26
41.75
1,060
Nov 4, 2024
82.55
83.30
82.40
82.95
41.59
2,320
Nov 1, 2024
81.90
82.50
81.90
82.39
41.31
700
Oct 31, 2024
82.30
82.30
81.71
81.71
40.97
660
Oct 30, 2024
82.50
82.55
82.14
82.17
41.19
2,260
Oct 29, 2024
82.70
82.70
81.90
82.42
41.32
2,380
Oct 28, 2024
81.90
82.45
81.75
82.10
41.16
1,240
Oct 25, 2024
80.71
81.50
80.71
81.05
40.64
520
Oct 24, 2024
80.15
80.80
80.10
80.43
40.32
860
Oct 23, 2024
82.35
82.35
79.87
79.87
40.04
2,060
Oct 22, 2024
83.45
83.45
82.00
82.14
41.18
1,660
Oct 21, 2024
82.50
82.85
82.20
82.35
41.29
6,920
Oct 18, 2024
81.80
82.50
81.60
82.40
41.31
1,620
Oct 17, 2024
4 Dividend 

Oct 17, 2024
82.50
82.50
81.40
82.15
41.19
3,820
Oct 16, 2024
85.10
86.15
84.90
85.50
40.86
4,420
Oct 15, 2024
84.25
84.56
84.13
84.33
40.30
820
Oct 14, 2024
84.22
85.00
84.22
84.82
40.54
1,400
Oct 11, 2024
84.50
85.00
84.50
84.50
40.38
1,080
Oct 10, 2024
85.20
85.20
83.80
84.13
40.20
760
Oct 9, 2024
84.50
85.30
84.21
85.29
40.76
540
Oct 8, 2024
84.67
84.67
83.75
83.78
40.04
400
Oct 7, 2024
83.40
83.40
82.65
83.05
39.69
460
Oct 4, 2024
81.45
82.40
81.32
82.35
39.36
1,280
Oct 3, 2024
80.90
80.90
79.90
80.59
38.51
420
Oct 2, 2024
79.85
81.00
79.85
81.00
38.71
1,020
Oct 1, 2024
81.00
81.00
79.60
80.56
38.50
1,360
Sep 30, 2024
81.05
81.70
81.00
81.38
38.89
1,440
Sep 27, 2024
84.35
84.35
82.07
82.07
39.22
400
Sep 26, 2024
82.55
83.65
82.48
82.48
39.42
660
Sep 25, 2024
83.05
83.45
82.95
83.01
39.67
300
Sep 24, 2024
81.25
83.24
81.25
83.24
39.78
320
Sep 23, 2024
83.40
83.40
81.85
81.90
39.14
16,340
Sep 20, 2024
82.60
83.40
82.35
83.35
39.83
1,340
Sep 19, 2024
82.20
82.20
81.75
82.14
39.26
1,820
Sep 18, 2024
81.30
81.85
81.30
81.60
39.00
540
Sep 17, 2024
80.96
81.90
80.65
81.43
38.91
4,200
Sep 16, 2024
81.55
81.55
79.45
79.75
38.11
840
Sep 13, 2024
79.70
80.20
79.55
79.96
38.21
1,100
Sep 12, 2024
78.95
79.32
78.20
79.32
37.91
1,540
Sep 11, 2024
77.43
78.85
77.07
78.85
37.68
520
Sep 10, 2024
78.50
78.50
76.80
78.01
37.28
2,500
Sep 9, 2024
79.20
79.20
77.95
78.71
37.61
1,880
Sep 6, 2024
2.31 Dividend 

Sep 6, 2024
78.75
78.76
77.00
77.13
36.86
1,100
Sep 5, 2024
79.00
80.75
79.00
80.61
37.42
2,260
Sep 4, 2024
81.00
81.00
79.85
80.26
37.26
1,560
Sep 3, 2024
81.75
81.75
79.50
79.63
36.96
2,700
Aug 30, 2024
80.97
81.25
80.35
80.99
37.60
1,680
Aug 29, 2024
81.20
81.50
80.44
80.44
37.34
2,920
Aug 28, 2024
81.65
81.65
79.97
80.84
37.53
1,820
Aug 27, 2024
80.80
80.80
79.53
80.21
37.23
2,200
Aug 26, 2024
80.00
80.05
79.52
79.61
36.96
4,900
Aug 23, 2024
79.90
81.15
79.65
79.87
37.08
880
Aug 22, 2024
80.54
80.54
78.89
79.15
36.74
1,160
Aug 21, 2024
80.70
80.70
79.86
80.31
37.28
680
Aug 20, 2024
81.35
81.35
80.15
80.23
37.24
1,140
Aug 19, 2024
80.35
81.35
80.00
81.35
37.76
150,380
Aug 16, 2024
79.90
80.25
79.75
79.75
37.02
1,840
Aug 15, 2024
81.30
81.30
79.49
79.90
37.09
660
Aug 14, 2024
80.10
80.10
79.18
79.18
36.75
720
Aug 13, 2024
78.82
79.34
78.82
79.17
36.75
380
Aug 12, 2024
77.65
78.30
77.36
77.36
35.91
860
Aug 9, 2024
77.40
78.12
77.00
78.12
36.26
1,120
Aug 8, 2024
76.85
78.30
76.85
77.49
35.97
1,320
Aug 7, 2024
3.975 Dividend 

Aug 7, 2024
76.40
77.79
74.55
75.86
35.21
5,960
Aug 6, 2024
90.40
92.80
90.40
92.15
40.93
2,540
Aug 5, 2024
87.75
88.53
87.75
88.53
39.32
680
Aug 2, 2024
90.00
90.70
89.80
90.60
40.24
500
Aug 1, 2024
95.00
95.20
93.05
94.43
41.94
2,100
Jul 31, 2024
98.22
98.22
97.61
97.61
43.36
220
Jul 30, 2024
96.65
97.17
96.60
97.17
43.16
180
Jul 29, 2024
98.79
98.79
97.81
97.81
43.45
260
Jul 26, 2024
100.60
100.60
97.57
97.57
43.34
200
Jul 25, 2024
96.19
98.00
96.15
97.44
43.28
1,000
Jul 24, 2024
102.00
102.00
99.65
100.17
44.49
1,020
Jul 23, 2024
103.34
103.34
102.86
102.95
45.73
320
Jul 22, 2024
102.05
103.80
101.65
103.33
45.90
1,100
Jul 19, 2024
103.00
103.20
101.70
101.96
45.29
560
Jul 18, 2024
103.90
103.90
101.36
101.36
45.02
480
Jul 17, 2024
100.25
102.95
100.25
101.68
45.17
1,420
Jul 16, 2024
102.70
103.45
102.28
103.45
45.95
300
Jul 15, 2024
103.50
103.50
100.60
101.25
44.97
820
Jul 12, 2024
101.35
101.80
100.45
100.63
44.70
1,720
Jul 11, 2024
103.85
103.85
99.97
99.97
44.41
1,700
Jul 10, 2024
107.45
107.45
102.93
103.69
46.06
540
Jul 9, 2024
105.15
105.65
103.85
103.85
46.13
880
Jul 8, 2024
106.95
106.95
102.95
103.56
46.00
480
Jul 5, 2024
103.70
104.15
102.95
103.68
46.05
480
Jul 3, 2024
106.60
106.60
102.90
103.43
45.94
820
Jul 2, 2024
103.45
103.85
103.30
103.70
46.06
820
Jul 1, 2024
105.40
105.40
101.35
101.94
45.28
540
Jun 28, 2024
101.68
102.65
101.65
102.43
45.50
780
Jun 27, 2024
101.10
101.53
100.91
101.53
45.10
240
Jun 26, 2024
101.25
101.25
100.30
100.67
44.72
1,100
Jun 25, 2024
101.30
101.50
101.18
101.18
44.94
920
