Date
Open
High
Low
Close 

Adj Close 

Volume
Jun 5, 2026
38.58
38.76
37.73
37.85
37.85
281,000
Jun 4, 2026
38.81
39.09
38.68
38.98
38.98
202,100
Jun 3, 2026
0.264 Dividend 

Jun 3, 2026
39.22
39.22
38.85
38.88
38.88
176,300
Jun 2, 2026
39.40
39.50
39.24
39.46
39.20
275,400
Jun 1, 2026
39.21
39.47
39.20
39.40
39.14
238,600
May 29, 2026
38.96
39.32
38.90
39.21
38.95
438,400
May 28, 2026
38.31
38.79
38.31
38.79
38.53
381,500
May 27, 2026
0.259 Dividend 

May 27, 2026
38.19
38.36
37.99
38.32
38.06
303,300
May 26, 2026
38.69
38.80
38.52
38.73
38.21
331,400
May 22, 2026
38.30
38.62
38.30
38.49
37.98
269,900
May 21, 2026
37.85
38.22
37.78
38.21
37.70
196,100
May 20, 2026
37.39
37.90
37.25
37.87
37.37
190,100
May 19, 2026
37.22
37.39
36.88
37.25
36.75
141,000
May 18, 2026
37.36
37.36
36.85
37.16
36.66
190,700
May 15, 2026
36.97
37.47
36.79
37.14
36.64
121,600
May 14, 2026
36.96
37.30
36.83
37.30
36.80
109,400
May 13, 2026
36.65
36.86
36.42
36.78
36.29
123,100
May 12, 2026
36.60
36.73
36.47
36.69
36.20
140,400
May 11, 2026
36.68
36.75
36.64
36.67
36.18
121,600
May 8, 2026
36.74
36.78
36.55
36.78
36.29
133,600
May 7, 2026
36.47
36.80
36.47
36.60
36.11
230,200
May 6, 2026
36.27
36.40
36.19
36.39
35.90
82,600
May 5, 2026
36.30
36.30
36.16
36.19
35.71
135,400
May 4, 2026
36.15
36.36
36.09
36.19
35.71
141,200
May 1, 2026
35.91
36.13
35.91
36.06
35.58
119,100
Apr 30, 2026
35.80
35.85
35.30
35.72
35.24
108,900
Apr 29, 2026
35.63
35.68
35.40
35.68
35.20
62,900
Apr 28, 2026
35.57
35.68
35.42
35.61
35.14
81,700
Apr 27, 2026
35.68
35.81
35.63
35.77
35.29
129,600
Apr 24, 2026
35.42
35.75
35.30
35.71
35.23
155,300
Apr 23, 2026
35.30
35.40
34.67
35.06
34.59
198,100
Apr 22, 2026
1.052 Dividend 

Apr 22, 2026
35.50
35.64
35.37
35.64
35.16
121,700
Apr 21, 2026
36.22
36.48
36.15
36.25
34.73
184,900
Apr 20, 2026
36.01
36.12
35.80
36.11
34.60
165,500
Apr 17, 2026
35.90
36.04
35.86
36.01
34.49
152,100
Apr 16, 2026
35.52
35.67
35.19
35.66
34.16
97,100
Apr 15, 2026
34.99
35.34
34.97
35.31
33.83
121,900
Apr 14, 2026
34.80
34.93
34.61
34.79
33.33
134,200
Apr 13, 2026
33.80
34.55
33.80
34.51
33.06
121,200
Apr 10, 2026
34.09
34.09
33.54
33.79
32.37
118,600
Apr 9, 2026
34.64
34.64
33.90
34.06
32.63
109,000
Apr 8, 2026
35.22
35.35
34.53
34.60
33.15
97,500
Apr 7, 2026
34.04
34.44
33.75
34.39
32.95
76,100
Apr 6, 2026
34.21
34.31
34.02
34.11
32.68
88,500
Apr 2, 2026
33.31
34.22
33.13
34.21
32.77
86,600
Apr 1, 2026
34.05
34.37
33.87
34.08
32.65
112,900
Mar 31, 2026
32.77
33.67
32.75
33.64
32.23
144,800
Mar 30, 2026
33.00
33.19
32.21
32.45
31.08
185,700
Mar 27, 2026
33.34
33.34
32.70
32.75
31.38
271,400
Mar 26, 2026
34.15
34.37
33.70
33.70
32.29
193,400
Mar 25, 2026
1.023 Dividend 

Mar 25, 2026
34.71
34.90
34.32
34.42
32.98
188,600
Mar 24, 2026
35.79
35.79
35.18
35.28
32.82
235,600
Mar 23, 2026
35.69
36.20
35.53
35.93
33.42
256,500
Mar 20, 2026
35.98
36.02
35.18
35.34
32.87
234,200
Mar 19, 2026
36.15
36.48
35.99
36.36
33.82
132,100
Mar 18, 2026
36.54
36.65
36.33
36.34
33.80
78,600
Mar 17, 2026
36.60
36.70
36.44
36.57
34.02
79,400
Mar 16, 2026
36.29
36.60
36.21
36.34
33.81
103,500
Mar 13, 2026
36.18
36.39
35.82
35.86
33.36
76,600
Mar 12, 2026
36.41
36.49
36.05
36.14
33.62
78,700
Mar 11, 2026
36.47
36.71
36.35
36.54
33.99
74,700
Mar 10, 2026
36.53
36.65
36.21
36.44
33.90
80,300
Mar 9, 2026
35.66
36.38
35.53
36.32
33.79
112,800
Mar 6, 2026
35.85
36.26
35.75
35.91
33.41
102,700
Mar 5, 2026
35.93
36.45
35.89
36.28
33.75
81,900
Mar 4, 2026
35.47
36.18
35.47
36.06
33.54
150,100
Mar 3, 2026
34.83
35.51
34.61
35.38
32.91
189,100
Mar 2, 2026
34.90
35.60
34.90
35.50
33.02
264,500
Feb 27, 2026
35.22
35.35
34.92
35.35
32.88
185,700
Feb 26, 2026
35.47
35.75
35.19
35.54
33.06
263,100
Feb 25, 2026
1.038 Dividend 

Feb 25, 2026
34.96
35.49
34.88
35.45
32.98
151,900
Feb 24, 2026
35.54
36.01
35.30
35.81
32.35
140,500
Feb 23, 2026
36.33
36.33
35.27
35.47
32.04
239,700
Feb 20, 2026
36.60
37.11
36.48
36.55
33.02
147,800
Feb 19, 2026
36.59
36.79
36.44
36.79
33.23
90,500
Feb 18, 2026
36.48
37.05
36.35
36.78
33.22
70,600
Feb 17, 2026
36.55
36.66
35.92
36.59
33.05
134,800
Feb 13, 2026
36.41
36.99
36.13
36.64
33.10
163,400
Feb 12, 2026
36.95
37.04
36.04
36.34
32.83
132,500
Feb 11, 2026
37.40
37.40
36.64
36.93
33.36
100,600
Feb 10, 2026
37.11
37.45
37.09
37.17
33.58
158,400
Feb 9, 2026
36.55
37.13
36.13
36.99
33.41
146,100
Feb 6, 2026
35.80
36.54
35.66
36.51
32.98
172,900
Feb 5, 2026
36.01
36.23
35.20
35.35
31.93
302,800
Feb 4, 2026
36.95
37.04
35.91
36.39
32.87
294,900
Feb 3, 2026
38.13
38.14
36.72
37.22
33.62
371,400
Feb 2, 2026
37.75
38.13
37.74
37.84
34.18
228,900
Jan 30, 2026
38.01
38.13
37.61
37.74
34.09
234,500
Jan 29, 2026
38.74
38.75
37.52
38.18
34.49
413,900
Jan 28, 2026
1.162 Dividend 

Jan 28, 2026
39.10
39.18
38.85
38.90
35.14
252,900
Jan 27, 2026
40.24
40.24
39.98
40.09
35.16
207,900
Jan 26, 2026
39.92
40.09
39.80
39.93
35.02
235,700
Jan 23, 2026
39.85
40.00
39.67
39.78
34.89
251,100
Jan 22, 2026
39.72
39.88
39.60
39.84
34.94
131,900
Jan 21, 2026
39.24
39.58
38.97
39.36
34.52
194,400
Jan 20, 2026
39.18
39.48
38.95
39.03
34.23
268,400
Jan 16, 2026
39.85
39.85
39.42
39.63
34.76
109,500
Jan 15, 2026
39.86
39.99
39.50
39.57
34.71
158,800
Jan 14, 2026
39.81
39.81
39.32
39.65
34.78
182,700
Jan 13, 2026
40.10
40.28
39.75
39.91
35.01
166,900
Jan 12, 2026
39.94
40.19
39.86
40.13
35.20
152,300
Jan 9, 2026
40.15
40.19
39.83
40.08
35.15
151,000
Jan 8, 2026
40.64
40.64
39.99
40.09
35.16
163,800
Jan 7, 2026
40.23
40.69
40.23
40.54
35.56
131,000
Jan 6, 2026
40.15
40.33
40.00
40.31
35.36
174,600
Jan 5, 2026
40.09
40.33
39.99
40.04
35.12
211,000
Jan 2, 2026
40.34
40.47
39.55
39.75
34.87
234,700
Dec 31, 2025
40.42
40.42
40.02
40.05
35.13
132,300
Dec 30, 2025
40.44
40.50
40.29
40.35
35.39
144,000
Dec 29, 2025
40.25
40.47
40.23
40.35
35.39
244,800
Dec 26, 2025
40.61
40.61
40.38
40.44
35.47
280,600
Dec 24, 2025
1.208 Dividend 

Dec 24, 2025
40.53
40.53
40.31
40.50
35.52
194,600
Dec 23, 2025
41.66
41.75
41.42
41.74
35.55
235,200
Dec 22, 2025
41.80
41.80
41.54
41.69
35.51
252,600
Dec 19, 2025
41.00
41.45
41.00
41.39
35.25
163,900
Dec 18, 2025
40.95
41.00
40.61
40.79
34.74
168,100
Dec 17, 2025
41.29
41.29
40.22
40.22
34.26
204,400
Dec 16, 2025
40.99
41.21
40.77
41.17
35.07
122,900
Dec 15, 2025
41.64
41.77
40.96
40.98
34.90
184,600
Dec 12, 2025
42.28
42.28
41.33
41.59
35.42
211,200
Dec 11, 2025
42.17
42.33
41.79
42.31
36.04
174,800
Dec 10, 2025
42.26
42.49
42.04
42.41
36.12
137,900
Dec 9, 2025
42.10
42.40
41.97
42.24
35.98
144,300
Dec 8, 2025
42.07
42.25
41.91
42.10
35.86
145,500
Dec 5, 2025
41.81
42.02
41.65
41.90
35.69
121,300
Dec 4, 2025
41.45
41.66
41.38
41.64
35.47
106,800
Dec 3, 2025
41.13
41.44
40.79
41.44
35.30
205,700
Dec 2, 2025
41.11
41.69
41.11
41.44
35.30
147,900
Dec 1, 2025
40.63
41.03
40.50
40.91
34.84
126,400
Nov 28, 2025
40.68
40.90
40.56
40.90
34.84
72,700
Nov 26, 2025
40.46
40.59
40.22
40.41
34.42
177,700
Nov 25, 2025
1.201 Dividend 

Nov 25, 2025
40.00
40.33
39.26
40.26
34.29
255,300
Nov 24, 2025
40.76
41.49
40.71
41.42
34.26
253,500
Nov 21, 2025
40.36
40.73
39.36
40.39
33.40
286,800
Nov 20, 2025
42.21
42.36
40.14
40.25
33.29
302,000
Nov 19, 2025
41.49
41.84
41.17
41.42
34.26
110,700
Nov 18, 2025
41.70
41.87
41.04
41.39
34.23
192,100
Nov 17, 2025
42.23
42.53
41.70
41.98
34.72
157,300
Nov 14, 2025
41.40
42.68
41.26
42.40
35.07
146,200
Nov 13, 2025
42.89
42.99
41.94
42.12
34.83
171,800
Nov 12, 2025
43.30
43.39
42.91
43.11
35.65
100,400
Nov 11, 2025
43.29
43.32
42.95
43.22
35.74
101,100
Nov 10, 2025
43.22
43.44
43.07
43.40
35.89
126,800
Nov 7, 2025
42.30
42.61
41.67
42.57
35.21
201,200
Nov 6, 2025
43.31
43.31
42.29
42.58
35.21
190,600
Nov 5, 2025
42.83
43.20
42.80
43.01
35.57
127,900
Nov 4, 2025
43.40
43.65
43.03
43.04
35.60
208,900
Nov 3, 2025
44.00
44.07
43.72
43.91
36.31
125,100
Oct 31, 2025
43.96
43.96
43.61
43.75
36.18
171,300
Oct 30, 2025
43.58
43.79
43.36
43.50
35.98
185,800
Oct 29, 2025
1.303 Dividend 

Oct 29, 2025
43.81
43.82
43.55
43.72
36.16
170,200
Oct 28, 2025
44.94
45.08
44.85
44.93
36.08
143,300
Oct 27, 2025
44.68
44.89
44.59
44.80
35.98
191,100
Oct 24, 2025
44.17
44.38
44.10
44.28
35.56
107,200
Oct 23, 2025
43.29
43.76
43.26
43.75
35.13
118,500
Oct 22, 2025
43.72
43.72
42.75
43.23
34.72
157,500
Oct 21, 2025
43.70
43.79
43.42
43.69
35.08
125,600
Oct 20, 2025
43.11
43.65
43.11
43.62
35.03
155,400
Oct 17, 2025
42.70
42.95
42.39
42.92
34.47
66,400
Oct 16, 2025
43.14
43.38
42.62
42.70
34.29
78,500
Oct 15, 2025
43.22
43.24
42.50
42.93
34.47
63,000
Oct 14, 2025
42.81
43.06
42.41
42.86
34.42
65,800
Oct 13, 2025
42.86
43.07
42.60
43.02
34.55
93,500
Oct 10, 2025
43.24
43.28
42.30
42.35
34.01
184,400
Oct 9, 2025
43.00
43.17
42.96
43.14
34.64
72,800
Oct 8, 2025
42.91
43.02
42.83
42.99
34.52
80,100
Oct 7, 2025
42.98
42.98
42.53
42.74
34.32
93,400
Oct 6, 2025
42.60
42.83
42.60
42.78
34.35
112,800
Oct 3, 2025
42.67
42.72
42.28
42.42
34.06
101,200
Oct 2, 2025
42.51
42.62
42.44
42.60
34.21
69,200
Oct 1, 2025
42.02
42.39
41.95
42.36
34.02
90,400
Sep 30, 2025
41.95
42.07
41.82
42.05
33.77
120,800
Sep 29, 2025
41.99
42.18
41.93
41.95
33.69
118,900
Sep 26, 2025
41.70
41.81
41.49
41.79
33.56
129,500
Sep 25, 2025
41.60
41.85
41.25
41.67
33.46
184,800
Sep 24, 2025
1.248 Dividend 

Sep 24, 2025
41.98
41.98
41.55
41.78
33.55
174,200
Sep 23, 2025
43.33
43.37
42.91
43.08
33.59
209,200
Sep 22, 2025
43.17
43.32
43.00
43.25
33.73
186,000
Sep 19, 2025
42.94
43.18
42.84
43.18
33.67
101,000
Sep 18, 2025
42.69
43.02
42.61
42.96
33.50
121,700
Sep 17, 2025
42.33
42.36
41.81
42.31
32.99
154,900
Sep 16, 2025
42.47
42.47
42.30
42.30
32.98
81,000
Sep 15, 2025
42.24
42.38
42.18
42.36
33.03
90,300
Sep 12, 2025
42.14
42.19
42.05
42.15
32.87
75,300
Sep 11, 2025
42.01
42.10
41.89
42.09
32.82
93,800
Sep 10, 2025
41.99
41.99
41.70
41.83
32.62
94,400
Sep 9, 2025
41.90
42.10
41.79
42.10
32.83
67,800
Sep 8, 2025
41.52
41.88
41.52
41.83
32.62
141,800
Sep 5, 2025
41.72
41.74
41.10
41.45
32.32
101,400
Sep 4, 2025
41.21
41.46
41.00
41.46
32.33
81,500
Sep 3, 2025
41.32
41.32
40.91
41.13
32.07
112,500
Sep 2, 2025
40.87
41.12
40.60
41.12
32.06
159,300
Aug 29, 2025
41.90
41.90
41.35
41.42
32.30
148,300
Aug 28, 2025
41.40
41.98
41.39
41.93
32.70
204,400
Aug 27, 2025
1.231 Dividend 

Aug 27, 2025
41.36
41.49
41.21
41.41
32.29
159,200
Aug 26, 2025
42.37
42.55
42.35
42.51
32.19
131,200
Aug 25, 2025
42.40
42.50
42.02
42.35
32.07
131,300
Aug 22, 2025
41.81
42.67
41.71
42.41
32.12
102,600
Aug 21, 2025
41.89
41.97
41.63
41.81
31.66
73,100
Aug 20, 2025
42.05
42.05
41.03
41.91
31.73
130,900
Aug 19, 2025
43.06
43.07
42.12
42.17
31.93
169,400
Aug 18, 2025
42.80
43.06
42.80
43.04
32.59
106,500
Aug 15, 2025
43.00
43.00
42.70
42.93
32.51
95,800
Aug 14, 2025
42.94
43.12
42.83
43.01
32.57
142,900
Aug 13, 2025
43.32
43.32
43.00
43.09
32.63
106,100
Aug 12, 2025
43.00
43.20
42.79
43.16
32.68
146,200
Aug 11, 2025
42.85
43.13
42.79
42.84
32.44
94,800
Aug 8, 2025
42.94
42.98
42.71
42.80
32.41
88,100
Aug 7, 2025
43.12
43.25
42.55
42.80
32.41
98,000
Aug 6, 2025
42.70
43.00
42.65
42.97
32.54
126,700
Aug 5, 2025
42.95
43.09
42.62
42.72
32.35
110,500
Aug 4, 2025
42.63
42.80
42.50
42.76
32.38
95,800
Aug 1, 2025
42.46
42.60
41.90
42.21
31.96
184,400
Jul 31, 2025
43.48
43.48
42.71
42.88
32.47
133,000
Jul 30, 2025
43.39
43.48
43.22
43.32
32.80
89,900
Jul 29, 2025
43.53
43.75
43.29
43.34
32.82
122,500
Jul 28, 2025
43.42
43.46
43.30
43.42
32.88
211,700
Jul 25, 2025
43.07
43.29
42.96
43.16
32.68
160,800
Jul 24, 2025
42.98
43.15
42.89
43.01
32.57
197,600
Jul 23, 2025
1.271 Dividend 

Jul 23, 2025
42.74
42.92
42.55
42.90
32.48
155,500
Jul 22, 2025
44.16
44.16
43.52
43.86
32.25
183,200
Jul 21, 2025
44.09
44.37
44.05
44.16
32.47
205,900
Jul 18, 2025
44.00
44.06
43.85
43.99
32.34
138,400
Jul 17, 2025
43.73
43.95
43.61
43.91
32.29
86,300
Jul 16, 2025
43.90
43.92
43.18
43.67
32.11
142,000
Jul 15, 2025
43.73
43.73
43.52
43.58
32.04
85,800
Jul 14, 2025
43.33
43.55
43.24
43.52
32.00
126,100
Jul 11, 2025
43.60
43.62
43.38
43.38
31.90
85,400
Jul 10, 2025
43.86
43.86
43.50
43.53
32.01
92,300
Jul 9, 2025
43.63
43.77
43.60
43.77
32.18
88,700
Jul 8, 2025
43.38
43.64
43.38
43.61
32.06
117,000
Jul 7, 2025
43.36
43.42
43.24
43.33
31.86
128,300
Jul 3, 2025
43.29
43.47
43.22
43.43
31.93
71,900
Jul 2, 2025
42.95
43.13
42.87
43.13
31.71
65,000
Jul 1, 2025
43.35
43.35
42.70
42.97
31.59
95,500
Jun 30, 2025
43.30
43.39
43.22
43.33
31.86
160,900
Jun 27, 2025
43.33
43.33
43.01
43.05
31.65
145,400
Jun 26, 2025
43.06
43.24
43.02
43.19
31.76
117,300
Jun 25, 2025
1.274 Dividend 

Jun 25, 2025
42.85
43.00
42.83
42.91
31.55
181,000
Jun 24, 2025
43.75
43.98
43.60
43.97
31.39
192,200
Jun 23, 2025
43.01
43.45
42.80
43.44
31.01
156,400
Jun 20, 2025
43.43
43.45
42.90
43.01
30.71
174,300
Jun 18, 2025
43.11
43.32
42.92
43.22
30.86
72,800
Jun 17, 2025
43.19
43.33
43.01
43.09
30.76
67,900
Jun 16, 2025
42.97
43.20
42.90
43.11
30.78
113,100
Jun 13, 2025
42.74
42.93
42.57
42.72
30.50
94,300
Jun 12, 2025
42.68
43.01
42.68
42.95
30.66
67,000
Jun 11, 2025
42.79
43.00
42.75
42.80
30.56
99,200
Jun 10, 2025
42.66
42.90
42.52
42.88
30.61
104,900
Jun 9, 2025
42.49
42.78
42.43
42.70
30.49
109,800
Jun 6, 2025
42.20
42.45
42.20
42.37
30.25
88,200
