Date
Open
High
Low
Close 

Adj Close 

Volume

May 22, 2026
9.20
9.57
9.20
9.28
9.28
154,000
May 21, 2026
0.104 Dividend 

May 21, 2026
9.22
9.30
9.10
9.30
9.30
61,000
May 20, 2026
9.09
9.36
8.81
9.35
9.25
67,500
May 19, 2026
8.90
9.08
8.85
9.01
8.91
23,700
May 18, 2026
8.87
8.95
8.55
8.92
8.82
148,700
May 15, 2026
9.08
9.08
8.80
8.83
8.73
103,800
May 14, 2026
0.15 Dividend 

May 14, 2026
8.98
9.27
8.82
9.15
9.04
143,800
May 13, 2026
9.14
9.14
8.82
8.97
8.72
162,700
May 12, 2026
9.74
9.74
9.05
9.08
8.83
140,600
May 11, 2026
9.73
9.96
9.67
9.69
9.42
95,800
May 8, 2026
9.88
9.99
9.63
9.98
9.70
81,200
May 7, 2026
0.139 Dividend 

May 7, 2026
10.00
10.01
9.81
9.90
9.62
36,300
May 6, 2026
9.92
10.07
9.82
10.06
9.65
173,100
May 5, 2026
9.83
9.96
9.70
9.95
9.54
138,000
May 4, 2026
9.87
9.99
9.80
9.83
9.43
61,000
May 1, 2026
9.65
9.81
9.61
9.76
9.36
152,600
Apr 30, 2026
0.135 Dividend 

Apr 30, 2026
9.45
9.61
9.34
9.55
9.16
41,200
Apr 29, 2026
9.75
9.75
9.44
9.69
9.16
36,700
Apr 28, 2026
9.58
9.82
9.58
9.74
9.21
39,700
Apr 27, 2026
9.43
9.65
9.40
9.60
9.08
53,600
Apr 24, 2026
9.55
9.55
9.32
9.44
8.92
85,500
Apr 23, 2026
0.143 Dividend 

Apr 23, 2026
10.11
10.11
9.30
9.37
8.86
107,000
Apr 22, 2026
10.20
10.29
10.11
10.28
9.58
42,500
Apr 21, 2026
10.40
10.49
10.01
10.10
9.42
64,200
Apr 20, 2026
10.13
10.28
9.95
10.27
9.58
49,700
Apr 17, 2026
10.50
10.59
10.08
10.08
9.40
64,500
Apr 16, 2026
0.151 Dividend 

Apr 16, 2026
10.47
10.87
9.96
10.21
9.52
104,500
Apr 15, 2026
9.93
10.63
9.90
10.59
9.73
122,800
Apr 14, 2026
9.80
9.92
9.67
9.70
8.91
27,800
Apr 13, 2026
9.56
9.76
9.25
9.76
8.97
57,600
Apr 10, 2026
9.86
9.86
9.53
9.59
8.81
37,700
Apr 9, 2026
0.095 Dividend 

Apr 9, 2026
9.98
9.98
9.60
9.77
8.98
32,300
Apr 8, 2026
10.20
10.28
9.95
9.99
9.09
28,000
Apr 7, 2026
9.90
9.96
9.76
9.95
9.06
28,800
Apr 6, 2026
9.87
10.00
9.84
9.97
9.08
27,000
Apr 2, 2026
0.115 Dividend 

Apr 2, 2026
9.68
9.93
9.68
9.84
8.96
30,700
Apr 1, 2026
9.98
10.09
9.96
10.01
9.01
34,400
Mar 31, 2026
9.74
9.97
9.65
9.94
8.94
52,000
Mar 30, 2026
9.69
9.69
9.44
9.53
8.58
39,800
Mar 27, 2026
10.11
10.11
9.43
9.50
8.55
40,200
Mar 26, 2026
0.109 Dividend 

Mar 26, 2026
9.98
10.17
9.97
10.14
9.12
23,000
Mar 25, 2026
10.19
10.39
9.98
10.12
9.01
35,900
Mar 24, 2026
10.46
10.46
10.10
10.10
8.99
22,200
Mar 23, 2026
10.25
10.60
10.22
10.47
9.32
49,100
Mar 20, 2026
10.46
10.46
10.01
10.22
9.10
134,300
Mar 19, 2026
0.103 Dividend 

Mar 19, 2026
10.26
10.51
10.18
10.47
9.32
32,600
Mar 18, 2026
10.60
10.67
10.42
10.54
9.29
44,800
Mar 17, 2026
10.70
10.77
10.60
10.67
9.41
33,800
Mar 16, 2026
10.68
10.76
10.60
10.60
9.34
56,100
Mar 13, 2026
10.89
10.89
10.52
10.68
9.41
31,600
Mar 12, 2026
0.104 Dividend 

Mar 12, 2026
10.91
10.98
10.57
10.61
9.36
30,600
Mar 11, 2026
10.86
11.19
10.86
11.07
9.67
34,000
Mar 10, 2026
11.10
11.10
10.70
10.82
9.45
30,800
Mar 9, 2026
10.79
11.10
10.60
11.07
9.67
34,500
Mar 6, 2026
10.82
11.01
10.82
10.96
9.57
64,400
Mar 5, 2026
0.171 Dividend 

Mar 5, 2026
11.08
11.23
11.04
11.12
9.71
22,600
Mar 4, 2026
11.17
11.32
11.17
11.29
9.71
34,000
Mar 3, 2026
10.65
11.27
10.65
11.23
9.66
23,500
Mar 2, 2026
10.15
11.12
10.13
11.12
9.56
75,000
Feb 27, 2026
10.76
10.76
10.20
10.21
8.78
1,004,900
Feb 26, 2026
0.154 Dividend 

Feb 26, 2026
10.40
11.10
10.25
10.81
9.30
147,800
Feb 25, 2026
12.82
13.20
12.71
13.01
11.06
64,100
Feb 24, 2026
12.30
12.82
12.25
12.82
10.89
23,400
Feb 23, 2026
12.99
12.99
12.26
12.48
10.61
176,400
Feb 20, 2026
13.30
13.68
13.02
13.10
11.13
34,100
Feb 19, 2026
0.15 Dividend 

Feb 19, 2026
13.18
13.43
12.99
13.43
11.41
27,500
Feb 18, 2026
13.15
13.58
13.09
13.38
11.24
38,000
Feb 17, 2026
13.52
13.59
12.91
13.13
11.03
35,800
Feb 13, 2026
13.18
13.72
13.18
13.53
11.37
19,900
Feb 12, 2026
0.15 Dividend 

Feb 12, 2026
13.33
13.52
12.94
13.08
10.99
28,200
Feb 11, 2026
13.94
13.94
13.33
13.56
11.27
29,600
Feb 10, 2026
14.05
14.40
14.00
14.02
11.65
14,500
Feb 9, 2026
13.86
14.26
13.64
14.11
11.73
36,400
Feb 6, 2026
12.87
14.26
12.87
14.20
11.80
36,400
Feb 5, 2026
0.133 Dividend 

Feb 5, 2026
13.79
13.86
12.69
12.80
10.64
95,600
Feb 4, 2026
13.62
14.15
13.38
14.15
11.65
35,200
Feb 3, 2026
13.90
13.90
13.09
13.65
11.24
50,400
Feb 2, 2026
13.94
14.22
13.60
13.91
11.45
60,500
Jan 30, 2026
15.21
15.28
13.92
14.03
11.55
83,500
Jan 29, 2026
0.14 Dividend 

Jan 29, 2026
16.12
16.12
15.24
15.41
12.69
57,600
Jan 28, 2026
17.10
17.10
16.15
16.47
13.44
50,000
Jan 27, 2026
16.02
16.20
15.85
15.92
12.99
28,700
Jan 26, 2026
15.91
16.23
15.91
16.20
13.22
25,400
Jan 23, 2026
16.20
16.33
15.84
15.97
13.03
53,100
Jan 22, 2026
0.164 Dividend 

Jan 22, 2026
15.98
16.34
15.98
16.29
13.30
49,000
Jan 21, 2026
15.94
16.31
15.67
16.05
12.97
92,300
Jan 20, 2026
16.20
16.37
15.74
15.91
12.85
252,500
Jan 16, 2026
17.20
17.20
16.57
16.63
13.43
78,700
Jan 15, 2026
0.185 Dividend 

Jan 15, 2026
17.34
17.41
17.08
17.10
13.81
54,700
Jan 14, 2026
17.19
17.61
17.10
17.61
14.08
27,200
Jan 13, 2026
17.70
17.74
16.88
17.19
13.74
100,600
Jan 12, 2026
17.52
17.97
17.27
17.84
14.26
72,500
Jan 9, 2026
17.42
17.76
17.32
17.54
14.02
49,000
Jan 8, 2026
0.189 Dividend 

Jan 8, 2026
17.25
17.46
17.17
17.40
13.91
23,100
Jan 7, 2026
17.70
17.70
17.40
17.46
13.81
43,300
Jan 6, 2026
17.58
17.79
17.42
17.78
14.06
32,600
Jan 5, 2026
17.48
17.69
17.40
17.56
13.88
33,500
Jan 2, 2026
0.173 Dividend 

Jan 2, 2026
17.33
17.58
17.10
17.46
13.81
62,800
Dec 31, 2025
17.69
17.69
17.27
17.38
13.61
53,900
Dec 30, 2025
17.75
17.99
17.62
17.71
13.86
65,100
Dec 29, 2025
17.57
18.17
17.57
17.79
13.93
63,700
Dec 26, 2025
0.208 Dividend 

Dec 26, 2025
17.81
17.84
17.57
17.77
13.91
47,700
Dec 24, 2025
17.93
18.03
17.75
18.02
13.94
22,400
Dec 23, 2025
18.42
18.42
17.90
18.07
13.98
52,200
Dec 22, 2025
18.35
18.70
18.35
18.49
14.31
52,400
Dec 19, 2025
17.71
18.35
17.71
18.35
14.20
78,600
Dec 18, 2025
0.275 Dividend 

Dec 18, 2025
18.25
18.43
17.64
17.68
13.68
68,400
Dec 17, 2025
18.90
18.92
18.22
18.27
13.92
43,000
Dec 16, 2025
18.75
18.85
18.40
18.85
14.37
71,500
Dec 15, 2025
19.69
19.69
18.81
18.94
14.44
68,600
Dec 12, 2025
20.36
20.36
19.40
19.62
14.95
53,300
Dec 11, 2025
0.298 Dividend 

Dec 11, 2025
19.87
20.48
19.87
20.15
15.36
58,800
Dec 10, 2025
20.49
20.85
20.37
20.42
15.34
60,600
Dec 9, 2025
20.03
20.68
19.97
20.56
15.44
42,600
Dec 8, 2025
19.76
20.40
19.75
20.40
15.32
100,100
Dec 5, 2025
20.00
20.00
19.50
19.68
14.78
125,900
Dec 4, 2025
0.377 Dividend 

Dec 4, 2025
19.54
20.26
19.43
20.01
15.03
167,800
Dec 3, 2025
19.18
20.00
19.08
19.84
14.62
96,600
Dec 2, 2025
1:10 Stock Splits 

Dec 2, 2025
19.01
19.49
19.01
19.26
14.19
94,600
Dec 1, 2025
19.10
19.25
18.90
19.00
14.00
86,660
Nov 28, 2025
0.27 Dividend 

Nov 28, 2025
19.00
19.36
19.00
19.30
14.22
34,060
Nov 26, 2025
19.30
19.60
19.20
19.20
13.95
88,660
Nov 25, 2025
18.70
19.30
18.60
19.20
13.95
98,950
Nov 24, 2025
18.90
19.00
18.63
18.90
13.73
235,720
Nov 21, 2025
18.00
18.90
17.70
18.90
13.73
227,210
Nov 20, 2025
0.26 Dividend 

Nov 20, 2025
19.20
19.60
17.90
18.00
13.08
286,370
Nov 19, 2025
19.40
19.60
18.80
19.10
13.69
183,830
Nov 18, 2025
18.70
19.80
18.65
19.30
13.83
269,450
Nov 17, 2025
19.40
19.70
18.75
18.90
13.54
224,990
Nov 14, 2025
19.20
20.00
19.10
19.60
14.04
189,320
Nov 13, 2025
0.29 Dividend 

Nov 13, 2025
20.50
20.60
19.20
19.60
14.04
154,010
Nov 12, 2025
21.70
21.89
20.70
21.10
14.91
227,930
Nov 11, 2025
21.60
21.80
21.00
21.60
15.26
230,840
Nov 10, 2025
22.20
23.40
21.40
22.20
15.69
304,560
Nov 7, 2025
20.90
21.80
20.80
21.70
15.33
171,300
Nov 6, 2025
0.3 Dividend 

Nov 6, 2025
22.50
22.60
21.20
21.30
15.05
192,610
Nov 5, 2025
22.60
22.90
22.35
22.80
15.90
139,310
Nov 4, 2025
23.60
23.80
22.50
22.60
15.76
174,260
Nov 3, 2025
24.50
24.60
24.00
24.20
16.88
176,700
Oct 31, 2025
24.20
24.65
23.80
24.50
17.09
162,110
Oct 30, 2025
0.35 Dividend 

Oct 30, 2025
24.60
24.60
24.00
24.10
16.81
171,580
Oct 29, 2025
25.70
25.70
24.65
24.90
17.12
185,440
Oct 28, 2025
25.80
26.10
25.40
25.50
17.53
175,770
Oct 27, 2025
25.70
26.00
25.40
25.80
17.74
258,440
Oct 24, 2025
25.50
25.70
25.10
25.20
17.33
322,620
Oct 23, 2025
0.29 Dividend 

Oct 23, 2025
24.90
25.39
24.70
25.20
17.33
368,020
Oct 22, 2025
25.90
25.90
24.60
25.10
17.06
441,010
Oct 21, 2025
25.90
26.10
25.55
25.70
17.47
181,980
Oct 20, 2025
25.90
26.30
25.50
25.90
17.60
270,250
Oct 17, 2025
25.20
25.60
24.80
25.10
17.06
237,180
Oct 16, 2025
0.9 Dividend 

Oct 16, 2025
27.20
27.20
25.20
25.40
17.26
397,090
Oct 15, 2025
27.90
28.20
27.05
27.70
18.21
459,900
Oct 14, 2025
27.40
27.80
26.80
27.30
17.95
205,540
Oct 13, 2025
26.60
27.80
26.60
27.70
18.21
450,540
Oct 10, 2025
27.70
28.10
26.00
26.30
17.29
390,440
Oct 9, 2025
27.80
27.80
27.25
27.50
18.08
200,740
Oct 8, 2025
27.60
28.00
27.30
27.60
18.15
151,200
Oct 7, 2025
28.30
28.35
27.00
27.60
18.15
192,070
Oct 6, 2025
28.30
28.60
27.50
28.00
18.41
230,760
Oct 3, 2025
27.10
27.65
26.60
27.50
18.08
183,410
Oct 2, 2025
26.20
26.90
26.10
26.90
17.69
139,500
Oct 1, 2025
25.70
26.10
25.50
26.00
17.10
148,190
Sep 30, 2025
25.60
26.00
25.30
25.70
16.90
150,850
Sep 29, 2025
25.40
25.90
25.30
25.70
16.90
211,270
Sep 26, 2025
25.70
26.20
25.40
25.40
16.70
163,960
Sep 25, 2025
1.39 Dividend 

Sep 25, 2025
26.30
26.30
25.30
25.60
16.83
210,330
Sep 24, 2025
28.30
28.40
27.95
28.10
17.56
165,180
Sep 23, 2025
28.70
28.80
27.70
28.00
17.50
177,480
Sep 22, 2025
27.60
28.67
27.06
28.30
17.69
287,040
Sep 19, 2025
28.00
28.00
27.24
27.60
17.25
134,570
Sep 18, 2025
27.60
28.10
27.40
27.70
17.31
97,430
Sep 17, 2025
27.50
27.70
26.68
27.20
17.00
137,940
Sep 16, 2025
27.50
27.50
26.80
27.40
17.13
78,770
Sep 15, 2025
26.50
27.50
26.30
27.40
17.13
109,050
Sep 12, 2025
26.40
26.70
26.00
26.40
16.50
131,430
Sep 11, 2025
25.50
26.40
25.35
26.20
16.38
103,580
Sep 10, 2025
25.50
25.77
25.00
25.30
15.81
127,550
Sep 9, 2025
25.30
25.50
25.00
25.40
15.88
87,190
Sep 8, 2025
25.20
25.80
24.90
25.40
15.88
134,110
Sep 5, 2025
25.40
25.60
24.60
25.20
15.75
1,349,840
Sep 4, 2025
23.90
26.10
23.70
24.90
15.56
289,360
Sep 3, 2025
26.90
26.90
26.00
26.30
16.44
113,430
Sep 2, 2025
26.10
27.00
26.09
26.60
16.63
154,200
Aug 29, 2025
27.30
27.50
26.50
26.60
16.63
111,280
Aug 28, 2025
1.18 Dividend 

Aug 28, 2025
27.10
27.50
27.10
27.30
17.06
69,800
Aug 27, 2025
27.90
28.50
27.90
28.50
17.08
90,880
Aug 26, 2025
28.10
28.30
27.63
27.90
16.72
105,710
Aug 25, 2025
28.60
28.60
28.00
28.00
16.78
106,190
Aug 22, 2025
27.60
28.50
27.60
28.40
17.02
144,650
Aug 21, 2025
27.50
27.60
27.10
27.60
16.54
138,400
Aug 20, 2025
28.20
28.20
26.60
27.50
16.48
201,750
Aug 19, 2025
29.30
29.48
28.20
28.30
16.96
93,980
Aug 18, 2025
28.90
29.70
28.90
29.30
17.55
86,670
Aug 15, 2025
29.20
29.30
28.70
28.90
17.32
96,820
Aug 14, 2025
29.20
29.35
28.50
29.00
17.38
76,690
Aug 13, 2025
27.50
29.60
27.50
29.60
17.73
282,680
Aug 12, 2025
26.80
27.60
26.30
27.40
16.42
229,260
Aug 11, 2025
24.70
27.86
23.90
26.70
16.00
776,680
Aug 8, 2025
36.20
36.50
35.30
35.30
21.15
94,660
Aug 7, 2025
37.30
37.50
35.50
36.10
21.63
96,710
Aug 6, 2025
37.10
37.36
36.20
36.90
22.11
102,620
Aug 5, 2025
37.20
37.76
36.70
37.20
22.29
857,130
Aug 4, 2025
36.20
37.20
36.00
36.90
22.11
149,740
Aug 1, 2025
36.50
36.61
35.30
35.70
21.39
189,600
Jul 31, 2025
1.81 Dividend 

Jul 31, 2025
38.90
38.90
37.40
37.40
22.41
167,320
Jul 30, 2025
40.60
41.00
39.60
40.20
23.00
325,640
Jul 29, 2025
42.60
42.87
40.50
40.60
23.23
295,440
Jul 28, 2025
43.30
43.45
42.30
42.50
24.32
167,240
Jul 25, 2025
43.30
43.60
42.70
42.90
24.55
249,500
Jul 24, 2025
45.80
45.80
42.70
42.80
24.49
404,170
Jul 23, 2025
46.60
47.40
46.40
47.20
27.01
349,560
Jul 22, 2025
46.00
46.60
44.90
46.20
26.43
197,280
Jul 21, 2025
46.70
47.97
45.78
45.90
26.26
274,410
Jul 18, 2025
46.80
47.00
45.70
46.30
26.49
114,950
Jul 17, 2025
45.00
46.50
45.00
45.90
26.26
138,230
Jul 16, 2025
44.70
44.87
43.40
44.80
25.63
99,360
Jul 15, 2025
44.70
45.10
44.20
44.50
25.46
103,280
Jul 14, 2025
43.50
44.80
42.82
44.30
25.35
100,830
Jul 11, 2025
43.70
44.30
43.29
43.50
24.89
86,800
Jul 10, 2025
44.90
45.20
43.70
44.10
25.23
106,850
Jul 9, 2025
44.10
44.90
43.80
44.70
25.58
141,580
Jul 8, 2025
42.90
44.20
42.90
43.60
24.95
292,370
Jul 7, 2025
42.30
42.60
41.50
42.50
24.32
243,080
Jul 3, 2025
1.6 Dividend 

Jul 3, 2025
43.20
43.50
42.60
42.70
24.43
164,390
Jul 2, 2025
43.30
44.70
43.30
44.40
24.49
177,170
Jul 1, 2025
43.40
43.60
42.50
43.50
23.99
168,490
Jun 30, 2025
43.40
44.20
43.30
43.40
23.94
214,970
Jun 27, 2025
43.70
43.70
42.30
42.90
23.66
170,920
Jun 26, 2025
42.20
43.49
41.65
43.30
23.88
87,370
Jun 25, 2025
42.50
42.75
41.40
41.70
23.00
115,890
Jun 24, 2025
42.20
42.50
41.90
42.40
23.39
73,700
Jun 23, 2025
41.00
41.80
40.40
41.30
22.78
138,230
Jun 20, 2025
42.80
42.80
41.10
41.50
22.89
93,040
Jun 18, 2025
42.20
42.60
41.70
42.20
23.28
44,740
Jun 17, 2025
42.50
42.95
41.90
41.90
23.11
61,290
Jun 16, 2025
42.00
42.60
41.51
42.50
23.44
59,280
Jun 13, 2025
41.70
41.95
40.70
41.50
22.89
66,660
Jun 12, 2025
42.70
43.00
42.21
42.40
23.39
65,220
Jun 11, 2025
44.50
44.60
42.62
42.70
23.55
106,790
Jun 10, 2025
44.70
45.30
44.10
44.20
24.38
59,580
Jun 9, 2025
44.70
45.50
44.40
44.40
24.49
75,330
Jun 6, 2025
44.70
45.40
44.10
44.40
24.49
139,260
Jun 5, 2025
3.21 Dividend 

Jun 5, 2025
44.90
45.40
43.15
43.40
23.94
116,840
Jun 4, 2025
47.60
48.20
46.05
48.00
24.70
155,900
Jun 3, 2025
46.50
47.70
45.50
47.10
24.24
107,760
Jun 2, 2025
48.60
48.70
45.65
45.90
23.62
169,240
May 30, 2025
50.80
51.16
48.00
48.80
25.12
112,580
May 29, 2025
50.00
53.85
50.00
50.80
26.14
279,700
May 28, 2025
47.20
47.20
45.70
45.80
23.57
66,880
May 27, 2025
46.50
47.60
46.30
47.10
24.24
75,030
May 23, 2025
44.80
45.95
44.40
45.20
23.26
30,200
May 22, 2025
44.00
45.82
43.80
45.20
23.26
59,990
May 21, 2025
45.80
46.25
43.60
43.80
22.54
58,510
May 20, 2025
46.00
46.30
45.10
46.00
23.67
31,070
May 19, 2025
46.50
46.80
45.50
46.10
23.73
86,540
May 16, 2025
46.70
47.50
46.12
47.30
24.34
38,240
May 15, 2025
46.70
46.70
45.50
46.20
23.78
49,890
May 14, 2025
47.50
47.97
46.70
46.80
24.09
57,890
May 13, 2025
47.30
47.60
46.75
47.00
24.19
51,140
May 12, 2025
47.60
47.88
46.50
47.10
24.24
108,050
May 9, 2025
46.20
46.90
45.60
45.80
23.57
51,030
May 8, 2025
3.25 Dividend 

May 8, 2025
45.50
46.40
45.40
45.90
23.62
42,240
May 7, 2025
47.70
48.40
47.30
48.20
23.13
55,770
May 6, 2025
47.40
47.65
46.30
47.10
22.61
46,720
May 5, 2025
48.50
48.60
47.55
47.70
22.89
79,680
May 2, 2025
48.40
48.70
47.80
48.50
23.28
46,720
May 1, 2025
48.40
48.40
47.30
47.40
22.75
31,520
Apr 30, 2025
47.30
47.60
46.64
47.60
22.85
25,350
Apr 29, 2025
48.10
48.40
47.80
48.20
23.13
19,180
Apr 28, 2025
48.50
48.50
47.15
48.20
23.13
31,420
Apr 25, 2025
47.50
48.20
46.89
48.20
23.13
43,370
Apr 24, 2025
45.40
47.40
45.40
47.40
22.75
23,350
Apr 23, 2025
45.00
45.75
44.70
44.90
21.55
30,820
Apr 22, 2025
44.00
44.30
43.25
44.20
21.21
24,280
Apr 21, 2025
42.50
43.00
42.20
43.00
20.64
51,240
Apr 17, 2025
43.50
43.50
42.60
43.20
20.73
17,090
Apr 16, 2025
44.20
44.20
42.40
43.10
20.69
50,890
Apr 15, 2025
44.30
44.50
43.60
44.40
21.31
32,920
Apr 14, 2025
46.20
46.20
43.60
44.40
21.31
38,690
Apr 11, 2025
44.50
44.90
43.30
44.70
21.45
40,090
Apr 10, 2025
2.3 Dividend 

Apr 10, 2025
44.20
44.98
43.15
44.50
21.36
53,060
Apr 9, 2025
41.80
48.62
41.70
47.90
21.89
64,470
Apr 8, 2025
46.70
46.70
41.50
42.30
19.33
45,620
Apr 7, 2025
41.20
46.00
39.50
44.10
20.15
64,330
Apr 4, 2025
44.70
45.40
41.80
43.70
19.97
56,720
Apr 3, 2025
47.30
47.56
45.60
46.30
21.15
73,030
Apr 2, 2025
47.60
50.20
47.60
49.80
22.75
21,240
Apr 1, 2025
48.40
49.00
47.10
48.70
22.25
28,710
Mar 31, 2025
48.00
48.40
46.80
47.90
21.89
28,850
Mar 28, 2025
50.60
50.80
48.40
49.50
22.62
36,160
Mar 27, 2025
51.20
51.80
50.55
51.00
23.30
15,690
Mar 26, 2025
53.20
53.20
51.05
51.90
23.71
20,600
Mar 25, 2025
53.00
53.00
51.90
52.60
24.03
19,250
Mar 24, 2025
52.00
52.69
51.74
52.40
23.94
49,350
Mar 21, 2025
50.40
51.30
49.80
50.90
23.26
28,840
Mar 20, 2025
50.40
50.90
50.20
50.60
23.12
18,290
Mar 19, 2025
49.90
50.90
49.80
50.40
23.03
46,790
Mar 18, 2025
49.10
49.65
48.19
49.40
22.57
38,060
Mar 17, 2025
48.20
49.59
48.20
49.10
22.43
39,110
Mar 14, 2025
48.10
48.75
47.80
48.50
22.16
98,610
Mar 13, 2025
3.22 Dividend 

Mar 13, 2025
48.60
48.60
46.60
47.20
21.57
56,520
Mar 12, 2025
52.10
52.10
50.20
51.80
22.20
103,010
Mar 11, 2025
50.20
51.50
49.45
50.10
21.47
44,520
Mar 10, 2025
51.10
52.00
49.00
49.80
21.34
98,350
Mar 7, 2025
50.30
53.07
49.90
52.80
22.63
58,330
Mar 6, 2025
52.60
53.05
50.50
51.10
21.90
26,850
Mar 5, 2025
53.10
53.60
51.68
53.50
22.93
33,460
Mar 4, 2025
50.50
53.89
49.70
52.30
22.41
44,960
Mar 3, 2025
55.50
56.55
52.00
52.00
22.28
40,470
Feb 28, 2025
54.60
56.30
53.60
55.00
23.57
31,390
Feb 27, 2025
58.40
59.69
55.09
56.00
24.00
53,720
Feb 26, 2025
61.10
62.80
60.45
60.50
25.92
32,360
Feb 25, 2025
60.40
61.40
58.19
60.40
25.88
42,100
Feb 24, 2025
64.50
64.50
60.60
61.60
26.40
130,340
Feb 21, 2025
67.80
68.00
64.50
64.50
27.64
47,490
Feb 20, 2025
69.40
69.40
64.40
67.50
28.92
77,540
Feb 19, 2025
71.50
72.20
69.49
69.70
29.87
51,070
Feb 18, 2025
71.10
72.20
70.80
71.50
30.64
56,390
Feb 14, 2025
73.50
73.50
70.60
71.10
30.47
101,850
Feb 13, 2025
3.71 Dividend 

Feb 13, 2025
72.70
73.55
72.30
73.50
31.50
46,920
Feb 12, 2025
75.20
76.80
74.10
76.40
31.15
76,890
Feb 11, 2025
81.50
81.50
75.00
75.20
30.66
87,180
Feb 10, 2025
79.40
82.90
79.40
81.60
33.27
66,220
Feb 7, 2025
79.20
80.10
78.10
78.80
32.13
68,480
Feb 6, 2025
80.00
80.00
78.40
79.20
32.29
24,900
Feb 5, 2025
78.40
79.30
78.05
79.30
32.33
33,660
Feb 4, 2025
75.90
78.40
75.60
78.40
31.96
27,830
Feb 3, 2025
71.30
74.50
70.70
73.90
30.13
43,060
Jan 31, 2025
76.00
76.50
73.26
74.30
30.29
40,920
Jan 30, 2025
74.50
75.70
74.00
75.50
30.78
35,000
Jan 29, 2025
76.50
76.50
73.45
74.10
30.21
30,890
Jan 28, 2025
72.60
76.50
72.20
76.00
30.99
62,730
Jan 27, 2025
73.60
75.62
71.50
72.70
29.64
78,200
Jan 24, 2025
79.50
80.30
76.55
77.00
31.39
84,550
Jan 23, 2025
78.00
79.30
76.20
79.30
32.33
47,570
Jan 22, 2025
80.50
81.10
78.00
78.10
31.84
146,100
Jan 21, 2025
77.60
79.20
76.00
78.50
32.00
120,550
Jan 17, 2025
78.10
78.36
76.70
77.00
31.39
104,120
Jan 16, 2025
3.76 Dividend 

Jan 16, 2025
77.00
77.90
76.02
77.20
31.47
66,540
Jan 15, 2025
80.80
82.00
79.50
79.90
31.04
99,890
Jan 14, 2025
80.30
81.10
76.90
78.60
30.54
103,930
Jan 13, 2025
78.90
79.20
76.75
78.40
30.46
112,770
Jan 10, 2025
82.30
82.30
79.10
81.60
31.70
132,240
Jan 8, 2025
86.50
87.40
82.70
83.40
32.40
84,440
Jan 7, 2025
91.20
91.50
87.70
89.00
34.58
52,950
Jan 6, 2025
92.20
92.90
90.45
90.80
35.28
93,770
Jan 3, 2025
86.50
90.70
86.00
90.30
35.08
44,820
Jan 2, 2025
86.50
87.20
84.60
86.00
33.41
50,140
Dec 31, 2024
88.00
88.00
84.70
85.40
33.18
45,400
Dec 30, 2024
86.50
87.22
83.90
86.80
33.72
43,690
Dec 27, 2024
90.20
90.20
85.80
87.40
33.96
64,330
Dec 26, 2024
87.30
90.40
86.70
90.40
35.12
51,560
Dec 24, 2024
86.80
87.50
85.60
87.20
33.88
20,610
Dec 23, 2024
87.90
88.60
85.50
86.20
33.49
62,630
Dec 20, 2024
85.00
88.50
83.10
87.80
34.11
70,570
Dec 19, 2024
8.72 Dividend 

Dec 19, 2024
94.10
96.00
82.00
85.50
33.22
142,280
Dec 18, 2024
113.20
115.41
102.10
104.60
37.25
147,600
Dec 17, 2024
112.10
114.20
110.66
113.00
40.24
52,440
Dec 16, 2024
105.70
112.80
104.20
112.80
40.17
84,440
Dec 13, 2024
103.00
106.39
99.31
105.30
37.50
152,330
Dec 12, 2024
100.80
105.80
99.90
102.20
36.40
98,060
Dec 11, 2024
105.60
105.76
98.30
102.00
36.32
42,270
Dec 10, 2024
100.80
115.40
98.40
109.90
39.14
43,480
Dec 9, 2024
109.10
111.30
105.80
109.10
38.85
37,930
Dec 6, 2024
102.80
106.50
101.70
106.50
37.93
22,330
Dec 5, 2024
101.20
104.70
100.20
100.30
35.72
13,050
Dec 4, 2024
99.90
103.90
99.50
99.90
35.58
23,170
Dec 3, 2024
95.90
99.30
94.40
98.10
34.94
17,280
Dec 2, 2024
101.00
101.30
96.40
96.80
34.47
24,380
Nov 29, 2024
99.60
103.35
98.60
98.90
35.22
10,650
Nov 27, 2024
97.80
97.80
94.50
97.20
34.62
12,660
Nov 26, 2024
98.10
101.00
95.30
96.80
34.47
23,310
Nov 25, 2024
102.20
102.50
100.30
101.20
36.04
35,610
Nov 22, 2024
98.50
101.70
97.20
101.40
36.11
36,760
Nov 21, 2024
8.6 Dividend 

Nov 21, 2024
95.10
99.87
94.00
98.40
35.04
32,890
Nov 20, 2024
103.20
103.70
98.79
102.40
33.40
62,030
Nov 19, 2024
92.00
103.80
92.00
103.50
33.76
61,430
Nov 18, 2024
88.30
89.60
87.10
89.20
29.10
39,880
Nov 15, 2024
88.40
88.40
85.60
87.30
28.48
22,480
Nov 14, 2024
91.50
91.60
88.00
88.40
28.84
17,230
Nov 13, 2024
92.50
94.60
90.70
90.70
29.59
12,250
Nov 12, 2024
92.90
92.90
90.00
92.30
30.11
13,800
Nov 11, 2024
93.00
95.60
92.55
93.10
30.37
18,030
Nov 8, 2024
91.70
91.70
88.70
91.00
29.69
15,860
Nov 7, 2024
92.50
93.36
90.93
91.70
29.91
10,420
Nov 6, 2024
91.10
93.09
90.77
91.80
29.95
11,940
Nov 5, 2024
85.20
89.60
85.20
89.60
29.23
6,550
Nov 4, 2024
86.00
86.00
82.70
84.80
27.66
9,090
Nov 1, 2024
84.50
87.50
84.50
85.10
27.76
7,530
Oct 31, 2024
88.50
88.50
83.20
84.00
27.40
12,320
Oct 30, 2024
87.60
90.35
87.50
87.60
28.58
7,880
Oct 29, 2024
89.00
89.00
87.35
88.40
28.84
9,700
Oct 28, 2024
86.50
88.80
86.35
88.40
28.84
14,180
Oct 25, 2024
86.90
87.72
86.00
86.20
28.12
15,200
Oct 24, 2024
7.24 Dividend 

Oct 24, 2024
86.00
86.00
84.50
85.40
27.86
9,420
Oct 23, 2024
94.60
94.60
90.30
90.80
27.26
14,820
Oct 22, 2024
95.00
95.00
93.50
93.60
28.10
5,410
Oct 21, 2024
96.20
96.24
93.70
94.50
28.37
13,950
Oct 18, 2024
96.90
96.90
94.70
94.70
28.43
5,230
Oct 17, 2024
96.00
97.10
94.50
95.60
28.70
3,390
Oct 16, 2024
97.00
97.10
93.90
96.13
28.86
6,080
Oct 15, 2024
100.00
101.60
96.10
96.17
28.87
2,460
Oct 14, 2024
100.30
100.90
98.86
100.40
30.14
13,040
Oct 11, 2024
95.60
100.50
95.60
99.60
29.90
6,120
Oct 10, 2024
94.70
97.00
92.90
97.00
29.12
2,540
Oct 9, 2024
92.70
96.53
92.40
96.53
28.98
5,290
Oct 8, 2024
92.70
92.70
91.47
92.34
27.72
1,890
Oct 7, 2024
91.90
91.90
91.00
91.60
27.50
2,460
Oct 4, 2024
90.00
91.70
89.00
91.70
27.53
4,740
Oct 3, 2024
88.30
89.10
87.65
89.10
26.75
3,020
Oct 2, 2024
88.50
89.21
87.50
88.60
26.60
4,850
Oct 1, 2024
93.20
93.20
87.00
87.80
26.36
10,300
Sep 30, 2024
92.70
93.80
92.40
93.25
27.99
4,600
Sep 27, 2024
94.80
94.80
92.70
93.30
28.01
1,530
Sep 26, 2024
95.00
95.00
93.00
93.80
28.16
4,100
Sep 25, 2024
90.80
93.80
90.80
93.70
28.13
2,200
Sep 24, 2024
92.10
92.10
90.50
91.19
27.38
2,090
Sep 23, 2024
90.50
91.80
90.20
91.50
27.47
7,070
Sep 20, 2024
92.10
92.10
89.80
91.40
27.44
1,960
Sep 19, 2024
91.70
92.30
91.00
91.30
27.41
6,460
Sep 18, 2024
90.50
92.40
89.80
90.40
27.14
12,940
Sep 17, 2024
89.70
91.70
89.50
90.30
27.11
2,040
Sep 16, 2024
90.00
90.30
88.83
89.90
26.99
6,930
Sep 13, 2024
89.00
91.00
88.15
89.14
26.76
3,400
Sep 12, 2024
88.50
88.60
87.90
88.60
26.60
6,710
Sep 11, 2024
87.70
87.90
86.50
87.80
26.36
8,480
Sep 10, 2024
87.60
87.60
86.60
87.50
26.27
3,210
Sep 9, 2024
86.20
87.79
86.00
87.10
26.15
6,260
Sep 6, 2024
3.6 Dividend 

Sep 6, 2024
85.00
87.54
84.50
86.19
25.87
5,250
Sep 5, 2024
82.80
89.50
82.00
89.20
25.70
27,550
Sep 4, 2024
97.50
99.10
96.20
98.70
28.43
8,420
Sep 3, 2024
96.00
98.45
96.00
97.90
28.20
4,730
Aug 30, 2024
96.60
97.65
96.00
97.60
28.12
1,990
Aug 29, 2024
95.80
97.70
95.70
96.60
27.83
5,120
Aug 28, 2024
98.10
98.40
94.40
96.40
27.77
4,660
Aug 27, 2024
100.20
101.20
98.26
98.90
28.49
4,850
Aug 26, 2024
101.80
102.10
101.00
101.50
29.24
2,680
Aug 23, 2024
100.00
101.70
99.90
101.50
29.24
3,050
Aug 22, 2024
101.70
102.10
99.33
99.90
28.78
4,060
Aug 21, 2024
102.80
103.00
101.40
102.80
29.62
3,270
Aug 20, 2024
103.60
104.40
100.30
101.60
29.27
5,570
Aug 19, 2024
104.00
104.80
103.90
104.10
29.99
5,690
Aug 16, 2024
105.30
105.30
103.75
104.30
30.05
5,480
Aug 15, 2024
103.50
104.48
103.10
104.40
30.08
5,650
Aug 14, 2024
103.00
103.00
101.50
102.40
29.50
2,200
Aug 13, 2024
99.80
101.90
99.80
101.50
29.24
3,220
Aug 12, 2024
100.00
100.60
99.20
100.00
28.81
4,020
Aug 9, 2024
100.90
101.05
99.60
100.80
29.04
3,890
Aug 8, 2024
94.60
100.30
94.40
100.10
28.84
6,760
Aug 7, 2024
3.57 Dividend 

Aug 7, 2024
96.90
99.40
93.80
94.40
27.20
4,790
Aug 6, 2024
99.10
101.10
99.00
99.90
27.75
4,550
Aug 5, 2024
94.70
100.60
90.00
99.70
27.70
6,170
Aug 2, 2024
103.10
103.46
99.75
101.60
28.22
4,150
Aug 1, 2024
109.40
110.00
104.70
105.90
29.42
4,410
Jul 31, 2024
109.50
111.80
109.40
109.70
30.47
2,100
Jul 30, 2024
111.10
111.79
106.40
108.80
30.22
3,920
Jul 29, 2024
110.50
112.10
109.90
111.10
30.86
2,010
Jul 26, 2024
109.90
111.30
109.60
111.00
30.84
2,630
Jul 25, 2024
107.80
111.30
104.40
108.80
30.22
4,740
Jul 24, 2024
114.00
114.11
106.50
107.40
29.84
8,320
Jul 23, 2024
113.00
116.35
112.20
115.20
32.00
3,340
Jul 22, 2024
113.40
114.75
112.30
113.70
31.59
4,070
Jul 19, 2024
113.00
114.90
111.90
112.40
31.22
10,810
Jul 18, 2024
119.70
119.70
113.15
114.20
31.72
4,850
Jul 17, 2024
118.50
120.00
117.05
119.10
33.09
3,330
Jul 16, 2024
120.30
121.50
118.40
120.30
33.42
2,010
Jul 15, 2024
118.20
120.80
118.14
120.60
33.50
4,740
Jul 12, 2024
117.30
119.20
117.10
118.30
32.86
2,510
Jul 11, 2024
117.40
120.00
116.90
118.10
32.81
7,840
Jul 10, 2024
116.00
117.70
114.30
117.70
32.70
14,870
Jul 9, 2024
116.70
117.65
111.70
116.00
32.22
11,510
Jul 8, 2024
115.70
118.75
115.70
117.20
32.56
9,800
Jul 5, 2024
3.97 Dividend 

Jul 5, 2024
114.00
117.00
112.50
116.80
32.45
6,030
Jul 3, 2024
115.90
118.60
114.70
117.40
31.51
9,150
Jul 2, 2024
118.20
119.20
115.20
115.70
31.05
12,900
Jul 1, 2024
118.60
118.60
116.95
117.10
31.43
10,270
Jun 28, 2024
118.90
118.90
116.50
117.60
31.56
7,020
Jun 27, 2024
117.50
117.50
115.80
117.40
31.51
8,130
Jun 26, 2024
115.60
116.69
115.60
116.50
31.27
5,240
Jun 25, 2024
116.80
116.80
114.56
115.90
31.11
4,040
Jun 24, 2024
114.70
116.20
114.20
115.90
31.11
5,080
Jun 21, 2024
115.10
115.10
111.71
114.40
30.71
8,460
Jun 20, 2024
121.30
121.30
115.20
116.50
31.27
9,450
Jun 18, 2024
121.80
123.00
120.70
121.00
32.48
9,940
Jun 17, 2024
121.80
122.50
119.10
122.50
32.88
8,080
Jun 14, 2024
127.50
127.50
119.67
121.80
32.69
10,480
Jun 13, 2024
132.00
132.00
127.68
127.90
34.33
5,250
Jun 12, 2024
130.60
133.00
130.60
131.40
35.27
7,370
Jun 11, 2024
128.30
130.40
127.00
129.60
34.78
5,690
Jun 10, 2024
123.80
129.40
121.40
129.20
34.68
8,140
Jun 7, 2024
127.00
127.50
124.70
125.00
33.55
12,270
Jun 6, 2024
8.75 Dividend 

Jun 6, 2024
126.80
127.10
125.57
126.20
33.87
10,870
Jun 5, 2024
135.00
135.40
133.50
135.40
33.99
12,710
Jun 4, 2024
131.90
133.80
131.90
133.80
33.59
5,170
Jun 3, 2024
133.80
134.60
130.50
132.80
33.34
6,710
May 31, 2024
128.90
132.50
128.90
132.30
33.21
15,290
May 30, 2024
120.20
129.50
120.20
129.50
32.51
52,440
May 29, 2024
113.00
116.10
112.80
113.60
28.52
5,280
May 28, 2024
116.60
116.60
113.10
114.80
28.82
5,890
May 24, 2024
114.70
115.70
113.92
114.80
28.82
3,190
May 23, 2024
119.70
121.00
114.00
114.70
28.80
7,290
May 22, 2024
123.70
124.48
118.50
119.10
29.90
3,930
May 21, 2024
123.40
124.80
122.70
124.80
31.33
3,440
May 20, 2024
124.30
125.60
122.30
125.10
31.41
6,550
May 17, 2024
125.00
126.00
124.10
125.40
31.48
3,930
May 16, 2024
125.00
125.80
124.70
125.80
31.58
3,580
May 15, 2024
125.80
125.80
124.51
125.30
31.46
3,390
May 14, 2024
123.90
125.00
123.75
124.60
31.28
6,170
May 13, 2024
122.80
124.60
122.00
123.20
30.93
4,440
May 10, 2024
122.00
124.42
120.10
121.00
30.38
5,370
May 9, 2024
121.50
123.70
121.50
122.60
30.78
4,780
May 8, 2024
120.20
122.90
120.10
122.90
30.85
9,680
May 7, 2024
123.00
123.80
121.80
123.00
30.88
2,860
May 6, 2024
4.08 Dividend 

May 6, 2024
121.20
123.55
120.60
122.70
30.80
5,200
May 3, 2024
127.00
127.10
124.53
126.20
30.66
9,970
May 2, 2024
126.50
126.50
121.70
124.70
30.29
4,030
May 1, 2024
123.10
125.40
121.55
123.50
30.00
4,100
Apr 30, 2024
124.90
124.90
121.70
122.20
29.69
3,740
Apr 29, 2024
125.50
125.50
122.80
123.80
30.08
6,360
Apr 26, 2024
123.10
123.10
121.50
122.80
29.83
6,950
Apr 25, 2024
119.10
121.00
118.60
120.60
29.30
3,670
Apr 24, 2024
123.90
123.90
119.60
121.30
29.47
3,730
Apr 23, 2024
120.00
120.70
118.65
120.43
29.26
4,010
Apr 22, 2024
115.30
118.60
114.22
118.40
28.76
11,350
Apr 19, 2024
115.20
116.99
113.80
114.70
27.87
4,290
Apr 18, 2024
114.90
117.10
112.88
114.94
27.92
4,110
Apr 17, 2024
113.70
116.00
112.50
114.20
27.74
4,610
Apr 16, 2024
118.00
118.00
111.78
113.70
27.62
6,760
Apr 15, 2024
123.60
123.60
114.50
115.20
27.99
11,400
Apr 12, 2024
127.50
127.50
121.00
122.10
29.66
10,730
Apr 11, 2024
126.60
128.60
124.70
127.20
30.90
10,360
Apr 10, 2024
130.00
130.90
126.95
127.20
30.90
23,090
Apr 9, 2024
134.30
134.30
131.50
132.90
32.29
5,740
Apr 8, 2024
132.70
134.70
132.70
133.20
32.36
6,830
Apr 5, 2024
130.20
134.00
130.20
133.80
32.51
5,160
Apr 4, 2024
7.25 Dividend 

Apr 4, 2024
137.50
137.76
132.40
132.50
32.19
12,270
Apr 3, 2024
144.30
144.30
140.90
141.90
32.71
20,560
Apr 2, 2024
145.40
145.40
141.10
143.10
32.99
12,080
Apr 1, 2024
149.00
149.00
144.60
145.90
33.63
11,640
Mar 28, 2024
149.60
149.96
147.70
148.20
34.16
6,840
Mar 27, 2024
151.40
151.40
146.30
148.50
34.23
12,570
Mar 26, 2024
150.40
150.60
147.00
150.40
34.67
14,950
Mar 25, 2024
150.00
150.50
146.10
149.40
34.44
11,330
Mar 22, 2024
151.00
151.95
147.70
149.60
34.49
9,300
Mar 21, 2024
156.10
156.10
151.60
152.10
35.06
10,100
Mar 20, 2024
151.90
152.40
148.66
152.40
35.13
6,520
Mar 19, 2024
151.90
151.90
148.00
150.50
34.69
10,050
Mar 18, 2024
152.00
152.50
150.00
152.40
35.13
6,400
Mar 15, 2024
150.10
152.30
147.70
150.90
34.79
4,620
Mar 14, 2024
157.80
157.80
149.60
151.50
34.92
9,170
Mar 13, 2024
159.80
159.80
157.00
157.80
36.38
7,080
Mar 12, 2024
160.00
160.00
154.00
158.68
36.58
7,200
Mar 11, 2024
161.80
162.30
158.51
158.80
36.61
11,900
Mar 8, 2024
163.70
165.38
159.80
160.70
37.05
14,370
Mar 7, 2024
166.10
166.10
159.80
160.10
36.91
9,690
Mar 6, 2024
10.63 Dividend 

Mar 6, 2024
164.40
166.30
160.50
163.10
37.60
10,120
Mar 5, 2024
178.90
179.10
166.00
167.70
36.21
18,200
Mar 4, 2024
192.40
195.80
180.70
181.80
39.25
5,770
Mar 1, 2024
189.60
189.60
180.00
188.60
40.72
4,890
Feb 29, 2024
186.30
195.70
186.30
191.77
41.41
26,140
Feb 28, 2024
177.50
177.80
174.50
175.10
37.81
4,670
Feb 27, 2024
176.40
177.90
174.51
176.80
38.17
2,610
Feb 26, 2024
164.00
174.00
161.80
174.00
37.57
4,720
Feb 23, 2024
165.00
165.00
160.30
162.90
35.17
4,610
Feb 22, 2024
169.00
169.00
163.00
164.25
35.46
5,280
Feb 21, 2024
164.40
167.10
160.00
167.10
36.08
4,630
Feb 20, 2024
172.50
173.08
162.90
165.40
35.71
6,960
Feb 16, 2024
176.30
180.50
172.50
173.10
37.37
7,220
Feb 15, 2024
176.00
179.10
174.70
178.71
38.59
4,130
Feb 14, 2024
176.00
176.00
172.50
174.10
37.59
7,280
Feb 13, 2024
174.30
176.80
170.20
173.90
37.55
3,770
Feb 12, 2024
170.10
179.00
170.10
177.93
38.42
9,530
Feb 9, 2024
169.10
171.50
169.10
171.30
36.99
9,310
Feb 8, 2024
168.90
171.30
168.00
170.52
36.82
4,960
Feb 7, 2024
4.02 Dividend 

Feb 7, 2024
169.10
169.80
166.40
168.33
36.34
6,650
Feb 6, 2024
168.40
172.66
166.31
172.10
36.29
9,190
Feb 5, 2024
169.50
169.60
163.30
165.09
34.81
7,820
Feb 2, 2024
168.50
169.40
165.30
169.00
35.64
3,610
Feb 1, 2024
172.00
172.00
162.98
168.70
35.57
6,050
Jan 31, 2024
173.30
173.30
167.50
167.60
35.34
4,750
Jan 30, 2024
172.40
172.40
169.80
170.90
36.04
3,650
Jan 29, 2024
169.40
172.30
167.15
172.30
36.33
3,970
Jan 26, 2024
170.20
170.20
166.96
167.50
35.32
3,530
Jan 25, 2024
171.40
171.40
166.20
167.05
35.23
4,120
Jan 24, 2024
176.40
176.40
168.00
168.00
35.43
5,150
Jan 23, 2024
172.40
172.40
169.50
170.74
36.00
3,950
Jan 22, 2024
168.60
170.55
166.50
170.00
35.85
5,580
Jan 19, 2024
162.50
164.45
159.35
164.45
34.68
4,290
Jan 18, 2024
163.00
163.50
158.50
160.80
33.91
8,360
Jan 17, 2024
163.00
163.00
159.70
161.90
34.14
7,740
Jan 16, 2024
170.00
170.00
164.30
165.80
34.96
7,010
Jan 12, 2024
176.40
178.29
171.00
171.50
36.16
7,490
Jan 11, 2024
183.80
183.80
170.79
177.33
37.39
12,810
Jan 10, 2024
184.40
186.10
180.10
183.76
38.75
6,830
Jan 9, 2024
182.50
183.30
180.40
182.90
38.57
6,360
Jan 8, 2024
178.60
182.90
177.50
182.83
38.55
6,170
Jan 5, 2024
13.49 Dividend 

Jan 5, 2024
185.10
185.10
177.10
178.60
37.66
16,750
Jan 4, 2024
195.10
196.20
192.00
194.50
38.17
22,800
Jan 3, 2024
195.90
196.80
193.20
193.30
37.93
2,930
Jan 2, 2024
200.50
203.40
196.50
199.80
39.21
5,470
Dec 29, 2023
206.30
206.30
196.80
198.30
38.92
4,740
Dec 28, 2023
207.50
209.20
204.50
206.32
40.49
1,330
Dec 27, 2023
202.75
205.40
201.30
204.35
40.10
1,910
Dec 26, 2023
197.10
201.90
196.30
200.69
39.38
4,460
Dec 22, 2023
199.10
200.48
194.00
195.43
38.35
4,460
Dec 21, 2023
208.00
209.20
196.50
198.70
38.99
3,980
Dec 20, 2023
215.00
215.00
199.60
200.00
39.25
5,940
Dec 19, 2023
205.10
216.94
205.10
212.32
41.67
5,330
Dec 18, 2023
205.50
208.10
202.00
204.17
40.07
3,700
Dec 15, 2023
205.00
206.99
205.00
206.20
40.47
3,460
Dec 14, 2023
202.20
206.30
202.20
205.89
40.40
2,820
Dec 13, 2023
197.20
197.99
190.20
197.20
38.70
4,270
Dec 12, 2023
197.10
197.10
193.50
195.60
38.39
1,450
Dec 11, 2023
195.20
196.50
193.20
195.63
38.39
3,760
Dec 8, 2023
185.80
196.50
185.80
195.20
38.31
2,150
Dec 7, 2023
193.50
193.50
180.50
185.60
36.42
7,180
Dec 6, 2023
210.00
210.00
201.92
201.92
39.63
2,930
Dec 5, 2023
205.10
205.60
201.40
204.92
40.21
1,450
Dec 4, 2023
210.00
210.00
205.00
205.90
40.41
1,860
Dec 1, 2023
205.30
207.63
196.30
207.63
40.75
2,320
Nov 30, 2023
213.70
213.70
199.19
199.99
39.25
1,550
Nov 29, 2023
210.80
210.80
203.29
204.30
40.09
1,860
Nov 28, 2023
197.50
201.60
197.20
201.60
39.56
1,610
