Date
Open
High
Low
Close 

Adj Close 

Volume
May 26, 2026
12.35
12.41
12.35
12.39
12.39
7,994
May 22, 2026
12.44
12.44
12.35
12.38
12.38
13,100
May 21, 2026
12.41
12.41
12.32
12.35
12.35
7,300
May 20, 2026
12.37
12.37
12.31
12.34
12.34
10,400
May 19, 2026
12.36
12.36
12.27
12.28
12.28
34,200
May 18, 2026
12.32
12.32
12.28
12.31
12.31
9,100
May 15, 2026
12.39
12.39
12.27
12.27
12.27
10,100
May 14, 2026
12.39
12.40
12.39
12.39
12.39
8,900
May 13, 2026
12.34
12.37
12.34
12.35
12.35
9,500
May 12, 2026
12.43
12.43
12.34
12.39
12.39
14,100
May 11, 2026
12.38
12.39
12.37
12.38
12.38
8,200
May 8, 2026
12.38
12.38
12.36
12.37
12.37
4,600
May 7, 2026
12.27
12.35
12.27
12.35
12.35
15,600
May 6, 2026
12.30
12.37
12.30
12.36
12.36
10,800
May 5, 2026
0.079 Dividend 

May 5, 2026
12.37
12.37
12.32
12.34
12.34
8,200
May 4, 2026
12.43
12.44
12.38
12.39
12.31
14,000
May 1, 2026
12.46
12.46
12.43
12.43
12.35
7,600
Apr 30, 2026
12.30
12.43
12.30
12.43
12.35
23,000
Apr 29, 2026
12.42
12.42
12.33
12.34
12.26
7,600
Apr 28, 2026
12.34
12.40
12.34
12.39
12.31
10,900
Apr 27, 2026
12.42
12.42
12.40
12.40
12.32
9,400
Apr 24, 2026
12.33
12.38
12.33
12.38
12.30
12,900
Apr 23, 2026
12.39
12.39
12.33
12.36
12.28
9,900
Apr 22, 2026
12.29
12.36
12.29
12.33
12.25
10,200
Apr 21, 2026
12.30
12.36
12.29
12.30
12.22
9,300
Apr 20, 2026
12.41
12.41
12.34
12.35
12.27
23,500
Apr 17, 2026
12.37
12.37
12.32
12.36
12.29
55,400
Apr 16, 2026
12.33
12.33
12.27
12.27
12.20
15,200
Apr 15, 2026
12.20
12.30
12.20
12.29
12.21
14,500
Apr 14, 2026
12.24
12.29
12.24
12.28
12.21
16,000
Apr 13, 2026
12.19
12.25
12.19
12.24
12.16
22,700
Apr 10, 2026
12.31
12.31
12.24
12.24
12.16
5,700
Apr 9, 2026
12.21
12.25
12.20
12.23
12.15
6,300
Apr 8, 2026
12.23
12.23
12.14
12.18
12.10
18,100
Apr 7, 2026
12.03
12.08
12.03
12.07
11.99
64,800
Apr 6, 2026
0.078 Dividend 

Apr 6, 2026
12.16
12.16
12.02
12.04
11.96
70,200
Apr 2, 2026
11.99
12.10
11.99
12.10
11.94
8,100
Apr 1, 2026
11.97
12.06
11.97
12.05
11.89
13,200
Mar 31, 2026
12.05
12.07
11.96
12.02
11.86
10,800
Mar 30, 2026
11.98
12.00
11.89
11.91
11.75
18,200
Mar 27, 2026
11.94
12.00
11.91
11.91
11.76
24,700
Mar 26, 2026
12.04
12.08
12.00
12.00
11.85
6,000
Mar 25, 2026
12.08
12.08
12.05
12.07
11.92
6,300
Mar 24, 2026
11.98
12.06
11.98
12.02
11.86
11,800
Mar 23, 2026
11.84
12.04
11.84
12.01
11.86
23,900
Mar 20, 2026
12.19
12.19
11.91
11.92
11.77
16,200
Mar 19, 2026
12.10
12.16
12.09
12.15
11.99
7,600
Mar 18, 2026
12.21
12.21
12.15
12.15
11.99
16,400
Mar 17, 2026
12.31
12.31
12.23
12.23
12.07
7,700
Mar 16, 2026
12.15
12.25
12.15
12.22
12.06
10,900
Mar 13, 2026
12.24
12.24
12.15
12.15
11.99
16,800
Mar 12, 2026
12.34
12.34
12.18
12.18
12.02
15,800
Mar 11, 2026
12.35
12.35
12.25
12.27
12.12
18,000
Mar 10, 2026
12.27
12.35
12.27
12.27
12.11
10,300
Mar 9, 2026
12.20
12.28
12.12
12.28
12.12
29,400
Mar 6, 2026
12.22
12.28
12.22
12.27
12.11
9,200
Mar 5, 2026
12.37
12.37
12.31
12.34
12.18
15,300
Mar 4, 2026
0.079 Dividend 

Mar 4, 2026
12.36
12.41
12.34
12.40
12.25
18,300
Mar 3, 2026
12.38
12.46
12.35
12.44
12.21
23,400
Mar 2, 2026
12.49
12.55
12.41
12.52
12.29
26,300
Feb 27, 2026
12.49
12.51
12.48
12.49
12.25
51,800
Feb 26, 2026
12.52
12.52
12.46
12.51
12.27
9,400
Feb 25, 2026
12.58
12.58
12.44
12.49
12.25
16,600
Feb 24, 2026
12.48
12.49
12.43
12.48
12.24
10,500
Feb 23, 2026
12.41
12.49
12.41
12.44
12.20
6,800
Feb 20, 2026
12.37
12.48
12.37
12.47
12.23
9,800
Feb 19, 2026
12.40
12.42
12.39
12.40
12.17
11,500
Feb 18, 2026
12.45
12.46
12.41
12.42
12.18
8,300
Feb 17, 2026
12.42
12.44
12.34
12.43
12.20
15,700
Feb 13, 2026
12.34
12.45
12.34
12.44
12.20
30,000
Feb 12, 2026
12.41
12.41
12.32
12.33
12.09
5,000
Feb 11, 2026
12.39
12.40
12.35
12.40
12.16
25,100
Feb 10, 2026
12.30
12.35
12.30
12.34
12.10
50,200
Feb 9, 2026
12.27
12.30
12.22
12.30
12.06
9,600
Feb 6, 2026
12.19
12.27
12.19
12.27
12.04
8,700
Feb 5, 2026
12.19
12.21
12.15
12.19
11.95
8,800
Feb 4, 2026
0.077 Dividend 

Feb 4, 2026
12.21
12.23
12.18
12.22
11.99
14,400
Feb 3, 2026
12.23
12.29
12.23
12.29
11.98
7,900
Feb 2, 2026
12.30
12.30
12.25
12.26
11.95
209,400
Jan 30, 2026
12.40
12.40
12.24
12.28
11.97
18,300
Jan 29, 2026
12.31
12.38
12.28
12.36
12.05
30,100
Jan 28, 2026
12.34
12.35
12.31
12.33
12.02
18,400
Jan 27, 2026
12.26
12.35
12.26
12.34
12.03
16,000
Jan 26, 2026
12.28
12.30
12.27
12.28
11.98
31,500
Jan 23, 2026
12.34
12.34
12.26
12.28
11.97
6,600
Jan 22, 2026
12.27
12.31
12.26
12.28
11.97
8,200
Jan 21, 2026
12.18
12.25
12.16
12.24
11.94
76,500
Jan 20, 2026
12.24
12.24
12.16
12.17
11.86
68,900
Jan 16, 2026
12.24
12.26
12.22
12.25
11.94
32,200
Jan 15, 2026
12.19
12.23
12.19
12.22
11.91
15,200
Jan 14, 2026
12.17
12.19
12.15
12.18
11.87
6,300
Jan 13, 2026
12.16
12.16
12.13
12.15
11.84
19,700
Jan 12, 2026
12.05
12.12
12.05
12.12
11.82
7,000
Jan 9, 2026
12.05
12.12
12.05
12.10
11.80
9,800
Jan 8, 2026
12.05
12.08
12.01
12.07
11.77
25,700
Jan 7, 2026
12.06
12.06
12.03
12.03
11.72
80,100
Jan 6, 2026
12.06
12.06
12.00
12.02
11.71
14,500
Jan 5, 2026
12.05
12.05
11.97
12.01
11.71
46,500
Jan 2, 2026
11.93
12.01
11.93
12.00
11.69
15,700
Dec 31, 2025
11.95
11.95
11.93
11.93
11.63
14,400
Dec 30, 2025
0.075 Dividend 

Dec 30, 2025
11.97
11.99
11.94
11.96
11.66
13,500
Dec 29, 2025
12.00
12.04
12.00
12.01
11.63
16,000
Dec 26, 2025
12.04
12.04
12.01
12.03
11.66
28,800
Dec 24, 2025
12.00
12.04
12.00
12.02
11.65
3,800
Dec 23, 2025
12.01
12.02
12.00
12.02
11.64
8,100
Dec 22, 2025
11.99
12.02
11.99
12.02
11.64
19,400
Dec 19, 2025
11.99
11.99
11.97
11.97
11.60
5,000
Dec 18, 2025
11.97
11.99
11.96
11.97
11.59
26,200
Dec 17, 2025
11.98
11.98
11.93
11.94
11.57
26,500
Dec 16, 2025
11.96
11.96
11.92
11.93
11.55
21,900
Dec 15, 2025
11.92
11.97
11.92
11.96
11.58
14,900
Dec 12, 2025
11.99
11.99
11.95
11.95
11.58
13,100
Dec 11, 2025
11.99
11.99
11.96
11.96
11.59
9,700
Dec 10, 2025
11.97
11.97
11.93
11.94
11.57
50,800
Dec 9, 2025
11.96
11.97
11.93
11.93
11.55
25,500
Dec 8, 2025
12.01
12.01
11.93
11.93
11.56
42,700
Dec 5, 2025
11.95
11.99
11.95
11.98
11.61
16,000
Dec 4, 2025
11.94
11.99
11.94
11.98
11.60
14,200
Dec 3, 2025
0.077 Dividend 

Dec 3, 2025
12.01
12.01
11.95
11.97
11.60
39,500
Dec 2, 2025
12.02
12.03
12.00
12.01
11.56
18,600
Dec 1, 2025
12.00
12.05
12.00
12.02
11.57
30,700
Nov 28, 2025
12.05
12.07
12.04
12.06
11.60
8,600
Nov 26, 2025
11.92
12.05
11.92
12.03
11.58
24,900
Nov 25, 2025
11.87
11.98
11.87
11.97
11.52
22,800
Nov 24, 2025
11.84
11.93
11.84
11.92
11.47
16,900
Nov 21, 2025
11.87
11.89
11.81
11.87
11.42
21,500
Nov 20, 2025
11.87
11.94
11.78
11.78
11.34
43,100
Nov 19, 2025
11.89
11.90
11.86
11.86
11.42
25,700
Nov 18, 2025
11.95
11.95
11.86
11.89
11.44
19,600
Nov 17, 2025
11.93
11.95
11.86
11.89
11.44
15,500
Nov 14, 2025
11.95
11.96
11.89
11.95
11.50
6,000
Nov 13, 2025
12.01
12.01
11.92
11.92
11.47
20,300
Nov 12, 2025
12.00
12.00
11.97
11.99
11.54
12,400
Nov 11, 2025
11.99
11.99
11.95
11.98
11.53
11,000
Nov 10, 2025
11.87
11.95
11.87
11.94
11.50
8,400
Nov 7, 2025
11.85
11.89
11.82
11.89
11.44
7,300
Nov 6, 2025
11.87
11.89
11.85
11.86
11.41
24,900
Nov 5, 2025
0.076 Dividend 

Nov 5, 2025
11.78
11.88
11.78
11.87
11.42
153,900
Nov 4, 2025
11.95
11.95
11.88
11.89
11.37
11,400
Nov 3, 2025
11.89
11.93
11.87
11.93
11.40
4,300
Oct 31, 2025
11.87
11.92
11.87
11.91
11.39
4,200
Oct 30, 2025
11.93
11.93
11.90
11.90
11.38
6,200
Oct 29, 2025
12.01
12.01
11.94
11.95
11.43
17,400
Oct 28, 2025
12.00
12.02
12.00
12.01
11.48
6,700
Oct 27, 2025
12.04
12.04
11.98
12.02
11.49
19,300
Oct 24, 2025
11.98
11.98
11.95
11.96
11.44
14,100
Oct 23, 2025
11.95
11.96
11.93
11.96
11.43
8,600
Oct 22, 2025
11.96
11.96
11.90
11.93
11.41
17,700
Oct 21, 2025
11.93
11.95
11.90
11.92
11.40
13,500
Oct 20, 2025
11.89
11.94
11.88
11.93
11.41
45,800
Oct 17, 2025
11.76
11.82
11.76
11.82
11.31
16,100
Oct 16, 2025
11.85
11.85
11.78
11.78
11.27
16,100
Oct 15, 2025
11.81
11.84
11.79
11.81
11.30
16,300
Oct 14, 2025
11.75
11.80
11.69
11.78
11.27
9,100
Oct 13, 2025
11.79
11.79
11.70
11.75
11.24
14,600
Oct 10, 2025
11.82
11.83
11.65
11.66
11.15
47,700
Oct 9, 2025
11.84
11.85
11.77
11.78
11.26
21,400
Oct 8, 2025
11.80
11.84
11.80
11.84
11.32
15,100
Oct 7, 2025
11.82
11.84
11.82
11.83
11.31
16,100
Oct 6, 2025
11.85
11.86
11.83
11.84
11.32
21,200
Oct 3, 2025
0.076 Dividend 

Oct 3, 2025
11.90
11.90
11.85
11.86
11.34
11,100
Oct 2, 2025
11.93
11.93
11.88
11.91
11.32
31,700
Oct 1, 2025
11.87
11.94
11.87
11.93
11.34
26,000
Sep 30, 2025
11.85
11.87
11.84
11.87
11.28
4,900
Sep 29, 2025
11.87
11.87
11.84
11.86
11.27
6,900
Sep 26, 2025
11.89
11.89
11.86
11.88
11.28
4,800
Sep 25, 2025
11.81
11.84
11.81
11.83
11.24
8,300
Sep 24, 2025
11.90
11.90
11.84
11.86
11.27
12,000
Sep 23, 2025
11.82
11.85
11.82
11.85
11.26
13,200
Sep 22, 2025
11.84
11.84
11.80
11.81
11.23
9,700
Sep 19, 2025
11.82
11.84
11.81
11.82
11.24
6,200
Sep 18, 2025
11.87
11.88
11.85
11.88
11.28
12,300
Sep 17, 2025
11.86
11.94
11.86
11.88
11.29
7,500
Sep 16, 2025
11.92
11.92
11.85
11.85
11.27
10,800
Sep 15, 2025
11.88
11.90
11.87
11.87
11.28
15,600
Sep 12, 2025
11.90
11.90
11.86
11.88
11.29
23,200
Sep 11, 2025
11.86
11.89
11.84
11.89
11.30
25,400
Sep 10, 2025
11.82
11.84
11.81
11.83
11.24
5,700
Sep 9, 2025
11.79
11.80
11.78
11.80
11.21
7,200
Sep 8, 2025
11.76
11.78
11.76
11.77
11.19
5,200
Sep 5, 2025
11.80
11.80
11.73
11.78
11.19
19,100
Sep 4, 2025
0.074 Dividend 

Sep 4, 2025
11.71
11.73
11.70
11.72
11.14
16,500
Sep 3, 2025
11.76
11.76
11.74
11.76
11.10
13,700
Sep 2, 2025
11.71
11.74
11.71
11.73
11.07
14,400
Aug 29, 2025
11.79
11.80
11.77
11.77
11.11
6,700
Aug 28, 2025
11.74
11.81
11.74
11.80
11.14
32,000
Aug 27, 2025
11.78
11.79
11.77
11.78
11.13
105,000
Aug 26, 2025
11.75
11.77
11.74
11.77
11.11
3,900
Aug 25, 2025
11.78
11.81
11.75
11.75
11.10
10,600
Aug 22, 2025
11.73
11.82
11.72
11.80
11.14
12,800
Aug 21, 2025
11.73
11.73
11.70
11.70
11.05
12,700
Aug 20, 2025
11.70
11.72
11.70
11.72
11.07
4,200
Aug 19, 2025
11.68
11.71
11.68
11.70
11.05
7,300
Aug 18, 2025
11.66
11.70
11.66
11.69
11.04
10,600
Aug 15, 2025
11.74
11.74
11.71
11.71
11.05
7,000
Aug 14, 2025
11.73
11.76
11.73
11.75
11.10
17,100
Aug 13, 2025
11.71
11.77
11.71
11.77
11.12
9,600
Aug 12, 2025
11.71
11.72
11.68
11.72
11.06
24,300
Aug 11, 2025
11.68
11.71
11.66
11.66
11.01
22,700
Aug 8, 2025
11.72
11.72
11.68
11.69
11.04
13,900
Aug 7, 2025
11.71
11.71
11.67
11.67
11.02
10,800
Aug 6, 2025
11.68
11.68
11.66
11.67
11.02
5,900
Aug 5, 2025
0.074 Dividend 

Aug 5, 2025
11.77
11.77
11.65
11.69
11.04
18,200
Aug 4, 2025
11.74
11.79
11.74
11.78
11.06
15,600
Aug 1, 2025
11.65
11.69
11.65
11.67
10.95
14,000
Jul 31, 2025
11.69
11.73
11.69
11.70
10.98
14,500
Jul 30, 2025
11.74
11.75
11.67
11.69
10.97
23,300
Jul 29, 2025
11.65
11.71
11.65
11.71
10.99
5,700
Jul 28, 2025
11.71
11.71
11.65
11.66
10.94
40,200
Jul 25, 2025
11.66
11.69
11.66
11.69
10.96
12,900
Jul 24, 2025
11.67
11.67
11.64
11.66
10.94
5,000
Jul 23, 2025
11.64
11.65
11.63
11.64
10.92
11,500
Jul 22, 2025
11.61
11.65
11.61
11.63
10.91
62,100
Jul 21, 2025
11.65
11.65
11.60
11.60
10.89
5,800
Jul 18, 2025
11.62
11.63
11.59
11.60
10.88
7,800
Jul 17, 2025
11.60
11.60
11.57
11.60
10.88
11,100
Jul 16, 2025
11.58
11.60
11.56
11.59
10.88
16,300
Jul 15, 2025
11.64
11.64
11.57
11.59
10.88
8,600
Jul 14, 2025
11.63
11.65
11.62
11.65
10.93
29,300
Jul 11, 2025
11.65
11.65
11.60
11.63
10.91
18,700
Jul 10, 2025
11.61
11.64
11.60
11.63
10.91
33,100
Jul 9, 2025
11.60
11.63
11.59
11.61
10.89
25,400
Jul 8, 2025
11.59
11.61
11.57
11.59
10.88
6,000
Jul 7, 2025
11.67
11.67
11.59
11.59
10.88
39,700
Jul 3, 2025
0.074 Dividend 

Jul 3, 2025
11.70
11.70
11.64
11.66
10.94
10,900
Jul 2, 2025
11.69
11.70
11.64
11.70
10.91
27,700
Jul 1, 2025
11.72
11.72
11.64
11.66
10.87
19,800
Jun 30, 2025
11.62
11.66
11.61
11.66
10.87
30,300
Jun 27, 2025
11.74
11.74
11.61
11.63
10.84
13,700
Jun 26, 2025
11.57
11.64
11.57
11.64
10.85
21,700
Jun 25, 2025
11.58
11.58
11.55
11.56
10.78
21,900
Jun 24, 2025
11.57
11.61
11.57
11.61
10.83
15,600
Jun 23, 2025
11.49
11.55
11.49
11.55
10.77
17,100
Jun 20, 2025
11.51
11.57
11.48
11.52
10.74
12,100
Jun 18, 2025
11.57
11.57
11.48
11.51
10.73
76,200
Jun 17, 2025
11.50
11.50
11.47
11.47
10.69
15,500
Jun 16, 2025
11.51
11.55
11.48
11.48
10.71
23,500
Jun 13, 2025
11.52
11.53
11.51
11.51
10.73
3,300
Jun 12, 2025
11.52
11.55
11.52
11.54
10.76
7,100
Jun 11, 2025
11.56
11.56
11.51
11.54
10.76
8,800
Jun 10, 2025
11.48
11.54
11.48
11.52
10.74
15,300
Jun 9, 2025
11.48
11.51
11.48
11.48
10.71
3,100
Jun 6, 2025
11.46
11.49
11.45
11.47
10.69
46,700
Jun 5, 2025
11.49
11.49
11.43
11.44
10.67
7,200
Jun 4, 2025
0.074 Dividend 

Jun 4, 2025
11.49
11.49
11.41
11.41
10.64
13,300
Jun 3, 2025
11.48
11.52
11.48
11.52
10.67
7,600
Jun 2, 2025
11.49
11.49
11.43
11.48
10.64
10,200
May 30, 2025
11.50
11.50
11.43
11.48
10.64
5,000
May 29, 2025
11.46
11.46
11.43
11.46
10.61
3,300
May 28, 2025
11.53
11.53
11.44
11.45
10.61
5,800
May 27, 2025
11.48
11.49
11.44
11.48
10.63
8,600
