Date
Open
High
Low
Close 

Adj Close 

Volume

May 22, 2026
98.78
101.50
97.12
98.46
98.46
111,900
May 21, 2026
92.26
94.18
89.60
94.15
94.15
46,100
May 20, 2026
88.44
94.21
88.44
93.99
93.99
66,400
May 19, 2026
84.58
87.83
80.02
85.37
85.37
63,100
May 18, 2026
1.734 Dividend 

May 18, 2026
88.38
91.08
84.44
87.23
87.23
69,100
May 15, 2026
91.93
92.90
89.36
89.64
87.91
124,200
May 14, 2026
93.72
96.86
92.55
95.82
93.97
39,500
May 13, 2026
97.71
98.07
92.13
94.99
93.15
44,900
May 12, 2026
96.23
98.43
89.88
95.44
93.59
52,400
May 11, 2026
1.079 Dividend 

May 11, 2026
98.99
100.75
96.32
98.61
96.70
74,600
May 8, 2026
89.39
98.78
89.39
98.78
95.81
125,200
May 7, 2026
88.92
90.05
85.51
86.64
84.04
60,100
May 6, 2026
87.02
91.94
85.35
90.28
87.57
116,800
May 5, 2026
72.62
74.65
71.53
73.45
71.24
72,800
May 4, 2026
1.188 Dividend 

May 4, 2026
74.79
74.85
69.44
70.06
67.95
60,500
May 1, 2026
72.85
76.74
72.85
76.01
72.57
76,700
Apr 30, 2026
71.40
74.68
69.93
74.68
71.30
36,100
Apr 29, 2026
67.88
71.01
65.80
70.00
66.83
46,100
Apr 28, 2026
63.76
67.70
63.41
66.80
63.78
65,800
Apr 27, 2026
0.806 Dividend 

Apr 27, 2026
72.74
73.15
68.35
69.56
66.41
72,900
Apr 24, 2026
72.50
75.01
69.98
73.86
69.75
91,100
Apr 23, 2026
63.17
64.63
62.11
63.36
59.83
74,400
Apr 22, 2026
60.15
63.06
58.90
63.02
59.51
60,900
Apr 21, 2026
56.48
58.72
56.48
58.37
55.12
55,600
Apr 20, 2026
0.705 Dividend 

Apr 20, 2026
57.44
59.00
55.58
55.97
52.86
45,400
Apr 17, 2026
57.71
57.95
56.62
57.65
53.78
83,100
Apr 16, 2026
54.23
57.72
53.46
57.56
53.69
40,000
Apr 15, 2026
52.00
52.73
51.20
52.73
49.19
23,000
Apr 14, 2026
50.56
51.96
49.87
51.95
48.46
31,300
Apr 13, 2026
0.623 Dividend 

Apr 13, 2026
49.42
50.02
48.75
49.69
46.35
43,100
Apr 10, 2026
48.75
51.13
48.75
50.20
46.25
51,600
Apr 9, 2026
47.34
48.24
46.78
48.14
44.35
32,300
Apr 8, 2026
47.04
47.46
46.04
46.93
43.23
49,200
Apr 7, 2026
43.84
44.47
43.37
44.47
40.97
22,700
Apr 6, 2026
0.46 Dividend 

Apr 6, 2026
43.92
45.60
43.77
44.17
40.69
50,800
Apr 2, 2026
40.76
44.01
40.18
44.01
40.12
29,000
Apr 1, 2026
41.75
43.10
41.34
42.39
38.64
18,200
Mar 31, 2026
39.34
40.74
39.34
40.56
36.97
22,800
Mar 30, 2026
0.522 Dividend 

Mar 30, 2026
41.00
41.56
38.30
38.99
35.54
27,800
Mar 27, 2026
40.83
41.08
39.85
40.86
36.77
41,900
Mar 26, 2026
44.70
45.36
41.28
41.28
37.15
19,500
Mar 25, 2026
43.13
45.47
43.13
45.33
40.80
32,900
Mar 24, 2026
40.86
41.79
40.52
41.70
37.53
24,500
Mar 23, 2026
0.443 Dividend 

Mar 23, 2026
41.88
42.50
41.00
41.05
36.94
31,300
Mar 20, 2026
41.97
42.30
40.48
41.15
36.63
232,900
Mar 19, 2026
39.62
42.25
39.33
42.25
37.61
14,700
Mar 18, 2026
40.08
41.38
40.07
40.73
36.26
15,600
Mar 17, 2026
40.17
40.64
39.77
39.93
35.55
21,900
Mar 16, 2026
0.382 Dividend 

Mar 16, 2026
39.57
40.88
39.57
40.01
35.62
27,700
Mar 13, 2026
40.90
41.12
39.50
39.59
34.91
38,300
Mar 12, 2026
42.10
42.10
40.50
40.82
35.99
24,300
Mar 11, 2026
42.70
43.54
42.24
42.59
37.55
21,100
Mar 10, 2026
42.32
42.80
41.98
42.06
37.08
23,100
Mar 9, 2026
0.454 Dividend 

Mar 9, 2026
38.73
41.92
38.73
41.92
36.96
38,100
Mar 6, 2026
40.54
41.67
39.71
39.85
34.73
30,500
Mar 5, 2026
41.17
42.50
40.67
41.61
36.27
23,500
Mar 4, 2026
39.99
42.34
39.67
42.26
36.84
30,700
Mar 3, 2026
39.63
40.00
38.88
39.52
34.45
53,500
Mar 2, 2026
0.386 Dividend 

Mar 2, 2026
40.41
41.44
39.39
41.40
36.09
39,900
Feb 27, 2026
42.19
42.76
41.66
42.39
36.61
53,600
Feb 26, 2026
44.57
44.57
42.68
43.08
37.21
35,900
Feb 25, 2026
45.92
46.30
44.92
45.01
38.88
36,300
Feb 24, 2026
45.11
46.35
44.00
45.83
39.58
83,900
Feb 23, 2026
0.479 Dividend 

Feb 23, 2026
41.73
42.04
40.90
41.34
35.71
32,900
Feb 20, 2026
42.87
43.85
42.36
42.77
36.53
90,100
Feb 19, 2026
42.88
43.66
42.56
43.65
37.28
49,500
Feb 18, 2026
42.28
43.52
41.60
42.71
36.48
52,800
Feb 17, 2026
0.216 Dividend 

Feb 17, 2026
43.42
44.08
41.74
43.45
37.11
38,400
Feb 13, 2026
43.99
45.39
43.92
44.78
38.06
45,000
Feb 12, 2026
47.12
47.55
44.49
44.55
37.86
55,000
Feb 11, 2026
47.49
48.05
45.46
46.62
39.62
58,200
Feb 10, 2026
47.08
47.94
46.47
46.50
39.52
42,900
Feb 9, 2026
0.349 Dividend 

Feb 9, 2026
45.16
47.58
44.38
47.18
40.10
93,300
Feb 6, 2026
42.44
45.71
42.44
45.61
38.47
172,000
Feb 5, 2026
43.90
44.28
40.82
41.26
34.80
123,900
Feb 4, 2026
48.54
53.29
43.17
43.54
36.72
214,300
Feb 3, 2026
57.04
57.45
53.47
54.85
46.26
105,200
Feb 2, 2026
0.864 Dividend 

Feb 2, 2026
52.88
56.86
52.88
55.90
47.15
169,700
Jan 30, 2026
54.32
56.33
53.74
54.29
45.06
150,800
Jan 29, 2026
59.04
60.70
55.52
58.35
48.43
55,200
Jan 28, 2026
59.15
59.90
58.10
58.50
48.55
48,600
Jan 27, 2026
58.35
59.23
57.37
58.31
48.40
56,100
Jan 26, 2026
0.724 Dividend 

Jan 26, 2026
59.60
59.87
58.07
58.14
48.26
57,600
Jan 23, 2026
61.60
63.19
60.39
61.34
50.31
96,500
Jan 22, 2026
60.00
60.10
57.73
59.67
48.94
49,000
Jan 21, 2026
54.62
59.38
54.62
58.50
47.98
132,000
Jan 20, 2026
0.232 Dividend 

Jan 20, 2026
52.17
55.64
51.93
53.60
43.96
75,500
Jan 16, 2026
54.31
54.50
53.35
53.80
43.94
121,900
Jan 15, 2026
52.95
55.59
52.61
52.73
43.06
593,600
Jan 14, 2026
50.25
51.79
49.35
51.58
42.12
411,700
Jan 13, 2026
49.07
51.47
49.07
50.98
41.63
426,700
Jan 12, 2026
0.646 Dividend 

Jan 12, 2026
45.63
47.91
45.52
47.30
38.63
434,400
Jan 9, 2026
47.21
47.99
46.72
46.87
37.75
116,700
Jan 8, 2026
48.84
48.84
46.84
47.21
38.02
50,400
Jan 7, 2026
49.18
49.49
48.00
48.67
39.20
52,600
Jan 6, 2026
52.28
52.28
49.00
49.86
40.16
63,000
Jan 5, 2026
0.628 Dividend 

Jan 5, 2026
54.22
55.36
51.70
51.73
41.66
60,100
Jan 2, 2026
51.75
54.08
51.75
53.03
42.20
102,500
Dec 31, 2025
51.20
51.41
50.46
50.46
40.16
45,600
Dec 30, 2025
51.00
51.13
50.53
50.78
40.41
38,500
Dec 29, 2025
0.649 Dividend 

Dec 29, 2025
49.94
51.04
49.37
50.97
40.56
32,500
Dec 26, 2025
51.70
51.75
50.85
51.48
40.45
41,300
Dec 24, 2025
51.34
51.59
51.26
51.59
40.54
18,600
Dec 23, 2025
50.73
51.67
50.73
51.35
40.35
35,400
Dec 22, 2025
0.564 Dividend 

Dec 22, 2025
52.80
52.80
51.00
51.44
40.43
46,600
Dec 19, 2025
48.91
52.09
48.91
51.48
40.01
92,500
Dec 18, 2025
48.73
49.37
47.91
47.93
37.25
36,800
Dec 17, 2025
50.54
50.81
46.97
47.16
36.65
47,800
Dec 16, 2025
49.85
50.65
49.30
50.49
39.24
28,900
Dec 15, 2025
0.691 Dividend 

Dec 15, 2025
51.43
51.84
49.69
50.02
38.88
36,700
Dec 12, 2025
53.96
55.05
51.04
51.71
39.65
58,500
Dec 11, 2025
53.76
54.87
51.58
54.87
42.08
42,100
Dec 10, 2025
55.01
55.08
54.05
54.72
41.96
28,800
Dec 9, 2025
54.75
55.26
53.86
54.91
42.11
22,500
Dec 8, 2025
0.776 Dividend 

Dec 8, 2025
54.06
55.26
53.88
54.63
41.89
34,400
Dec 5, 2025
54.41
56.11
54.22
54.64
41.30
39,000
Dec 4, 2025
54.21
54.83
53.53
53.83
40.69
24,800
Dec 3, 2025
53.95
54.50
52.90
54.31
41.06
27,300
Dec 2, 2025
55.81
56.82
53.49
53.67
40.57
35,500
Dec 1, 2025
0.27 Dividend 

Dec 1, 2025
53.27
55.36
53.27
55.01
41.58
48,500
Nov 28, 2025
54.11
54.79
53.73
54.60
41.07
43,700
Nov 26, 2025
52.40
54.10
51.87
53.72
40.41
60,000
Nov 25, 2025
50.06
51.40
47.90
51.22
38.53
89,900
Nov 24, 2025
0.977 Dividend 

Nov 24, 2025
51.47
54.50
51.47
53.85
40.51
75,600
Nov 21, 2025
53.10
53.10
49.09
51.34
37.88
234,600
Nov 20, 2025
60.91
61.18
51.89
52.31
38.60
66,800
Nov 19, 2025
59.96
61.68
56.68
57.72
42.59
43,000
Nov 18, 2025
62.28
62.33
58.50
60.20
44.42
53,500
Nov 17, 2025
0.564 Dividend 

Nov 17, 2025
64.86
65.70
62.49
63.17
46.61
42,200
Nov 14, 2025
63.94
67.89
62.51
66.12
48.37
58,300
Nov 13, 2025
67.67
69.60
65.84
66.45
48.61
76,900
Nov 12, 2025
68.10
71.00
66.73
69.89
51.13
75,500
Nov 11, 2025
64.47
66.52
62.40
62.95
46.05
54,900
Nov 10, 2025
1.044 Dividend 

Nov 10, 2025
64.61
66.56
63.97
65.19
47.69
46,200
Nov 7, 2025
62.09
62.96
60.00
62.88
45.24
82,000
Nov 6, 2025
69.29
69.29
63.78
64.25
46.22
57,600
Nov 5, 2025
65.80
71.31
65.80
69.95
50.33
51,000
Nov 4, 2025
68.61
70.49
67.66
68.27
49.12
72,500
Nov 3, 2025
1.082 Dividend 

Nov 3, 2025
71.10
71.62
69.58
71.26
51.27
48,900
Oct 31, 2025
72.73
73.38
70.78
71.61
50.74
93,800
Oct 30, 2025
73.05
73.67
71.06
71.18
50.44
50,500
Oct 29, 2025
74.20
75.31
72.00
74.38
52.70
63,100
Oct 28, 2025
72.21
74.32
72.04
72.04
51.05
48,700
Oct 27, 2025
1.491 Dividend 

Oct 27, 2025
72.28
72.89
69.61
72.78
51.57
94,400
Oct 24, 2025
68.84
72.14
68.67
71.99
49.95
131,500
Oct 23, 2025
64.44
66.11
63.75
66.00
45.80
25,800
Oct 22, 2025
66.74
67.42
62.75
64.39
44.68
36,600
Oct 21, 2025
67.67
68.00
65.95
66.84
46.38
26,300
Oct 20, 2025
1.367 Dividend 

Oct 20, 2025
66.56
68.53
65.80
67.90
47.12
65,200
Oct 17, 2025
66.87
67.47
65.20
66.57
45.24
98,600
Oct 16, 2025
67.96
69.11
66.99
67.00
45.54
39,000
Oct 15, 2025
63.35
68.73
63.35
68.33
46.44
43,700
Oct 14, 2025
1.19 Dividend 

Oct 14, 2025
62.08
63.88
60.73
61.73
41.95
28,500
Oct 13, 2025
63.73
64.61
61.83
62.08
41.38
35,800
Oct 10, 2025
67.87
67.87
61.33
61.89
41.26
93,800
Oct 9, 2025
69.04
69.98
66.90
67.83
45.22
31,800
Oct 8, 2025
61.37
68.61
60.74
68.61
45.74
37,400
Oct 7, 2025
61.91
63.00
60.00
60.81
40.54
59,100
Oct 6, 2025
0.79 Dividend 

Oct 6, 2025
64.85
65.00
57.85
58.31
38.87
135,000
Oct 3, 2025
48.11
48.11
45.57
46.02
30.15
51,200
Oct 2, 2025
47.25
48.10
46.60
47.71
31.26
25,800
Oct 1, 2025
44.86
45.87
44.79
45.87
30.05
25,700
Sep 30, 2025
44.40
45.09
44.40
45.09
29.54
22,700
Sep 29, 2025
0.703 Dividend 

Sep 29, 2025
44.58
45.86
44.40
44.98
29.47
26,500
Sep 26, 2025
45.52
45.88
44.23
44.99
29.02
26,000
Sep 25, 2025
44.39
45.70
43.44
45.61
29.42
75,000
Sep 24, 2025
46.35
46.50
44.77
45.54
29.37
45,800
Sep 23, 2025
45.25
46.26
45.06
45.57
29.39
38,100
Sep 22, 2025
0.535 Dividend 

Sep 22, 2025
44.21
46.01
44.21
45.21
29.16
44,700
Sep 19, 2025
44.90
45.60
44.48
45.00
28.68
81,100
Sep 18, 2025
42.79
45.16
42.38
44.96
28.65
79,300
Sep 17, 2025
45.44
46.24
44.51
45.41
28.94
29,500
Sep 16, 2025
46.30
46.30
45.47
45.96
29.29
28,000
Sep 15, 2025
0.301 Dividend 

Sep 15, 2025
45.68
46.29
45.02
46.28
29.49
30,500
Sep 12, 2025
45.00
46.26
44.44
45.61
28.87
71,000
Sep 11, 2025
45.75
46.05
44.50
44.65
28.27
66,600
Sep 10, 2025
47.20
47.49
45.56
46.05
29.15
29,000
Sep 9, 2025
43.50
44.78
43.50
44.78
28.35
32,800
Sep 8, 2025
0.425 Dividend 

Sep 8, 2025
43.47
43.53
42.61
43.26
27.39
84,200
Sep 5, 2025
45.73
45.73
43.15
43.44
27.23
47,900
Sep 4, 2025
46.53
47.23
46.18
47.17
29.57
26,900
Sep 3, 2025
47.41
47.75
46.97
47.31
29.66
12,000
Sep 2, 2025
0.389 Dividend 

Sep 2, 2025
46.27
47.58
45.76
47.58
29.83
24,400
Aug 29, 2025
48.94
49.19
47.80
48.04
29.87
30,600
Aug 28, 2025
50.01
50.92
49.69
50.21
31.22
15,400
Aug 27, 2025
49.40
49.90
49.00
49.71
30.91
25,300
Aug 26, 2025
50.34
50.34
48.93
49.52
30.79
18,700
Aug 25, 2025
0.641 Dividend 

Aug 25, 2025
49.25
49.25
47.89
48.37
30.08
26,000
Aug 22, 2025
48.57
50.78
48.40
50.53
31.02
51,100
Aug 21, 2025
49.70
49.70
48.75
49.13
30.16
17,300
Aug 20, 2025
49.32
50.01
47.31
49.57
30.43
40,900
Aug 19, 2025
52.67
52.67
49.98
49.99
30.69
50,700
Aug 18, 2025
1.135 Dividend 

Aug 18, 2025
53.98
54.50
53.11
53.65
32.94
28,800
Aug 15, 2025
56.38
56.38
54.70
55.36
33.29
36,900
Aug 14, 2025
56.35
58.01
56.21
56.72
34.11
33,700
Aug 13, 2025
56.35
58.58
56.28
58.01
34.88
51,000
Aug 12, 2025
53.90
54.35
52.05
54.35
32.68
19,700
Aug 11, 2025
1.368 Dividend 

Aug 11, 2025
52.76
55.73
52.40
53.39
32.10
61,200
Aug 8, 2025
55.56
56.39
54.10
55.00
32.25
146,700
Aug 7, 2025
53.17
55.92
53.17
54.77
32.11
16,000
Aug 6, 2025
52.14
52.31
49.50
51.22
30.04
44,900
Aug 5, 2025
56.91
57.00
54.85
55.84
32.74
22,900
Aug 4, 2025
55.50
56.86
55.50
56.47
33.11
10,800
Aug 1, 2025
54.73
56.06
53.40
55.23
32.39
23,000
Jul 31, 2025
59.82
59.82
56.55
56.79
33.30
21,900
Jul 30, 2025
56.84
58.39
56.59
58.12
34.08
12,000
Jul 29, 2025
56.70
59.13
56.51
57.34
33.62
24,400
Jul 28, 2025
54.25
56.19
54.25
55.87
32.76
17,300
Jul 25, 2025
52.18
53.44
51.84
53.20
31.19
14,900
Jul 24, 2025
50.70
52.26
50.29
51.58
30.24
15,500
