Date
Open
High
Low
Close 

Adj Close 

Volume
Jun 5, 2026
54.45
55.04
50.68
50.83
50.83
832,000
Jun 4, 2026
1.173 Dividend 

Jun 4, 2026
55.69
57.40
54.50
56.74
56.74
420,200
Jun 3, 2026
58.76
59.75
57.92
59.52
58.35
776,900
Jun 2, 2026
56.00
57.61
55.80
57.57
56.44
361,300
Jun 1, 2026
55.50
57.10
54.16
56.49
55.38
446,400
May 29, 2026
57.40
57.50
55.79
57.06
55.94
388,400
May 28, 2026
1.159 Dividend 

May 28, 2026
55.41
58.12
54.94
57.22
56.09
487,800
May 27, 2026
57.50
57.78
55.54
56.40
54.15
850,900
May 26, 2026
55.19
57.42
54.81
57.25
54.97
516,500
May 22, 2026
53.77
55.01
53.23
53.64
51.50
416,200
May 21, 2026
0.974 Dividend 

May 21, 2026
51.51
52.25
50.60
52.19
50.11
203,700
May 20, 2026
51.10
53.13
51.00
53.04
49.99
597,900
May 19, 2026
49.49
51.00
47.38
49.59
46.74
405,900
May 18, 2026
51.00
52.05
49.20
50.14
47.26
248,300
May 15, 2026
51.68
52.14
50.42
50.43
47.53
308,600
May 14, 2026
1.094 Dividend 

May 14, 2026
51.95
53.44
51.76
53.24
50.18
281,600
May 13, 2026
54.89
55.17
52.47
53.86
49.73
516,400
May 12, 2026
54.10
55.03
51.80
54.11
49.96
249,700
May 11, 2026
55.13
56.04
54.22
55.08
50.86
402,100
May 8, 2026
50.58
54.67
50.58
54.48
50.31
430,100
May 7, 2026
0.914 Dividend 

May 7, 2026
50.64
51.34
49.10
49.76
45.95
333,000
May 6, 2026
50.71
53.38
50.08
52.41
47.55
676,400
May 5, 2026
44.99
45.70
44.15
45.24
41.04
372,500
May 4, 2026
45.68
45.90
43.45
43.82
39.76
377,900
May 1, 2026
45.02
45.93
44.97
45.91
41.65
296,900
Apr 30, 2026
0.945 Dividend 

Apr 30, 2026
44.09
45.27
42.91
45.17
40.98
396,700
Apr 29, 2026
43.32
44.62
42.15
44.36
39.39
446,200
Apr 28, 2026
41.16
43.12
41.01
42.57
37.80
178,300
Apr 27, 2026
45.29
45.36
43.26
43.96
39.03
369,500
Apr 24, 2026
43.88
46.00
43.73
45.25
40.18
485,600
Apr 23, 2026
0.868 Dividend 

Apr 23, 2026
40.08
40.89
39.80
40.27
35.76
270,800
Apr 22, 2026
39.81
41.15
39.26
41.13
35.75
417,400
Apr 21, 2026
38.27
39.22
38.20
38.82
33.74
398,600
Apr 20, 2026
38.62
39.33
37.74
38.04
33.06
149,200
Apr 17, 2026
38.35
38.56
37.91
38.38
33.36
252,500
Apr 16, 2026
0.698 Dividend 

Apr 16, 2026
36.69
38.66
36.31
38.51
33.47
261,200
Apr 15, 2026
36.33
36.65
35.92
36.63
31.23
239,800
Apr 14, 2026
35.68
36.34
35.27
36.29
30.94
114,800
Apr 13, 2026
35.19
35.40
34.81
35.39
30.17
151,600
Apr 10, 2026
34.23
35.72
34.23
35.11
29.94
157,000
Apr 9, 2026
0.498 Dividend 

Apr 9, 2026
33.70
34.17
33.46
34.14
29.11
102,800
Apr 8, 2026
34.01
34.31
33.49
34.02
28.58
131,100
Apr 7, 2026
32.53
32.91
32.17
32.84
27.59
70,000
Apr 6, 2026
32.58
33.47
32.45
32.69
27.46
65,300
Apr 2, 2026
0.327 Dividend 

Apr 2, 2026
30.70
32.42
30.62
32.37
27.20
52,500
Apr 1, 2026
32.00
32.31
31.58
32.00
26.61
129,400
Mar 31, 2026
30.54
31.30
30.40
31.26
25.99
64,300
Mar 30, 2026
31.47
31.63
29.88
30.29
25.19
57,200
Mar 27, 2026
31.03
31.18
30.46
31.06
25.82
61,500
Mar 26, 2026
0.329 Dividend 

Mar 26, 2026
32.51
32.78
31.18
31.29
26.02
85,300
Mar 25, 2026
31.90
33.27
31.90
33.06
27.22
212,100
Mar 24, 2026
31.04
31.60
30.91
31.52
25.95
40,200
Mar 23, 2026
31.45
31.79
31.04
31.10
25.60
103,500
Mar 20, 2026
31.25
31.30
30.59
30.99
25.51
99,200
Mar 19, 2026
0.321 Dividend 

Mar 19, 2026
29.95
31.25
29.75
31.20
25.69
38,400
Mar 18, 2026
30.44
31.22
30.44
30.92
25.19
59,000
Mar 17, 2026
30.45
30.78
30.39
30.51
24.86
36,700
Mar 16, 2026
30.09
30.83
30.09
30.42
24.78
83,000
Mar 13, 2026
30.60
30.77
29.83
29.92
24.38
77,600
Mar 12, 2026
0.306 Dividend 

Mar 12, 2026
30.97
31.00
30.40
30.53
24.87
35,900
Mar 11, 2026
31.43
31.87
31.39
31.47
25.39
42,900
Mar 10, 2026
31.22
31.62
31.19
31.26
25.23
46,200
Mar 9, 2026
29.35
31.21
29.35
31.17
25.15
53,400
Mar 6, 2026
30.20
30.89
29.65
29.81
24.05
92,800
Mar 5, 2026
0.328 Dividend 

Mar 5, 2026
30.50
31.15
30.14
30.79
24.84
58,900
Mar 4, 2026
30.00
31.35
29.97
31.28
24.97
79,800
Mar 3, 2026
29.81
30.03
29.45
29.80
23.79
84,100
Mar 2, 2026
30.24
30.83
29.61
30.80
24.59
113,400
Feb 27, 2026
31.00
31.22
30.67
30.96
24.72
460,300
Feb 26, 2026
0.304 Dividend 

Feb 26, 2026
32.09
32.09
31.19
31.46
25.12
48,400
Feb 25, 2026
32.90
33.07
32.45
32.52
25.72
139,100
Feb 24, 2026
32.56
33.17
32.00
32.75
25.90
115,300
Feb 23, 2026
30.82
30.99
30.38
30.64
24.23
159,100
Feb 20, 2026
31.12
31.72
30.92
31.11
24.61
87,500
Feb 19, 2026
0.279 Dividend 

Feb 19, 2026
30.99
31.51
30.75
31.43
24.86
95,600
Feb 18, 2026
30.94
31.70
30.50
31.23
24.48
93,900
Feb 17, 2026
31.36
31.85
30.50
31.61
24.78
81,100
Feb 13, 2026
31.69
32.43
31.68
32.10
25.16
71,700
Feb 12, 2026
0.35 Dividend 

Feb 12, 2026
33.17
33.51
31.90
31.93
25.03
80,600
Feb 11, 2026
33.88
34.04
32.80
33.24
25.78
93,900
Feb 10, 2026
33.58
33.87
33.30
33.34
25.86
76,800
Feb 9, 2026
32.50
33.84
32.13
33.64
26.09
96,000
Feb 6, 2026
31.16
32.77
31.16
32.65
25.32
115,700
Feb 5, 2026
0.347 Dividend 

Feb 5, 2026
31.86
32.18
30.26
30.50
23.66
194,600
Feb 4, 2026
35.18
35.18
31.92
32.13
24.65
394,900
Feb 3, 2026
39.58
39.58
37.49
38.26
29.35
208,600
Feb 2, 2026
37.38
39.25
37.27
38.71
29.70
185,300
Jan 30, 2026
37.49
38.60
37.08
37.40
28.69
181,700
Jan 29, 2026
0.547 Dividend 

Jan 29, 2026
40.08
40.71
38.01
39.71
30.47
135,700
Jan 28, 2026
40.48
40.75
39.91
40.24
30.45
123,800
Jan 27, 2026
40.01
40.50
39.58
40.07
30.32
110,800
Jan 26, 2026
40.91
40.91
39.82
39.89
30.19
148,200
Jan 23, 2026
41.10
41.68
40.56
40.90
30.95
167,200
Jan 22, 2026
0.354 Dividend 

Jan 22, 2026
40.19
40.61
39.69
40.36
30.54
90,500
Jan 21, 2026
38.96
40.63
38.96
40.30
30.23
322,600
Jan 20, 2026
37.59
39.31
37.50
38.39
28.80
341,300
Jan 16, 2026
38.67
38.70
38.06
38.34
28.76
116,900
Jan 15, 2026
0.321 Dividend 

Jan 15, 2026
38.23
39.46
37.70
37.80
28.35
545,800
Jan 14, 2026
37.72
38.20
37.21
38.20
28.41
377,700
Jan 13, 2026
37.12
38.07
37.12
37.78
28.10
135,100
Jan 12, 2026
35.26
36.52
35.08
36.18
26.91
148,300
Jan 9, 2026
35.88
36.16
35.52
35.52
26.42
142,400
Jan 8, 2026
0.398 Dividend 

Jan 8, 2026
36.74
36.78
35.56
35.76
26.60
121,000
Jan 7, 2026
37.30
37.30
36.48
36.97
27.20
233,900
Jan 6, 2026
38.71
38.72
37.16
37.63
27.69
162,000
Jan 5, 2026
39.74
40.14
38.45
38.47
28.31
159,900
Jan 2, 2026
0.38 Dividend 

Jan 2, 2026
38.44
39.30
38.31
38.93
28.65
1,077,000
Dec 31, 2025
38.34
38.51
38.05
38.05
27.72
157,600
Dec 30, 2025
38.20
38.40
38.07
38.23
27.85
79,100
Dec 29, 2025
37.58
38.20
37.15
38.15
27.79
127,300
Dec 26, 2025
0.412 Dividend 

Dec 26, 2025
38.06
38.16
37.87
38.01
27.69
129,400
Dec 24, 2025
38.34
38.44
38.30
38.38
27.66
70,200
Dec 23, 2025
38.14
38.41
38.06
38.34
27.63
86,700
Dec 22, 2025
38.72
38.83
38.11
38.31
27.61
132,300
Dec 19, 2025
36.87
38.32
36.87
38.09
27.45
250,300
Dec 18, 2025
0.427 Dividend 

Dec 18, 2025
36.60
37.08
36.23
36.31
26.17
263,000
Dec 17, 2025
38.24
38.42
36.15
36.19
25.77
261,700
Dec 16, 2025
37.62
38.16
37.45
38.09
27.13
97,800
Dec 15, 2025
38.31
38.74
37.49
37.65
26.81
184,800
Dec 12, 2025
39.22
39.89
37.89
38.14
27.16
614,800
Dec 11, 2025
0.304 Dividend 

Dec 11, 2025
38.86
39.78
37.95
39.77
28.32
154,600
Dec 10, 2025
39.81
40.04
39.50
39.89
28.19
113,800
Dec 9, 2025
39.60
40.15
39.38
39.81
28.13
91,800
Dec 8, 2025
1:5 Stock Splits 

Dec 8, 2025
39.00
40.00
39.00
39.71
28.06
166,400
Dec 5, 2025
39.05
39.90
38.95
39.20
27.70
463,720
Dec 4, 2025
0.77 Dividend 

Dec 4, 2025
39.05
39.30
38.60
38.85
27.46
424,300
Dec 3, 2025
39.45
39.85
38.85
39.75
27.55
516,100
Dec 2, 2025
40.25
40.72
39.20
39.30
27.24
491,840
Dec 1, 2025
39.05
40.10
39.05
39.95
27.69
216,040
Nov 28, 2025
0.55 Dividend 

Nov 28, 2025
39.20
39.65
39.13
39.60
27.44
96,160
Nov 26, 2025
39.00
39.83
38.70
39.65
27.10
243,380
Nov 25, 2025
38.15
38.63
36.67
38.60
26.38
438,400
Nov 24, 2025
38.35
39.95
38.35
39.70
27.13
270,120
Nov 21, 2025
38.85
39.00
36.50
37.95
25.94
994,920
Nov 20, 2025
0.9 Dividend 

Nov 20, 2025
43.40
43.40
38.28
38.55
26.35
900,300
Nov 19, 2025
43.65
44.53
41.80
42.55
28.46
399,800
Nov 18, 2025
44.85
44.90
42.65
43.65
29.20
539,720
Nov 17, 2025
45.85
46.69
44.89
45.40
30.37
425,480
Nov 14, 2025
45.15
47.35
44.32
46.30
30.97
464,840
Nov 13, 2025
0.735 Dividend 

Nov 13, 2025
47.40
48.08
46.22
46.55
31.14
760,120
Nov 12, 2025
48.00
49.35
47.75
48.75
32.12
613,860
Nov 11, 2025
46.55
47.40
45.40
45.90
30.24
629,460
Nov 10, 2025
46.35
47.50
46.25
46.75
30.80
256,420
Nov 7, 2025
44.55
45.30
43.55
45.10
29.72
835,220
Nov 6, 2025
0.605 Dividend 

Nov 6, 2025
48.80
48.80
45.50
45.85
30.21
884,180
Nov 5, 2025
47.10
50.25
47.10
49.50
32.22
637,920
Nov 4, 2025
48.60
49.54
47.90
48.45
31.53
457,140
Nov 3, 2025
49.95
49.95
48.92
49.80
32.41
347,880
Oct 31, 2025
49.85
50.05
48.78
49.15
31.99
350,000
Oct 30, 2025
1.16 Dividend 

Oct 30, 2025
49.55
50.17
49.00
49.00
31.89
335,900
Oct 29, 2025
51.50
51.70
50.40
51.35
32.66
722,900
Oct 28, 2025
50.80
51.38
50.50
50.50
32.12
331,700
Oct 27, 2025
50.75
50.85
49.33
50.80
32.32
642,580
Oct 24, 2025
48.75
49.72
48.55
49.65
31.58
437,300
Oct 23, 2025
0.95 Dividend 

Oct 23, 2025
46.50
47.70
46.29
47.50
30.22
311,220
Oct 22, 2025
48.55
48.94
46.50
47.50
29.61
564,600
Oct 21, 2025
48.90
49.13
48.05
48.70
30.36
228,920
Oct 20, 2025
48.45
49.25
48.00
48.85
30.45
586,280
Oct 17, 2025
47.80
48.08
46.65
47.75
29.77
526,200
Oct 16, 2025
4.75 Dividend 

Oct 16, 2025
48.10
48.65
47.65
47.80
29.80
343,740
Oct 15, 2025
50.60
53.15
50.00
53.05
30.11
628,080
Oct 14, 2025
49.45
50.78
48.97
49.40
28.04
246,600
Oct 13, 2025
49.90
50.50
48.72
49.10
27.87
204,780
Oct 10, 2025
52.20
52.45
48.40
48.55
27.56
371,480
Oct 9, 2025
53.20
53.83
51.50
52.20
29.63
249,420
Oct 8, 2025
48.40
52.99
48.25
52.90
30.03
405,540
Oct 7, 2025
48.80
49.80
47.80
48.25
27.39
347,220
Oct 6, 2025
42.70
49.95
42.70
46.35
26.31
1,138,840
Oct 3, 2025
39.95
40.09
38.55
38.80
22.02
177,920
Oct 2, 2025
39.55
40.05
39.35
39.80
22.59
143,380
Oct 1, 2025
38.40
39.10
38.40
39.10
22.19
179,380
Sep 30, 2025
38.35
38.70
38.21
38.60
21.91
232,100
Sep 29, 2025
38.20
38.97
38.20
38.50
21.85
176,300
Sep 26, 2025
38.00
38.51
37.62
38.15
21.65
126,500
Sep 25, 2025
37.30
38.45
37.00
38.30
21.74
160,480
Sep 24, 2025
38.35
38.72
37.72
38.15
21.65
92,400
Sep 23, 2025
37.85
38.45
37.80
38.05
21.60
130,180
Sep 22, 2025
37.30
38.35
37.30
37.90
21.51
370,300
Sep 19, 2025
37.25
37.83
37.11
37.40
21.23
253,960
Sep 18, 2025
1.22 Dividend 

Sep 18, 2025
35.75
37.53
35.65
37.40
21.23
311,800
Sep 17, 2025
38.90
39.13
38.15
38.80
21.33
308,380
Sep 16, 2025
39.20
39.20
38.72
38.95
21.41
245,600
Sep 15, 2025
38.85
39.05
38.38
39.00
21.44
217,060
Sep 12, 2025
38.40
38.88
37.90
38.60
21.22
309,940
Sep 11, 2025
38.50
38.75
37.85
38.05
20.92
168,760
Sep 10, 2025
39.20
39.20
38.30
38.60
21.22
98,420
Sep 9, 2025
37.25
38.00
37.25
38.00
20.89
76,540
Sep 8, 2025
37.00
37.26
36.63
37.00
20.34
147,860
Sep 5, 2025
38.45
38.45
36.70
36.95
20.31
264,880
Sep 4, 2025
39.00
39.35
38.42
39.30
21.60
106,380
Sep 3, 2025
39.35
39.63
39.05
39.35
21.63
108,440
Sep 2, 2025
38.55
39.35
38.13
39.35
21.63
175,500
Aug 29, 2025
40.25
40.60
39.20
39.35
21.63
160,500
Aug 28, 2025
40.30
40.78
40.20
40.60
22.32
114,000
Aug 27, 2025
39.95
40.17
39.60
40.05
22.02
108,420
Aug 26, 2025
40.25
40.45
39.65
39.95
21.96
137,940
Aug 25, 2025
39.80
39.80
38.92
39.35
21.63
144,380
Aug 22, 2025
38.90
40.25
38.85
40.05
22.02
249,500
Aug 21, 2025
2.72 Dividend 

Aug 21, 2025
39.70
39.70
38.87
39.20
21.55
196,940
Aug 20, 2025
42.15
42.65
40.55
42.30
21.76
338,860
Aug 19, 2025
44.35
44.35
42.56
42.60
21.91
292,300
Aug 18, 2025
45.20
45.45
44.59
44.90
23.10
273,860
Aug 15, 2025
45.70
45.70
44.85
45.20
23.25
152,160
Aug 14, 2025
45.55
46.34
45.35
45.75
23.53
118,940
Aug 13, 2025
45.50
46.50
45.32
46.25
23.79
155,480
Aug 12, 2025
44.10
44.65
43.15
44.65
22.97
110,940
Aug 11, 2025
43.55
45.20
43.35
44.00
22.63
114,300
Aug 8, 2025
44.30
44.80
43.55
44.05
22.66
134,000
Aug 7, 2025
42.60
44.70
42.60
43.90
22.58
145,000
Aug 6, 2025
42.35
42.55
40.53
41.85
21.53
396,500
Aug 5, 2025
44.45
44.55
43.51
43.90
22.58
203,060
Aug 4, 2025
43.95
44.60
43.79
44.45
22.86
163,220
Aug 1, 2025
42.90
43.95
42.15
43.30
22.27
338,220
Jul 31, 2025
45.70
45.70
44.22
44.50
22.89
146,480
Jul 30, 2025
44.25
45.24
43.81
45.10
23.20
160,220
Jul 29, 2025
44.20
45.53
44.20
44.55
22.92
222,480
Jul 28, 2025
43.20
44.15
43.07
44.00
22.63
266,420
Jul 25, 2025
42.35
42.75
42.21
42.60
21.91
347,600
Jul 24, 2025
2.83 Dividend 

Jul 24, 2025
41.40
42.28
41.30
42.15
21.68
186,180
Jul 23, 2025
43.70
44.25
43.63
44.15
21.25
293,280
Jul 22, 2025
43.65
43.65
41.85
43.25
20.82
241,260
Jul 21, 2025
43.95
44.42
43.65
43.65
21.01
247,140
Jul 18, 2025
44.35
44.50
43.48
43.60
20.99
229,760
Jul 17, 2025
44.60
44.68
44.00
44.40
21.37
212,300
Jul 16, 2025
43.20
44.33
42.60
44.30
21.33
242,560
Jul 15, 2025
42.95
43.83
42.87
43.20
20.80
316,560
Jul 14, 2025
41.35
41.80
40.45
41.60
20.03
150,100
Jul 11, 2025
40.75
41.70
40.50
41.50
19.98
124,580
Jul 10, 2025
40.90
41.25
40.65
40.95
19.71
133,780
Jul 9, 2025
39.85
40.30
39.72
39.90
19.21
79,000
Jul 8, 2025
39.55
40.00
39.28
39.75
19.14
69,880
Jul 7, 2025
39.50
39.50
38.55
38.95
18.75
98,360
Jul 3, 2025
39.95
39.95
39.50
39.65
19.09
72,640
Jul 2, 2025
39.10
40.03
38.97
39.75
19.14
155,780
Jul 1, 2025
39.95
40.20
38.90
39.15
18.85
191,460
Jun 30, 2025
41.30
41.30
40.45
40.65
19.57
108,520
Jun 27, 2025
41.40
42.03
40.60
41.15
19.81
219,260
Jun 26, 2025
2.315 Dividend 

Jun 26, 2025
41.60
41.67
40.78
41.15
19.81
154,640
Jun 25, 2025
42.80
43.58
42.51
43.40
19.78
338,620
Jun 24, 2025
41.25
42.25
41.13
42.25
19.25
219,500
Jun 23, 2025
40.50
41.10
39.70
40.30
18.37
302,080
Jun 20, 2025
40.10
41.00
39.77
40.00
18.23
153,180
Jun 18, 2025
39.90
40.10
39.25
39.60
18.05
55,860
Jun 17, 2025
39.75
40.35
39.40
39.50
18.00
103,800
Jun 16, 2025
38.05
39.80
37.90
39.35
17.93
133,900
Jun 13, 2025
37.55
37.80
37.05
37.35
17.02
78,640
Jun 12, 2025
38.55
38.90
37.95
38.10
17.36
118,040
Jun 11, 2025
39.25
39.32
38.33
38.50
17.55
54,640
Jun 10, 2025
38.75
39.20
38.60
39.05
17.80
78,000
Jun 9, 2025
38.30
38.90
38.20
38.80
17.68
84,640
Jun 6, 2025
37.70
37.99
37.35
37.50
17.09
56,480
Jun 5, 2025
38.15
38.15
36.95
37.20
16.95
74,280
Jun 4, 2025
37.80
38.05
37.40
37.90
17.27
49,220
Jun 3, 2025
37.05
37.75
36.90
37.60
17.14
62,160
Jun 2, 2025
36.10
37.15
36.10
37.05
16.88
74,260
May 30, 2025
36.50
36.50
35.53
36.10
16.45
128,780
May 29, 2025
2.115 Dividend 

May 29, 2025
37.40
37.40
36.53
36.70
16.73
75,200
May 28, 2025
39.40
39.40
38.65
39.25
16.92
94,840
May 27, 2025
38.80
39.31
38.55
39.20
16.90
78,740
May 23, 2025
37.20
38.00
36.97
37.85
16.32
54,220
May 22, 2025
38.30
38.47
37.90
37.95
16.36
52,920
May 21, 2025
38.85
39.55
38.00
38.20
16.47
46,040
May 20, 2025
39.05
39.05
38.25
38.80
16.73
47,900
May 19, 2025
39.20
39.25
38.80
39.00
16.82
117,460
May 16, 2025
39.90
39.90
39.33
39.60
17.07
51,200
May 15, 2025
39.45
39.64
38.67
39.00
16.82
82,140
May 14, 2025
40.45
41.00
39.40
39.75
17.14
278,080
May 13, 2025
37.85
38.55
37.70
38.45
16.58
59,260
May 12, 2025
37.80
37.95
37.17
37.35
16.10
81,160
May 9, 2025
35.95
36.33
35.80
36.25
15.63
31,680
May 8, 2025
35.60
36.55
35.50
35.50
15.31
51,120
May 7, 2025
35.25
35.92
34.10
35.10
15.13
126,220
May 6, 2025
34.35
34.75
33.97
34.75
14.98
61,260
May 5, 2025
34.45
35.19
34.45
34.75
14.98
71,560
May 2, 2025
34.10
34.45
34.10
34.25
14.77
143,280
May 1, 2025
1.685 Dividend 

May 1, 2025
34.00
34.28
33.60
33.75
14.55
120,260
Apr 30, 2025
34.30
35.40
33.85
35.30
14.49
100,880
Apr 29, 2025
35.00
35.30
34.80
35.10
14.41
73,420
Apr 28, 2025
35.00
35.25
34.47
35.05
14.39
88,320
Apr 25, 2025
34.50
35.15
34.21
34.95
14.35
39,400
Apr 24, 2025
33.85
34.55
33.80
34.55
14.19
31,260
Apr 23, 2025
34.00
34.44
33.65
33.70
13.84
42,820
Apr 22, 2025
32.45
32.78
32.17
32.50
13.34
36,280
Apr 21, 2025
32.45
32.45
31.65
32.25
13.24
137,120
Apr 17, 2025
33.40
33.40
32.42
32.70
13.43
28,580
Apr 16, 2025
33.10
33.84
31.95
33.05
13.57
268,580
Apr 15, 2025
34.90
35.74
34.90
35.35
14.51
31,100
Apr 14, 2025
35.35
35.58
34.67
34.90
14.33
41,320
Apr 11, 2025
33.35
34.63
33.35
34.45
14.15
79,720
Apr 10, 2025
33.70
33.75
31.65
32.70
13.43
37,120
Apr 9, 2025
30.00
35.10
29.95
34.90
14.33
144,460
Apr 8, 2025
32.40
33.15
29.13
29.75
12.22
101,600
Apr 7, 2025
30.35
32.80
29.42
31.60
12.97
93,200
Apr 4, 2025
33.80
34.05
31.25
32.00
13.14
212,580
Apr 3, 2025
1.385 Dividend 

Apr 3, 2025
36.55
37.25
35.10
35.20
14.45
157,940
Apr 2, 2025
39.30
40.35
39.20
40.00
15.86
74,180
Apr 1, 2025
39.75
39.90
39.17
39.90
15.82
40,500
Mar 31, 2025
38.80
39.75
38.37
39.70
15.74
85,480
Mar 28, 2025
40.85
41.03
39.60
39.80
15.78
91,600
Mar 27, 2025
40.95
41.40
40.71
41.10
16.29
67,840
Mar 26, 2025
43.50
43.95
41.85
42.40
16.81
81,580
Mar 25, 2025
43.45
43.80
43.20
43.80
17.36
47,980
Mar 24, 2025
42.25
43.70
42.21
43.40
17.20
156,040
Mar 21, 2025
41.20
41.80
41.10
41.60
16.49
28,200
Mar 20, 2025
41.05
41.80
41.05
41.60
16.49
30,420
Mar 19, 2025
41.00
41.70
40.15
41.40
16.41
37,380
Mar 18, 2025
40.55
40.83
40.45
40.55
16.07
51,640
Mar 17, 2025
40.25
41.19
40.15
40.75
16.15
52,520
Mar 14, 2025
39.45
39.95
39.35
39.80
15.78
45,340
Mar 13, 2025
39.35
39.35
38.47
38.85
15.40
48,580
Mar 12, 2025
38.85
39.75
38.70
39.50
15.66
53,980
Mar 11, 2025
38.00
38.60
37.40
38.10
15.10
89,160
Mar 10, 2025
38.55
39.44
37.78
38.00
15.06
172,160
Mar 7, 2025
38.80
39.28
37.90
39.25
15.56
124,540
Mar 6, 2025
1.265 Dividend 

Mar 6, 2025
38.85
39.40
38.45
38.70
15.34
108,080
Mar 5, 2025
40.50
40.85
39.90
40.80
15.67
98,620
Mar 4, 2025
38.80
41.15
38.72
40.40
15.52
88,780
Mar 3, 2025
40.75
41.13
39.20
39.75
15.27
109,760
Feb 28, 2025
40.05
40.88
39.80
40.25
15.46
117,020
Feb 27, 2025
42.20
42.33
40.10
40.15
15.42
145,200
Feb 26, 2025
42.00
42.30
41.65
41.95
16.11
80,460
Feb 25, 2025
43.05
43.35
41.48
41.60
15.98
115,620
Feb 24, 2025
44.20
44.30
43.11
43.20
16.59
93,800
Feb 21, 2025
45.35
45.72
43.97
44.05
16.92
139,460
Feb 20, 2025
45.15
45.65
44.88
45.20
17.36
64,060
Feb 19, 2025
45.20
45.51
44.80
45.25
17.38
60,620
Feb 18, 2025
45.00
45.28
44.80
45.05
17.30
103,900
Feb 14, 2025
44.35
44.90
44.35
44.70
17.17
93,520
Feb 13, 2025
44.25
44.75
43.78
44.20
16.98
134,240
Feb 12, 2025
43.60
44.08
43.20
44.00
16.90
68,700
Feb 11, 2025
43.35
44.29
43.15
43.80
16.82
91,440
Feb 10, 2025
42.80
43.80
42.80
43.55
16.73
108,980
Feb 7, 2025
43.00
43.28
42.35
42.50
16.32
198,500
Feb 6, 2025
1.905 Dividend 

Feb 6, 2025
43.65
43.95
42.97
43.35
16.65
191,680
Feb 5, 2025
45.00
45.75
43.85
45.75
16.84
527,580
Feb 4, 2025
47.00
48.25
46.69
48.25
17.76
132,720
Feb 3, 2025
46.05
46.80
46.05
46.40
17.08
109,020
Jan 31, 2025
48.00
48.00
46.85
47.10
17.34
140,920
Jan 30, 2025
47.75
48.22
47.20
47.75
17.58
93,080
Jan 29, 2025
46.45
47.60
46.45
47.20
17.37
80,380
Jan 28, 2025
46.80
46.80
45.70
46.20
17.01
111,560
Jan 27, 2025
47.65
47.70
45.65
46.50
17.12
193,140
Jan 24, 2025
49.50
49.83
49.05
49.20
18.11
87,060
Jan 23, 2025
48.80
49.32
48.40
49.20
18.11
64,160
Jan 22, 2025
49.15
49.60
48.75
49.25
18.13
77,780
Jan 21, 2025
48.85
49.20
48.40
48.65
17.91
72,320
Jan 17, 2025
48.50
48.65
48.20
48.45
17.83
102,660
Jan 16, 2025
48.20
48.30
47.55
47.65
17.54
41,800
Jan 15, 2025
47.35
48.10
47.30
48.00
17.67
97,200
Jan 14, 2025
47.45
47.50
46.20
46.80
17.23
85,400
Jan 13, 2025
46.20
47.13
46.10
47.05
17.32
138,580
Jan 10, 2025
47.75
47.75
46.05
46.60
17.15
235,020
Jan 8, 2025
1.7 Dividend 

Jan 8, 2025
50.15
50.15
48.05
48.70
17.93
280,160
Jan 7, 2025
53.60
53.85
52.30
52.50
18.70
160,320
Jan 6, 2025
53.15
53.50
52.80
53.20
18.95
152,180
Jan 3, 2025
51.00
52.10
50.90
52.10
18.56
76,240
Jan 2, 2025
51.10
51.38
50.08
50.55
18.00
60,260
Dec 31, 2024
51.25
51.49
50.31
50.55
18.00
76,620
Dec 30, 2024
51.50
51.65
51.00
51.10
18.20
92,940
Dec 27, 2024
51.50
52.13
50.92
51.85
18.47
108,860
Dec 26, 2024
51.95
52.25
51.80
51.85
18.47
58,320
Dec 24, 2024
52.05
52.20
51.50
52.05
18.54
73,800
Dec 23, 2024
50.15
51.78
50.05
51.55
18.36
216,500
Dec 20, 2024
48.85
50.40
48.85
49.55
17.65
76,480
Dec 19, 2024
50.65
50.95
49.10
49.30
17.56
133,240
Dec 18, 2024
51.50
52.49
49.80
50.20
17.88
180,660
Dec 17, 2024
51.15
52.25
50.75
51.45
18.33
152,880
Dec 16, 2024
51.75
52.40
50.70
52.05
18.54
148,680
Dec 13, 2024
53.55
53.55
51.30
51.85
18.47
188,680
Dec 12, 2024
1.52 Dividend 

Dec 12, 2024
53.05
53.85
52.80
53.30
18.98
126,260
Dec 11, 2024
54.25
54.90
53.25
54.55
18.89
224,520
Dec 10, 2024
55.25
55.25
53.55
53.85
18.65
218,880
Dec 9, 2024
57.05
57.08
54.60
55.00
19.04
369,040
Dec 6, 2024
59.25
59.44
57.70
58.25
20.17
212,280
Dec 5, 2024
60.00
60.00
58.70
59.05
20.45
110,720
Dec 4, 2024
59.60
59.80
58.85
59.80
20.71
91,260
Dec 3, 2024
59.30
59.35
58.70
59.10
20.46
88,400
Dec 2, 2024
58.10
59.19
57.95
59.15
20.48
125,340
Nov 29, 2024
57.50
58.05
57.30
57.60
19.94
60,300
Nov 27, 2024
58.00
58.00
56.20
57.40
19.87
107,440
Nov 26, 2024
59.35
59.35
57.58
58.00
20.08
95,480
Nov 25, 2024
58.75
59.00
58.25
58.80
20.36
81,460
Nov 22, 2024
57.50
58.10
57.50
58.10
20.12
68,380
Nov 21, 2024
58.00
58.03
56.58
57.50
19.91
85,020
Nov 20, 2024
57.70
57.70
56.50
57.25
19.82
98,160
Nov 19, 2024
57.00
57.80
57.00
57.80
20.01
101,380
Nov 18, 2024
57.50
58.10
57.08
57.60
19.94
134,660
Nov 15, 2024
57.00
57.15
55.75
56.30
19.49
158,860
Nov 14, 2024
4.07 Dividend 

Nov 14, 2024
58.20
58.50
57.58
57.70
19.98
120,560
Nov 13, 2024
63.65
63.90
61.75
61.95
20.04
200,300
Nov 12, 2024
65.10
65.10
62.65
63.60
20.57
158,840
Nov 11, 2024
65.40
65.40
63.90
64.95
21.01
186,840
Nov 8, 2024
65.60
65.79
64.90
65.15
21.08
136,000
Nov 7, 2024
64.30
65.40
63.94
65.40
21.16
82,100
Nov 6, 2024
63.45
63.75
62.21
63.75
20.62
68,600
Nov 5, 2024
62.50
62.60
61.85
62.35
20.17
32,780
Nov 4, 2024
62.20
62.85
61.35
61.75
19.98
42,960
Nov 1, 2024
62.95
63.00
61.80
62.05
20.07
48,040
Oct 31, 2024
64.40
64.50
62.57
62.95
20.36
59,960
Oct 30, 2024
66.50
66.50
64.40
64.65
20.91
122,180
Oct 29, 2024
68.45
70.39
67.69
70.05
22.66
78,280
Oct 28, 2024
67.75
68.00
67.05
68.00
22.00
44,620
Oct 25, 2024
66.60
67.50
66.50
66.80
21.61
36,160
Oct 24, 2024
66.30
66.30
65.35
65.90
21.32
31,740
Oct 23, 2024
65.50
65.70
64.60
65.40
21.16
57,480
Oct 22, 2024
66.90
66.90
65.20
66.00
21.35
46,240
Oct 21, 2024
66.65
67.25
65.90
67.25
21.76
84,200
Oct 18, 2024
67.35
67.35
66.28
66.60
21.55
74,180
Oct 17, 2024
4.605 Dividend 

Oct 17, 2024
68.00
68.00
66.53
66.60
21.55
108,340
Oct 16, 2024
71.75
71.75
70.40
70.90
21.45
74,080
Oct 15, 2024
74.20
74.20
70.63
71.05
21.49
85,380
Oct 14, 2024
75.50
75.60
74.40
74.50
22.54
51,740
Oct 11, 2024
74.50
75.70
73.41
75.35
22.79
44,540
Oct 10, 2024
75.85
76.40
72.95
73.85
22.34
39,080
Oct 9, 2024
77.50
77.50
75.60
76.20
23.05
20,920
Oct 8, 2024
76.20
76.80
75.85
76.60
23.17
18,540
Oct 7, 2024
76.40
76.45
75.26
76.15
23.03
27,180
Oct 4, 2024
74.35
76.05
73.90
76.05
23.00
35,780
Oct 3, 2024
72.25
74.60
72.25
73.35
22.19
23,540
Oct 2, 2024
71.95
73.35
71.65
72.05
21.79
19,660
Oct 1, 2024
74.00
74.00
71.40
72.20
21.84
26,280
Sep 30, 2024
73.55
74.00
72.90
74.00
22.38
21,360
Sep 27, 2024
75.05
75.25
73.57
73.65
22.28
15,620
Sep 26, 2024
74.50
75.15
73.60
75.15
22.73
28,920
Sep 25, 2024
72.50
73.39
72.30
73.25
22.16
20,940
Sep 24, 2024
71.95
72.40
70.97
72.25
21.86
13,340
Sep 23, 2024
71.55
71.70
71.10
71.50
21.63
26,860
Sep 20, 2024
71.10
71.50
70.05
71.50
21.63
18,780
Sep 19, 2024
70.00
71.60
69.75
70.90
21.45
20,940
Sep 18, 2024
69.60
69.70
67.90
68.65
20.77
12,780
Sep 17, 2024
69.65
69.95
68.10
68.85
20.83
19,440
Sep 16, 2024
69.25
70.05
68.85
69.25
20.95
24,440
Sep 13, 2024
69.25
69.40
68.65
69.35
20.98
19,960
Sep 12, 2024
68.10
68.80
67.61
68.70
20.78
21,060
Sep 11, 2024
66.95
68.45
65.25
68.40
20.69
23,540
Sep 10, 2024
64.60
66.05
63.70
66.05
19.98
29,480
Sep 9, 2024
63.20
64.15
62.55
64.15
19.40
35,140
Sep 6, 2024
4.645 Dividend 

Sep 6, 2024
64.50
64.50
61.44
62.50
18.91
30,580
Sep 5, 2024
68.95
70.00
68.50
69.15
19.51
28,720
Sep 4, 2024
68.85
70.55
68.80
70.15
19.79
15,760
Sep 3, 2024
72.55
72.55
67.70
68.80
19.41
34,900
Aug 30, 2024
71.75
73.15
71.75
73.05
20.61
13,380
Aug 29, 2024
72.05
72.95
71.20
71.85
20.27
25,100
Aug 28, 2024
73.50
73.50
70.93
71.95
20.30
12,940
Aug 27, 2024
73.25
73.75
72.56
73.55
20.75
10,400
Aug 26, 2024
74.70
76.05
72.65
73.35
20.70
21,200
Aug 23, 2024
73.55
74.95
73.55
74.80
21.11
20,900
Aug 22, 2024
74.60
74.60
73.15
73.55
20.75
35,160
Aug 21, 2024
74.00
74.45
73.76
74.45
21.01
15,660
Aug 20, 2024
74.35
74.55
73.55
74.25
20.95
28,560
Aug 19, 2024
71.70
73.55
71.50
73.55
20.75
61,880
Aug 16, 2024
70.50
71.75
70.50
71.70
20.23
20,340
Aug 15, 2024
70.60
71.13
70.00
70.85
19.99
26,700
Aug 14, 2024
69.75
70.04
68.52
69.55
19.63
12,200
Aug 13, 2024
68.15
69.65
68.15
69.65
19.65
17,400
Aug 12, 2024
66.65
68.25
66.35
67.90
19.16
25,140
Aug 9, 2024
67.50
67.50
65.85
66.80
18.85
25,000
Aug 8, 2024
65.05
67.30
64.05
67.30
18.99
38,720
Aug 7, 2024
2.155 Dividend 

Aug 7, 2024
66.00
67.10
63.67
63.85
18.02
22,760
Aug 6, 2024
68.40
69.35
65.95
66.30
18.10
41,220
Aug 5, 2024
61.20
70.45
60.46
68.00
18.56
48,940
Aug 2, 2024
68.10
69.25
67.05
67.65
18.47
53,660
Aug 1, 2024
73.00
74.00
66.32
67.50
18.43
57,720
Jul 31, 2024
74.55
76.00
71.40
72.95
19.92
104,160
Jul 30, 2024
70.55
70.58
67.35
69.25
18.91
59,560
Jul 29, 2024
70.75
71.89
69.55
70.10
19.14
24,780
Jul 26, 2024
70.70
70.70
69.25
70.00
19.11
34,100
Jul 25, 2024
72.50
72.50
68.50
69.35
18.93
91,560
Jul 24, 2024
76.05
76.45
72.25
72.35
19.75
48,880
Jul 23, 2024
76.50
77.89
76.50
76.60
20.91
25,020
Jul 22, 2024
76.60
77.70
75.80
77.55
21.17
54,560
Jul 19, 2024
77.25
77.25
74.80
75.15
20.52
60,860
Jul 18, 2024
81.00
81.00
76.30
77.30
21.10
72,500
Jul 17, 2024
84.40
84.40
78.80
78.95
21.55
97,980
Jul 16, 2024
89.05
89.05
86.24
87.70
23.94
44,780
Jul 15, 2024
90.40
90.80
88.05
88.75
24.23
24,800
Jul 12, 2024
89.75
91.44
89.00
89.40
24.41
56,940
Jul 11, 2024
89.65
90.34
87.80
89.80
24.52
40,360
Jul 10, 2024
88.00
90.10
87.60
89.75
24.50
70,040
Jul 9, 2024
87.30
88.21
86.33
87.35
23.85
53,720
Jul 8, 2024
86.40
87.65
85.50
87.65
23.93
70,520
Jul 5, 2024
3.675 Dividend 

Jul 5, 2024
84.40
85.50
84.25
85.00
23.21
55,760
Jul 3, 2024
87.00
87.45
86.29
87.10
22.78
32,820
Jul 2, 2024
84.10
87.10
83.45
87.10
22.78
63,540
Jul 1, 2024
85.75
85.75
81.75
83.90
21.94
78,940
Jun 28, 2024
84.95
87.50
84.40
85.85
22.45
78,480
Jun 27, 2024
83.35
84.74
83.15
84.40
22.07
23,840
Jun 26, 2024
84.75
84.75
82.40
83.25
21.77
31,280
Jun 25, 2024
84.90
84.90
82.75
84.50
22.10
21,340
Jun 24, 2024
84.35
85.35
83.30
84.30
22.04
25,240
Jun 21, 2024
85.55
85.55
82.71
84.60
22.12
29,740
Jun 20, 2024
81.35
85.95
81.35
84.35
22.06
99,960
Jun 18, 2024
82.20
82.20
80.38
80.80
21.13
42,540
Jun 17, 2024
82.65
83.00
80.68
82.70
21.62
34,180
Jun 14, 2024
82.95
83.50
82.30
82.95
21.69
32,240
Jun 13, 2024
83.25
84.30
81.65
82.95
21.69
32,940
Jun 12, 2024
82.95
84.03
82.36
83.20
21.76
41,240
Jun 11, 2024
83.30
83.50
81.35
82.55
21.59
48,020
Jun 10, 2024
84.30
85.50
82.65
82.95
21.69
84,460
Jun 7, 2024
85.70
86.65
85.20
86.50
22.62
40,100
Jun 6, 2024
4.505 Dividend 

Jun 6, 2024
85.15
86.25
84.05
85.56
22.37
27,700
Jun 5, 2024
87.50
89.60
87.15
89.30
22.17
55,760
Jun 4, 2024
88.00
88.20
86.05
86.57
21.50
33,740
Jun 3, 2024
90.00
90.25
86.80
88.50
21.97
35,040
May 31, 2024
89.40
90.52
86.25
88.85
22.06
19,980
May 30, 2024
89.40
90.18
88.05
89.50
22.22
20,860
May 29, 2024
90.00
90.00
87.50
88.45
21.96
27,320
May 28, 2024
89.95
91.20
88.25
90.70
22.52
34,940
May 24, 2024
86.10
89.05
85.32
88.65
22.01
24,080
May 23, 2024
89.70
91.25
84.25
85.55
21.24
35,960
May 22, 2024
88.20
89.25
86.90
87.60
21.75
33,260
May 21, 2024
87.95
87.95
86.61
87.25
21.66
26,280
May 20, 2024
87.15
88.75
87.00
87.80
21.80
23,300
May 17, 2024
87.00
87.15
86.07
86.85
21.56
30,140
May 16, 2024
86.50
87.00
86.45
86.95
21.59
15,260
May 15, 2024
84.00
86.25
84.00
86.15
21.39
22,640
May 14, 2024
81.70
83.90
81.61
83.85
20.82
17,460
May 13, 2024
82.85
83.59
82.30
82.45
20.47
21,100
May 10, 2024
83.25
84.45
82.55
83.00
20.61
21,820
May 9, 2024
83.00
83.25
82.39
82.90
20.58
36,740
May 8, 2024
82.55
83.35
82.55
83.00
20.61
39,400
May 7, 2024
82.75
83.50
82.75
83.15
20.65
24,000
May 6, 2024
2.555 Dividend 

May 6, 2024
82.10
83.25
81.89
83.00
20.61
31,360
May 3, 2024
83.25
84.30
82.70
84.00
20.22
50,720
May 2, 2024
82.50
82.65
79.40
82.25
19.80
36,700
May 1, 2024
83.30
84.86
80.10
82.05
19.75
60,360
Apr 30, 2024
89.00
89.00
87.55
87.70
21.11
21,580
Apr 29, 2024
88.30
88.35
86.65
88.20
21.23
32,320
Apr 26, 2024
85.75
87.48
85.75
86.80
20.90
26,160
Apr 25, 2024
83.60
85.85
82.10
85.45
20.57
21,500
Apr 24, 2024
86.00
86.40
84.05
84.55
20.35
28,800
Apr 23, 2024
85.00
85.00
83.40
84.65
20.38
32,660
Apr 22, 2024
82.20
83.20
81.20
82.85
19.95
37,620
Apr 19, 2024
85.00
85.28
80.90
81.25
19.56
55,180
Apr 18, 2024
86.50
86.95
84.45
85.85
20.67
22,240
Apr 17, 2024
90.95
90.95
85.50
85.55
20.60
40,900
Apr 16, 2024
89.45
91.00
89.45
90.65
21.82
36,660
Apr 15, 2024
90.75
90.75
88.10
88.65
21.34
44,220
Apr 12, 2024
91.35
91.35
89.00
90.20
21.71
49,860
Apr 11, 2024
91.70
93.65
91.45
93.35
22.47
32,160
Apr 10, 2024
91.30
92.90
90.20
91.55
22.04
47,140
Apr 9, 2024
93.50
93.68
91.65
93.65
22.55
39,480
Apr 8, 2024
92.20
93.40
91.35
92.90
22.36
49,620
Apr 5, 2024
91.25
93.75
90.13
92.95
22.38
36,040
Apr 4, 2024
5.565 Dividend 

Apr 4, 2024
99.85
99.90
90.05
90.45
21.77
135,220
Apr 3, 2024
102.55
104.55
101.81
104.15
23.73
82,160
Apr 2, 2024
103.75
103.75
100.80
102.95
23.46
74,080
Apr 1, 2024
104.30
106.00
103.40
105.05
23.94
69,480
Mar 28, 2024
102.35
104.54
102.35
103.50
23.59
57,020
Mar 27, 2024
102.95
103.00
100.45
102.65
23.39
52,360
Mar 26, 2024
102.40
103.40
100.70
101.70
23.17
56,980
Mar 25, 2024
98.95
103.30
98.75
101.50
23.13
59,480
Mar 22, 2024
101.10
101.91
99.21
101.55
23.14
65,420
Mar 21, 2024
105.50
105.80
100.80
101.45
23.12
59,560
Mar 20, 2024
102.95
103.11
98.55
101.90
23.22
74,020
Mar 19, 2024
104.00
104.55
100.15
102.45
23.35
90,580
Mar 18, 2024
108.50
108.50
105.26
107.15
24.42
35,100
Mar 15, 2024
104.15
107.79
103.75
107.00
24.38
38,500
Mar 14, 2024
108.40
110.10
103.00
104.55
23.82
56,660
Mar 13, 2024
111.45
111.45
107.92
109.10
24.86
65,820
Mar 12, 2024
112.50
113.25
108.60
113.10
25.77
36,920
Mar 11, 2024
113.40
113.40
109.70
110.60
25.20
75,280
Mar 8, 2024
117.80
119.43
114.05
115.00
26.21
93,280
Mar 7, 2024
116.65
116.69
114.65
116.35
26.51
28,840
Mar 6, 2024
6.87 Dividend 

Mar 6, 2024
115.80
116.65
114.05
115.40
26.30
62,200
Mar 5, 2024
118.10
119.75
116.10
119.75
25.72
109,040
Mar 4, 2024
119.55
121.40
118.55
119.25
25.62
99,020
Mar 1, 2024
117.55
118.10
117.00
118.10
25.37
86,060
Feb 29, 2024
113.00
117.00
113.00
116.95
25.12
46,360
Feb 28, 2024
111.25
112.04
110.10
111.85
24.03
54,700
Feb 27, 2024
111.55
112.70
109.50
112.35
24.13
66,080
Feb 26, 2024
113.10
113.10
110.45
110.95
23.83
32,820
Feb 23, 2024
113.55
114.95
109.78
110.90
23.82
53,960
Feb 22, 2024
108.35
114.35
108.10
113.55
24.39
77,540
Feb 21, 2024
102.85
103.35
101.85
103.30
22.19
29,020
Feb 20, 2024
108.15
108.15
101.80
104.20
22.38
51,940
Feb 16, 2024
110.05
110.15
107.75
108.35
23.27
22,080
Feb 15, 2024
109.25
109.40
108.15
109.20
23.46
24,120
Feb 14, 2024
107.20
109.00
106.75
109.00
23.41
29,280
Feb 13, 2024
104.65
106.64
102.54
106.20
22.81
36,420
Feb 12, 2024
106.60
108.10
105.55
106.10
22.79
61,920
Feb 9, 2024
105.40
107.30
103.90
106.15
22.80
62,160
Feb 8, 2024
104.15
105.45
103.64
103.90
22.32
30,560
Feb 7, 2024
8.37 Dividend 

Feb 7, 2024
103.35
105.35
103.25
104.55
22.46
46,120
Feb 6, 2024
114.15
114.15
109.73
111.30
22.11
122,480
Feb 5, 2024
116.55
116.55
112.69
114.40
22.73
20,000
Feb 2, 2024
114.10
116.20
113.00
115.75
22.99
25,240
Feb 1, 2024
111.75
112.20
109.35
112.20
22.29
13,320
Jan 31, 2024
109.05
112.04
106.80
110.00
21.85
28,760
Jan 30, 2024
115.30
115.54
110.65
112.40
22.33
29,340
Jan 29, 2024
116.95
116.95
113.65
115.20
22.88
23,840
Jan 26, 2024
114.65
117.07
113.60
115.35
22.91
19,140
Jan 25, 2024
118.15
118.15
115.75
116.95
23.23
34,380
Jan 24, 2024
115.25
117.10
115.25
117.00
23.24
18,680
Jan 23, 2024
113.55
114.65
112.26
114.50
22.75
23,080
Jan 22, 2024
116.05
116.05
111.95
114.00
22.65
31,620
Jan 19, 2024
112.95
115.63
111.00
115.55
22.95
39,380
Jan 18, 2024
109.95
110.68
109.25
110.55
21.96
112,140
Jan 17, 2024
109.40
109.60
108.75
109.40
21.73
31,120
Jan 16, 2024
108.15
109.45
107.75
109.25
21.70
48,940
Jan 12, 2024
105.90
106.25
105.75
106.25
21.11
18,300
Jan 11, 2024
106.05
106.15
105.30
105.90
21.04
18,040
Jan 10, 2024
105.70
105.95
105.50
105.85
21.03
40,220
Jan 9, 2024
105.25
105.90
105.04
105.80
21.02
23,980
Jan 8, 2024
103.70
105.45
103.08
105.25
20.91
28,980
Jan 5, 2024
7.055 Dividend 

Jan 5, 2024
101.40
103.38
101.25
102.60
20.38
32,240
Jan 4, 2024
107.00
108.70
106.42
107.90
20.03
46,140
Jan 3, 2024
107.85
108.38
105.90
107.30
19.92
14,820
Jan 2, 2024
114.70
114.70
108.85
109.90
20.40
24,920
Dec 29, 2023
118.20
118.65
116.20
116.85
21.69
9,660
Dec 28, 2023
117.70
118.08
117.25
117.50
21.82
7,920
Dec 27, 2023
116.20
117.30
115.85
117.10
21.74
9,300
Dec 26, 2023
113.70
115.96
113.70
115.95
21.53
11,600
Dec 22, 2023
114.05
114.05
112.80
113.60
21.09
9,280
Dec 21, 2023
112.25
113.65
111.35
113.65
21.10
7,420
Dec 20, 2023
113.10
113.15
109.85
109.90
20.40
16,040
Dec 19, 2023
112.60
114.85
111.81
113.05
20.99
12,980
Dec 18, 2023
114.10
114.65
113.03
114.25
21.21
29,300
Dec 15, 2023
111.40
111.95
111.40
111.75
20.75
11,000
Dec 14, 2023
111.15
111.80
111.03
111.40
20.68
15,900
Dec 13, 2023
111.35
111.50
110.45
111.05
20.62
14,580
Dec 12, 2023
108.50
111.15
108.50
110.70
20.55
13,080
Dec 11, 2023
107.45
109.75
106.70
109.75
20.38
27,120
Dec 8, 2023
105.90
106.30
105.60
106.04
19.69
17,160
Dec 7, 2023
2.215 Dividend 

Dec 7, 2023
102.30
105.95
101.15
105.70
19.62
39,440
Dec 6, 2023
103.55
105.35
100.80
101.25
18.39
63,160
Dec 5, 2023
102.00
102.65
101.00
102.65
18.64
33,640
Dec 4, 2023
103.85
103.85
100.80
102.65
18.64
37,740
Dec 1, 2023
103.75
104.50
102.33
104.10
18.90
25,380
Nov 30, 2023
106.25
106.25
103.00
104.30
18.94
24,160
Nov 29, 2023
106.10
106.55
105.55
105.90
19.23
11,000
Nov 28, 2023
104.70
104.85
103.70
104.25
18.93
17,280
Nov 27, 2023
104.90
105.25
104.00
104.90
19.05
21,160
Nov 24, 2023
104.50
105.00
103.75
104.27
18.94
8,660
Nov 22, 2023
102.30
105.00
102.30
104.20
18.92
18,840
Nov 21, 2023
102.85
102.85
101.00
101.50
18.43
14,540
Nov 20, 2023
102.70
103.00
101.75
102.70
18.65
21,640
Nov 17, 2023
102.50
102.70
101.95
102.45
18.60
23,160
Nov 16, 2023
101.50
102.35
100.82
102.18
18.56
18,120
Nov 15, 2023
102.00
102.00
100.60
101.20
18.38
12,060
Nov 14, 2023
102.00
102.00
101.20
101.65
18.46
18,460
Nov 13, 2023
101.25
101.25
99.70
100.22
18.20
13,740
Nov 10, 2023
98.35
101.25
98.35
100.90
18.32
32,240
Nov 9, 2023
98.60
99.73
98.00
98.10
17.81
23,020
Nov 8, 2023
5.59 Dividend 

Nov 8, 2023
98.00
99.14
97.69
98.16
17.83
27,920
Nov 7, 2023
103.25
104.75
102.38
104.30
17.93
138,620
Nov 6, 2023
102.75
102.85
101.47
102.43
17.60
2,440
Nov 3, 2023
103.00
103.30
103.00
103.19
17.73
1,160
Nov 2, 2023
102.65
102.65
101.50
102.32
17.59
2,160
Nov 1, 2023
95.00
102.20
95.00
102.20
17.56
5,020
Oct 31, 2023
92.25
94.60
91.50
94.45
16.23
800
Oct 30, 2023
92.95
92.95
91.20
92.43
15.89
1,940
Oct 27, 2023
91.30
92.95
90.97
92.25
15.85
2,220
Oct 26, 2023
92.55
92.55
89.46
89.80
15.43
4,860
Oct 25, 2023
96.55
96.55
91.40
92.01
15.81
4,440
Oct 24, 2023
97.20
97.20
95.50
97.14
16.69
1,740
Oct 23, 2023
96.00
97.43
95.25
95.63
16.43
940
Oct 20, 2023
96.70
98.85
96.57
96.81
16.64
1,840
Oct 19, 2023
99.30
99.90
96.95
97.40
16.74
4,800
Oct 18, 2023
97.75
99.46
96.80
97.06
16.68
3,200
Oct 17, 2023
99.15
100.60
97.25
99.87
17.16
3,280
Oct 16, 2023
101.70
102.04
100.90
101.18
17.39
1,480
Oct 13, 2023
102.50
102.70
99.43
99.75
17.14
2,600
Oct 12, 2023
103.30
103.30
102.75
103.00
17.70
520
Oct 11, 2023
102.75
103.00
102.56
102.78
17.66
2,040
Oct 10, 2023
102.95
102.95
102.35
102.55
17.62
900
Oct 9, 2023
102.35
102.45
101.35
102.44
17.61
1,280
Oct 6, 2023
100.50
102.07
100.00
102.07
17.54
1,360
Oct 5, 2023
100.50
100.50
98.61
100.29
17.24
3,400
Oct 4, 2023
98.95
100.55
97.80
100.55
17.28
1,540
Oct 3, 2023
99.20
99.20
97.50
97.82
16.81
1,200
Oct 2, 2023
99.65
99.75
99.00
99.57
17.11
1,200
Sep 29, 2023
99.10
99.90
99.10
99.55
17.11
2,440
Sep 28, 2023
97.70
99.55
97.25
99.22
17.05
4,540
Sep 27, 2023
96.40
97.05
95.70
96.61
16.60
1,060
Sep 26, 2023
94.60
95.90
94.40
94.74
16.28
4,760
Sep 25, 2023
94.00
95.85
93.55
95.67
16.44
1,440
Sep 22, 2023
96.10
96.60
94.26
94.79
16.29
3,320
Sep 21, 2023
97.75
97.75
94.55
94.71
16.28
5,320
Sep 20, 2023
100.75
101.80
98.90
98.90
17.00
4,060
Sep 19, 2023
100.24
100.95
99.35
100.00
17.19
5,800
