Date
Open
High
Low
Close 

Adj Close 

Volume
Jun 5, 2026
28.30
28.30
27.10
27.26
27.26
17,900
Jun 4, 2026
27.97
28.26
27.90
28.06
28.06
13,000
Jun 3, 2026
28.14
28.28
27.39
27.65
27.65
10,100
Jun 2, 2026
28.50
28.92
28.21
28.43
28.43
8,000
Jun 1, 2026
29.70
29.70
28.98
28.98
28.98
16,800
May 29, 2026
30.25
30.55
30.08
30.27
30.27
57,800
May 28, 2026
30.12
30.56
30.01
30.52
30.52
2,900
May 27, 2026
29.59
30.26
29.58
30.24
30.24
8,900
May 26, 2026
29.96
29.97
29.13
29.54
29.54
9,400
May 22, 2026
30.00
30.00
29.65
29.65
29.65
13,700
May 21, 2026
29.14
29.88
29.14
29.88
29.88
12,200
May 20, 2026
28.99
29.51
28.91
29.51
29.51
25,500
May 19, 2026
29.10
29.10
28.38
28.75
28.75
29,500
May 18, 2026
29.30
29.87
29.30
29.46
29.46
32,000
May 15, 2026
29.03
29.38
29.03
29.36
29.36
5,400
May 14, 2026
30.19
30.24
29.74
29.74
29.74
11,500
May 13, 2026
0.35 Dividend 

May 13, 2026
29.45
30.23
29.39
30.19
30.19
7,400
May 12, 2026
30.03
30.10
29.60
29.93
29.58
16,800
May 11, 2026
30.55
30.90
30.43
30.43
30.07
11,300
May 8, 2026
30.71
30.93
30.58
30.91
30.55
10,600
May 7, 2026
31.25
31.25
30.68
30.68
30.32
12,700
May 6, 2026
30.90
31.39
30.84
31.15
30.78
14,300
May 5, 2026
31.20
31.46
30.93
30.98
30.62
18,100
May 4, 2026
30.44
31.19
30.44
30.72
30.36
31,700
May 1, 2026
30.04
30.75
30.04
30.28
29.92
9,900
Apr 30, 2026
30.86
30.86
28.74
29.83
29.48
19,900
Apr 29, 2026
29.44
29.76
29.27
29.44
29.10
12,100
Apr 28, 2026
28.80
29.21
28.80
28.98
28.64
20,400
Apr 27, 2026
29.60
29.60
29.20
29.22
28.87
13,500
Apr 24, 2026
29.03
29.64
28.93
29.55
29.21
19,200
Apr 23, 2026
28.48
28.91
28.34
28.51
28.17
21,400
Apr 22, 2026
28.16
28.56
27.92
28.50
28.17
19,600
Apr 21, 2026
28.12
28.28
27.78
27.90
27.57
19,200
Apr 20, 2026
27.69
27.81
27.28
27.59
27.27
28,600
Apr 17, 2026
28.30
28.58
27.87
27.87
27.54
23,900
Apr 16, 2026
27.64
27.80
27.26
27.77
27.45
16,100
Apr 15, 2026
0.35 Dividend 

Apr 15, 2026
27.72
27.76
27.57
27.66
27.34
22,800
Apr 14, 2026
27.24
28.25
27.24
28.07
27.40
16,100
Apr 13, 2026
26.79
27.03
26.58
26.96
26.31
21,800
Apr 10, 2026
26.40
27.07
26.40
26.76
26.12
23,400
Apr 9, 2026
25.30
26.23
25.29
26.23
25.60
17,100
Apr 8, 2026
25.06
25.35
24.75
24.83
24.23
23,000
Apr 7, 2026
23.70
23.96
23.48
23.94
23.37
19,600
Apr 6, 2026
23.39
23.85
23.39
23.81
23.24
6,800
Apr 2, 2026
23.16
23.64
23.16
23.42
22.86
4,000
Apr 1, 2026
23.49
23.90
23.49
23.53
22.96
6,400
Mar 31, 2026
22.85
23.34
22.77
23.34
22.78
39,700
Mar 30, 2026
22.36
22.64
22.36
22.36
21.82
4,800
Mar 27, 2026
22.73
22.73
22.11
22.11
21.58
11,900
Mar 26, 2026
23.25
23.75
23.13
23.14
22.58
10,200
Mar 25, 2026
23.60
23.79
23.52
23.63
23.06
4,600
Mar 24, 2026
23.14
23.29
23.04
23.08
22.53
12,000
Mar 23, 2026
23.33
23.80
23.33
23.45
22.89
8,000
Mar 20, 2026
23.15
23.17
22.85
22.94
22.39
11,400
Mar 19, 2026
23.49
23.51
23.00
23.14
22.58
8,200
Mar 18, 2026
24.01
24.01
23.44
23.44
22.88
2,700
Mar 17, 2026
23.90
24.17
23.89
24.11
23.53
12,800
Mar 16, 2026
23.26
23.73
23.26
23.69
23.12
6,600
Mar 13, 2026
23.52
23.54
23.07
23.22
22.66
5,400
Mar 12, 2026
23.48
23.69
23.35
23.44
22.88
10,700
Mar 11, 2026
0.35 Dividend 

Mar 11, 2026
24.22
24.40
23.80
23.94
23.37
26,300
Mar 10, 2026
24.49
24.60
24.29
24.51
23.58
30,500
Mar 9, 2026
24.00
24.40
23.66
24.40
23.47
32,000
Mar 6, 2026
24.47
24.73
24.28
24.40
23.47
13,600
Mar 5, 2026
24.56
25.09
24.56
25.05
24.10
13,100
Mar 4, 2026
24.00
24.80
24.00
24.80
23.86
10,200
Mar 3, 2026
23.00
23.71
23.00
23.67
22.77
15,900
Mar 2, 2026
23.29
23.81
23.19
23.60
22.70
16,000
Feb 27, 2026
23.51
23.96
23.38
23.96
23.05
52,700
Feb 26, 2026
24.00
24.00
23.26
23.63
22.73
11,000
Feb 25, 2026
23.83
24.01
23.71
24.00
23.09
16,400
Feb 24, 2026
23.24
23.85
23.00
23.62
22.72
15,000
Feb 23, 2026
23.59
23.69
23.00
23.26
22.38
29,400
Feb 20, 2026
23.31
24.00
23.31
23.90
23.00
15,700
Feb 19, 2026
23.29
23.37
23.03
23.28
22.40
12,200
Feb 18, 2026
22.95
23.47
22.95
23.29
22.41
39,400
Feb 17, 2026
22.43
22.88
22.25
22.86
21.99
31,900
Feb 13, 2026
22.56
22.85
22.35
22.48
21.63
25,400
Feb 12, 2026
23.21
23.21
22.36
22.62
21.76
107,800
Feb 11, 2026
0.5 Dividend 

Feb 11, 2026
23.82
23.82
23.02
23.26
22.38
51,800
Feb 10, 2026
24.43
24.73
24.08
24.14
22.74
120,200
Feb 9, 2026
24.42
24.85
23.85
24.37
22.96
105,800
Feb 6, 2026
23.75
24.70
23.50
24.63
23.20
113,700
Feb 5, 2026
26.64
26.70
26.05
26.21
24.69
37,400
Feb 4, 2026
28.16
28.23
27.49
27.60
26.00
23,400
Feb 3, 2026
29.30
29.30
27.85
28.31
26.67
22,500
Feb 2, 2026
28.20
29.17
28.20
28.84
27.17
23,000
Jan 30, 2026
28.50
28.85
28.18
28.32
26.68
10,600
Jan 29, 2026
28.89
28.89
28.02
28.70
27.04
22,100
Jan 28, 2026
29.30
29.41
28.66
28.91
27.24
32,200
Jan 27, 2026
28.40
29.07
28.25
29.05
27.37
13,900
Jan 26, 2026
28.39
28.44
28.14
28.27
26.63
13,800
Jan 23, 2026
27.68
28.49
27.68
28.38
26.74
47,200
Jan 22, 2026
27.54
27.82
27.24
27.71
26.11
15,000
Jan 21, 2026
27.16
27.40
26.75
27.31
25.73
22,500
Jan 20, 2026
27.60
27.79
27.12
27.20
25.63
28,800
Jan 16, 2026
28.36
28.36
27.95
28.34
26.70
53,600
Jan 15, 2026
28.44
28.51
27.98
28.12
26.49
31,000
Jan 14, 2026
0.5 Dividend 

Jan 14, 2026
28.56
28.56
27.96
27.98
26.36
23,800
Jan 13, 2026
29.69
29.92
29.02
29.33
27.16
30,300
Jan 12, 2026
29.75
30.06
29.74
29.83
27.62
22,900
Jan 9, 2026
29.79
29.96
29.50
29.96
27.74
19,400
Jan 8, 2026
29.58
29.85
29.53
29.85
27.64
16,200
Jan 7, 2026
29.13
29.71
29.13
29.43
27.25
10,600
Jan 6, 2026
28.53
29.48
28.53
29.36
27.19
48,400
Jan 5, 2026
28.12
28.82
28.00
28.60
26.49
17,900
Jan 2, 2026
28.31
28.95
27.74
27.89
25.83
8,500
Dec 31, 2025
28.42
28.43
28.33
28.36
26.27
7,500
Dec 30, 2025
28.31
28.48
28.31
28.48
26.37
8,300
Dec 29, 2025
28.34
28.39
28.26
28.33
26.24
8,500
Dec 26, 2025
28.48
28.50
28.24
28.33
26.24
18,000
Dec 24, 2025
28.36
28.42
28.28
28.41
26.31
17,700
Dec 23, 2025
28.02
28.36
28.02
28.36
26.26
19,900
Dec 22, 2025
28.02
28.07
27.80
27.99
25.92
34,000
Dec 19, 2025
27.84
28.03
27.75
27.80
25.75
7,800
Dec 18, 2025
27.52
27.95
27.46
27.76
25.71
5,800
Dec 17, 2025
27.46
27.53
27.11
27.11
25.11
9,200
Dec 16, 2025
27.15
27.35
27.05
27.19
25.18
6,600
Dec 15, 2025
27.67
27.70
27.17
27.21
25.20
19,000
Dec 12, 2025
28.19
28.19
27.56
27.69
25.64
10,000
Dec 11, 2025
28.15
28.24
27.99
28.18
26.10
8,600
Dec 10, 2025
0.5 Dividend 

Dec 10, 2025
27.98
28.31
27.87
28.25
26.16
7,900
Dec 9, 2025
28.07
28.40
28.07
28.38
25.82
12,700
Dec 8, 2025
28.53
28.53
28.22
28.26
25.71
13,800
Dec 5, 2025
28.55
28.61
28.47
28.53
25.95
8,500
Dec 4, 2025
28.47
28.48
28.26
28.47
25.90
9,600
Dec 3, 2025
28.83
28.83
28.56
28.71
26.12
5,200
Dec 2, 2025
28.93
29.31
28.86
28.94
26.33
14,200
Dec 1, 2025
28.77
28.93
28.77
28.83
26.23
11,600
Nov 28, 2025
28.54
28.75
28.54
28.75
26.15
2,400
Nov 26, 2025
28.36
28.53
28.36
28.40
25.83
8,300
Nov 25, 2025
28.12
28.51
27.90
28.42
25.85
5,100
Nov 24, 2025
27.70
28.12
27.70
28.05
25.51
12,800
Nov 21, 2025
26.89
27.50
26.69
27.37
24.90
6,200
Nov 20, 2025
28.12
28.12
27.02
27.02
24.58
3,900
Nov 19, 2025
27.48
27.70
27.44
27.66
25.17
4,000
Nov 18, 2025
28.43
28.53
27.71
27.73
25.23
10,800
Nov 17, 2025
28.80
29.15
28.48
28.91
26.30
7,900
Nov 14, 2025
28.95
29.51
28.84
29.09
26.47
6,900
Nov 13, 2025
29.91
30.07
29.42
29.42
26.77
6,200
Nov 12, 2025
0.5 Dividend 

Nov 12, 2025
30.40
30.75
30.23
30.23
27.50
6,500
Nov 11, 2025
30.65
31.23
30.65
31.19
27.92
4,900
Nov 10, 2025
31.31
31.31
30.84
31.08
27.82
6,800
Nov 7, 2025
30.31
30.67
29.90
30.67
27.46
6,900
Nov 6, 2025
31.51
31.51
30.37
30.50
27.30
7,500
Nov 5, 2025
31.46
31.46
30.86
31.33
28.05
6,300
Nov 4, 2025
31.31
31.69
31.18
31.18
27.91
6,200
Nov 3, 2025
31.20
31.77
30.65
31.57
28.26
15,700
Oct 31, 2025
30.81
30.81
30.59
30.59
27.39
18,600
Oct 30, 2025
28.99
28.99
28.43
28.50
25.51
7,300
Oct 29, 2025
29.23
29.34
29.07
29.25
26.19
3,500
Oct 28, 2025
28.96
29.26
28.87
29.14
26.08
10,500
Oct 27, 2025
28.92
29.02
28.84
28.95
25.91
15,700
Oct 24, 2025
28.42
28.71
28.42
28.69
25.69
6,100
Oct 23, 2025
28.17
28.41
28.17
28.40
25.42
5,400
Oct 22, 2025
28.07
28.14
27.85
28.00
25.07
4,700
Oct 21, 2025
27.93
28.41
27.93
28.34
25.37
7,800
Oct 20, 2025
27.55
27.84
27.54
27.84
24.92
9,100
Oct 17, 2025
27.53
27.59
27.22
27.47
24.59
9,200
Oct 16, 2025
27.64
28.05
27.47
27.58
24.69
11,400
Oct 15, 2025
0.5 Dividend 

Oct 15, 2025
28.00
28.00
27.46
27.67
24.77
10,200
Oct 14, 2025
28.04
28.60
27.99
28.30
24.88
14,000
Oct 13, 2025
28.39
28.79
28.38
28.74
25.27
6,400
Oct 10, 2025
29.40
29.63
28.33
28.35
24.93
23,400
Oct 9, 2025
29.20
29.58
28.98
29.58
26.01
13,400
Oct 8, 2025
28.93
29.36
28.91
29.26
25.73
8,400
Oct 7, 2025
28.76
28.97
28.72
28.97
25.47
6,100
Oct 6, 2025
28.42
28.84
28.30
28.74
25.27
16,100
Oct 3, 2025
29.00
29.08
28.61
28.61
25.16
6,400
Oct 2, 2025
28.84
28.99
28.57
28.92
25.43
8,900
Oct 1, 2025
28.31
28.82
28.31
28.67
25.21
8,900
Sep 30, 2025
28.59
28.59
28.45
28.55
25.10
4,700
Sep 29, 2025
28.69
28.76
28.63
28.74
25.27
8,100
Sep 26, 2025
28.46
28.66
28.40
28.50
25.06
6,600
Sep 25, 2025
28.57
28.62
28.11
28.31
24.89
7,000
Sep 24, 2025
28.89
28.95
28.57
28.58
25.13
7,900
Sep 23, 2025
29.52
29.52
28.61
28.61
25.16
7,100
Sep 22, 2025
29.56
29.84
29.49
29.49
25.93
12,400
Sep 19, 2025
30.12
30.15
29.88
29.89
26.28
5,100
Sep 18, 2025
29.73
30.06
29.73
29.86
26.26
8,400
Sep 17, 2025
29.92
29.93
29.57
29.79
26.20
9,300
Sep 16, 2025
29.92
30.17
29.92
30.04
26.42
12,900
Sep 15, 2025
29.88
30.03
29.67
29.85
26.25
15,400
Sep 12, 2025
29.60
29.69
29.45
29.52
25.95
6,700
Sep 11, 2025
30.05
30.05
29.70
29.75
26.16
8,700
Sep 10, 2025
0.5 Dividend 

Sep 10, 2025
30.71
30.71
29.63
29.75
26.16
11,600
Sep 9, 2025
30.96
31.24
30.89
31.17
26.97
8,300
Sep 8, 2025
30.75
31.03
30.75
30.93
26.77
9,000
Sep 5, 2025
30.73
30.80
30.51
30.51
26.40
8,500
Sep 4, 2025
30.56
30.73
30.45
30.73
26.59
11,900
Sep 3, 2025
29.73
29.76
29.45
29.57
25.59
4,300
Sep 2, 2025
29.50
29.65
29.19
29.47
25.49
11,800
Aug 29, 2025
29.97
29.99
29.91
29.98
25.94
4,800
Aug 28, 2025
29.91
30.01
29.77
29.97
25.93
7,400
Aug 27, 2025
29.73
29.80
29.68
29.77
25.76
6,000
Aug 26, 2025
29.61
29.70
29.45
29.70
25.69
3,400
Aug 25, 2025
29.44
29.71
29.44
29.62
25.63
2,500
Aug 22, 2025
28.52
29.61
28.52
29.57
25.59
5,600
Aug 21, 2025
28.62
28.64
28.45
28.59
24.74
5,400
Aug 20, 2025
29.17
29.17
28.54
28.91
25.01
10,700
Aug 19, 2025
29.75
29.75
29.35
29.44
25.47
11,300
Aug 18, 2025
29.81
29.94
29.45
29.89
25.86
7,100
Aug 15, 2025
29.61
29.83
29.61
29.83
25.81
6,600
Aug 14, 2025
29.35
29.66
29.35
29.66
25.66
9,500
Aug 13, 2025
0.45 Dividend 

Aug 13, 2025
28.79
29.16
28.79
29.16
25.23
11,900
Aug 12, 2025
29.31
29.31
29.12
29.19
24.86
3,900
Aug 11, 2025
29.20
29.25
29.07
29.12
24.81
8,000
Aug 8, 2025
29.38
29.38
29.18
29.27
24.94
6,900
Aug 7, 2025
29.23
29.23
28.99
29.19
24.87
5,500
Aug 6, 2025
28.19
29.09
28.12
29.02
24.72
8,400
Aug 5, 2025
28.10
28.40
27.79
28.09
23.93
7,300
Aug 4, 2025
28.43
28.43
27.79
27.79
23.67
16,200
Aug 1, 2025
28.59
28.84
28.04
28.17
24.00
19,100
Jul 31, 2025
30.62
30.62
30.07
30.30
25.81
8,200
Jul 30, 2025
30.04
30.18
29.83
29.92
25.49
6,400
Jul 29, 2025
30.49
30.49
30.02
30.04
25.59
11,100
Jul 28, 2025
30.15
30.45
30.11
30.26
25.78
12,200
Jul 25, 2025
30.08
30.17
30.05
30.12
25.66
7,500
Jul 24, 2025
29.70
30.18
29.70
30.08
25.62
4,000
Jul 23, 2025
29.76
29.78
29.52
29.58
25.20
8,300
Jul 22, 2025
29.88
29.88
29.37
29.53
25.16
5,500
Jul 21, 2025
29.36
29.74
29.36
29.68
25.28
13,500
Jul 18, 2025
29.07
29.34
28.93
29.33
24.99
6,500
Jul 17, 2025
28.93
29.05
28.92
28.92
24.64
5,600
Jul 16, 2025
29.42
29.42
28.89
28.93
24.65
8,600
Jul 15, 2025
29.52
29.52
29.35
29.43
25.07
22,600
Jul 14, 2025
29.14
29.48
29.14
29.38
25.02
16,400
Jul 11, 2025
29.20
29.53
29.10
29.36
25.01
12,900
Jul 10, 2025
28.92
29.06
28.69
28.94
24.66
16,200
Jul 9, 2025
0.45 Dividend 

Jul 9, 2025
28.60
29.28
28.45
29.03
24.73
58,800
Jul 8, 2025
29.39
29.45
29.00
29.03
24.35
18,000
Jul 7, 2025
29.50
29.67
29.44
29.53
24.77
19,400
Jul 3, 2025
29.23
29.54
29.19
29.52
24.76
10,600
Jul 2, 2025
28.94
29.30
28.94
29.11
24.42
11,400
Jul 1, 2025
29.04
29.26
28.92
29.21
24.50
11,700
Jun 30, 2025
29.27
29.50
29.00
29.02
24.34
9,000
Jun 27, 2025
28.94
29.52
28.73
29.37
24.63
10,700
Jun 26, 2025
27.60
28.74
27.60
28.64
24.02
6,800
Jun 25, 2025
28.12
28.26
27.80
27.89
23.39
5,500
Jun 24, 2025
28.13
28.20
28.05
28.05
23.53
5,600
Jun 23, 2025
27.47
27.71
27.35
27.44
23.01
8,100
Jun 20, 2025
28.00
28.00
27.44
27.63
23.17
9,500
Jun 18, 2025
28.44
28.65
28.10
28.10
23.57
6,900
Jun 17, 2025
28.30
28.55
28.30
28.35
23.78
13,300
Jun 16, 2025
28.02
28.55
27.95
28.50
23.90
16,100
Jun 13, 2025
27.77
28.21
27.75
28.01
23.49
10,700
Jun 12, 2025
27.86
28.10
27.86
28.08
23.55
11,100
Jun 11, 2025
0.45 Dividend 

Jun 11, 2025
28.58
28.58
28.06
28.11
23.58
11,000
Jun 10, 2025
28.96
28.98
28.69
28.98
23.93
17,800
Jun 9, 2025
28.73
28.98
28.58
28.94
23.89
19,500
Jun 6, 2025
28.37
28.55
28.33
28.55
23.58
5,200
Jun 5, 2025
28.19
28.44
27.91
27.91
23.04
14,900
Jun 4, 2025
27.81
27.96
27.65
27.85
23.00
9,900
Jun 3, 2025
27.77
27.91
27.71
27.72
22.89
7,300
Jun 2, 2025
27.41
27.82
27.40
27.80
22.95
7,900
May 30, 2025
27.83
27.83
27.42
27.58
22.77
6,100
May 29, 2025
27.63
27.70
27.46
27.58
22.77
4,000
May 28, 2025
27.61
27.63
27.49
27.49
22.69
3,600
May 27, 2025
27.20
27.69
27.20
27.58
22.77
7,300
May 23, 2025
26.93
27.11
26.84
27.04
22.33
9,400
May 22, 2025
27.22
27.43
27.00
27.24
22.49
7,400
May 21, 2025
26.89
27.27
26.89
27.06
22.34
7,900
May 20, 2025
27.28
27.41
27.17
27.34
22.58
5,900
May 19, 2025
27.06
27.58
27.06
27.52
22.72
9,400
May 16, 2025
27.39
27.49
27.36
27.44
22.65
12,500
May 15, 2025
27.29
27.46
27.19
27.37
22.60
33,300
May 14, 2025
0.5 Dividend 

May 14, 2025
27.97
28.19
27.74
27.79
22.94
24,400
May 13, 2025
28.59
28.60
28.38
28.38
23.02
13,000
May 12, 2025
28.44
28.44
27.89
28.17
22.85
14,300
May 9, 2025
26.63
26.63
26.45
26.60
21.58
5,300
May 8, 2025
26.19
26.64
26.16
26.49
21.48
5,200
May 7, 2025
25.62
26.25
25.62
26.05
21.13
11,500
May 6, 2025
25.66
25.79
25.62
25.62
20.78
10,800
May 5, 2025
25.76
25.98
25.70
25.75
20.89
17,900
May 2, 2025
26.15
26.48
25.76
26.17
21.23
16,800
May 1, 2025
25.86
26.19
25.86
26.06
21.14
11,700
Apr 30, 2025
25.15
25.39
24.69
25.39
20.59
5,600
Apr 29, 2025
25.32
25.79
25.32
25.72
20.86
6,200
Apr 28, 2025
26.09
26.09
25.42
25.78
20.91
4,300
Apr 25, 2025
25.83
26.01
25.53
25.89
21.00
6,600
Apr 24, 2025
24.99
25.56
24.95
25.56
20.73
8,600
Apr 23, 2025
25.26
25.63
24.91
24.93
20.22
8,400
Apr 22, 2025
23.33
24.28
23.33
23.90
19.39
9,400
Apr 21, 2025
23.46
23.46
22.95
23.16
18.79
8,500
Apr 17, 2025
24.11
24.11
23.83
23.83
19.33
5,300
Apr 16, 2025
24.27
24.66
23.72
24.13
19.57
8,400
Apr 15, 2025
24.99
24.99
24.52
24.75
20.07
6,400
Apr 14, 2025
25.77
25.77
24.73
25.02
20.29
7,700
Apr 11, 2025
24.89
25.34
24.40
25.34
20.55
5,600
Apr 10, 2025
25.45
25.45
24.28
24.83
20.14
14,200
Apr 9, 2025
0.5 Dividend 

Apr 9, 2025
24.04
26.11
23.45
25.87
20.98
17,600
Apr 8, 2025
25.80
25.80
23.81
23.98
19.05
18,000
Apr 7, 2025
23.02
25.07
22.67
24.51
19.47
32,000
Apr 4, 2025
23.68
24.95
23.56
24.20
19.22
32,800
Apr 3, 2025
25.16
25.85
24.80
25.00
19.86
24,500
Apr 2, 2025
26.32
27.29
26.32
27.25
21.64
6,000
Apr 1, 2025
26.21
26.88
26.21
26.69
21.20
10,900
Mar 31, 2025
26.01
26.48
25.70
26.48
21.03
10,700
Mar 28, 2025
27.47
27.54
26.65
26.80
21.28
22,900
Mar 27, 2025
27.76
28.08
27.76
27.90
22.16
6,400
Mar 26, 2025
28.27
28.32
27.68
27.83
22.11
7,800
Mar 25, 2025
28.10
28.37
28.10
28.32
22.49
4,600
Mar 24, 2025
27.64
28.09
27.64
28.09
22.31
8,400
Mar 21, 2025
26.85
27.21
26.85
27.18
21.59
5,700
Mar 20, 2025
26.72
27.50
26.72
27.04
21.47
6,300
Mar 19, 2025
26.66
27.11
26.66
27.05
21.48
9,400
Mar 18, 2025
26.92
26.92
26.34
26.71
21.21
8,900
Mar 17, 2025
27.64
27.64
27.01
27.23
21.63
16,700
Mar 14, 2025
27.31
27.57
27.14
27.51
21.85
10,500
Mar 13, 2025
27.50
27.55
26.63
26.85
21.32
16,700
Mar 12, 2025
0.55 Dividend 

Mar 12, 2025
27.89
28.00
27.14
27.61
21.93
23,800
Mar 11, 2025
27.37
28.18
27.37
27.84
21.67
30,100
Mar 10, 2025
27.67
27.74
27.02
27.47
21.38
41,700
Mar 7, 2025
28.31
28.50
27.33
28.12
21.89
14,000
Mar 6, 2025
28.56
28.96
28.15
28.41
22.12
13,500
Mar 5, 2025
28.84
29.52
28.78
29.39
22.88
11,400
Mar 4, 2025
28.18
29.12
27.92
28.70
22.34
19,500
Mar 3, 2025
29.85
29.85
28.87
28.97
22.55
15,400
Feb 28, 2025
29.44
29.80
29.19
29.73
23.15
13,000
Feb 27, 2025
30.61
30.61
29.37
29.44
22.92
23,300
Feb 26, 2025
30.07
30.48
29.92
30.11
23.44
15,200
Feb 25, 2025
29.48
29.86
28.71
29.77
23.18
33,500
Feb 24, 2025
30.56
30.98
29.78
29.80
23.20
26,300
Feb 21, 2025
31.00
31.17
30.15
30.39
23.66
31,100
Feb 20, 2025
31.43
31.45
31.13
31.15
24.25
14,600
Feb 19, 2025
31.60
31.73
31.28
31.73
24.70
17,900
Feb 18, 2025
32.25
32.25
31.34
31.60
24.60
27,800
Feb 14, 2025
32.17
32.17
31.80
31.94
24.87
18,900
Feb 13, 2025
31.82
32.19
31.82
32.11
25.00
18,700
Feb 12, 2025
0.65 Dividend 

Feb 12, 2025
32.68
32.68
31.87
32.02
24.93
32,400
Feb 11, 2025
33.51
33.51
32.76
33.22
25.36
47,100
Feb 10, 2025
32.86
33.34
32.72
33.25
25.38
37,300
Feb 7, 2025
33.54
33.54
32.52
32.60
24.88
52,800
Feb 6, 2025
33.34
33.79
33.34
33.50
25.57
59,200
Feb 5, 2025
33.86
33.86
33.25
33.25
25.38
39,000
Feb 4, 2025
33.78
33.90
33.50
33.88
25.86
27,600
Feb 3, 2025
33.51
33.53
32.98
33.44
25.52
38,100
Jan 31, 2025
33.83
33.83
33.31
33.46
25.54
29,300
Jan 30, 2025
33.38
33.39
32.99
33.20
25.34
20,100
Jan 29, 2025
34.00
34.00
33.32
33.38
25.48
9,400
Jan 28, 2025
33.30
33.74
33.10
33.47
25.55
28,600
Jan 27, 2025
32.42
33.29
32.42
33.29
25.41
19,000
Jan 24, 2025
33.69
33.69
33.13
33.27
25.39
21,900
Jan 23, 2025
0.7 Dividend 

Jan 23, 2025
33.05
33.38
33.01
33.38
25.48
13,300
Jan 22, 2025
34.10
34.10
33.58
33.92
25.36
26,000
Jan 21, 2025
33.80
33.80
33.12
33.55
25.08
18,700
Jan 17, 2025
32.78
32.99
32.67
32.98
24.65
5,500
Jan 16, 2025
32.61
32.62
32.33
32.33
24.17
1,800
Jan 15, 2025
32.47
32.66
32.39
32.66
24.41
1,700
Jan 14, 2025
32.32
32.32
31.55
31.90
23.84
2,700
Jan 13, 2025
31.78
32.10
31.71
32.04
23.95
3,800
Jan 10, 2025
32.16
32.26
31.87
32.05
23.96
3,600
Jan 8, 2025
32.46
32.54
32.25
32.41
24.23
2,400
Jan 7, 2025
32.95
32.95
32.29
32.40
24.22
6,600
Jan 6, 2025
33.45
33.45
32.82
33.00
24.67
4,800
Jan 3, 2025
32.94
32.94
32.39
32.66
24.41
14,500
Jan 2, 2025
32.55
32.61
31.89
32.27
24.13
16,200
Dec 31, 2024
32.32
32.32
32.07
32.07
23.97
5,600
Dec 30, 2024
32.21
32.45
32.05
32.44
24.25
21,600
Dec 27, 2024
32.42
32.60
32.31
32.54
24.32
7,600
Dec 26, 2024
33.00
33.08
32.94
32.96
24.64
16,700
Dec 24, 2024
0.75 Dividend 

Dec 24, 2024
33.06
33.15
32.93
33.12
24.76
3,800
Dec 23, 2024
33.07
33.88
33.07
33.46
24.45
9,800
Dec 20, 2024
32.75
33.45
32.75
33.36
24.38
2,900
Dec 19, 2024
33.80
33.80
33.08
33.08
24.17
8,100
Dec 18, 2024
33.79
33.91
32.79
32.86
24.01
7,100
Dec 17, 2024
34.48
34.48
33.61
33.90
24.77
12,000
Dec 16, 2024
33.88
34.04
33.68
34.02
24.86
6,000
Dec 13, 2024
33.77
33.77
33.46
33.56
24.52
9,500
Dec 12, 2024
34.23
34.23
33.61
33.72
24.64
6,000
Dec 11, 2024
33.92
33.92
33.79
33.79
24.69
3,700
Dec 10, 2024
33.62
33.62
33.26
33.26
24.31
5,300
Dec 9, 2024
33.69
33.75
33.36
33.36
24.38
5,700
Dec 6, 2024
33.16
33.50
33.16
33.48
24.47
6,800
Dec 5, 2024
33.01
33.01
32.60
32.77
23.95
4,900
Dec 4, 2024
32.46
32.67
32.40
32.54
23.78
6,800
Dec 3, 2024
31.89
32.05
31.75
32.03
23.41
4,500
Dec 2, 2024
31.59
31.90
31.59
31.68
23.15
5,000
Nov 29, 2024
31.43
31.43
30.89
31.25
22.84
3,800
Nov 27, 2024
30.95
31.12
30.92
30.95
22.62
5,600
Nov 26, 2024
30.77
31.24
30.77
31.22
22.82
3,000
Nov 25, 2024
29.73
30.37
29.73
30.32
22.16
4,800
Nov 22, 2024
29.75
29.79
29.66
29.66
21.68
1,500
Nov 21, 2024
31.01
31.01
29.75
29.82
21.79
7,600
Nov 20, 2024
0.645 Dividend 

Nov 20, 2024
30.24
30.75
30.16
30.44
22.25
4,700
Nov 19, 2024
30.70
31.40
30.70
31.34
22.43
8,900
Nov 18, 2024
31.52
31.52
30.89
30.89
22.11
2,200
Nov 15, 2024
31.56
31.62
30.93
31.26
22.37
4,900
Nov 14, 2024
32.07
32.09
31.99
31.99
22.90
1,900
Nov 13, 2024
32.01
32.16
31.88
32.11
22.98
1,900
Nov 12, 2024
31.95
31.95
31.60
31.76
22.73
4,300
Nov 11, 2024
31.56
31.66
31.56
31.63
22.64
4,800
Nov 8, 2024
31.74
31.74
31.70
31.70
22.69
1,100
Nov 7, 2024
31.81
31.85
31.80
31.80
22.76
2,000
Nov 6, 2024
31.06
31.50
31.06
31.50
22.55
4,600
Nov 5, 2024
30.58
30.76
30.52
30.76
22.02
2,700
Nov 4, 2024
30.55
30.55
30.34
30.34
21.71
5,000
Nov 1, 2024
31.04
31.04
30.43
30.53
21.85
7,300
Oct 31, 2024
30.39
30.39
28.88
28.88
20.67
4,300
Oct 30, 2024
29.88
29.88
29.68
29.68
21.25
500
Oct 29, 2024
29.23
29.50
29.23
29.50
21.12
600
Oct 28, 2024
29.47
29.47
29.20
29.20
20.90
1,000
Oct 25, 2024
29.27
29.33
29.11
29.11
20.83
4,300
Oct 24, 2024
28.95
29.02
28.95
28.96
20.73
1,100
Oct 23, 2024
0.371 Dividend 

Oct 23, 2024
29.15
29.15
28.69
28.70
20.54
3,300
Oct 22, 2024
29.48
29.81
29.48
29.75
21.03
2,000
Oct 21, 2024
29.40
29.68
29.40
29.67
20.97
2,200
Oct 18, 2024
29.46
29.89
29.46
29.66
20.97
900
Oct 17, 2024
29.54
29.54
29.38
29.47
20.83
1,100
Oct 16, 2024
29.44
29.44
29.36
29.36
20.75
400
Oct 15, 2024
29.18
29.49
29.18
29.42
20.80
8,000
Oct 14, 2024
29.18
29.58
29.18
29.43
20.81
1,400
Oct 11, 2024
29.61
29.69
29.54
29.58
20.91
3,900
Oct 10, 2024
29.34
29.34
29.23
29.28
20.70
1,700
Oct 9, 2024
28.77
29.09
28.77
29.09
20.56
1,700
Oct 8, 2024
28.65
28.76
28.64
28.76
20.33
1,300
Oct 7, 2024
28.90
28.90
28.43
28.47
20.12
2,100
Oct 4, 2024
29.15
29.17
28.88
29.17
20.62
1,900
Oct 3, 2024
28.62
28.71
28.52
28.58
20.20
1,000
Oct 2, 2024
28.92
29.07
28.92
28.99
20.49
600
Oct 1, 2024
28.87
29.02
28.87
28.99
20.49
1,200
Sep 30, 2024
29.42
29.42
29.20
29.24
20.66
2,300
Sep 27, 2024
29.36
29.48
29.36
29.36
20.75
1,100
Sep 26, 2024
29.56
29.57
29.56
29.57
20.90
1,400
Sep 25, 2024
0.376 Dividend 

Sep 25, 2024
29.71
29.72
29.66
29.66
20.96
800
Sep 24, 2024
29.95
30.13
29.84
30.12
21.02
5,900
Sep 23, 2024
29.93
30.09
29.93
30.09
21.00
900
Sep 20, 2024
29.87
29.87
29.87
29.87
20.85
1,800
Sep 19, 2024
29.76
29.76
29.74
29.74
20.76
500
Sep 18, 2024
29.43
29.59
29.32
29.39
20.52
2,600
Sep 17, 2024
29.53
29.53
29.41
29.41
20.53
400
Sep 16, 2024
29.30
29.30
29.10
29.23
20.40
1,800
Sep 13, 2024
29.45
29.45
29.35
29.35
20.49
1,900
Sep 12, 2024
29.27
29.33
29.27
29.32
20.47
1,000
Sep 11, 2024
28.56
29.10
28.22
29.10
20.31
2,400
Sep 10, 2024
28.45
28.57
28.28
28.57
19.94
1,200
Sep 9, 2024
27.89
28.05
27.89
28.05
19.58
1,300
Sep 6, 2024
28.45
28.45
27.49
27.49
19.19
3,700
Sep 5, 2024
28.98
28.98
28.27
28.30
19.76
2,000
Sep 4, 2024
27.98
28.15
27.78
27.78
19.39
1,400
Sep 3, 2024
28.51
28.51
28.11
28.17
19.66
3,400
Aug 30, 2024
27.95
28.60
27.95
28.60
19.96
1,300
Aug 29, 2024
27.69
27.94
27.35
27.55
19.23
4,900
Aug 28, 2024
27.63
27.63
27.39
27.39
19.12
3,000
Aug 27, 2024
27.82
27.91
27.67
27.67
19.31
2,700
Aug 26, 2024
28.33
28.33
28.03
28.09
19.60
4,900
Aug 23, 2024
28.47
28.59
28.32
28.39
19.82
2,900
Aug 22, 2024
29.14
29.14
28.30
28.30
19.75
4,100
Aug 21, 2024
0.368 Dividend 

Aug 21, 2024
28.98
29.11
28.66
28.86
20.14
2,000
Aug 20, 2024
28.91
29.02
28.85
29.02
20.00
1,600
Aug 19, 2024
28.74
28.90
28.74
28.90
19.91
1,300
Aug 16, 2024
28.87
28.92
28.72
28.72
19.79
1,500
Aug 15, 2024
28.43
28.78
28.43
28.78
19.83
4,300
Aug 14, 2024
27.61
27.65
27.61
27.65
19.05
1,700
Aug 13, 2024
27.26
27.64
27.26
27.64
19.05
400
Aug 12, 2024
27.32
27.32
27.08
27.08
18.66
600
Aug 9, 2024
27.29
27.29
27.15
27.15
18.71
400
Aug 8, 2024
26.81
26.99
26.81
26.90
18.54
1,400
Aug 7, 2024
26.77
26.84
26.27
26.45
18.23
1,100
Aug 6, 2024
26.31
26.66
26.31
26.38
18.18
2,200
Aug 5, 2024
25.19
26.38
25.19
26.02
17.93
2,500
Aug 2, 2024
27.03
27.36
26.25
27.26
18.79
4,600
Aug 1, 2024
29.47
29.50
29.20
29.20
20.12
1,400
Jul 31, 2024
29.50
29.74
29.50
29.74
20.50
1,500
Jul 30, 2024
29.43
29.43
28.78
28.95
19.95
1,100
Jul 29, 2024
29.30
29.34
29.06
29.15
20.09
1,800
Jul 26, 2024
29.07
29.12
29.01
29.01
19.99
700
Jul 25, 2024
28.98
28.98
28.70
28.70
19.78
1,100
Jul 24, 2024
0.32 Dividend 

Jul 24, 2024
29.17
29.17
28.86
28.86
19.89
1,000
Jul 23, 2024
30.40
30.40
29.98
29.98
20.44
2,300
Jul 22, 2024
29.51
29.70
29.47
29.47
20.09
1,800
Jul 19, 2024
29.49
29.49
29.46
29.46
20.08
1,100
Jul 18, 2024
30.30
30.30
29.38
29.57
20.16
2,900
Jul 17, 2024
30.75
30.75
30.02
30.19
20.58
1,900
Jul 16, 2024
30.87
30.97
30.87
30.92
21.08
1,100
Jul 15, 2024
31.25
31.25
30.68
30.85
21.04
2,400
Jul 12, 2024
31.26
31.27
31.09
31.11
21.21
1,700
Jul 11, 2024
31.18
31.19
31.18
31.19
21.26
1,200
Jul 10, 2024
31.77
31.78
31.71
31.78
21.67
900
Jul 9, 2024
31.76
31.90
31.74
31.74
21.64
1,000
Jul 8, 2024
31.75
31.86
31.70
31.70
21.61
800
Jul 5, 2024
31.69
31.81
31.69
31.78
21.67
1,000
Jul 3, 2024
31.66
31.66
31.35
31.42
21.42
1,700
Jul 2, 2024
31.30
31.69
31.30
31.69
21.61
500
Jul 1, 2024
31.40
31.40
31.35
31.35
21.38
500
Jun 28, 2024
31.25
31.25
31.01
31.02
21.15
2,100
Jun 27, 2024
31.20
31.23
31.13
31.20
21.27
1,400
Jun 26, 2024
0.322 Dividend 

Jun 26, 2024
31.09
31.09
31.07
31.07
21.18
300
Jun 25, 2024
31.01
31.08
30.94
30.94
20.87
1,100
Jun 24, 2024
31.23
31.23
30.88
30.88
20.83
900
Jun 21, 2024
30.91
31.13
30.91
31.13
21.00
600
Jun 20, 2024
30.84
30.84
30.83
30.83
20.80
1,000
Jun 18, 2024
30.38
30.53
30.38
30.53
20.60
2,100
Jun 17, 2024
30.41
30.73
30.40
30.65
20.68
2,600
Jun 14, 2024
30.45
30.55
30.45
30.55
20.61
600
Jun 13, 2024
30.85
30.85
30.50
30.59
20.64
1,700
Jun 12, 2024
30.91
30.91
30.87
30.88
20.84
3,200
Jun 11, 2024
30.81
30.86
30.76
30.86
20.82
1,600
Jun 10, 2024
30.63
30.83
30.63
30.83
20.80
1,200
Jun 7, 2024
30.69
30.69
30.59
30.59
20.64
500
Jun 6, 2024
30.38
30.62
30.38
30.58
20.63
1,200
Jun 5, 2024
30.27
30.27
30.24
30.24
20.40
600
Jun 4, 2024
29.80
30.04
29.78
29.97
20.22
700
Jun 3, 2024
29.64
29.83
29.63
29.82
20.12
3,000
May 31, 2024
29.45
29.65
29.33
29.65
20.00
900
May 30, 2024
30.26
30.36
30.16
30.16
20.35
1,200
May 29, 2024
30.81
30.81
30.59
30.59
20.64
1,000
May 28, 2024
30.59
30.59
30.40
30.59
20.64
1,200
May 24, 2024
30.62
30.62
30.30
30.40
20.51
1,200
May 23, 2024
30.80
30.86
30.24
30.38
20.50
3,700
May 22, 2024
0.314 Dividend 

May 22, 2024
30.99
31.05
30.66
30.71
20.72
1,300
May 21, 2024
30.99
31.07
30.89
31.07
20.75
2,000
May 20, 2024
31.56
31.56
31.09
31.14
20.80
3,400
May 17, 2024
31.23
31.31
31.23
31.28
20.89
1,200
May 16, 2024
31.54
31.59
31.09
31.09
20.77
1,800
May 15, 2024
31.70
31.70
31.35
31.43
20.99
1,800
May 14, 2024
31.32
31.67
31.14
31.67
21.15
1,000
May 13, 2024
31.78
31.78
31.39
31.54
21.06
7,800
May 10, 2024
31.61
31.67
31.61
31.66
21.15
1,300
May 9, 2024
32.10
32.10
31.85
31.85
21.27
500
May 8, 2024
31.62
31.62
31.58
31.58
21.09
1,200
May 7, 2024
31.77
31.77
31.67
31.75
21.21
3,200
May 6, 2024
31.30
31.67
31.30
31.67
21.15
2,100
May 3, 2024
31.38
31.42
31.37
31.37
20.95
300
May 2, 2024
31.18
31.18
31.11
31.11
20.77
600
May 1, 2024
30.45
30.99
30.30
30.30
20.24
600
Apr 30, 2024
30.39
30.39
29.68
29.68
19.82
700
Apr 29, 2024
30.54
30.54
30.30
30.33
20.26
1,300
Apr 26, 2024
30.01
30.23
29.84
30.21
20.18
1,100
Apr 25, 2024
28.74
29.28
28.74
29.28
19.56
700
Apr 24, 2024
0.309 Dividend 

Apr 24, 2024
30.00
30.00
29.79
29.79
19.90
600
Apr 23, 2024
30.40
30.53
30.40
30.53
20.19
1,000
Apr 22, 2024
30.10
30.17
29.85
30.17
19.95
1,000
Apr 19, 2024
30.30
30.32
29.65
29.78
19.69
1,600
Apr 18, 2024
30.76
30.76
30.42
30.42
20.11
800
Apr 17, 2024
31.05
31.07
30.73
30.73
20.31
1,600
Apr 16, 2024
30.91
31.05
30.91
31.05
20.53
1,400
Apr 15, 2024
31.44
31.44
31.02
31.02
20.51
1,000
Apr 12, 2024
31.64
31.64
31.26
31.26
20.66
600
Apr 11, 2024
31.30
31.73
31.30
31.64
20.91
2,200
Apr 10, 2024
30.76
31.30
30.76
31.30
20.69
1,400
Apr 9, 2024
31.29
31.29
31.12
31.22
20.64
3,400
Apr 8, 2024
31.28
31.28
31.18
31.18
20.61
700
Apr 5, 2024
31.13
31.13
31.13
31.13
20.58
400
Apr 4, 2024
31.01
31.01
30.49
30.49
20.15
400
Apr 3, 2024
30.48
30.78
30.48
30.78
20.35
600
Apr 2, 2024
30.56
30.56
30.56
30.56
20.21
100
Apr 1, 2024
30.60
30.60
30.50
30.55
20.20
1,100
Mar 28, 2024
30.46
30.62
30.46
30.59
20.22
800
Mar 27, 2024
30.48
30.48
30.48
30.48
20.15
100
Mar 26, 2024
30.22
30.22
30.22
30.22
19.98
200
Mar 25, 2024
30.44
30.48
30.40
30.40
20.09
1,000
Mar 22, 2024
30.18
30.30
30.18
30.30
20.03
200
Mar 21, 2024
30.42
30.43
30.18
30.18
19.96
15,000
Mar 20, 2024
0.351 Dividend 

Mar 20, 2024
29.75
30.16
29.68
30.16
19.94
26,900
Mar 19, 2024
30.26
30.26
30.26
30.26
19.77
1,000
Mar 18, 2024
30.08
30.31
30.01
30.01
19.61
2,600
Mar 15, 2024
30.07
30.10
30.01
30.01
19.61
24,800
Mar 14, 2024
30.56
30.56
30.49
30.53
19.95
3,100
Mar 13, 2024
30.32
30.35
30.23
30.23
19.75
5,400
Mar 12, 2024
30.20
30.22
30.10
30.10
19.67
9,000
Mar 11, 2024
29.90
29.90
29.56
29.56
19.31
2,100
Mar 8, 2024
30.16
30.16
30.00
30.00
19.60
700
Mar 7, 2024
30.03
30.17
30.03
30.17
19.71
300
Mar 6, 2024
30.04
30.04
29.74
29.75
19.44
2,700
Mar 5, 2024
29.78
29.80
29.78
29.80
19.47
500
Mar 4, 2024
30.50
30.50
30.26
30.26
19.77
1,900
Mar 1, 2024
30.34
30.34
30.34
30.34
19.83
300
Feb 29, 2024
30.04
30.04
30.04
30.04
19.63
200
Feb 28, 2024
29.83
29.87
29.77
29.77
19.46
900
Feb 27, 2024
29.80
29.80
29.80
29.80
19.47
700
Feb 26, 2024
29.84
29.84
29.81
29.81
19.48
1,100
Feb 23, 2024
29.75
29.81
29.75
29.81
19.48
800
Feb 22, 2024
29.72
29.72
29.72
29.72
19.42
200
Feb 21, 2024
0.378 Dividend 

Feb 21, 2024
29.24
29.28
29.10
29.20
19.08
1,500
Feb 20, 2024
29.46
29.46
29.30
29.39
18.96
1,900
Feb 16, 2024
29.42
29.65
29.42
29.65
19.13
700
Feb 15, 2024
29.63
29.69
29.51
29.64
19.12
2,300
Feb 14, 2024
29.63
29.81
29.62
29.80
19.22
1,600
Feb 13, 2024
29.39
29.68
29.39
29.51
19.04
3,700
Feb 12, 2024
30.00
30.00
29.93
29.93
19.31
1,700
Feb 9, 2024
29.85
30.03
29.85
30.01
19.36
2,200
Feb 8, 2024
29.72
29.72
29.61
29.61
19.10
400
Feb 7, 2024
29.59
29.66
29.58
29.66
19.13
500
Feb 6, 2024
29.50
29.50
29.50
29.50
19.03
200
Feb 5, 2024
29.49
29.58
29.38
29.58
19.08
2,100
Feb 2, 2024
29.30
29.73
29.30
29.68
19.14
4,500
Feb 1, 2024
27.84
27.99
27.84
27.97
18.04
900
Jan 31, 2024
27.70
27.78
27.54
27.54
17.77
800
Jan 30, 2024
28.30
28.30
27.94
27.98
18.05
1,100
Jan 29, 2024
28.08
28.29
28.08
28.29
18.25
1,300
Jan 26, 2024
28.02
28.05
28.02
28.05
18.10
400
Jan 25, 2024
27.80
27.89
27.63
27.84
17.96
2,500
Jan 24, 2024
0.354 Dividend 

Jan 24, 2024
27.82
27.82
27.76
27.76
17.91
300
Jan 23, 2024
28.03
28.03
28.03
28.03
17.86
100
Jan 22, 2024
27.92
27.93
27.73
27.85
17.74
1,500
Jan 19, 2024
27.61
27.91
27.61
27.91
17.77
500
Jan 18, 2024
27.51
27.66
27.49
27.62
17.59
800
Jan 17, 2024
27.38
27.38
27.38
27.38
17.44
300
Jan 16, 2024
27.67
27.67
27.48
27.57
17.56
1,800
Jan 12, 2024
27.76
27.76
27.76
27.76
17.68
500
Jan 11, 2024
27.73
27.79
27.73
27.79
17.70
400
Jan 10, 2024
27.64
27.64
27.60
27.60
17.58
400
Jan 9, 2024
27.05
27.27
27.05
27.27
17.37
400
Jan 8, 2024
26.93
26.93
26.93
26.93
17.15
100
Jan 5, 2024
26.35
26.35
26.35
26.35
16.78
200
Jan 4, 2024
26.57
26.57
26.20
26.20
16.69
500
Jan 3, 2024
26.82
26.82
26.80
26.80
17.07
200
Jan 2, 2024
27.02
27.02
27.02
27.02
17.21
100
Dec 29, 2023
27.39
27.39
27.39
27.39
17.44
100
Dec 28, 2023
27.49
27.49
27.49
27.49
17.51
400
Dec 27, 2023
27.47
27.47
27.47
27.47
17.50
100
Dec 26, 2023
27.46
27.46
27.46
27.46
17.49
100
Dec 22, 2023
27.40
27.40
27.39
27.39
17.45
400
Dec 21, 2023
27.39
27.39
27.39
27.39
17.44
100
Dec 20, 2023
0.35 Dividend 

Dec 20, 2023
27.29
27.52
27.23
27.23
17.34
600
Dec 19, 2023
27.77
27.77
27.72
27.72
17.43
1,000
Dec 18, 2023
27.55
27.78
27.55
27.78
17.47
400
Dec 15, 2023
27.31
27.31
27.31
27.31
17.17
300
Dec 14, 2023
26.92
26.92
26.92
26.92
16.93
400
Dec 13, 2023
27.12
27.12
27.12
27.12
17.05
200
Dec 12, 2023
26.70
26.96
26.70
26.95
16.95
900
Dec 11, 2023
26.71
26.71
26.71
26.71
16.80
300
Dec 8, 2023
26.91
26.91
26.91
26.91
16.92
100
Dec 7, 2023
26.77
26.77
26.77
26.77
16.84
100
Dec 6, 2023
26.45
26.45
26.45
26.45
16.63
100
Dec 5, 2023
26.77
26.77
26.77
26.77
16.83
200
Dec 4, 2023
26.51
26.51
26.51
26.51
16.67
300
Dec 1, 2023
26.81
26.81
26.81
26.81
16.86
100
Nov 30, 2023
26.72
26.72
26.72
26.72
16.81
200
Nov 29, 2023
26.72
26.72
26.72
26.72
16.80
100
Nov 28, 2023
26.77
26.77
26.77
26.77
16.83
100
Nov 27, 2023
26.77
26.77
26.77
26.77
16.83
100
Nov 24, 2023
26.73
26.73
26.68
26.68
16.78
400
Nov 22, 2023
0.323 Dividend 

Nov 22, 2023
26.67
26.68
26.64
26.65
16.76
900
Nov 21, 2023
26.67
26.67
26.67
26.67
16.57
100
Nov 20, 2023
26.85
26.87
26.85
26.87
16.69
600
Nov 17, 2023
26.70
26.73
26.70
26.73
16.60
200
Nov 16, 2023
26.47
26.47
26.47
26.47
16.45
100
Nov 15, 2023
26.52
26.52
26.52
26.52
16.47
400
Nov 14, 2023
26.76
26.76
26.76
26.76
16.62
100
Nov 13, 2023
26.43
26.43
26.43
26.43
16.42
-
Nov 10, 2023
26.55
26.55
26.55
26.55
16.49
100
Nov 9, 2023
26.29
26.29
26.17
26.17
16.26
300
Nov 8, 2023
26.35
26.36
26.35
26.36
16.38
1,800
Nov 7, 2023
26.41
26.41
26.41
26.41
16.40
100
Nov 6, 2023
26.07
26.07
26.07
26.07
16.19
100
Nov 3, 2023
25.93
25.93
25.90
25.90
16.09
200
Nov 2, 2023
25.78
25.78
25.78
25.78
16.02
100
Nov 1, 2023
25.64
25.64
25.64
25.64
15.93
100
Oct 31, 2023
24.98
25.07
24.97
25.07
15.58
10,300
