Date
Open
High
Low
Close 

Adj Close 

Volume

May 22, 2026
43.40
43.40
42.86
42.86
42.86
10,600
May 21, 2026
42.20
43.35
41.93
43.25
43.25
18,300
May 20, 2026
41.60
42.60
41.60
42.54
42.54
75,800
May 19, 2026
41.80
41.80
40.68
41.42
41.42
21,000
May 18, 2026
0.317 Dividend 

May 18, 2026
42.56
43.13
42.05
42.48
42.48
14,500
May 15, 2026
42.71
42.71
42.08
42.64
42.32
21,900
May 14, 2026
43.82
43.82
43.33
43.35
43.02
16,700
May 13, 2026
42.59
43.93
42.59
43.86
43.53
15,300
May 12, 2026
43.00
43.14
42.37
43.03
42.71
24,000
May 11, 2026
0.308 Dividend 

May 11, 2026
43.97
44.62
43.60
43.60
43.28
26,900
May 8, 2026
44.57
44.88
44.20
44.67
44.03
18,200
May 7, 2026
45.20
45.20
44.36
44.44
43.81
19,300
May 6, 2026
44.92
45.58
44.75
45.27
44.62
15,300
May 5, 2026
45.59
45.60
44.79
44.96
44.32
23,700
May 4, 2026
0.402 Dividend 

May 4, 2026
43.89
45.38
43.89
44.59
43.95
18,500
May 1, 2026
43.70
45.21
43.42
44.28
43.25
25,000
Apr 30, 2026
45.23
45.36
42.01
43.70
42.68
24,600
Apr 29, 2026
42.39
43.72
42.16
43.18
42.18
22,700
Apr 28, 2026
42.46
42.81
41.97
42.68
41.69
11,300
Apr 27, 2026
0.359 Dividend 

Apr 27, 2026
43.38
43.42
42.63
42.92
41.92
19,800
Apr 24, 2026
42.96
43.95
42.72
43.91
42.54
28,200
Apr 23, 2026
42.07
42.67
41.75
42.08
40.77
8,100
Apr 22, 2026
41.46
42.22
41.30
42.11
40.80
9,700
Apr 21, 2026
42.20
42.20
41.01
41.12
39.84
16,900
Apr 20, 2026
0.354 Dividend 

Apr 20, 2026
41.06
41.06
40.21
40.71
39.44
25,600
Apr 17, 2026
42.35
42.59
41.18
41.18
39.55
20,800
Apr 16, 2026
41.10
41.37
40.38
41.31
39.68
22,600
Apr 15, 2026
41.30
41.48
40.92
41.13
39.50
30,200
Apr 14, 2026
39.98
41.84
39.97
41.26
39.63
67,800
Apr 13, 2026
0.331 Dividend 

Apr 13, 2026
38.96
39.46
38.70
39.46
37.90
24,400
Apr 10, 2026
38.97
39.81
38.96
39.46
37.58
19,900
Apr 9, 2026
36.93
38.60
36.77
38.51
36.68
46,700
Apr 8, 2026
36.63
37.09
35.98
36.20
34.48
31,700
Apr 7, 2026
34.33
34.75
33.91
34.75
33.10
11,300
Apr 6, 2026
0.207 Dividend 

Apr 6, 2026
34.01
34.58
34.01
34.54
32.90
7,700
Apr 2, 2026
33.47
34.56
33.33
34.13
32.31
19,200
Apr 1, 2026
34.29
34.85
34.09
34.09
32.27
10,500
Mar 31, 2026
33.33
34.22
33.22
33.96
32.15
15,900
Mar 30, 2026
0.23 Dividend 

Mar 30, 2026
32.55
33.00
32.38
32.48
30.75
10,400
Mar 27, 2026
33.93
33.93
32.37
32.39
30.44
19,400
Mar 26, 2026
34.58
35.07
33.96
34.08
32.03
18,100
Mar 25, 2026
34.79
35.07
34.58
35.07
32.96
15,200
Mar 24, 2026
34.23
34.24
33.93
33.93
31.89
9,200
Mar 23, 2026
0.213 Dividend 

Mar 23, 2026
34.75
35.03
34.38
34.54
32.46
25,500
Mar 20, 2026
34.33
34.33
33.78
33.90
31.66
264,300
Mar 19, 2026
34.23
34.52
34.02
34.24
31.98
19,500
Mar 18, 2026
35.50
35.67
34.58
34.77
32.48
48,500
Mar 17, 2026
35.31
35.88
35.31
35.76
33.40
40,200
Mar 16, 2026
0.305 Dividend 

Mar 16, 2026
34.58
35.21
34.39
35.08
32.76
45,800
Mar 13, 2026
34.94
35.13
34.38
34.59
32.02
28,000
Mar 12, 2026
35.27
35.31
34.70
35.02
32.42
32,400
Mar 11, 2026
36.20
36.44
35.44
35.64
32.99
18,100
Mar 10, 2026
35.86
36.20
35.69
35.98
33.31
29,300
Mar 9, 2026
0.256 Dividend 

Mar 9, 2026
35.12
35.85
34.60
35.78
33.12
44,500
Mar 6, 2026
36.31
36.68
35.95
36.34
33.41
45,200
Mar 5, 2026
36.47
37.40
36.47
37.13
34.13
30,100
Mar 4, 2026
35.42
36.87
35.41
36.72
33.75
63,100
Mar 3, 2026
34.08
35.19
33.87
35.06
32.23
38,100
Mar 2, 2026
0.341 Dividend 

Mar 2, 2026
34.22
35.27
34.08
34.99
32.16
30,000
Feb 27, 2026
35.02
35.77
34.89
35.77
32.57
45,700
Feb 26, 2026
35.92
35.92
34.79
35.26
32.10
29,100
Feb 25, 2026
35.90
36.05
35.53
35.91
32.70
25,900
Feb 24, 2026
34.74
35.70
34.41
35.49
32.32
24,300
Feb 23, 2026
0.152 Dividend 

Feb 23, 2026
35.39
35.43
34.35
34.77
31.66
45,200
Feb 20, 2026
34.77
36.06
34.69
35.97
32.61
64,200
Feb 19, 2026
34.64
35.00
34.60
34.83
31.58
20,000
Feb 18, 2026
34.45
35.25
34.33
34.87
31.61
43,400
Feb 17, 2026
0.084 Dividend 

Feb 17, 2026
33.44
34.18
33.25
34.11
30.93
32,600
Feb 13, 2026
33.64
34.20
33.45
33.76
30.53
27,200
Feb 12, 2026
34.90
34.90
33.49
33.86
30.62
68,800
Feb 11, 2026
35.75
35.75
34.53
34.86
31.53
36,800
Feb 10, 2026
35.79
36.55
35.39
35.39
32.01
35,100
Feb 9, 2026
0.303 Dividend 

Feb 9, 2026
35.98
36.54
34.69
35.78
32.36
47,900
Feb 6, 2026
34.89
36.66
34.41
36.38
32.63
152,000
Feb 5, 2026
39.87
39.87
38.70
39.25
35.20
83,100
Feb 4, 2026
42.36
42.44
41.10
41.27
37.01
63,400
Feb 3, 2026
43.79
44.15
41.84
42.56
38.17
65,200
Feb 2, 2026
0.285 Dividend 

Feb 2, 2026
42.48
43.96
42.48
43.39
38.91
40,900
Jan 30, 2026
43.07
43.72
42.75
42.92
38.24
20,200
Jan 29, 2026
43.68
43.71
42.40
43.40
38.66
27,700
Jan 28, 2026
44.41
44.74
43.18
43.78
39.00
22,200
Jan 27, 2026
42.66
44.13
42.66
44.07
39.26
22,100
Jan 26, 2026
0.2 Dividend 

Jan 26, 2026
43.05
43.28
42.65
42.72
38.06
17,400
Jan 23, 2026
42.11
43.34
42.11
43.10
38.22
26,900
Jan 22, 2026
41.97
42.33
41.44
42.14
37.37
11,200
Jan 21, 2026
41.29
41.66
40.50
41.42
36.73
23,800
Jan 20, 2026
0.377 Dividend 

Jan 20, 2026
41.81
42.20
41.10
41.38
36.69
29,900
Jan 16, 2026
43.39
43.60
43.06
43.44
38.19
43,500
Jan 15, 2026
43.75
43.78
43.03
43.38
38.13
26,500
Jan 14, 2026
43.95
43.95
42.93
42.97
37.77
29,000
Jan 13, 2026
45.15
45.39
43.81
44.27
38.92
48,500
Jan 12, 2026
0.212 Dividend 

Jan 12, 2026
45.30
45.62
45.08
45.23
39.76
69,300
Jan 9, 2026
45.09
45.62
44.55
45.54
39.85
41,000
Jan 8, 2026
44.60
45.38
44.49
45.38
39.71
53,000
Jan 7, 2026
44.02
45.14
44.02
44.40
38.85
30,100
Jan 6, 2026
42.24
44.63
42.24
44.25
38.72
42,600
Jan 5, 2026
0.354 Dividend 

Jan 5, 2026
41.55
42.62
41.31
42.46
37.15
34,800
Jan 2, 2026
42.39
43.27
41.03
41.38
35.90
41,900
Dec 31, 2025
42.80
42.80
42.35
42.36
36.75
51,000
Dec 30, 2025
42.40
42.79
42.40
42.75
37.08
38,700
Dec 29, 2025
0.34 Dividend 

Dec 29, 2025
42.71
42.73
42.44
42.73
37.07
21,200
Dec 26, 2025
43.06
43.21
42.90
43.08
37.08
26,300
Dec 24, 2025
42.99
43.24
42.95
43.12
37.11
17,000
Dec 23, 2025
42.30
43.11
42.30
43.05
37.05
32,100
Dec 22, 2025
0.304 Dividend 

Dec 22, 2025
42.26
42.45
41.89
42.21
36.33
22,000
Dec 19, 2025
42.17
42.71
42.03
42.25
36.10
87,900
Dec 18, 2025
41.89
42.71
41.89
42.25
36.10
18,600
Dec 17, 2025
41.67
41.81
40.95
40.95
34.99
30,400
Dec 16, 2025
41.30
41.49
40.98
41.25
35.25
25,500
Dec 15, 2025
0.316 Dividend 

Dec 15, 2025
42.55
42.55
41.18
41.30
35.29
44,600
Dec 12, 2025
43.27
43.27
42.21
42.45
36.00
36,000
Dec 11, 2025
43.51
43.65
43.10
43.39
36.80
28,500
Dec 10, 2025
42.93
43.85
42.93
43.71
37.07
35,600
Dec 9, 2025
42.52
42.97
42.44
42.86
36.35
27,400
Dec 8, 2025
0.404 Dividend 

Dec 8, 2025
43.32
43.37
42.49
42.66
36.18
31,500
Dec 5, 2025
43.73
43.92
43.48
43.63
36.66
20,500
Dec 4, 2025
44.40
44.40
43.02
43.57
36.61
35,400
Dec 3, 2025
44.62
44.62
43.95
44.23
37.16
32,500
Dec 2, 2025
44.79
45.62
44.59
44.76
37.61
39,100
Dec 1, 2025
0.246 Dividend 

Dec 1, 2025
44.59
44.96
44.40
44.68
37.54
25,400
Nov 28, 2025
44.16
44.72
44.10
44.72
37.37
15,100
Nov 26, 2025
44.26
44.39
43.73
43.84
36.63
31,900
Nov 25, 2025
43.10
44.09
42.69
43.95
36.72
28,400
Nov 24, 2025
0.299 Dividend 

Nov 24, 2025
42.41
43.27
42.41
43.14
36.05
34,700
Nov 21, 2025
41.29
42.48
40.94
41.97
34.82
354,800
Nov 20, 2025
43.73
43.73
41.28
41.43
34.37
52,800
Nov 19, 2025
42.58
42.77
41.80
42.69
35.42
54,300
Nov 18, 2025
44.00
44.30
42.65
42.65
35.38
90,700
Nov 17, 2025
0.401 Dividend 

Nov 17, 2025
45.18
45.43
44.29
45.00
37.33
36,300
Nov 14, 2025
46.06
46.83
45.54
45.93
37.77
57,100
Nov 13, 2025
47.88
49.40
46.43
46.45
38.20
28,800
Nov 12, 2025
49.65
49.65
48.11
48.14
39.59
41,300
Nov 11, 2025
49.15
49.49
48.94
49.36
40.59
12,800
Nov 10, 2025
0.42 Dividend 

Nov 10, 2025
49.03
49.92
48.60
49.18
40.45
30,800
Nov 7, 2025
48.13
48.68
47.27
48.66
39.67
37,900
Nov 6, 2025
49.65
49.95
48.11
48.33
39.40
36,100
Nov 5, 2025
49.60
50.24
49.11
50.10
40.85
27,100
Nov 4, 2025
50.01
51.12
49.71
49.81
40.61
32,900
Nov 3, 2025
0.401 Dividend 

Nov 3, 2025
51.41
52.00
50.85
51.00
41.58
63,100
Oct 31, 2025
50.24
50.42
49.05
49.13
39.73
91,400
Oct 30, 2025
45.03
45.20
43.80
43.80
35.42
34,000
Oct 29, 2025
46.00
46.20
45.21
45.79
37.03
31,600
Oct 28, 2025
45.32
46.00
44.53
45.50
36.79
33,900
Oct 27, 2025
0.328 Dividend 

Oct 27, 2025
45.24
45.24
44.90
45.02
36.41
30,200
Oct 24, 2025
44.21
44.97
44.21
44.59
35.79
32,000
Oct 23, 2025
43.32
44.15
43.32
43.96
35.29
17,700
Oct 22, 2025
43.07
43.70
42.87
43.15
34.64
28,700
Oct 21, 2025
43.39
44.46
43.39
44.20
35.48
29,000
Oct 20, 2025
0.499 Dividend 

Oct 20, 2025
42.29
42.88
42.25
42.80
34.36
37,700
Oct 17, 2025
42.91
42.91
42.10
42.59
33.79
65,900
Oct 16, 2025
43.22
43.78
42.63
42.93
34.06
27,400
Oct 15, 2025
43.36
43.67
42.64
43.08
34.18
31,400
Oct 14, 2025
0.512 Dividend 

Oct 14, 2025
43.23
43.92
42.57
43.30
34.35
23,100
Oct 13, 2025
44.26
45.00
44.10
44.87
35.19
39,300
Oct 10, 2025
46.30
46.74
43.79
43.79
34.34
40,400
Oct 9, 2025
46.06
46.72
45.22
46.67
36.60
32,900
Oct 8, 2025
45.35
46.40
45.13
46.06
36.12
51,500
Oct 7, 2025
45.00
45.45
44.80
45.25
35.49
48,000
Oct 6, 2025
0.335 Dividend 

Oct 6, 2025
45.00
45.20
43.81
44.98
35.28
49,000
Oct 3, 2025
45.99
46.05
44.98
45.02
35.04
37,800
Oct 2, 2025
45.45
45.79
44.90
45.74
35.60
46,500
Oct 1, 2025
44.57
45.67
44.40
45.34
35.29
36,000
Sep 30, 2025
45.71
45.71
44.67
45.36
35.31
32,000
Sep 29, 2025
0.556 Dividend 

Sep 29, 2025
45.22
45.74
45.15
45.74
35.60
35,100
Sep 26, 2025
45.50
45.95
45.28
45.69
35.13
23,500
Sep 25, 2025
45.79
45.83
44.90
45.30
34.83
21,900
Sep 24, 2025
46.71
46.71
45.61
45.82
35.23
22,000
Sep 23, 2025
47.69
47.69
45.80
45.93
35.32
37,200
Sep 22, 2025
0.289 Dividend 

Sep 22, 2025
48.47
48.47
47.67
47.67
36.66
40,600
Sep 19, 2025
49.09
49.87
48.85
49.03
37.48
25,900
Sep 18, 2025
48.77
49.33
48.38
48.86
37.35
15,000
Sep 17, 2025
49.12
49.12
48.45
48.92
37.39
15,600
Sep 16, 2025
49.19
50.02
49.19
49.66
37.96
18,100
Sep 15, 2025
0.37 Dividend 

Sep 15, 2025
48.86
49.47
48.77
48.98
37.44
14,100
Sep 12, 2025
49.16
49.16
48.15
48.49
36.78
13,800
Sep 11, 2025
49.13
49.47
48.87
48.96
37.14
24,800
Sep 10, 2025
51.02
51.02
48.85
49.01
37.18
23,100
Sep 9, 2025
50.59
51.45
50.44
51.04
38.72
11,300
Sep 8, 2025
0.327 Dividend 

Sep 8, 2025
50.16
50.89
49.96
50.49
38.30
15,800
Sep 5, 2025
50.77
50.77
49.88
49.92
37.62
9,800
Sep 4, 2025
49.50
50.77
49.50
50.75
38.25
30,900
Sep 3, 2025
48.24
48.56
47.92
48.27
36.38
10,300
Sep 2, 2025
0.297 Dividend 

Sep 2, 2025
47.80
48.37
47.29
48.16
36.29
17,400
Aug 29, 2025
49.96
49.96
49.25
49.34
36.96
15,000
Aug 28, 2025
49.54
50.40
49.24
50.12
37.54
12,000
Aug 27, 2025
49.41
49.67
49.31
49.47
37.06
11,500
Aug 26, 2025
49.03
49.32
48.74
49.29
36.92
13,000
Aug 25, 2025
0.349 Dividend 

Aug 25, 2025
49.16
49.56
49.03
49.24
36.88
13,400
Aug 22, 2025
48.23
49.84
47.81
49.77
37.02
69,800
Aug 21, 2025
48.24
48.24
47.66
47.93
35.65
13,500
Aug 20, 2025
49.13
49.13
47.77
48.49
36.06
20,200
Aug 19, 2025
50.15
50.15
49.43
49.48
36.81
27,300
Aug 18, 2025
0.693 Dividend 

Aug 18, 2025
50.25
50.58
49.71
50.50
37.56
18,100
Aug 15, 2025
51.43
51.69
50.78
51.08
37.48
24,700
Aug 14, 2025
50.02
51.54
50.02
51.11
37.50
29,500
Aug 13, 2025
48.77
49.48
48.77
49.40
36.25
27,300
Aug 12, 2025
48.65
49.02
48.02
48.62
35.67
10,700
Aug 11, 2025
0.296 Dividend 

Aug 11, 2025
48.58
48.78
48.40
48.48
35.57
18,700
Aug 8, 2025
49.39
49.46
49.03
49.21
35.89
17,300
Aug 7, 2025
48.92
50.05
48.86
49.35
35.99
12,600
Aug 6, 2025
46.94
49.18
46.90
49.18
35.87
18,000
Aug 5, 2025
46.86
48.15
46.67
46.94
34.23
20,900
Aug 4, 2025
0.372 Dividend 

Aug 4, 2025
48.34
48.34
46.25
46.48
33.90
34,600
Aug 1, 2025
48.17
49.23
47.29
47.70
34.52
79,000
Jul 31, 2025
53.11
53.33
52.07
52.80
38.21
21,300
Jul 30, 2025
52.16
52.16
51.50
51.67
37.39
19,400
Jul 29, 2025
52.42
52.42
51.80
51.90
37.55
19,500
Jul 28, 2025
0.526 Dividend 

Jul 28, 2025
53.03
53.03
52.38
52.44
37.95
19,300
Jul 25, 2025
53.20
53.20
52.52
52.65
37.72
29,600
Jul 24, 2025
52.03
53.32
51.96
52.85
37.86
26,600
Jul 23, 2025
51.88
51.88
51.53
51.70
37.04
9,200
Jul 22, 2025
52.01
52.08
51.30
51.58
36.95
20,200
Jul 21, 2025
0.737 Dividend 

Jul 21, 2025
51.22
52.11
51.22
52.06
37.30
17,200
Jul 18, 2025
51.74
52.25
51.17
51.92
36.67
30,200
Jul 17, 2025
51.17
54.92
51.00
51.34
36.26
6,200
Jul 16, 2025
51.97
51.97
51.00
51.15
36.12
7,800
Jul 15, 2025
52.04
52.25
51.87
52.07
36.77
6,300
Jul 14, 2025
0.365 Dividend 

Jul 14, 2025
51.84
52.08
51.64
51.82
36.60
6,000
Jul 11, 2025
51.62
52.41
51.46
52.04
36.50
9,100
Jul 10, 2025
51.25
51.34
50.86
51.27
35.96
7,400
Jul 9, 2025
51.62
51.80
51.14
51.34
36.00
3,100
Jul 8, 2025
51.51
51.51
50.51
50.51
35.42
7,800
Jul 7, 2025
0.421 Dividend 

Jul 7, 2025
51.66
51.75
51.36
51.61
36.19
7,600
Jul 3, 2025
51.53
52.22
51.53
52.08
36.23
7,100
Jul 2, 2025
50.97
51.44
50.97
51.14
35.57
9,400
Jul 1, 2025
50.93
51.54
50.77
51.37
35.73
21,300
Jun 30, 2025
0.312 Dividend 

Jun 30, 2025
52.13
52.13
50.88
50.93
35.43
10,500
Jun 27, 2025
51.67
52.14
50.64
52.14
36.05
9,600
Jun 26, 2025
49.58
50.74
49.41
50.58
34.97
7,500
Jun 25, 2025
49.72
49.98
48.99
49.16
33.99
4,900
Jun 24, 2025
49.63
49.78
49.41
49.47
34.21
2,800
Jun 23, 2025
48.50
48.75
48.24
48.24
33.35
12,900
Jun 20, 2025
50.08
50.08
48.27
48.59
33.60
4,800
Jun 18, 2025
49.51
49.51
49.51
49.51
34.23
1,000
