Date
Open
High
Low
Close 

Adj Close 

Volume
Jun 5, 2026
11.47
11.58
11.16
11.16
11.16
451,300
Jun 4, 2026
0.069 Dividend 

Jun 4, 2026
11.45
11.57
11.41
11.47
11.47
331,700
Jun 3, 2026
11.63
11.70
11.31
11.42
11.35
754,600
Jun 2, 2026
11.74
11.88
11.58
11.69
11.62
1,107,000
Jun 1, 2026
12.18
12.18
11.86
11.88
11.81
870,400
May 29, 2026
12.26
12.36
12.21
12.26
12.19
391,600
May 28, 2026
0.094 Dividend 

May 28, 2026
12.25
12.35
12.13
12.35
12.28
333,500
May 27, 2026
12.13
12.36
12.13
12.33
12.16
382,500
May 26, 2026
12.23
12.26
12.02
12.14
11.97
385,300
May 22, 2026
12.18
12.25
12.16
12.16
11.99
326,000
May 21, 2026
0.101 Dividend 

May 21, 2026
12.06
12.23
11.95
12.22
12.05
352,300
May 20, 2026
12.01
12.19
11.97
12.18
11.91
432,400
May 19, 2026
12.07
12.10
11.78
11.94
11.68
1,361,400
May 18, 2026
12.10
12.30
12.08
12.20
11.93
451,800
May 15, 2026
12.10
12.17
12.01
12.17
11.90
598,000
May 14, 2026
0.144 Dividend 

May 14, 2026
12.35
12.36
12.24
12.27
12.00
443,100
May 13, 2026
12.37
12.53
12.24
12.48
12.07
443,000
May 12, 2026
12.41
12.41
12.20
12.37
11.96
590,100
May 11, 2026
12.53
12.62
12.45
12.47
12.06
589,200
May 8, 2026
12.54
12.61
12.46
12.60
12.18
422,700
May 7, 2026
0.212 Dividend 

May 7, 2026
12.65
12.65
12.50
12.53
12.12
487,400
May 6, 2026
12.80
12.88
12.73
12.81
12.18
709,400
May 5, 2026
12.88
12.93
12.73
12.77
12.14
494,200
May 4, 2026
12.63
12.84
12.61
12.72
12.10
502,600
May 1, 2026
12.51
12.69
12.47
12.60
11.98
479,300
Apr 30, 2026
0.21 Dividend 

Apr 30, 2026
12.69
12.72
12.19
12.49
11.88
706,600
Apr 29, 2026
12.39
12.68
12.36
12.62
11.80
814,800
Apr 28, 2026
12.41
12.49
12.32
12.41
11.60
481,600
Apr 27, 2026
12.62
12.63
12.48
12.51
11.70
570,500
Apr 24, 2026
12.52
12.64
12.45
12.59
11.77
357,300
Apr 23, 2026
0.163 Dividend 

Apr 23, 2026
12.44
12.47
12.32
12.40
11.60
272,600
Apr 22, 2026
12.42
12.56
12.40
12.56
11.59
263,200
Apr 21, 2026
12.51
12.53
12.34
12.36
11.41
590,300
Apr 20, 2026
12.30
12.34
12.19
12.31
11.36
277,700
Apr 17, 2026
12.48
12.56
12.37
12.37
11.42
309,900
Apr 16, 2026
0.149 Dividend 

Apr 16, 2026
12.33
12.35
12.14
12.35
11.40
392,900
Apr 15, 2026
12.48
12.50
12.40
12.45
11.35
456,300
Apr 14, 2026
12.20
12.59
12.17
12.44
11.34
461,600
Apr 13, 2026
12.00
12.12
11.97
12.12
11.05
434,700
Apr 10, 2026
11.90
12.14
11.90
12.07
11.01
395,700
Apr 9, 2026
0.079 Dividend 

Apr 9, 2026
11.46
11.86
11.40
11.85
10.81
566,200
Apr 8, 2026
11.48
11.59
11.34
11.44
10.36
289,300
Apr 7, 2026
11.05
11.14
10.97
11.13
10.07
270,900
Apr 6, 2026
11.00
11.10
11.00
11.10
10.05
322,900
Apr 2, 2026
0.077 Dividend 

Apr 2, 2026
10.86
11.01
10.86
11.00
9.96
274,700
Apr 1, 2026
11.06
11.15
11.00
11.05
9.94
209,200
Mar 31, 2026
10.86
11.06
10.86
11.02
9.91
343,000
Mar 30, 2026
10.71
10.82
10.68
10.74
9.66
281,500
Mar 27, 2026
10.95
10.95
10.61
10.63
9.56
508,300
Mar 26, 2026
0.078 Dividend 

Mar 26, 2026
11.08
11.15
10.96
10.96
9.86
409,000
Mar 25, 2026
11.16
11.23
11.13
11.19
9.99
219,200
Mar 24, 2026
11.06
11.09
10.99
11.02
9.84
286,700
Mar 23, 2026
11.08
11.22
11.08
11.10
9.91
428,100
Mar 20, 2026
11.03
11.03
10.86
10.93
9.76
833,700
Mar 19, 2026
0.084 Dividend 

Mar 19, 2026
11.05
11.10
10.94
11.10
9.91
267,600
Mar 18, 2026
11.38
11.38
11.15
11.16
9.89
383,400
Mar 17, 2026
11.27
11.42
11.27
11.41
10.11
2,428,900
Mar 16, 2026
11.10
11.27
11.07
11.24
9.96
471,200
Mar 13, 2026
11.15
11.19
11.01
11.06
9.80
320,200
Mar 12, 2026
0.084 Dividend 

Mar 12, 2026
11.24
11.24
11.07
11.11
9.85
339,400
Mar 11, 2026
11.46
11.55
11.32
11.39
10.02
170,100
Mar 10, 2026
11.40
11.50
11.35
11.44
10.06
202,100
Mar 9, 2026
11.19
11.40
11.07
11.40
10.03
514,600
Mar 6, 2026
11.41
11.49
11.34
11.39
10.02
292,300
Mar 5, 2026
0.098 Dividend 

Mar 5, 2026
11.49
11.63
11.45
11.58
10.19
440,700
Mar 4, 2026
11.33
11.63
11.33
11.57
10.09
320,200
Mar 3, 2026
11.06
11.29
10.99
11.28
9.84
969,900
Mar 2, 2026
11.10
11.31
11.03
11.24
9.80
299,700
Feb 27, 2026
11.16
11.34
11.10
11.30
9.86
1,692,300
Feb 26, 2026
0.093 Dividend 

Feb 26, 2026
11.26
11.31
11.10
11.21
9.78
281,200
Feb 25, 2026
11.36
11.41
11.31
11.37
9.84
438,000
Feb 24, 2026
11.19
11.36
11.07
11.32
9.79
179,700
Feb 23, 2026
11.25
11.28
11.05
11.17
9.66
839,100
Feb 20, 2026
11.25
11.36
11.23
11.35
9.82
541,300
Feb 19, 2026
0.088 Dividend 

Feb 19, 2026
11.21
11.23
11.15
11.21
9.70
228,700
Feb 18, 2026
11.20
11.34
11.18
11.27
9.67
355,100
Feb 17, 2026
10.99
11.15
10.91
11.13
9.55
409,100
Feb 13, 2026
11.00
11.13
10.95
11.01
9.45
416,300
Feb 12, 2026
0.078 Dividend 

Feb 12, 2026
11.30
11.30
10.96
11.09
9.52
480,100
Feb 11, 2026
11.48
11.50
11.27
11.34
9.67
235,000
Feb 10, 2026
11.55
11.64
11.42
11.44
9.75
204,200
Feb 9, 2026
11.48
11.65
11.29
11.53
9.83
501,200
Feb 6, 2026
11.22
11.62
11.08
11.58
9.87
1,369,500
Feb 5, 2026
0.075 Dividend 

Feb 5, 2026
12.37
12.40
12.11
12.26
10.45
583,700
Feb 4, 2026
13.10
13.10
12.77
12.79
10.84
508,300
Feb 3, 2026
13.35
13.43
12.95
13.07
11.08
361,200
Feb 2, 2026
13.03
13.43
13.03
13.29
11.26
390,200
Jan 30, 2026
13.15
13.28
13.05
13.12
11.12
439,500
Jan 29, 2026
0.065 Dividend 

Jan 29, 2026
13.22
13.23
13.02
13.23
11.21
343,900
Jan 28, 2026
13.45
13.48
13.25
13.32
11.23
292,600
Jan 27, 2026
13.20
13.38
13.12
13.38
11.28
196,700
Jan 26, 2026
13.15
13.20
13.09
13.14
11.08
240,100
Jan 23, 2026
12.98
13.19
12.97
13.12
11.07
493,700
Jan 22, 2026
0.061 Dividend 

Jan 22, 2026
12.94
13.02
12.83
12.99
10.96
228,400
Jan 21, 2026
12.90
12.97
12.70
12.90
10.83
515,400
Jan 20, 2026
13.06
13.11
12.81
12.87
10.80
1,182,700
Jan 16, 2026
13.31
13.31
13.16
13.29
11.16
491,900
Jan 15, 2026
0.096 Dividend 

Jan 15, 2026
13.30
13.36
13.16
13.26
11.13
646,500
Jan 14, 2026
13.50
13.50
13.23
13.26
11.05
621,200
Jan 13, 2026
13.70
13.75
13.45
13.57
11.31
1,280,600
Jan 12, 2026
13.69
13.80
13.69
13.69
11.41
493,000
Jan 9, 2026
13.61
13.74
13.52
13.73
11.44
435,200
Jan 8, 2026
0.066 Dividend 

Jan 8, 2026
13.58
13.69
13.51
13.66
11.38
330,100
Jan 7, 2026
13.53
13.72
13.53
13.60
11.28
408,500
Jan 6, 2026
13.25
13.65
13.25
13.59
11.27
495,600
Jan 5, 2026
13.10
13.33
13.06
13.28
11.01
793,300
Jan 2, 2026
0.065 Dividend 

Jan 2, 2026
13.27
13.41
12.92
13.00
10.78
1,238,900
Dec 31, 2025
13.34
13.36
13.27
13.28
10.96
355,700
Dec 30, 2025
13.28
13.38
13.26
13.37
11.03
536,000
Dec 29, 2025
13.29
13.34
13.26
13.32
10.99
510,100
Dec 26, 2025
0.079 Dividend 

Dec 26, 2025
13.28
13.35
13.27
13.34
11.01
254,300
Dec 24, 2025
13.37
13.41
13.36
13.39
10.98
158,000
Dec 23, 2025
13.28
13.38
13.28
13.36
10.96
330,400
Dec 22, 2025
13.25
13.30
13.19
13.28
10.89
461,300
Dec 19, 2025
13.14
13.26
13.11
13.21
10.84
387,500
Dec 18, 2025
0.081 Dividend 

Dec 18, 2025
13.08
13.25
13.06
13.18
10.81
300,100
Dec 17, 2025
13.11
13.16
12.97
12.97
10.57
367,000
Dec 16, 2025
13.01
13.08
12.95
13.04
10.63
410,000
Dec 15, 2025
13.26
13.27
12.99
13.03
10.62
433,200
Dec 12, 2025
13.36
13.38
13.13
13.20
10.76
327,700
Dec 11, 2025
0.083 Dividend 

Dec 11, 2025
13.35
13.44
13.31
13.40
10.92
287,200
Dec 10, 2025
13.32
13.52
13.32
13.50
10.94
343,100
Dec 9, 2025
13.23
13.35
13.17
13.30
10.78
304,100
Dec 8, 2025
13.40
13.43
13.23
13.28
10.76
441,000
Dec 5, 2025
13.38
13.45
13.32
13.38
10.84
302,700
Dec 4, 2025
0.195 Dividend 

Dec 4, 2025
13.55
13.55
13.22
13.37
10.83
461,700
Dec 3, 2025
13.73
13.73
13.60
13.68
10.93
441,400
Dec 2, 2025
13.76
13.89
13.70
13.75
10.98
323,500
Dec 1, 2025
13.63
13.77
13.63
13.69
10.93
513,400
Nov 28, 2025
0.083 Dividend 

Nov 28, 2025
13.53
13.67
13.53
13.67
10.92
200,400
Nov 26, 2025
13.60
13.65
13.53
13.56
10.76
486,100
Nov 25, 2025
13.44
13.57
13.35
13.56
10.76
356,800
Nov 24, 2025
13.26
13.47
13.26
13.43
10.66
1,030,900
Nov 21, 2025
12.97
13.26
12.90
13.17
10.45
683,400
Nov 20, 2025
0.085 Dividend 

Nov 20, 2025
13.56
13.56
12.97
13.00
10.32
1,047,000
Nov 19, 2025
13.42
13.44
13.15
13.37
10.55
853,800
Nov 18, 2025
13.68
13.79
13.38
13.38
10.55
1,139,500
Nov 17, 2025
14.01
14.05
13.76
13.99
11.03
987,400
Nov 14, 2025
14.02
14.25
13.93
14.05
11.08
830,800
Nov 13, 2025
0.107 Dividend 

Nov 13, 2025
14.50
14.50
14.16
14.21
11.21
5,287,700
Nov 12, 2025
14.86
14.86
14.63
14.66
11.48
416,000
Nov 11, 2025
14.79
14.85
14.75
14.83
11.61
342,000
Nov 10, 2025
14.79
14.89
14.66
14.79
11.58
629,000
Nov 7, 2025
14.50
14.62
14.30
14.59
11.42
693,200
Nov 6, 2025
0.294 Dividend 

Nov 6, 2025
14.89
14.91
14.49
14.58
11.42
698,600
Nov 5, 2025
15.16
15.23
14.99
15.19
11.66
534,300
Nov 4, 2025
15.20
15.38
15.11
15.12
11.61
521,600
Nov 3, 2025
15.43
15.51
15.28
15.31
11.76
744,300
Oct 31, 2025
15.11
15.20
14.82
14.82
11.38
1,334,200
Oct 30, 2025
0.201 Dividend 

Oct 30, 2025
14.17
14.19
13.87
13.92
10.69
698,300
Oct 29, 2025
14.55
14.57
14.39
14.47
10.96
324,800
Oct 28, 2025
14.37
14.56
14.30
14.44
10.93
310,500
Oct 27, 2025
14.36
14.40
14.27
14.33
10.85
641,500
Oct 24, 2025
14.10
14.24
14.10
14.19
10.74
646,000
Oct 23, 2025
0.096 Dividend 

Oct 23, 2025
14.01
14.09
13.95
14.09
10.67
283,500
Oct 22, 2025
14.05
14.11
13.96
14.04
10.56
538,700
Oct 21, 2025
14.00
14.23
14.00
14.18
10.66
1,446,300
Oct 20, 2025
13.75
13.94
13.75
13.92
10.47
849,800
Oct 17, 2025
13.78
13.81
13.61
13.73
10.32
376,800
Oct 16, 2025
0.255 Dividend 

Oct 16, 2025
13.91
14.05
13.71
13.81
10.38
395,800
Oct 15, 2025
14.15
14.23
13.94
14.11
10.42
403,500
Oct 14, 2025
14.10
14.33
13.93
14.16
10.46
474,600
Oct 13, 2025
14.25
14.39
14.19
14.37
10.61
4,508,100
Oct 10, 2025
14.72
14.78
14.11
14.13
10.43
376,900
Oct 9, 2025
14.63
14.76
14.46
14.73
10.88
225,000
Oct 8, 2025
14.49
14.67
14.41
14.61
10.79
259,000
Oct 7, 2025
14.40
14.48
14.35
14.42
10.65
345,400
Oct 6, 2025
14.35
14.41
14.09
14.37
10.61
427,000
Oct 3, 2025
14.45
14.50
14.26
14.26
10.53
300,400
Oct 2, 2025
14.32
14.44
14.23
14.43
10.65
331,900
Oct 1, 2025
14.14
14.38
14.11
14.30
10.56
472,400
Sep 30, 2025
14.37
14.37
14.14
14.23
10.51
354,800
Sep 29, 2025
14.23
14.36
14.23
14.36
10.60
330,600
Sep 26, 2025
14.20
14.28
14.12
14.23
10.51
392,600
Sep 25, 2025
0.46 Dividend 

Sep 25, 2025
14.25
14.26
14.02
14.10
10.41
464,600
Sep 24, 2025
14.88
14.91
14.64
14.69
10.51
397,000
Sep 23, 2025
15.21
15.21
14.68
14.71
10.52
685,400
Sep 22, 2025
15.39
15.39
15.15
15.16
10.84
690,400
Sep 19, 2025
15.43
15.52
15.30
15.39
11.01
223,300
Sep 18, 2025
15.36
15.42
15.17
15.33
10.97
195,000
Sep 17, 2025
15.43
15.43
15.15
15.33
10.97
242,700
Sep 16, 2025
15.36
15.48
15.32
15.39
11.01
185,500
Sep 15, 2025
15.17
15.39
15.17
15.26
10.91
339,600
Sep 12, 2025
15.19
15.21
15.00
15.09
10.79
323,200
Sep 11, 2025
15.26
15.26
15.14
15.17
10.85
180,000
Sep 10, 2025
15.64
15.64
15.12
15.20
10.87
312,900
Sep 9, 2025
15.48
15.65
15.46
15.62
11.17
237,300
Sep 8, 2025
15.42
15.58
15.39
15.48
11.07
288,400
Sep 5, 2025
15.45
15.48
15.27
15.28
10.93
210,700
Sep 4, 2025
15.24
15.46
15.24
15.45
11.05
442,700
Sep 3, 2025
14.99
15.07
14.90
14.98
10.71
230,800
Sep 2, 2025
14.88
14.99
14.73
14.97
10.71
466,900
Aug 29, 2025
15.29
15.30
15.12
15.17
10.85
360,500
Aug 28, 2025
0.49 Dividend 

Aug 28, 2025
15.19
15.32
15.11
15.28
10.93
248,400
Aug 27, 2025
15.63
15.66
15.56
15.64
10.84
409,900
Aug 26, 2025
15.55
15.61
15.46
15.60
10.81
286,300
Aug 25, 2025
15.56
15.64
15.53
15.56
10.78
299,300
Aug 22, 2025
15.25
15.61
15.14
15.60
10.81
277,600
Aug 21, 2025
15.26
15.26
15.12
15.19
10.52
227,500
Aug 20, 2025
15.50
15.50
15.14
15.33
10.62
314,300
Aug 19, 2025
15.70
15.70
15.53
15.58
10.79
224,000
Aug 18, 2025
15.71
15.76
15.58
15.75
10.91
469,800
Aug 15, 2025
15.79
15.85
15.65
15.72
10.89
237,700
Aug 14, 2025
15.54
15.79
15.54
15.70
10.88
281,900
Aug 13, 2025
15.28
15.43
15.28
15.41
10.68
134,300
Aug 12, 2025
15.30
15.36
15.17
15.26
10.57
185,100
Aug 11, 2025
15.26
15.32
15.20
15.27
10.58
226,900
Aug 8, 2025
15.33
15.34
15.27
15.30
10.60
276,200
Aug 7, 2025
15.27
15.44
15.21
15.33
10.62
608,700
Aug 6, 2025
14.88
15.37
14.85
15.37
10.65
513,500
Aug 5, 2025
14.80
15.00
14.79
14.86
10.30
356,200
Aug 4, 2025
15.08
15.08
14.69
14.71
10.19
575,400
Aug 1, 2025
15.04
15.24
14.74
14.88
10.31
1,422,600
Jul 31, 2025
0.642 Dividend 

Jul 31, 2025
16.12
16.17
15.86
15.98
11.07
772,200
Jul 30, 2025
16.56
16.56
16.39
16.46
10.96
497,800
Jul 29, 2025
16.69
16.70
16.45
16.51
10.99
331,400
Jul 28, 2025
16.64
16.69
16.57
16.61
11.06
364,900
Jul 25, 2025
16.57
16.58
16.50
16.52
11.00
199,800
Jul 24, 2025
16.41
16.64
16.41
16.53
11.01
427,400
Jul 23, 2025
16.38
16.38
16.31
16.37
10.90
164,900
Jul 22, 2025
16.40
16.44
16.26
16.30
10.85
167,600
Jul 21, 2025
16.25
16.42
16.23
16.38
10.91
477,000
Jul 18, 2025
16.17
16.24
16.06
16.24
10.81
235,200
Jul 17, 2025
16.08
16.14
16.02
16.09
10.71
156,700
Jul 16, 2025
16.22
16.22
15.99
16.05
10.69
458,500
Jul 15, 2025
16.24
16.27
16.18
16.23
10.81
253,500
Jul 14, 2025
16.15
16.22
16.08
16.17
10.77
206,800
Jul 11, 2025
15.98
16.21
15.96
16.14
10.75
297,000
Jul 10, 2025
15.93
15.98
15.77
15.96
10.63
296,600
Jul 9, 2025
15.87
16.02
15.83
15.95
10.62
380,900
Jul 8, 2025
15.97
15.97
15.69
15.74
10.48
444,000
Jul 7, 2025
15.94
15.99
15.89
15.94
10.61
363,900
Jul 3, 2025
0.59 Dividend 

Jul 3, 2025
15.87
15.97
15.85
15.96
10.63
263,200
Jul 2, 2025
16.34
16.42
16.28
16.35
10.49
575,900
Jul 1, 2025
16.30
16.42
16.20
16.36
10.50
423,400
Jun 30, 2025
16.50
16.50
16.25
16.25
10.43
493,400
Jun 27, 2025
16.29
16.45
16.08
16.44
10.55
569,500
Jun 26, 2025
16.00
16.21
15.97
16.19
10.39
328,500
Jun 25, 2025
16.05
16.13
15.90
15.97
10.25
151,000
Jun 24, 2025
15.91
16.05
15.88
15.97
10.25
221,600
Jun 23, 2025
15.72
15.81
15.62
15.69
10.07
386,500
Jun 20, 2025
16.04
16.10
15.66
15.77
10.12
279,100
Jun 18, 2025
16.02
16.22
15.93
15.95
10.24
133,000
Jun 17, 2025
16.02
16.17
16.02
16.02
10.28
149,600
Jun 16, 2025
15.92
16.14
15.86
16.08
10.32
239,100
Jun 13, 2025
15.74
15.97
15.67
15.84
10.17
231,000
Jun 12, 2025
15.82
15.93
15.79
15.93
10.22
70,700
Jun 11, 2025
16.06
16.13
15.85
15.85
10.17
227,400
Jun 10, 2025
16.01
16.12
15.92
16.12
10.35
192,500
Jun 9, 2025
15.90
16.09
15.82
16.03
10.29
397,700
Jun 6, 2025
15.75
15.90
15.68
15.85
10.17
524,300
Jun 5, 2025
0.596 Dividend 

Jun 5, 2025
15.68
15.82
15.51
15.52
9.96
391,500
Jun 4, 2025
16.13
16.18
16.03
16.15
9.98
437,800
Jun 3, 2025
16.13
16.20
16.01
16.07
9.93
389,900
Jun 2, 2025
16.00
16.10
15.85
16.09
9.95
253,700
May 30, 2025
15.95
16.01
15.75
15.97
9.87
189,600
May 29, 2025
16.05
16.06
15.88
15.93
9.85
144,300
May 28, 2025
15.92
15.99
15.84
15.90
9.83
120,900
May 27, 2025
15.71
15.94
15.71
15.94
9.85
277,100
May 23, 2025
15.53
15.69
15.43
15.58
9.63
188,600
May 22, 2025
15.66
15.90
15.53
15.78
9.75
148,900
May 21, 2025
15.65
15.77
15.53
15.58
9.63
200,200
May 20, 2025
15.81
15.88
15.70
15.82
9.78
158,600
May 19, 2025
15.64
15.94
15.58
15.93
9.85
268,300
May 16, 2025
15.96
15.96
15.78
15.84
9.79
125,500
May 15, 2025
15.96
15.96
15.66
15.85
9.80
238,700
May 14, 2025
16.14
16.21
16.07
16.10
9.95
242,500
May 13, 2025
16.17
16.33
16.11
16.13
9.97
238,100
May 12, 2025
16.09
16.12
15.86
16.00
9.89
337,000
May 9, 2025
15.30
15.33
15.17
15.30
9.46
311,800
May 8, 2025
0.796 Dividend 

May 8, 2025
15.11
15.30
14.99
15.22
9.41
400,600
May 7, 2025
15.56
15.87
15.49
15.75
9.24
275,300
May 6, 2025
15.50
15.67
15.39
15.49
9.09
195,200
May 5, 2025
15.57
15.68
15.50
15.57
9.14
196,000
May 2, 2025
15.75
15.94
15.49
15.75
9.24
266,200
May 1, 2025
15.65
15.67
15.42
15.52
9.11
162,300
Apr 30, 2025
15.10
15.24
14.82
15.23
8.94
147,400
Apr 29, 2025
15.24
15.44
15.13
15.43
9.06
163,700
Apr 28, 2025
15.60
15.60
15.24
15.38
9.03
140,100
Apr 25, 2025
15.39
15.53
15.37
15.49
9.09
219,600
Apr 24, 2025
15.04
15.36
15.04
15.33
9.00
91,300
Apr 23, 2025
15.20
15.34
15.01
15.08
8.85
144,900
Apr 22, 2025
14.21
14.77
14.21
14.49
8.50
147,900
Apr 21, 2025
14.23
14.23
13.89
14.07
8.26
320,500
Apr 17, 2025
14.71
14.71
14.42
14.47
8.49
95,500
Apr 16, 2025
14.73
14.87
14.34
14.57
8.55
287,000
Apr 15, 2025
15.01
15.14
14.81
14.92
8.76
116,000
Apr 14, 2025
15.41
15.41
14.89
15.14
8.89
163,000
Apr 11, 2025
14.92
15.26
14.77
15.19
8.91
270,700
Apr 10, 2025
0.488 Dividend 

Apr 10, 2025
15.14
15.19
14.54
14.85
8.72
205,500
Apr 9, 2025
14.64
15.92
14.56
15.77
8.97
298,600
Apr 8, 2025
15.49
15.52
14.44
14.64
8.33
269,900
Apr 7, 2025
13.86
15.34
13.84
14.84
8.44
451,400
Apr 4, 2025
14.20
15.07
14.18
14.59
8.30
498,000
Apr 3, 2025
15.53
15.57
15.01
15.16
8.62
429,000
Apr 2, 2025
15.91
16.54
15.88
16.44
9.35
160,600
Apr 1, 2025
15.92
16.28
15.87
16.20
9.21
105,400
Mar 31, 2025
15.87
16.10
15.63
16.04
9.12
256,400
Mar 28, 2025
16.60
16.66
16.15
16.23
9.23
209,500
Mar 27, 2025
16.63
16.76
16.61
16.72
9.51
182,700
Mar 26, 2025
16.88
16.88
16.60
16.64
9.46
86,600
Mar 25, 2025
16.71
16.86
16.71
16.86
9.59
166,700
Mar 24, 2025
16.56
16.73
16.56
16.69
9.49
414,700
Mar 21, 2025
16.16
16.39
16.08
16.38
9.32
90,300
Mar 20, 2025
16.14
16.56
16.09
16.26
9.25
131,000
Mar 19, 2025
16.11
16.31
16.00
16.27
9.25
141,100
Mar 18, 2025
16.01
16.15
15.79
16.09
9.15
124,100
Mar 17, 2025
16.39
16.45
16.16
16.24
9.24
180,900
Mar 14, 2025
16.26
16.41
16.19
16.36
9.30
197,600
Mar 13, 2025
0.418 Dividend 

Mar 13, 2025
16.41
16.41
15.90
16.05
9.13
299,200
Mar 12, 2025
16.70
16.88
16.54
16.81
9.32
254,400
Mar 11, 2025
16.45
16.78
16.37
16.60
9.21
196,100
Mar 10, 2025
16.58
16.58
16.16
16.45
9.12
279,200
Mar 7, 2025
16.88
16.99
16.28
16.77
9.30
310,600
Mar 6, 2025
17.11
17.24
16.71
16.86
9.35
226,400
Mar 5, 2025
17.15
17.48
17.06
17.43
9.67
112,300
Mar 4, 2025
16.80
17.27
16.61
17.14
9.51
309,100
Mar 3, 2025
17.86
17.89
17.02
17.18
9.53
218,400
Feb 28, 2025
17.49
17.74
17.33
17.69
9.81
165,100
Feb 27, 2025
18.03
18.15
17.43
17.49
9.70
172,800
Feb 26, 2025
17.83
18.04
17.75
17.85
9.90
151,800
Feb 25, 2025
17.59
17.73
17.05
17.67
9.80
394,000
Feb 24, 2025
18.03
18.05
17.68
17.69
9.81
267,500
Feb 21, 2025
18.44
18.46
17.86
17.96
9.96
465,300
Feb 20, 2025
18.66
18.66
18.38
18.48
10.25
279,200
Feb 19, 2025
18.70
18.77
18.53
18.77
10.41
196,700
Feb 18, 2025
18.86
18.88
18.52
18.76
10.40
409,800
Feb 14, 2025
18.92
18.92
18.76
18.87
10.46
438,000
Feb 13, 2025
0.548 Dividend 

Feb 13, 2025
18.92
18.96
18.73
18.96
10.51
379,900
Feb 12, 2025
19.58
19.58
19.32
19.40
10.45
314,600
Feb 11, 2025
19.55
19.64
19.45
19.61
10.57
238,700
Feb 10, 2025
19.46
19.67
19.37
19.64
10.58
264,500
Feb 7, 2025
19.54
19.77
19.22
19.30
10.40
695,100
Feb 6, 2025
19.76
19.91
19.65
19.91
10.73
443,700
Feb 5, 2025
19.90
19.90
19.63
19.71
10.62
250,700
Feb 4, 2025
19.90
20.08
19.82
20.08
10.82
278,200
Feb 3, 2025
19.49
19.86
19.47
19.79
10.67
247,400
Jan 31, 2025
19.75
19.93
19.73
19.81
10.68
233,700
Jan 30, 2025
19.69
19.73
19.36
19.57
10.55
148,300
Jan 29, 2025
19.76
19.78
19.59
19.65
10.59
120,000
Jan 28, 2025
19.40
19.89
19.40
19.71
10.62
438,200
Jan 27, 2025
18.90
19.50
18.85
19.48
10.50
357,200
Jan 24, 2025
19.50
19.57
19.34
19.45
10.48
283,300
Jan 23, 2025
19.40
19.51
19.22
19.51
10.51
180,200
Jan 22, 2025
19.24
19.47
19.22
19.43
10.47
380,800
Jan 21, 2025
19.00
19.25
18.96
19.14
10.31
949,000
Jan 17, 2025
18.83
18.94
18.78
18.89
10.18
433,700
Jan 16, 2025
0.401 Dividend 

Jan 16, 2025
18.90
18.90
18.59
18.64
10.05
262,800
Jan 15, 2025
19.09
19.20
19.00
19.20
10.13
366,200
Jan 14, 2025
18.98
19.02
18.60
18.73
9.88
368,900
Jan 13, 2025
18.79
18.84
18.63
18.80
9.92
469,100
Jan 10, 2025
18.94
18.95
18.61
18.78
9.91
381,500
Jan 8, 2025
19.04
19.08
18.88
19.04
10.05
328,800
Jan 7, 2025
19.49
19.49
18.97
19.02
10.04
388,700
Jan 6, 2025
19.38
19.52
19.27
19.46
10.27
356,800
Jan 3, 2025
19.11
19.26
19.05
19.23
10.15
206,900
Jan 2, 2025
19.10
19.19
18.75
18.94
9.99
271,500
Dec 31, 2024
19.09
19.09
18.81
18.81
9.93
240,300
Dec 30, 2024
18.92
19.05
18.74
18.97
10.01
296,400
Dec 27, 2024
19.40
19.40
18.91
19.12
10.09
395,700
Dec 26, 2024
19.44
19.50
19.39
19.45
10.26
230,400
Dec 24, 2024
19.41
19.54
19.32
19.54
10.31
162,100
Dec 23, 2024
19.24
19.32
19.12
19.25
10.16
725,800
Dec 20, 2024
18.82
19.27
18.70
19.19
10.13
391,800
Dec 19, 2024
0.862 Dividend 

Dec 19, 2024
19.15
19.22
19.01
19.06
10.06
368,200
Dec 18, 2024
20.48
20.54
19.62
19.69
9.93
814,000
Dec 17, 2024
20.56
20.60
20.25
20.53
10.36
470,600
Dec 16, 2024
20.45
20.62
20.27
20.62
10.40
495,700
Dec 13, 2024
20.34
20.39
20.08
20.23
10.21
278,400
Dec 12, 2024
20.37
20.45
20.22
20.34
10.26
334,000
Dec 11, 2024
20.28
20.44
20.28
20.39
10.29
320,400
Dec 10, 2024
20.28
20.37
20.15
20.22
10.20
215,700
Dec 9, 2024
20.26
20.40
20.20
20.25
10.22
314,400
Dec 6, 2024
19.98
20.25
19.91
20.25
10.22
338,600
Dec 5, 2024
19.73
19.97
19.64
19.90
10.04
311,000
Dec 4, 2024
19.67
19.82
19.63
19.73
9.95
333,100
Dec 3, 2024
19.33
19.54
19.28
19.53
9.85
330,800
Dec 2, 2024
19.28
19.44
19.23
19.34
9.76
287,400
Nov 29, 2024
19.02
19.14
18.87
19.14
9.66
165,600
Nov 27, 2024
19.09
19.09
18.89
18.97
9.57
244,200
Nov 26, 2024
18.83
19.07
18.80
19.07
9.62
382,700
Nov 25, 2024
18.63
18.79
18.60
18.79
9.48
433,900
Nov 22, 2024
18.57
18.57
18.38
18.45
9.31
425,100
Nov 21, 2024
1.173 Dividend 

Nov 21, 2024
18.99
18.99
18.26
18.50
9.33
813,400
Nov 20, 2024
20.08
20.08
19.77
20.08
9.54
643,700
Nov 19, 2024
19.75
20.21
19.73
20.19
9.59
406,600
Nov 18, 2024
20.05
20.12
19.87
19.91
9.46
515,600
Nov 15, 2024
20.48
20.48
19.72
19.98
9.49
474,300
Nov 14, 2024
20.99
21.08
20.76
20.82
9.89
147,300
Nov 13, 2024
20.61
21.01
20.61
20.97
9.96
204,700
Nov 12, 2024
20.51
20.58
20.27
20.55
9.76
169,300
Nov 11, 2024
20.44
20.54
20.23
20.32
9.65
279,300
Nov 8, 2024
20.59
20.59
20.38
20.46
9.72
140,900
Nov 7, 2024
20.50
20.65
20.48
20.62
9.80
177,100
Nov 6, 2024
20.00
20.50
19.97
20.46
9.72
387,200
Nov 5, 2024
19.58
19.97
19.58
19.95
9.48
134,500
Nov 4, 2024
19.58
19.72
19.45
19.58
9.30
159,200
Nov 1, 2024
19.50
19.90
19.50
19.75
9.38
1,834,900
Oct 31, 2024
19.11
19.11
18.56
18.66
8.87
197,000
Oct 30, 2024
19.20
19.29
19.09
19.16
9.10
202,400
Oct 29, 2024
18.87
19.01
18.76
19.00
9.03
173,400
Oct 28, 2024
18.93
18.95
18.79
18.83
8.95
265,300
Oct 25, 2024
18.77
18.97
18.76
18.77
8.92
241,900
Oct 24, 2024
0.763 Dividend 

Oct 24, 2024
18.61
18.71
18.45
18.68
8.87
281,600
Oct 23, 2024
19.70
19.70
19.17
19.31
8.81
316,800
Oct 22, 2024
19.68
19.85
19.51
19.75
9.01
182,900
Oct 21, 2024
19.80
19.80
19.44
19.68
8.98
301,200
Oct 18, 2024
19.61
19.78
19.55
19.69
8.98
198,900
Oct 17, 2024
19.55
19.63
19.46
19.55
8.92
194,200
Oct 16, 2024
19.54
19.54
19.43
19.49
8.89
198,400
Oct 15, 2024
19.51
19.57
19.33
19.52
8.91
91,200
Oct 14, 2024
19.60
19.61
19.48
19.48
8.89
293,300
Oct 11, 2024
19.50
19.61
19.40
19.55
8.92
217,800
Oct 10, 2024
19.40
19.48
19.35
19.43
8.87
215,800
Oct 9, 2024
19.15
19.33
19.04
19.31
8.81
123,500
Oct 8, 2024
19.00
19.12
18.93
19.11
8.72
112,500
Oct 7, 2024
19.20
19.20
18.85
18.91
8.63
297,500
Oct 4, 2024
19.40
19.48
19.15
19.43
8.87
101,100
Oct 3, 2024
19.22
19.22
18.93
19.04
8.69
141,900
Oct 2, 2024
19.29
19.43
19.21
19.29
8.80
78,100
Oct 1, 2024
19.35
19.40
19.17
19.31
8.81
198,600
Sep 30, 2024
19.55
19.62
19.28
19.39
8.85
151,300
Sep 27, 2024
19.90
19.90
19.52
19.59
8.94
135,000
Sep 26, 2024
20.00
20.00
19.69
19.80
9.03
123,800
Sep 25, 2024
19.99
19.99
19.86
19.87
9.07
85,700
Sep 24, 2024
19.96
20.03
19.70
19.99
9.12
134,600
Sep 23, 2024
19.80
19.99
19.75
19.92
9.09
201,000
Sep 20, 2024
19.65
19.78
19.45
19.78
9.03
515,500
Sep 19, 2024
19.68
19.70
19.57
19.65
8.96
146,700
Sep 18, 2024
19.43
19.55
19.31
19.45
8.88
72,200
Sep 17, 2024
19.40
19.63
19.38
19.42
8.86
106,800
Sep 16, 2024
19.39
19.39
19.15
19.25
8.78
111,200
Sep 13, 2024
19.36
19.53
19.33
19.37
8.84
83,200
Sep 12, 2024
19.16
19.42
19.14
19.41
8.86
252,300
Sep 11, 2024
19.09
19.15
18.77
19.12
8.72
132,300
Sep 10, 2024
18.84
19.02
18.84
19.02
8.68
137,900
Sep 9, 2024
18.63
18.77
18.54
18.71
8.54
211,800
Sep 6, 2024
0.656 Dividend 

Sep 6, 2024
18.90
18.92
18.31
18.31
8.36
173,300
Sep 5, 2024
19.31
19.63
19.31
19.49
8.59
180,000
Sep 4, 2024
19.36
19.40
19.08
19.17
8.45
135,200
Sep 3, 2024
19.50
19.55
19.29
19.39
8.55
114,200
Aug 30, 2024
19.07
19.58
19.04
19.58
8.63
74,200
Aug 29, 2024
19.02
19.20
18.88
19.02
8.39
89,000
Aug 28, 2024
19.10
19.10
18.66
18.81
8.29
165,000
Aug 27, 2024
19.29
19.29
18.96
19.02
8.39
136,500
Aug 26, 2024
19.41
19.44
19.15
19.30
8.51
168,200
Aug 23, 2024
19.43
19.56
19.22
19.38
8.55
179,900
Aug 22, 2024
19.79
19.79
19.24
19.31
8.51
188,900
Aug 21, 2024
19.61
19.79
19.53
19.68
8.68
103,800
Aug 20, 2024
19.40
19.52
19.39
19.52
8.61
121,900
Aug 19, 2024
19.31
19.45
19.23
19.45
8.58
279,900
Aug 16, 2024
19.40
19.41
19.29
19.33
8.52
149,300
Aug 15, 2024
19.31
19.38
19.30
19.38
8.55
166,900
Aug 14, 2024
19.17
19.20
19.05
19.15
8.44
84,700
Aug 13, 2024
18.86
19.15
18.84
19.08
8.41
215,200
Aug 12, 2024
18.85
18.95
18.72
18.78
8.28
172,800
Aug 9, 2024
18.70
18.91
18.70
18.75
8.27
148,900
Aug 8, 2024
18.50
18.72
18.30
18.69
8.24
232,800
Aug 7, 2024
0.474 Dividend 

Aug 7, 2024
18.64
18.77
18.16
18.28
8.06
199,400
Aug 6, 2024
18.60
19.00
18.33
18.68
8.03
398,600
Aug 5, 2024
17.71
18.74
17.58
18.49
7.95
416,700
Aug 2, 2024
19.14
19.26
18.32
19.15
8.23
871,600
Aug 1, 2024
21.18
21.24
20.54
20.74
8.91
386,700
Jul 31, 2024
20.73
21.00
20.73
20.98
9.02
205,100
Jul 30, 2024
20.78
20.82
20.27
20.45
8.79
300,500
Jul 29, 2024
20.60
20.73
20.56
20.63
8.87
202,700
Jul 26, 2024
20.41
20.59
20.33
20.54
8.83
122,200
Jul 25, 2024
20.51
20.65
19.91
20.25
8.70
269,400
Jul 24, 2024
20.75
20.83
20.31
20.36
8.75
208,000
Jul 23, 2024
20.71
21.22
20.62
20.93
8.99
297,800
Jul 22, 2024
20.71
20.75
20.50
20.54
8.83
162,300
Jul 19, 2024
20.40
20.70
20.25
20.51
8.81
260,100
Jul 18, 2024
21.10
21.14
20.36
20.61
8.86
239,200
Jul 17, 2024
21.38
21.38
20.81
21.01
9.03
279,000
Jul 16, 2024
21.66
21.79
21.45
21.52
9.25
150,800
Jul 15, 2024
21.68
21.78
21.29
21.48
9.23
318,700
Jul 12, 2024
21.70
21.80
21.53
21.64
9.30
274,000
Jul 11, 2024
22.21
22.21
21.43
21.69
9.32
370,800
Jul 10, 2024
22.11
22.17
21.90
22.12
9.51
232,900
Jul 9, 2024
22.07
22.16
22.05
22.09
9.49
283,500
Jul 8, 2024
22.09
22.17
21.91
22.04
9.47
353,100
Jul 5, 2024
0.765 Dividend 

Jul 5, 2024
21.99
22.17
21.90
22.12
9.51
431,300
Jul 3, 2024
22.84
22.84
22.48
22.58
9.38
362,900
Jul 2, 2024
22.55
22.85
22.39
22.84
9.48
423,500
Jul 1, 2024
22.15
22.61
22.00
22.52
9.35
340,100
Jun 28, 2024
22.60
22.67
21.97
22.08
9.17
518,900
Jun 27, 2024
22.59
22.63
22.51
22.57
9.37
361,000
Jun 26, 2024
22.23
22.53
22.16
22.51
9.35
256,900
Jun 25, 2024
22.20
22.33
22.10
22.18
9.21
161,000
Jun 24, 2024
22.34
22.42
22.05
22.12
9.18
540,500
Jun 21, 2024
22.17
22.20
22.07
22.20
9.22
262,100
Jun 20, 2024
21.75
22.05
21.74
22.04
9.15
197,700
Jun 18, 2024
21.81
21.83
21.57
21.74
9.03
221,500
Jun 17, 2024
21.69
21.88
21.54
21.82
9.06
294,500
Jun 14, 2024
21.72
21.75
21.60
21.75
9.03
141,700
Jun 13, 2024
22.08
22.17
21.66
21.77
9.04
193,300
Jun 12, 2024
22.20
22.21
21.91
22.04
9.15
216,100
Jun 11, 2024
22.08
22.09
21.82
22.08
9.17
151,700
Jun 10, 2024
21.79
22.07
21.75
22.03
9.15
326,700
Jun 7, 2024
21.94
21.94
21.75
21.75
9.03
378,300
Jun 6, 2024
0.954 Dividend 

Jun 6, 2024
21.86
21.91
21.82
21.86
9.08
287,900
Jun 5, 2024
22.68
22.77
22.56
22.76
9.05
317,100
Jun 4, 2024
22.48
22.63
22.33
22.60
8.99
177,200
Jun 3, 2024
22.42
22.48
22.22
22.48
8.94
224,600
May 31, 2024
22.55
22.60
21.95
22.29
8.87
458,700
May 30, 2024
22.93
22.93
22.55
22.66
9.01
232,700
May 29, 2024
22.91
23.10
22.90
22.96
9.13
170,100
May 28, 2024
22.72
22.96
22.67
22.96
9.13
227,200
May 24, 2024
22.85
22.93
22.71
22.72
9.04
117,500
May 23, 2024
23.09
23.15
22.62
22.72
9.04
216,800
May 22, 2024
23.09
23.19
22.84
23.01
9.15
118,700
May 21, 2024
22.90
23.01
22.70
23.01
9.15
199,600
May 20, 2024
23.11
23.28
22.99
23.02
9.16
187,800
May 17, 2024
23.04
23.18
22.97
23.07
9.18
218,100
May 16, 2024
23.18
23.28
22.95
22.95
9.13
208,600
May 15, 2024
23.17
23.23
22.86
23.17
9.22
141,100
May 14, 2024
23.00
23.28
22.93
23.24
9.24
128,800
May 13, 2024
23.21
23.24
23.08
23.15
9.21
132,600
May 10, 2024
23.31
23.31
23.13
23.24
9.24
99,700
May 9, 2024
23.22
23.30
23.10
23.24
9.24
140,600
May 8, 2024
23.01
23.16
23.00
23.12
9.20
167,800
May 7, 2024
23.15
23.21
23.06
23.14
9.21
217,200
May 6, 2024
0.973 Dividend 

May 6, 2024
22.98
23.10
22.82
23.06
9.17
144,600
May 3, 2024
23.98
24.10
23.81
23.96
9.14
163,500
May 2, 2024
23.26
23.75
23.14
23.74
9.06
140,900
May 1, 2024
22.97
23.69
22.74
23.00
8.78
180,200
Apr 30, 2024
22.81
22.86
22.25
22.28
8.50
163,200
Apr 29, 2024
23.02
23.04
22.65
22.80
8.70
91,100
Apr 26, 2024
22.57
22.90
22.36
22.80
8.70
70,100
Apr 25, 2024
21.64
22.12
21.17
22.06
8.42
133,700
Apr 24, 2024
22.83
22.83
22.37
22.43
8.56
53,100
Apr 23, 2024
22.61
22.78
22.37
22.69
8.66
57,200
Apr 22, 2024
22.39
22.61
22.18
22.43
8.56
118,600
Apr 19, 2024
22.69
22.69
21.99
22.08
8.43
178,400
Apr 18, 2024
22.90
23.06
22.61
22.66
8.65
46,100
Apr 17, 2024
23.23
23.29
22.75
22.93
8.75
84,200
Apr 16, 2024
23.15
23.31
23.03
23.19
8.85
64,000
Apr 15, 2024
23.49
23.65
23.11
23.15
8.84
84,600
Apr 12, 2024
23.59
23.62
23.25
23.38
8.92
73,600
Apr 11, 2024
23.46
23.73
23.32
23.65
9.03
78,400
Apr 10, 2024
23.00
23.35
22.97
23.34
8.91
64,200
Apr 9, 2024
23.43
23.43
23.15
23.23
8.87
53,000
Apr 8, 2024
23.41
23.41
23.18
23.26
8.88
124,100
Apr 5, 2024
23.04
23.26
23.02
23.12
8.82
122,100
Apr 4, 2024
0.697 Dividend 

Apr 4, 2024
23.19
23.21
22.81
22.81
8.71
128,000
Apr 3, 2024
23.62
23.79
23.54
23.78
8.81
133,500
Apr 2, 2024
23.42
23.60
23.35
23.60
8.74
52,500
Apr 1, 2024
23.56
23.70
23.47
23.52
8.71
68,900
Mar 28, 2024
23.37
23.55
23.37
23.50
8.71
50,000
Mar 27, 2024
23.38
23.38
23.15
23.38
8.66
31,800
Mar 26, 2024
23.36
23.37
23.20
23.20
8.59
47,500
Mar 25, 2024
23.16
23.35
23.12
23.32
8.64
55,800
Mar 22, 2024
23.08
23.24
22.92
23.22
8.60
40,500
Mar 21, 2024
23.20
23.23
23.10
23.10
8.56
51,600
Mar 20, 2024
22.83
23.07
22.64
23.03
8.53
45,400
Mar 19, 2024
22.53
22.79
22.53
22.79
8.44
115,200
Mar 18, 2024
22.84
22.87
22.55
22.62
8.38
57,600
Mar 15, 2024
22.84
22.87
22.50
22.58
8.36
71,000
Mar 14, 2024
22.88
22.97
22.76
22.96
8.51
63,400
Mar 13, 2024
22.67
22.85
22.65
22.71
8.41
35,600
Mar 12, 2024
22.35
22.70
22.22
22.63
8.38
39,200
Mar 11, 2024
22.50
22.50
22.10
22.16
8.21
68,100
Mar 8, 2024
22.72
22.95
22.41
22.50
8.34
64,000
Mar 7, 2024
22.40
22.80
22.34
22.69
8.41
26,900
Mar 6, 2024
0.643 Dividend 

Mar 6, 2024
22.58
22.62
22.25
22.25
8.24
75,600
Mar 5, 2024
23.37
23.37
22.90
23.00
8.28
88,900
Mar 4, 2024
23.43
23.62
23.40
23.42
8.43
90,300
Mar 1, 2024
23.41
23.46
23.30
23.44
8.44
60,400
Feb 29, 2024
23.00
23.35
23.00
23.34
8.40
32,100
Feb 28, 2024
22.92
23.08
22.90
23.00
8.28
45,800
Feb 27, 2024
23.05
23.07
22.90
23.01
8.29
75,900
Feb 26, 2024
23.15
23.15
23.01
23.07
8.31
58,200
Feb 23, 2024
22.95
23.07
22.91
23.07
8.31
31,800
Feb 22, 2024
22.70
22.95
22.68
22.95
8.26
73,700
Feb 21, 2024
22.40
22.40
22.12
22.24
8.01
33,400
Feb 20, 2024
22.18
22.23
21.94
22.12
7.97
75,700
Feb 16, 2024
22.24
22.42
22.03
22.34
8.04
42,500
Feb 15, 2024
22.46
22.46
22.11
22.37
8.06
29,300
Feb 14, 2024
22.22
22.52
22.16
22.50
8.10
46,500
Feb 13, 2024
22.18
22.45
21.87
22.21
8.00
57,100
Feb 12, 2024
22.83
22.83
22.51
22.60
8.14
86,900
Feb 9, 2024
22.34
22.79
22.31
22.75
8.19
56,800
Feb 8, 2024
22.16
22.40
22.16
22.27
8.02
49,200
Feb 7, 2024
0.684 Dividend 

Feb 7, 2024
22.18
22.37
22.17
22.34
8.04
50,900
Feb 6, 2024
22.85
22.98
22.61
22.84
7.98
77,400
Feb 5, 2024
22.92
22.95
22.60
22.94
8.01
47,900
Feb 2, 2024
22.71
23.14
22.68
23.06
8.06
116,500
Feb 1, 2024
21.12
21.49
21.12
21.47
7.50
28,400
Jan 31, 2024
21.22
21.40
21.02
21.06
7.36
41,200
Jan 30, 2024
21.80
21.80
21.36
21.39
7.47
33,300
Jan 29, 2024
21.51
21.74
21.44
21.74
7.59
78,100
Jan 26, 2024
21.36
21.51
21.36
21.51
7.51
59,400
Jan 25, 2024
21.22
21.36
21.06
21.33
7.45
41,500
Jan 24, 2024
21.20
21.32
21.17
21.22
7.41
36,300
Jan 23, 2024
20.98
21.10
20.83
21.06
7.36
26,200
Jan 22, 2024
21.14
21.14
20.79
20.92
7.31
69,900
Jan 19, 2024
20.82
21.03
20.65
21.01
7.34
43,900
Jan 18, 2024
20.67
20.74
20.51
20.71
7.23
52,500
Jan 17, 2024
20.49
20.52
20.26
20.47
7.15
42,500
Jan 16, 2024
20.76
20.83
20.55
20.71
7.23
48,900
Jan 12, 2024
20.88
20.88
20.84
20.84
7.28
34,900
Jan 11, 2024
20.83
20.88
20.79
20.85
7.28
63,900
Jan 10, 2024
20.73
20.85
20.73
20.80
7.27
50,300
Jan 9, 2024
20.46
20.74
20.46
20.68
7.22
59,300
Jan 8, 2024
20.25
20.56
20.22
20.51
7.16
45,200
Jan 5, 2024
0.368 Dividend 

Jan 5, 2024
20.03
20.27
20.02
20.06
7.01
77,100
Jan 4, 2024
20.53
20.75
20.25
20.35
6.98
133,400
Jan 3, 2024
21.01
21.21
20.91
20.91
7.17
49,800
Jan 2, 2024
21.33
21.33
20.90
21.15
7.25
78,300
Dec 29, 2023
21.49
21.55
21.25
21.39
7.34
32,300
Dec 28, 2023
21.52
21.56
21.40
21.47
7.36
37,300
Dec 27, 2023
21.49
21.59
21.44
21.49
7.37
43,000
Dec 26, 2023
21.40
21.46
21.40
21.41
7.34
57,500
Dec 22, 2023
21.47
21.47
21.42
21.44
7.35
25,300
Dec 21, 2023
21.44
21.45
21.38
21.41
7.34
36,000
Dec 20, 2023
21.43
21.45
21.34
21.41
7.34
37,000
Dec 19, 2023
21.37
21.42
21.35
21.42
7.35
32,600
Dec 18, 2023
21.20
21.40
21.20
21.40
7.34
49,400
Dec 15, 2023
20.95
21.19
20.95
21.17
7.26
83,700
Dec 14, 2023
21.04
21.05
20.68
20.92
7.18
92,600
Dec 13, 2023
20.81
20.96
20.71
20.95
7.19
45,200
Dec 12, 2023
20.54
20.80
20.54
20.77
7.12
36,700
Dec 11, 2023
20.62
20.66
20.38
20.61
7.07
65,900
Dec 8, 2023
20.54
20.84
20.51
20.82
7.14
36,500
Dec 7, 2023
0.469 Dividend 

Dec 7, 2023
20.50
20.75
20.49
20.69
7.10
43,700
Dec 6, 2023
21.18
21.18
20.81
20.81
6.98
83,600
Dec 5, 2023
20.71
21.18
20.65
21.11
7.08
76,100
Dec 4, 2023
20.93
20.93
20.61
20.88
7.00
69,700
Dec 1, 2023
20.94
21.09
20.90
21.09
7.07
45,200
Nov 30, 2023
20.79
21.07
20.71
20.93
7.02
48,500
Nov 29, 2023
21.20
21.25
20.94
21.00
7.04
51,000
Nov 28, 2023
21.06
21.14
20.86
21.10
7.07
50,500
Nov 27, 2023
21.01
21.24
21.01
21.13
7.08
72,200
Nov 24, 2023
20.96
20.99
20.81
20.99
7.04
24,500
Nov 22, 2023
20.95
20.99
20.92
20.94
7.02
43,400
Nov 21, 2023
20.88
20.94
20.78
20.93
7.02
45,200
Nov 20, 2023
20.89
20.97
20.86
20.97
7.03
34,900
Nov 17, 2023
20.78
20.85
20.70
20.85
6.99
79,700
Nov 16, 2023
20.58
20.76
20.42
20.71
6.94
78,700
Nov 15, 2023
20.84
20.84
20.66
20.71
6.94
33,400
Nov 14, 2023
20.71
20.81
20.71
20.74
6.95
50,100
Nov 13, 2023
20.54
20.63
20.41
20.61
6.91
58,500
Nov 10, 2023
20.42
20.64
20.42
20.60
6.91
76,700
Nov 9, 2023
20.55
20.59
20.41
20.49
6.87
70,900
Nov 8, 2023
0.544 Dividend 

Nov 8, 2023
20.56
20.56
20.45
20.50
6.87
66,000
Nov 7, 2023
20.94
21.11
20.93
21.05
6.88
102,200
Nov 6, 2023
20.75
20.91
20.67
20.87
6.82
82,700
Nov 3, 2023
20.78
20.80
20.75
20.77
6.78
95,100
Nov 2, 2023
20.75
20.78
20.70
20.78
6.79
70,800
Nov 1, 2023
20.58
20.74
20.55
20.74
6.77
132,300
Oct 31, 2023
20.44
20.48
20.34
20.46
6.68
80,100
Oct 30, 2023
20.09
20.43
20.08
20.43
6.67
101,300
Oct 27, 2023
19.59
20.07
19.49
19.86
6.49
104,100
Oct 26, 2023
18.66
18.74
18.30
18.55
6.06
87,600
Oct 25, 2023
19.52
19.52
18.71
18.77
6.13
105,900
Oct 24, 2023
19.68
19.82
19.50
19.77
6.46
80,600
Oct 23, 2023
19.20
19.69
19.16
19.52
6.38
94,500
Oct 20, 2023
19.70
19.70
19.27
19.32
6.31
100,300
Oct 19, 2023
19.93
20.14
19.57
19.71
6.44
100,200
Oct 18, 2023
19.94
20.00
19.60
19.68
6.43
63,200
Oct 17, 2023
20.12
20.23
19.78
20.14
6.58
60,900
Oct 16, 2023
20.00
20.26
19.92
20.17
6.59
68,400
Oct 13, 2023
19.90
19.90
19.75
19.87
6.49
45,800
Oct 12, 2023
19.85
19.93
19.77
19.88
6.49
93,500
Oct 11, 2023
19.73
19.82
19.66
19.82
6.47
57,800
Oct 10, 2023
19.58
19.71
19.50
19.63
6.41
57,500
Oct 9, 2023
19.19
19.52
19.03
19.49
6.37
48,300
Oct 6, 2023
0.634 Dividend 

Oct 6, 2023
18.89
19.53
18.87
19.47
6.36
79,800
Oct 5, 2023
20.11
20.11
19.51
19.74
6.24
150,300
Oct 4, 2023
19.80
19.94
19.74
19.94
6.30
42,200
Oct 3, 2023
20.05
20.06
19.51
19.53
6.17
52,700
Oct 2, 2023
19.86
20.29
19.84
20.19
6.38
76,700
Sep 29, 2023
19.98
20.11
19.74
19.82
6.26
47,600
Sep 28, 2023
19.39
19.76
19.23
19.67
6.22
44,200
Sep 27, 2023
19.64
19.85
19.36
19.65
6.21
47,700
Sep 26, 2023
20.26
20.26
19.57
19.66
6.21
75,000
Sep 25, 2023
20.10
20.43
20.05
20.36
6.44
49,100
Sep 22, 2023
20.31
20.44
20.00
20.03
6.33
48,300
Sep 21, 2023
20.52
20.53
20.10
20.12
6.36
107,800
Sep 20, 2023
21.42
21.62
20.98
20.99
6.63
73,900
Sep 19, 2023
21.58
21.58
21.04
21.32
6.74
109,300
Sep 18, 2023
21.75
21.85
21.57
21.71
6.86
68,700
Sep 15, 2023
21.80
21.82
21.61
21.71
6.86
70,000
Sep 14, 2023
21.87
21.88
21.76
21.84
6.90
49,300
Sep 13, 2023
21.64
21.84
21.64
21.84
6.90
55,200
Sep 12, 2023
21.71
21.71
21.57
21.65
6.84
71,200
Sep 11, 2023
21.40
21.76
21.40
21.72
6.87
120,000
Sep 8, 2023
0.471 Dividend 

Sep 8, 2023
21.15
21.43
21.10
21.33
6.74
56,900
Sep 7, 2023
21.14
21.77
21.00
21.73
6.72
91,100
Sep 6, 2023
21.50
21.65
21.26
21.34
6.60
71,200
Sep 5, 2023
21.75
21.75
21.40
21.57
6.67
81,900
Sep 1, 2023
21.75
21.75
21.65
21.72
6.72
57,700
Aug 31, 2023
21.45
21.71
21.45
21.69
6.71
66,600
Aug 30, 2023
21.44
21.51
21.31
21.44
6.63
52,000
Aug 29, 2023
21.20
21.43
21.19
21.42
6.62
45,200
Aug 28, 2023
21.21
21.21
21.00
21.18
6.55
67,200
Aug 25, 2023
20.98
21.22
20.77
21.15
6.54
36,600
Aug 24, 2023
21.61
21.61
20.90
20.90
6.46
73,700
Aug 23, 2023
21.34
21.53
21.19
21.47
6.64
24,800
Aug 22, 2023
21.42
21.43
21.21
21.30
6.59
53,400
Aug 21, 2023
21.18
21.38
21.08
21.35
6.60
38,200
Aug 18, 2023
20.88
21.19
20.86
21.09
6.52
51,300
Aug 17, 2023
21.35
21.47
21.12
21.21
6.56
34,400
Aug 16, 2023
21.66
21.68
21.35
21.35
6.60
39,000
Aug 15, 2023
22.08
22.16
21.68
21.76
6.73
47,000
Aug 14, 2023
21.75
22.08
21.69
22.08
6.83
49,900
Aug 11, 2023
21.67
21.94
21.61
21.77
6.73
22,500
Aug 10, 2023
21.92
22.10
21.67
21.83
6.75
47,800
Aug 9, 2023
22.02
22.02
21.55
21.68
6.71
46,200
Aug 8, 2023
22.01
22.01
21.75
21.97
6.79
42,900
Aug 7, 2023
21.93
22.20
21.82
22.19
6.86
61,600
Aug 4, 2023
21.76
22.02
21.67
21.83
6.75
185,500
Aug 3, 2023
19.89
20.17
19.73
20.07
6.21
58,800
Aug 2, 2023
20.24
20.24
19.78
19.95
6.17
95,500
Aug 1, 2023
20.64
20.64
20.40
20.40
6.31
67,500
Jul 31, 2023
20.57
20.66
20.51
20.63
6.38
74,400
Jul 28, 2023
20.16
20.55
20.11
20.46
6.33
104,400
Jul 27, 2023
20.28
20.46
19.90
19.93
6.16
148,200
Jul 26, 2023
19.74
20.03
19.67
19.93
6.16
125,400
Jul 25, 2023
20.10
20.10
20.00
20.05
6.20
206,100
