Date
Open
High
Low
Close 

Adj Close 

Volume

May 22, 2026
12.73
12.85
12.73
12.79
12.79
99,500
May 21, 2026
0.11 Dividend 

May 21, 2026
12.61
12.71
12.58
12.70
12.70
95,800
May 20, 2026
12.58
12.75
12.58
12.75
12.64
127,500
May 19, 2026
12.50
12.64
12.50
12.61
12.50
78,400
May 18, 2026
12.65
12.65
12.45
12.59
12.48
82,300
May 15, 2026
12.52
12.72
12.52
12.63
12.52
92,600
May 14, 2026
0.121 Dividend 

May 14, 2026
12.64
12.64
12.50
12.58
12.47
65,500
May 13, 2026
12.58
12.78
12.58
12.69
12.46
286,400
May 12, 2026
12.49
12.62
12.49
12.61
12.38
216,900
May 11, 2026
12.52
12.56
12.44
12.56
12.33
102,000
May 8, 2026
12.51
12.57
12.47
12.53
12.30
168,800
May 7, 2026
0.103 Dividend 

May 7, 2026
12.38
12.50
12.35
12.40
12.18
137,000
May 6, 2026
12.27
12.50
12.27
12.46
12.13
88,800
May 5, 2026
12.10
12.37
12.09
12.34
12.02
90,300
May 4, 2026
12.21
12.21
11.99
12.10
11.78
144,100
May 1, 2026
12.15
12.39
12.15
12.22
11.90
255,500
Apr 30, 2026
0.096 Dividend 

Apr 30, 2026
11.91
12.06
11.80
11.93
11.62
123,300
Apr 29, 2026
11.91
12.00
11.87
11.99
11.58
72,000
Apr 28, 2026
12.02
12.05
11.91
12.00
11.59
119,300
Apr 27, 2026
11.88
11.89
11.82
11.87
11.47
102,500
Apr 24, 2026
12.07
12.07
11.94
12.02
11.61
47,700
Apr 23, 2026
0.09 Dividend 

Apr 23, 2026
12.06
12.11
12.01
12.06
11.65
54,300
Apr 22, 2026
11.99
12.15
11.93
12.15
11.65
51,100
Apr 21, 2026
12.11
12.11
11.84
11.84
11.35
438,400
Apr 20, 2026
12.09
12.18
12.07
12.13
11.63
40,000
Apr 17, 2026
11.91
12.10
11.91
12.04
11.54
71,000
Apr 16, 2026
0.072 Dividend 

Apr 16, 2026
11.91
11.96
11.80
11.88
11.39
74,200
Apr 15, 2026
11.77
12.01
11.75
12.01
11.44
52,300
Apr 14, 2026
11.81
11.85
11.70
11.78
11.23
154,800
Apr 13, 2026
11.75
11.78
11.69
11.75
11.20
63,400
Apr 10, 2026
11.77
11.86
11.75
11.78
11.23
57,400
Apr 9, 2026
0.061 Dividend 

Apr 9, 2026
11.73
11.83
11.70
11.83
11.28
160,600
Apr 8, 2026
11.78
11.86
11.75
11.80
11.19
102,200
Apr 7, 2026
11.84
11.84
11.37
11.67
11.07
124,800
Apr 6, 2026
11.73
11.95
11.73
11.85
11.24
85,700
Apr 2, 2026
0.062 Dividend 

Apr 2, 2026
11.60
11.72
11.54
11.72
11.11
90,500
Apr 1, 2026
11.74
11.77
11.71
11.77
11.10
36,800
Mar 31, 2026
11.46
11.76
11.44
11.76
11.09
141,300
Mar 30, 2026
11.51
11.54
11.36
11.41
10.76
83,000
Mar 27, 2026
11.62
11.67
11.46
11.51
10.86
82,900
Mar 26, 2026
0.061 Dividend 

Mar 26, 2026
11.55
11.70
11.55
11.59
10.93
62,300
Mar 25, 2026
11.68
11.70
11.61
11.64
10.92
49,300
Mar 24, 2026
11.53
11.70
11.53
11.61
10.89
41,200
Mar 23, 2026
11.65
11.67
11.56
11.57
10.86
98,300
Mar 20, 2026
11.42
11.49
11.38
11.44
10.74
205,000
Mar 19, 2026
0.047 Dividend 

Mar 19, 2026
11.50
11.61
11.43
11.52
10.81
61,600
Mar 18, 2026
11.72
11.79
11.54
11.59
10.83
64,800
Mar 17, 2026
11.72
11.80
11.70
11.74
10.97
2,709,600
Mar 16, 2026
11.69
11.74
11.60
11.71
10.94
89,600
Mar 13, 2026
11.79
11.82
11.57
11.59
10.83
91,300
Mar 12, 2026
0.062 Dividend 

Mar 12, 2026
11.94
11.94
11.75
11.79
11.02
151,900
Mar 11, 2026
12.05
12.09
12.00
12.06
11.21
45,300
Mar 10, 2026
11.87
12.10
11.87
12.05
11.20
105,600
Mar 9, 2026
11.81
12.03
11.78
11.98
11.14
216,400
Mar 6, 2026
11.95
11.95
11.78
11.93
11.09
90,700
Mar 5, 2026
0.065 Dividend 

Mar 5, 2026
12.07
12.07
11.90
12.04
11.19
100,800
Mar 4, 2026
12.23
12.31
12.15
12.15
11.23
178,500
Mar 3, 2026
12.14
12.28
12.07
12.24
11.32
96,400
Mar 2, 2026
12.13
12.31
12.11
12.25
11.33
174,300
Feb 27, 2026
12.52
12.52
12.18
12.25
11.33
1,954,300
Feb 26, 2026
0.091 Dividend 

Feb 26, 2026
12.62
12.67
12.50
12.55
11.60
136,900
Feb 25, 2026
12.64
12.74
12.61
12.69
11.65
66,100
Feb 24, 2026
12.50
12.75
12.50
12.68
11.64
74,600
Feb 23, 2026
12.30
12.55
12.30
12.42
11.40
626,700
Feb 20, 2026
12.24
12.40
12.17
12.39
11.37
108,100
Feb 19, 2026
0.05 Dividend 

Feb 19, 2026
12.39
12.39
12.23
12.28
11.27
116,700
Feb 18, 2026
12.38
12.53
12.38
12.42
11.36
131,800
Feb 17, 2026
12.15
12.51
12.10
12.40
11.34
208,700
Feb 13, 2026
12.33
12.33
12.07
12.11
11.07
136,800
Feb 12, 2026
0.177 Dividend 

Feb 12, 2026
12.93
12.93
12.28
12.61
11.53
167,600
Feb 11, 2026
13.10
13.28
13.07
13.09
11.81
199,000
Feb 10, 2026
13.07
13.10
13.01
13.05
11.77
48,700
Feb 9, 2026
13.20
13.20
12.94
13.09
11.81
123,000
Feb 6, 2026
13.11
13.30
13.11
13.20
11.91
103,200
Feb 5, 2026
0.058 Dividend 

Feb 5, 2026
13.15
13.15
12.98
13.06
11.78
142,400
Feb 4, 2026
12.97
13.28
12.97
13.19
11.84
140,400
Feb 3, 2026
12.89
12.96
12.80
12.84
11.53
86,400
Feb 2, 2026
12.54
12.91
12.50
12.90
11.58
141,000
Jan 30, 2026
12.46
12.59
12.28
12.54
11.26
231,600
Jan 29, 2026
0.049 Dividend 

Jan 29, 2026
12.46
12.53
12.34
12.47
11.20
109,600
Jan 28, 2026
12.50
12.57
12.41
12.46
11.14
77,400
Jan 27, 2026
12.56
12.71
12.54
12.54
11.22
117,200
Jan 26, 2026
12.22
12.47
12.22
12.41
11.10
109,900
Jan 23, 2026
12.09
12.17
11.98
12.10
10.82
111,700
Jan 22, 2026
0.047 Dividend 

Jan 22, 2026
12.17
12.26
12.12
12.12
10.84
141,300
Jan 21, 2026
12.17
12.33
12.02
12.12
10.80
168,300
Jan 20, 2026
12.36
12.45
11.95
12.10
10.78
511,600
Jan 16, 2026
12.58
12.65
12.47
12.49
11.13
253,700
Jan 15, 2026
0.042 Dividend 

Jan 15, 2026
12.68
12.73
12.56
12.63
11.25
122,400
Jan 14, 2026
12.73
12.78
12.59
12.75
11.32
105,300
Jan 13, 2026
12.65
12.78
12.65
12.78
11.35
99,700
Jan 12, 2026
12.65
12.76
12.58
12.70
11.28
214,300
Jan 9, 2026
12.66
12.70
12.55
12.65
11.23
132,200
Jan 8, 2026
0.048 Dividend 

Jan 8, 2026
12.61
12.68
12.52
12.66
11.24
144,100
Jan 7, 2026
12.88
12.90
12.76
12.80
11.32
161,400
Jan 6, 2026
13.09
13.09
12.82
12.85
11.37
182,400
Jan 5, 2026
13.20
13.24
13.05
13.12
11.61
296,500
Jan 2, 2026
0.053 Dividend 

Jan 2, 2026
13.37
13.45
13.17
13.26
11.73
116,600
Dec 31, 2025
13.35
13.39
13.33
13.33
11.75
173,900
Dec 30, 2025
13.36
13.40
13.34
13.36
11.77
62,700
Dec 29, 2025
13.32
13.41
13.32
13.37
11.78
126,100
Dec 26, 2025
0.052 Dividend 

Dec 26, 2025
13.39
13.45
13.35
13.35
11.76
87,300
Dec 24, 2025
13.37
13.51
13.37
13.45
11.81
85,300
Dec 23, 2025
13.35
13.43
13.31
13.43
11.79
112,400
Dec 22, 2025
13.44
13.44
13.32
13.36
11.73
418,400
Dec 19, 2025
13.37
13.44
13.30
13.40
11.76
235,200
Dec 18, 2025
0.061 Dividend 

Dec 18, 2025
13.40
13.42
13.15
13.41
11.77
170,900
Dec 17, 2025
13.57
13.62
13.41
13.41
11.72
148,800
Dec 16, 2025
13.45
13.59
13.43
13.56
11.85
288,300
Dec 15, 2025
13.77
13.77
13.48
13.50
11.80
206,100
Dec 12, 2025
13.68
13.72
13.64
13.71
11.98
196,200
Dec 11, 2025
0.054 Dividend 

Dec 11, 2025
13.70
13.73
13.51
13.68
11.95
136,600
Dec 10, 2025
13.67
13.80
13.67
13.79
12.00
160,700
Dec 9, 2025
13.70
13.80
13.65
13.65
11.88
177,100
Dec 8, 2025
13.71
13.78
13.63
13.69
11.92
205,700
Dec 5, 2025
13.87
13.87
13.71
13.73
11.95
116,300
Dec 4, 2025
0.118 Dividend 

Dec 4, 2025
13.98
13.98
13.75
13.86
12.06
168,400
Dec 3, 2025
14.15
14.21
14.06
14.10
12.17
121,400
Dec 2, 2025
14.07
14.18
14.06
14.10
12.17
144,400
Dec 1, 2025
13.86
14.05
13.79
14.04
12.12
164,300
Nov 28, 2025
0.066 Dividend 

Nov 28, 2025
13.87
13.90
13.78
13.90
12.00
62,100
Nov 26, 2025
13.90
13.98
13.87
13.91
11.95
109,400
Nov 25, 2025
13.85
14.01
13.84
13.89
11.93
180,800
Nov 24, 2025
13.65
13.89
13.65
13.85
11.90
821,200
Nov 21, 2025
13.48
13.77
13.48
13.67
11.74
249,300
Nov 20, 2025
0.098 Dividend 

Nov 20, 2025
13.70
13.86
13.46
13.48
11.58
260,100
Nov 19, 2025
13.50
13.81
13.50
13.65
11.64
259,700
Nov 18, 2025
13.67
13.73
13.52
13.62
11.62
122,500
Nov 17, 2025
13.67
13.75
13.51
13.58
11.58
276,700
Nov 14, 2025
13.79
13.96
13.69
13.81
11.78
168,200
Nov 13, 2025
0.065 Dividend 

Nov 13, 2025
13.86
13.95
13.80
13.85
11.81
190,000
Nov 12, 2025
13.98
13.98
13.85
13.89
11.79
144,500
Nov 11, 2025
13.74
13.98
13.74
13.98
11.87
184,200
Nov 10, 2025
13.75
13.90
13.67
13.74
11.66
417,600
Nov 7, 2025
13.66
13.82
13.56
13.65
11.59
219,400
Nov 6, 2025
0.111 Dividend 

Nov 6, 2025
13.61
13.82
13.61
13.72
11.65
123,600
Nov 5, 2025
13.70
13.86
13.66
13.78
11.60
179,900
Nov 4, 2025
13.68
13.85
13.68
13.78
11.60
106,900
Nov 3, 2025
13.86
13.86
13.63
13.76
11.59
197,500
Oct 31, 2025
14.04
14.04
13.75
13.75
11.58
460,800
Oct 30, 2025
0.131 Dividend 

Oct 30, 2025
13.86
13.95
13.76
13.88
11.69
116,500
Oct 29, 2025
13.90
13.99
13.82
13.91
11.60
236,600
Oct 28, 2025
13.90
13.94
13.87
13.91
11.60
157,500
Oct 27, 2025
13.73
13.90
13.73
13.88
11.58
124,200
Oct 24, 2025
13.56
13.70
13.51
13.64
11.38
86,200
Oct 23, 2025
0.111 Dividend 

Oct 23, 2025
13.51
13.56
13.47
13.52
11.28
155,000
Oct 22, 2025
13.78
13.78
13.48
13.60
11.25
138,000
Oct 21, 2025
13.76
13.86
13.75
13.78
11.40
138,100
Oct 20, 2025
13.47
13.86
13.47
13.75
11.38
690,300
Oct 17, 2025
13.24
13.42
13.20
13.39
11.08
86,500
Oct 16, 2025
0.176 Dividend 

Oct 16, 2025
13.27
13.27
13.07
13.21
10.93
121,100
Oct 15, 2025
13.44
13.57
13.37
13.43
10.96
55,900
Oct 14, 2025
13.27
13.42
13.24
13.38
10.92
61,300
Oct 13, 2025
13.48
13.48
13.28
13.38
10.92
127,500
Oct 10, 2025
13.73
13.75
13.21
13.25
10.82
171,800
Oct 9, 2025
13.86
13.86
13.62
13.69
11.18
84,500
Oct 8, 2025
13.75
13.86
13.75
13.84
11.30
68,600
Oct 7, 2025
13.78
13.80
13.73
13.78
11.25
137,800
Oct 6, 2025
13.82
13.87
13.69
13.77
11.24
126,200
Oct 3, 2025
13.68
13.85
13.65
13.80
11.27
146,500
Oct 2, 2025
13.72
13.81
13.63
13.76
11.23
134,000
Oct 1, 2025
13.64
13.81
13.64
13.69
11.18
134,000
Sep 30, 2025
13.65
13.68
13.56
13.62
11.12
127,600
Sep 29, 2025
13.65
13.65
13.55
13.60
11.10
108,400
Sep 26, 2025
13.61
13.72
13.58
13.63
11.13
164,400
Sep 25, 2025
0.357 Dividend 

Sep 25, 2025
13.53
13.70
13.52
13.68
11.17
184,300
Sep 24, 2025
13.99
14.00
13.84
13.88
11.04
168,700
Sep 23, 2025
14.07
14.09
13.95
13.99
11.13
144,900
Sep 22, 2025
13.72
14.06
13.72
14.05
11.18
500,700
Sep 19, 2025
13.46
13.65
13.46
13.57
10.79
366,400
Sep 18, 2025
13.42
13.46
13.36
13.42
10.67
79,100
Sep 17, 2025
13.39
13.45
13.39
13.40
10.66
41,000
Sep 16, 2025
13.36
13.49
13.33
13.40
10.66
91,100
Sep 15, 2025
13.29
13.36
13.28
13.31
10.59
119,800
Sep 12, 2025
13.04
13.26
13.04
13.26
10.55
93,500
Sep 11, 2025
12.95
13.12
12.95
13.11
10.43
102,300
Sep 10, 2025
13.20
13.24
12.88
12.90
10.26
272,500
Sep 9, 2025
13.51
13.54
13.29
13.31
10.59
181,600
Sep 8, 2025
13.62
13.62
13.45
13.54
10.77
82,700
Sep 5, 2025
13.60
13.65
13.55
13.57
10.79
89,700
Sep 4, 2025
13.54
13.60
13.47
13.58
10.80
70,300
Sep 3, 2025
13.45
13.55
13.38
13.51
10.75
150,000
Sep 2, 2025
13.07
13.19
13.01
13.11
10.43
155,300
Aug 29, 2025
13.27
13.29
13.21
13.29
10.57
144,900
Aug 28, 2025
0.347 Dividend 

Aug 28, 2025
13.21
13.26
13.14
13.23
10.52
146,900
Aug 27, 2025
13.38
13.52
13.38
13.51
10.47
123,500
Aug 26, 2025
13.36
13.44
13.23
13.44
10.42
111,000
Aug 25, 2025
13.33
13.42
13.30
13.35
10.35
107,100
Aug 22, 2025
13.23
13.41
13.23
13.37
10.36
208,900
Aug 21, 2025
13.25
13.26
13.14
13.22
10.25
154,600
Aug 20, 2025
13.43
13.43
13.25
13.25
10.27
219,400
Aug 19, 2025
13.49
13.59
13.43
13.50
10.46
126,300
Aug 18, 2025
13.52
13.59
13.46
13.48
10.45
607,200
Aug 15, 2025
13.59
13.60
13.42
13.51
10.47
59,400
Aug 14, 2025
13.57
13.63
13.48
13.58
10.52
136,800
Aug 13, 2025
13.45
13.62
13.45
13.53
10.49
86,600
Aug 12, 2025
13.34
13.47
13.33
13.41
10.39
59,000
Aug 11, 2025
13.34
13.41
13.22
13.31
10.32
73,700
Aug 8, 2025
13.10
13.46
13.03
13.38
10.37
205,400
Aug 7, 2025
12.98
13.08
12.95
13.08
10.14
155,200
Aug 6, 2025
12.44
12.89
12.44
12.82
9.94
229,600
Aug 5, 2025
12.38
12.44
12.30
12.35
9.57
130,100
Aug 4, 2025
12.45
12.57
12.27
12.35
9.57
142,000
Aug 1, 2025
12.71
12.88
12.23
12.30
9.53
268,400
Jul 31, 2025
0.41 Dividend 

Jul 31, 2025
12.63
12.64
12.51
12.55
9.73
205,200
Jul 30, 2025
13.17
13.19
12.96
13.04
9.79
151,200
Jul 29, 2025
13.30
13.31
13.14
13.16
9.88
83,300
Jul 28, 2025
13.28
13.32
13.24
13.28
9.97
95,700
Jul 25, 2025
13.23
13.32
13.23
13.30
9.98
77,100
Jul 24, 2025
13.20
13.28
13.20
13.20
9.91
118,100
Jul 23, 2025
13.27
13.27
13.13
13.24
9.94
61,300
Jul 22, 2025
13.14
13.22
13.13
13.17
9.89
66,400
Jul 21, 2025
13.12
13.25
13.09
13.10
9.83
215,400
Jul 18, 2025
13.03
13.06
12.97
13.03
9.78
93,700
Jul 17, 2025
13.03
13.08
12.96
13.00
9.76
66,500
Jul 16, 2025
12.94
13.09
12.89
13.00
9.76
107,100
Jul 15, 2025
12.91
13.04
12.88
12.88
9.67
89,300
Jul 14, 2025
12.98
13.00
12.80
12.89
9.68
156,100
Jul 11, 2025
13.01
13.04
12.92
13.02
9.77
69,200
Jul 10, 2025
12.96
13.07
12.91
13.06
9.80
70,800
Jul 9, 2025
12.89
12.96
12.76
12.96
9.73
116,400
Jul 8, 2025
12.89
12.95
12.81
12.88
9.67
118,800
Jul 7, 2025
13.00
13.10
12.82
12.89
9.68
135,700
Jul 3, 2025
0.27 Dividend 

Jul 3, 2025
12.95
13.04
12.94
13.00
9.76
98,000
Jul 2, 2025
13.10
13.26
13.07
13.25
9.74
192,300
Jul 1, 2025
12.94
13.11
12.94
13.03
9.58
237,700
Jun 30, 2025
12.78
12.98
12.64
12.87
9.46
270,700
Jun 27, 2025
12.72
12.77
12.69
12.74
9.37
82,300
Jun 26, 2025
12.71
12.72
12.60
12.70
9.34
102,600
Jun 25, 2025
12.71
12.75
12.64
12.70
9.34
102,800
Jun 24, 2025
12.70
12.75
12.60
12.60
9.27
451,100
Jun 23, 2025
12.64
12.69
12.57
12.69
9.33
162,500
Jun 20, 2025
12.48
12.65
12.46
12.61
9.27
78,500
Jun 18, 2025
12.39
12.49
12.36
12.46
9.16
52,100
Jun 17, 2025
12.47
12.55
12.37
12.49
9.18
64,900
Jun 16, 2025
12.45
12.56
12.45
12.53
9.21
61,500
Jun 13, 2025
12.65
12.65
12.37
12.45
9.15
91,100
Jun 12, 2025
12.67
12.75
12.60
12.74
9.37
55,300
Jun 11, 2025
12.79
12.88
12.53
12.57
9.24
117,900
Jun 10, 2025
12.69
12.86
12.66
12.79
9.41
110,700
Jun 9, 2025
12.88
12.92
12.60
12.70
9.34
188,500
Jun 6, 2025
12.75
12.89
12.71
12.85
9.45
143,600
Jun 5, 2025
0.312 Dividend 

Jun 5, 2025
12.77
12.85
12.60
12.60
9.27
116,100
Jun 4, 2025
13.13
13.21
13.05
13.10
9.40
186,900
Jun 3, 2025
13.05
13.15
13.01
13.15
9.44
99,900
Jun 2, 2025
12.97
13.05
12.95
13.05
9.37
98,100
May 30, 2025
12.94
13.06
12.76
13.01
9.34
104,900
May 29, 2025
13.10
13.11
12.85
12.97
9.31
105,700
May 28, 2025
12.97
13.06
12.92
12.98
9.32
53,100
May 27, 2025
12.87
12.96
12.77
12.95
9.30
98,600
May 23, 2025
12.58
12.75
12.54
12.64
9.07
128,600
May 22, 2025
12.98
13.05
12.90
13.00
9.33
52,400
May 21, 2025
13.18
13.31
12.94
13.03
9.35
91,100
May 20, 2025
13.32
13.39
13.20
13.29
9.54
63,200
May 19, 2025
13.41
13.43
13.14
13.42
9.63
772,600
May 16, 2025
13.50
13.54
13.42
13.54
9.72
57,100
May 15, 2025
13.46
13.52
13.38
13.46
9.66
91,000
May 14, 2025
13.58
13.58
13.42
13.52
9.71
70,000
May 13, 2025
13.44
13.56
13.35
13.56
9.73
59,500
May 12, 2025
13.42
13.43
13.22
13.43
9.64
126,100
May 9, 2025
12.92
12.96
12.83
12.87
9.24
106,900
May 8, 2025
0.651 Dividend 

May 8, 2025
12.88
12.97
12.65
12.92
9.27
97,300
May 7, 2025
13.62
13.62
13.22
13.41
9.16
112,800
May 6, 2025
13.54
13.63
13.47
13.57
9.27
51,900
May 5, 2025
13.82
13.85
13.51
13.57
9.27
81,100
May 2, 2025
13.90
14.04
13.74
13.95
9.53
109,300
May 1, 2025
13.99
14.35
13.99
14.35
9.80
82,300
Apr 30, 2025
14.11
14.25
13.93
14.25
9.73
28,100
Apr 29, 2025
14.08
14.19
14.03
14.19
9.69
36,800
Apr 28, 2025
14.03
14.15
13.95
14.11
9.64
45,300
Apr 25, 2025
13.91
14.06
13.90
14.06
9.60
37,000
Apr 24, 2025
13.85
13.99
13.83
13.99
9.55
24,300
Apr 23, 2025
13.84
13.97
13.76
13.80
9.43
45,500
Apr 22, 2025
13.39
13.68
13.39
13.58
9.27
26,300
Apr 21, 2025
13.30
13.31
13.06
13.22
9.03
258,200
Apr 17, 2025
13.36
13.56
13.29
13.48
9.21
18,800
Apr 16, 2025
13.44
13.57
13.12
13.29
9.08
23,600
Apr 15, 2025
13.62
13.69
13.55
13.62
9.30
36,300
Apr 14, 2025
14.00
14.05
13.52
13.63
9.31
118,700
Apr 11, 2025
12.76
13.40
12.71
13.37
9.13
73,400
Apr 10, 2025
0.302 Dividend 

Apr 10, 2025
12.70
13.13
12.46
12.88
8.80
47,300
Apr 9, 2025
11.93
13.72
11.93
13.63
9.10
77,700
Apr 8, 2025
12.92
13.13
11.72
11.99
8.01
78,900
Apr 7, 2025
12.21
13.28
12.02
12.57
8.39
102,000
Apr 4, 2025
13.24
13.64
12.90
12.96
8.66
182,100
Apr 3, 2025
14.18
14.22
13.79
13.93
9.30
123,600
Apr 2, 2025
15.00
15.23
15.00
15.19
10.14
26,500
Apr 1, 2025
14.99
15.15
14.91
15.10
10.08
19,900
Mar 31, 2025
14.66
15.15
14.66
15.10
10.08
69,600
Mar 28, 2025
15.10
15.19
14.83
14.87
9.93
74,800
Mar 27, 2025
14.98
15.28
14.97
15.17
10.13
35,300
Mar 26, 2025
15.17
15.24
14.95
15.00
10.02
35,300
Mar 25, 2025
15.04
15.20
15.02
15.19
10.14
401,400
Mar 24, 2025
15.01
15.06
14.95
15.04
10.04
93,800
Mar 21, 2025
14.61
14.95
14.58
14.95
9.98
19,100
Mar 20, 2025
14.74
14.90
14.60
14.73
9.84
36,400
Mar 19, 2025
14.62
14.86
14.60
14.79
9.88
33,500
Mar 18, 2025
14.60
14.70
14.53
14.57
9.73
24,100
Mar 17, 2025
14.66
14.71
14.40
14.68
9.80
89,000
Mar 14, 2025
14.53
14.94
14.37
14.63
9.77
91,700
Mar 13, 2025
0.344 Dividend 

Mar 13, 2025
14.78
14.86
14.29
14.37
9.60
51,100
Mar 12, 2025
15.50
15.50
15.04
15.19
9.91
59,300
Mar 11, 2025
15.58
15.66
15.24
15.40
10.05
63,900
Mar 10, 2025
16.36
16.36
15.66
15.87
10.36
106,300
Mar 7, 2025
16.34
16.55
16.29
16.47
10.75
41,300
Mar 6, 2025
16.21
16.39
16.19
16.28
10.63
45,900
Mar 5, 2025
16.35
16.40
15.95
16.31
10.65
53,200
Mar 4, 2025
16.38
16.59
16.20
16.20
10.57
48,800
Mar 3, 2025
16.73
16.81
16.37
16.65
10.87
64,200
Feb 28, 2025
16.43
16.68
16.25
16.63
10.85
44,600
Feb 27, 2025
16.69
16.73
16.42
16.45
10.74
100,000
Feb 26, 2025
16.82
16.89
16.51
16.60
10.84
85,700
Feb 25, 2025
16.93
17.13
16.85
16.94
11.06
87,700
Feb 24, 2025
16.88
17.09
16.86
16.95
11.06
866,900
Feb 21, 2025
16.91
17.05
16.86
16.93
11.05
72,600
Feb 20, 2025
16.92
16.94
16.83
16.91
11.04
48,500
Feb 19, 2025
16.79
16.87
16.75
16.85
11.00
43,200
Feb 18, 2025
16.83
16.84
16.66
16.77
10.95
55,400
Feb 14, 2025
16.72
16.83
16.68
16.83
10.99
80,000
Feb 13, 2025
0.363 Dividend 

Feb 13, 2025
16.56
16.66
16.43
16.64
10.86
88,600
Feb 12, 2025
16.71
16.85
16.51
16.85
10.76
59,200
Feb 11, 2025
16.30
16.77
16.30
16.61
10.61
83,200
Feb 10, 2025
16.48
16.54
16.33
16.38
10.46
51,500
Feb 7, 2025
16.64
16.68
16.31
16.33
10.43
75,500
Feb 6, 2025
16.59
16.68
16.51
16.65
10.63
44,800
Feb 5, 2025
16.40
16.60
16.33
16.60
10.60
48,000
Feb 4, 2025
16.29
16.63
16.24
16.59
10.60
30,100
Feb 3, 2025
16.50
16.53
16.15
16.29
10.40
80,400
Jan 31, 2025
17.11
17.22
16.62
16.78
10.72
155,900
Jan 30, 2025
16.75
16.86
16.69
16.76
10.70
64,000
Jan 29, 2025
16.61
16.83
16.56
16.83
10.75
36,300
Jan 28, 2025
16.31
16.82
16.31
16.77
10.71
91,700
Jan 27, 2025
15.92
16.44
15.90
16.35
10.44
94,200
Jan 24, 2025
16.10
16.13
15.88
15.92
10.17
105,000
Jan 23, 2025
16.07
16.19
15.92
16.00
10.22
88,400
Jan 22, 2025
15.80
15.99
15.80
15.96
10.19
130,500
Jan 21, 2025
16.08
16.08
15.69
15.92
10.17
623,400
Jan 17, 2025
16.45
16.50
16.30
16.39
10.47
102,400
Jan 16, 2025
0.284 Dividend 

Jan 16, 2025
16.83
16.94
16.26
16.29
10.40
114,200
Jan 15, 2025
17.00
17.24
17.00
17.21
10.81
83,700
Jan 14, 2025
16.99
17.13
16.92
16.98
10.67
26,600
Jan 13, 2025
16.98
17.04
16.77
17.04
10.70
63,200
Jan 10, 2025
17.49
17.49
17.05
17.21
10.81
85,600
Jan 8, 2025
17.59
17.65
17.41
17.60
11.05
40,600
Jan 7, 2025
17.63
17.73
17.50
17.56
11.03
32,200
Jan 6, 2025
17.70
17.80
17.65
17.71
11.12
43,300
Jan 3, 2025
17.62
17.70
17.50
17.57
11.04
49,800
Jan 2, 2025
17.87
17.92
17.45
17.64
11.08
88,600
Dec 31, 2024
18.25
18.25
17.94
18.04
11.33
44,700
Dec 30, 2024
18.22
18.25
18.06
18.17
11.41
28,900
Dec 27, 2024
18.56
18.56
18.13
18.36
11.53
49,600
Dec 26, 2024
18.58
18.58
18.42
18.50
11.62
40,900
Dec 24, 2024
18.25
18.42
18.25
18.42
11.57
33,400
Dec 23, 2024
18.24
18.28
18.19
18.23
11.45
170,900
Dec 20, 2024
17.89
18.29
17.82
18.29
11.49
184,200
Dec 19, 2024
0.422 Dividend 

Dec 19, 2024
17.97
18.47
17.85
18.01
11.31
58,200
Dec 18, 2024
18.64
18.69
18.29
18.36
11.27
71,200
Dec 17, 2024
18.53
18.65
18.50
18.65
11.45
56,100
Dec 16, 2024
18.29
18.55
18.29
18.53
11.37
64,100
Dec 13, 2024
18.40
18.44
18.18
18.29
11.22
36,800
Dec 12, 2024
18.21
18.40
18.20
18.36
11.27
29,700
Dec 11, 2024
18.43
18.50
18.21
18.27
11.21
54,500
Dec 10, 2024
18.29
18.37
18.27
18.34
11.25
39,700
Dec 9, 2024
18.17
18.39
18.15
18.34
11.25
59,900
Dec 6, 2024
18.21
18.29
18.15
18.23
11.19
29,100
Dec 5, 2024
18.20
18.20
18.15
18.19
11.16
39,500
Dec 4, 2024
18.20
18.22
18.10
18.19
11.16
33,300
Dec 3, 2024
18.00
18.15
17.92
18.15
11.14
46,900
Dec 2, 2024
17.91
18.02
17.86
17.96
11.02
50,400
Nov 29, 2024
17.75
17.90
17.63
17.90
10.98
28,100
Nov 27, 2024
17.64
17.75
17.64
17.70
10.86
27,300
Nov 26, 2024
17.63
17.75
17.63
17.69
10.86
51,700
Nov 25, 2024
17.52
17.69
17.47
17.69
10.86
79,700
Nov 22, 2024
17.41
17.52
17.41
17.45
10.71
71,100
Nov 21, 2024
0.335 Dividend 

Nov 21, 2024
17.53
17.53
17.28
17.46
10.71
59,100
Nov 20, 2024
17.78
17.83
17.63
17.81
10.72
55,800
Nov 19, 2024
17.71
17.83
17.70
17.77
10.70
51,500
Nov 18, 2024
17.56
17.81
17.56
17.75
10.69
167,800
Nov 15, 2024
17.65
17.67
17.51
17.56
10.57
40,000
Nov 14, 2024
17.57
17.74
17.53
17.72
10.67
33,900
Nov 13, 2024
17.49
17.61
17.39
17.56
10.57
57,400
Nov 12, 2024
17.50
17.56
17.37
17.47
10.52
64,300
Nov 11, 2024
17.60
17.60
17.25
17.42
10.49
58,400
Nov 8, 2024
17.58
17.66
17.53
17.57
10.58
51,200
Nov 7, 2024
17.29
17.59
17.29
17.53
10.56
38,100
Nov 6, 2024
17.28
17.47
17.15
17.29
10.41
45,400
Nov 5, 2024
17.14
17.26
17.14
17.20
10.36
31,400
Nov 4, 2024
17.14
17.20
17.02
17.20
10.36
102,200
Nov 1, 2024
17.15
17.39
17.01
17.15
10.33
55,500
Oct 31, 2024
17.65
17.65
17.31
17.31
10.42
45,300
Oct 30, 2024
17.92
17.92
17.65
17.65
10.63
68,300
Oct 29, 2024
17.77
17.91
17.77
17.91
10.78
45,000
Oct 28, 2024
17.89
17.95
17.80
17.89
10.77
51,700
Oct 25, 2024
17.65
17.85
17.65
17.70
10.66
56,200
Oct 24, 2024
0.343 Dividend 

Oct 24, 2024
17.75
17.75
17.53
17.65
10.63
47,500
Oct 23, 2024
18.34
18.34
17.82
18.05
10.66
90,200
Oct 22, 2024
18.30
18.35
18.16
18.34
10.83
51,400
Oct 21, 2024
18.28
18.37
18.23
18.30
10.81
210,700
Oct 18, 2024
18.30
18.33
18.17
18.28
10.80
104,600
Oct 17, 2024
18.11
18.14
17.95
18.05
10.66
36,100
Oct 16, 2024
18.21
18.21
17.94
18.04
10.66
44,700
Oct 15, 2024
18.14
18.47
18.14
18.24
10.77
43,500
Oct 14, 2024
18.00
18.11
18.00
18.07
10.67
51,400
Oct 11, 2024
17.90
17.99
17.84
17.91
10.58
30,500
Oct 10, 2024
17.93
17.99
17.85
17.98
10.62
30,500
Oct 9, 2024
17.74
17.98
17.64
17.95
10.60
28,700
Oct 8, 2024
17.60
17.75
17.60
17.75
10.48
14,300
Oct 7, 2024
17.81
17.81
17.41
17.45
10.31
44,200
Oct 4, 2024
17.79
17.80
17.62
17.74
10.48
23,500
Oct 3, 2024
17.80
17.80
17.56
17.73
10.47
26,100
Oct 2, 2024
17.65
17.81
17.53
17.78
10.50
16,300
Oct 1, 2024
18.05
18.05
17.60
17.72
10.47
65,900
Sep 30, 2024
18.05
18.20
17.99
18.20
10.75
22,900
Sep 27, 2024
17.82
17.96
17.76
17.89
10.57
38,600
Sep 26, 2024
17.89
17.89
17.72
17.82
10.53
23,900
Sep 25, 2024
17.68
17.80
17.56
17.77
10.50
29,600
Sep 24, 2024
17.75
17.87
17.70
17.78
10.50
20,800
Sep 23, 2024
17.89
17.93
17.64
17.70
10.46
86,900
Sep 20, 2024
18.00
18.16
17.85
17.89
10.57
76,500
Sep 19, 2024
17.53
17.94
17.53
17.84
10.54
39,800
Sep 18, 2024
17.18
17.43
17.18
17.38
10.27
27,000
Sep 17, 2024
17.08
17.08
16.92
17.08
10.09
39,100
Sep 16, 2024
17.20
17.20
16.80
17.05
10.07
113,500
Sep 13, 2024
17.45
17.55
17.41
17.44
10.30
36,100
Sep 12, 2024
17.37
17.49
17.30
17.45
10.31
31,300
Sep 11, 2024
17.38
17.47
17.13
17.43
10.30
41,200
Sep 10, 2024
17.24
17.33
17.04
17.29
10.21
54,400
Sep 9, 2024
17.23
17.33
17.00
17.26
10.20
64,000
Sep 6, 2024
0.453 Dividend 

Sep 6, 2024
17.55
17.57
17.21
17.31
10.23
34,500
Sep 5, 2024
17.90
18.04
17.81
17.87
10.29
77,600
Sep 4, 2024
17.78
17.78
17.51
17.67
10.17
28,400
Sep 3, 2024
18.30
18.30
17.75
17.79
10.24
48,200
Aug 30, 2024
18.23
18.33
18.16
18.24
10.50
50,400
Aug 29, 2024
18.25
18.36
18.22
18.29
10.53
71,100
Aug 28, 2024
18.16
18.19
18.00
18.09
10.41
33,300
Aug 27, 2024
17.94
18.16
17.94
18.16
10.46
27,700
Aug 26, 2024
18.00
18.09
17.81
18.09
10.41
38,800
Aug 23, 2024
17.70
18.08
17.70
18.00
10.36
24,200
Aug 22, 2024
18.00
18.05
17.76
17.84
10.27
32,200
Aug 21, 2024
17.97
18.03
17.90
17.93
10.32
23,700
Aug 20, 2024
17.95
17.99
17.91
17.97
10.35
37,900
Aug 19, 2024
17.85
17.88
17.73
17.86
10.28
103,500
Aug 16, 2024
17.73
17.88
17.73
17.85
10.28
52,600
Aug 15, 2024
17.66
17.80
17.66
17.74
10.21
43,800
Aug 14, 2024
17.73
17.78
17.67
17.77
10.23
24,600
Aug 13, 2024
17.64
17.74
17.63
17.70
10.19
40,100
Aug 12, 2024
17.52
17.65
17.49
17.53
10.09
34,200
Aug 9, 2024
17.26
17.49
17.22
17.49
10.07
38,700
Aug 8, 2024
17.06
17.33
16.92
17.25
9.93
65,700
Aug 7, 2024
0.35 Dividend 

Aug 7, 2024
16.71
17.36
16.71
17.04
9.81
35,600
Aug 6, 2024
17.17
17.38
16.58
17.17
9.68
60,700
Aug 5, 2024
16.45
17.61
16.36
17.37
9.80
129,300
Aug 2, 2024
17.89
18.50
17.89
18.15
10.24
92,500
Aug 1, 2024
18.24
18.25
17.74
17.87
10.08
54,800
Jul 31, 2024
17.98
18.19
17.98
18.04
10.17
37,600
Jul 30, 2024
17.77
17.96
17.66
17.82
10.05
42,900
Jul 29, 2024
17.68
17.92
17.61
17.85
10.07
71,300
Jul 26, 2024
17.77
17.89
17.66
17.80
10.04
36,500
Jul 25, 2024
17.85
18.00
17.52
17.72
9.99
48,900
Jul 24, 2024
18.21
18.28
17.71
17.86
10.07
65,900
Jul 23, 2024
18.35
18.50
18.22
18.31
10.33
32,700
Jul 22, 2024
18.50
18.50
18.18
18.22
10.28
30,400
Jul 19, 2024
18.26
18.39
18.16
18.22
10.28
196,600
Jul 18, 2024
18.61
18.73
18.04
18.25
10.29
54,200
Jul 17, 2024
18.75
18.75
18.40
18.59
10.48
82,900
Jul 16, 2024
18.98
19.00
18.81
18.96
10.69
62,400
Jul 15, 2024
18.95
19.04
18.83
18.86
10.64
82,900
Jul 12, 2024
18.68
18.80
18.60
18.76
10.58
114,300
Jul 11, 2024
18.70
18.74
18.39
18.55
10.46
116,300
Jul 10, 2024
18.60
18.70
18.58
18.70
10.55
85,800
Jul 9, 2024
18.42
18.55
18.40
18.55
10.46
59,400
Jul 8, 2024
18.36
18.50
18.18
18.50
10.43
120,200
Jul 5, 2024
0.323 Dividend 

Jul 5, 2024
18.60
18.60
18.28
18.41
10.38
96,500
Jul 3, 2024
18.53
18.65
18.53
18.64
10.33
98,600
Jul 2, 2024
18.46
18.65
18.40
18.60
10.31
70,200
Jul 1, 2024
18.21
18.50
18.18
18.46
10.23
83,100
Jun 28, 2024
18.28
18.36
18.09
18.11
10.04
63,900
Jun 27, 2024
18.20
18.33
18.10
18.28
10.13
86,800
Jun 26, 2024
18.09
18.29
18.02
18.18
10.08
57,400
Jun 25, 2024
17.91
18.00
17.85
17.87
9.90
35,800
Jun 24, 2024
17.65
18.13
17.65
17.77
9.85
56,500
Jun 21, 2024
18.15
18.15
17.67
17.67
9.79
57,800
Jun 20, 2024
18.09
18.12
17.81
17.81
9.87
73,200
Jun 18, 2024
18.45
18.45
18.08
18.20
10.09
153,300
Jun 17, 2024
18.00
18.40
18.00
18.25
10.11
65,200
Jun 14, 2024
18.00
18.10
17.94
18.00
9.98
42,000
Jun 13, 2024
18.12
18.12
17.95
18.01
9.98
59,800
Jun 12, 2024
17.95
18.10
17.93
17.99
9.97
152,500
Jun 11, 2024
17.20
17.95
17.20
17.92
9.93
216,900
Jun 10, 2024
17.35
17.50
17.13
17.21
9.54
100,600
Jun 7, 2024
17.42
17.45
17.36
17.45
9.67
70,100
Jun 6, 2024
0.404 Dividend 

Jun 6, 2024
17.46
17.48
17.38
17.42
9.65
45,500
Jun 5, 2024
17.90
17.90
17.75
17.81
9.65
66,200
Jun 4, 2024
17.65
17.80
17.65
17.80
9.64
50,400
Jun 3, 2024
17.67
17.74
17.60
17.65
9.56
69,300
May 31, 2024
17.51
17.65
17.40
17.55
9.51
68,700
May 30, 2024
17.55
17.61
17.50
17.60
9.53
47,800
May 29, 2024
17.32
17.58
17.30
17.40
9.42
47,200
May 28, 2024
17.58
17.60
17.35
17.37
9.41
55,100
May 24, 2024
17.21
17.50
17.21
17.46
9.46
25,400
May 23, 2024
17.47
17.47
17.07
17.12
9.27
61,100
May 22, 2024
17.68
17.68
17.41
17.47
9.46
38,900
May 21, 2024
17.48
17.54
17.40
17.52
9.49
49,300
May 20, 2024
17.35
17.48
17.32
17.43
9.44
79,000
May 17, 2024
17.40
17.40
17.31
17.38
9.41
53,800
May 16, 2024
17.28
17.40
17.25
17.38
9.41
31,200
May 15, 2024
17.24
17.37
17.24
17.29
9.37
37,200
May 14, 2024
17.06
17.27
17.06
17.23
9.33
33,600
May 13, 2024
16.97
17.25
16.97
17.22
9.33
50,400
May 10, 2024
16.97
17.00
16.85
16.93
9.17
49,200
May 9, 2024
16.90
16.99
16.78
16.99
9.20
20,500
May 8, 2024
16.94
16.94
16.72
16.88
9.14
57,200
May 7, 2024
16.65
16.95
16.65
16.70
9.05
69,300
May 6, 2024
0.339 Dividend 

May 6, 2024
16.99
16.99
16.61
16.68
9.03
86,800
May 3, 2024
17.14
17.50
17.14
17.34
9.21
119,400
May 2, 2024
16.85
16.85
16.70
16.81
8.93
44,600
May 1, 2024
16.55
16.90
16.55
16.55
8.79
34,600
Apr 30, 2024
16.88
16.99
16.56
16.82
8.93
27,500
Apr 29, 2024
16.96
17.00
16.74
16.88
8.96
39,000
Apr 26, 2024
16.60
16.69
16.55
16.55
8.79
31,500
Apr 25, 2024
16.51
16.63
16.40
16.49
8.76
21,000
Apr 24, 2024
16.60
16.60
16.30
16.50
8.76
28,500
Apr 23, 2024
16.15
16.35
16.14
16.30
8.66
32,000
Apr 22, 2024
16.15
16.34
16.11
16.23
8.62
102,000
Apr 19, 2024
16.43
16.43
16.02
16.17
8.59
71,200
Apr 18, 2024
16.41
16.46
16.28
16.28
8.65
40,500
Apr 17, 2024
16.55
16.62
16.37
16.42
8.72
29,800
Apr 16, 2024
17.12
17.12
16.41
16.54
8.78
55,500
Apr 15, 2024
17.03
17.09
16.81
16.81
8.93
71,600
Apr 12, 2024
17.00
17.08
16.96
17.05
9.05
63,000
Apr 11, 2024
16.70
17.00
16.55
17.00
9.03
63,600
Apr 10, 2024
16.55
16.63
16.48
16.62
8.83
71,200
Apr 9, 2024
16.60
16.70
16.58
16.64
8.84
41,900
Apr 8, 2024
16.73
16.73
16.60
16.65
8.84
57,400
Apr 5, 2024
16.54
16.74
16.54
16.60
8.82
49,900
Apr 4, 2024
0.384 Dividend 

Apr 4, 2024
16.74
16.85
16.56
16.56
8.79
58,800
Apr 3, 2024
16.92
17.10
16.92
17.00
8.82
43,900
Apr 2, 2024
16.90
17.00
16.90
16.91
8.78
75,000
Apr 1, 2024
17.30
17.31
17.01
17.01
8.83
46,700
Mar 28, 2024
17.37
17.37
17.08
17.15
8.90
38,500
Mar 27, 2024
17.16
17.25
17.08
17.25
8.95
38,400
Mar 26, 2024
17.20
17.20
16.94
16.98
8.81
40,100
Mar 25, 2024
16.93
17.14
16.92
17.01
8.83
44,500
Mar 22, 2024
17.15
17.19
17.00
17.10
8.88
60,600
Mar 21, 2024
17.38
17.39
16.95
17.05
8.85
76,900
Mar 20, 2024
17.23
17.35
17.20
17.28
8.97
28,400
Mar 19, 2024
17.06
17.24
17.06
17.23
8.94
86,400
Mar 18, 2024
17.12
17.37
17.06
17.06
8.86
48,200
Mar 15, 2024
17.18
17.18
16.87
17.03
8.84
47,300
Mar 14, 2024
16.96
17.09
16.94
16.97
8.81
51,600
Mar 13, 2024
17.00
17.00
16.87
16.93
8.79
40,400
Mar 12, 2024
16.80
17.00
16.80
16.95
8.80
60,900
Mar 11, 2024
16.87
16.99
16.86
16.96
8.80
83,400
Mar 8, 2024
16.94
16.98
16.69
16.88
8.76
113,100
Mar 7, 2024
16.56
16.80
16.52
16.69
8.66
133,100
Mar 6, 2024
0.416 Dividend 

Mar 6, 2024
16.95
16.95
16.55
16.55
8.59
101,600
Mar 5, 2024
17.15
17.35
17.06
17.07
8.64
127,100
Mar 4, 2024
17.81
17.81
17.45
17.61
8.92
136,900
Mar 1, 2024
18.25
18.25
17.80
17.95
9.09
128,500
Feb 29, 2024
18.16
18.28
18.03
18.04
9.14
33,100
Feb 28, 2024
18.07
18.28
18.07
18.16
9.20
33,700
Feb 27, 2024
18.07
18.32
18.03
18.23
9.23
73,100
Feb 26, 2024
18.20
18.23
18.06
18.10
9.17
49,500
Feb 23, 2024
18.13
18.40
18.11
18.18
9.21
39,700
Feb 22, 2024
18.15
18.36
18.15
18.27
9.25
66,200
Feb 21, 2024
17.97
18.14
17.97
18.12
9.18
39,200
Feb 20, 2024
18.01
18.07
17.91
17.97
9.10
76,000
Feb 16, 2024
18.10
18.25
18.01
18.03
9.13
42,800
Feb 15, 2024
18.19
18.25
17.96
18.05
9.14
61,900
Feb 14, 2024
18.31
18.45
18.06
18.19
9.21
57,600
Feb 13, 2024
18.24
18.42
18.20
18.30
9.27
54,400
Feb 12, 2024
18.46
18.60
18.45
18.45
9.34
96,300
Feb 9, 2024
18.48
18.68
18.46
18.61
9.42
104,500
Feb 8, 2024
18.30
18.64
18.30
18.42
9.33
64,700
Feb 7, 2024
0.173 Dividend 

Feb 7, 2024
18.32
18.68
18.32
18.46
9.35
60,500
Feb 6, 2024
18.58
18.70
18.52
18.70
9.38
64,400
Feb 5, 2024
18.53
18.70
18.37
18.61
9.34
53,000
Feb 2, 2024
18.03
18.57
17.85
18.37
9.22
106,000
Feb 1, 2024
18.35
18.53
18.25
18.39
9.23
43,800
Jan 31, 2024
18.54
18.54
18.26
18.40
9.23
65,600
Jan 30, 2024
18.95
18.95
18.55
18.58
9.32
43,500
Jan 29, 2024
18.95
18.95
18.69
18.90
9.48
71,600
Jan 26, 2024
18.92
18.95
18.92
18.92
9.49
26,100
Jan 25, 2024
18.95
18.95
18.90
18.91
9.49
53,600
Jan 24, 2024
18.93
18.95
18.87
18.92
9.49
29,400
Jan 23, 2024
18.86
18.91
18.80
18.90
9.48
37,800
Jan 22, 2024
18.82
18.93
18.77
18.86
9.46
53,700
Jan 19, 2024
18.54
18.72
18.54
18.70
9.38
56,200
Jan 18, 2024
18.53
18.68
18.45
18.60
9.33
74,500
Jan 17, 2024
18.05
18.18
17.95
18.14
9.10
63,100
Jan 16, 2024
18.16
18.30
18.00
18.26
9.16
80,300
Jan 12, 2024
18.35
18.46
18.33
18.43
9.25
42,800
Jan 11, 2024
18.49
18.49
18.20
18.39
9.23
61,900
Jan 10, 2024
18.33
18.43
18.22
18.43
9.25
68,800
Jan 9, 2024
18.25
18.34
18.08
18.34
9.20
75,600
Jan 8, 2024
18.01
18.32
17.98
18.31
9.19
82,100
Jan 5, 2024
0.56 Dividend 

Jan 5, 2024
18.04
18.11
17.84
17.89
8.98
108,000
Jan 4, 2024
18.62
18.70
18.44
18.55
9.03
90,700
Jan 3, 2024
18.83
18.97
18.75
18.85
9.17
57,000
Jan 2, 2024
19.19
19.31
18.77
18.89
9.19
118,900
Dec 29, 2023
19.70
19.75
19.52
19.63
9.55
61,400
Dec 28, 2023
19.79
19.81
19.63
19.71
9.59
39,800
Dec 27, 2023
19.65
19.70
19.47
19.59
9.53
79,900
Dec 26, 2023
19.60
19.69
19.56
19.64
9.56
66,300
Dec 22, 2023
19.80
19.80
19.62
19.70
9.59
26,300
Dec 21, 2023
19.80
19.97
19.60
19.72
9.60
41,200
Dec 20, 2023
19.90
19.98
19.75
19.76
9.62
43,700
Dec 19, 2023
19.89
19.90
19.81
19.90
9.68
28,500
Dec 18, 2023
19.90
19.90
19.68
19.80
9.63
56,700
Dec 15, 2023
19.93
19.97
19.87
19.89
9.68
60,100
Dec 14, 2023
19.90
19.99
19.76
19.95
9.71
75,300
Dec 13, 2023
19.70
19.90
19.69
19.90
9.68
53,500
Dec 12, 2023
19.42
19.60
19.34
19.60
9.54
35,100
Dec 11, 2023
19.50
19.50
19.30
19.44
9.46
62,600
Dec 8, 2023
19.55
19.69
19.55
19.68
9.58
30,100
Dec 7, 2023
0.466 Dividend 

Dec 7, 2023
19.51
19.67
19.51
19.59
9.53
39,600
Dec 6, 2023
20.06
20.06
19.91
19.96
9.49
53,600
Dec 5, 2023
19.79
20.00
19.79
19.96
9.49
62,600
Dec 4, 2023
19.80
19.80
19.48
19.74
9.38
53,200
Dec 1, 2023
19.70
19.85
19.65
19.85
9.43
35,300
Nov 30, 2023
19.70
19.76
19.52
19.70
9.36
30,600
Nov 29, 2023
19.67
19.83
19.59
19.64
9.33
30,500
Nov 28, 2023
19.69
19.71
19.60
19.68
9.35
48,100
Nov 27, 2023
19.70
19.70
19.54
19.69
9.36
60,000
Nov 24, 2023
19.59
19.64
19.53
19.59
9.31
22,200
Nov 22, 2023
19.60
19.74
19.54
19.67
9.35
46,400
Nov 21, 2023
19.63
19.65
19.20
19.40
9.22
36,600
Nov 20, 2023
19.47
19.69
19.47
19.63
9.33
73,900
Nov 17, 2023
19.43
19.46
19.41
19.43
9.23
61,400
Nov 16, 2023
19.43
19.46
19.40
19.42
9.23
82,400
Nov 15, 2023
19.38
19.43
19.36
19.37
9.20
40,200
Nov 14, 2023
19.30
19.38
19.27
19.34
9.19
63,700
Nov 13, 2023
19.16
19.24
19.11
19.17
9.11
60,100
Nov 10, 2023
19.04
19.25
19.04
19.21
9.13
99,900
Nov 9, 2023
19.05
19.10
19.04
19.04
9.05
101,800
Nov 8, 2023
0.173 Dividend 

Nov 8, 2023
18.98
19.10
18.98
19.04
9.05
73,500
Nov 7, 2023
19.18
19.24
19.10
19.18
9.03
114,300
Nov 6, 2023
19.09
19.20
19.03
19.20
9.04
71,700
Nov 3, 2023
18.86
19.08
18.70
19.08
8.99
91,000
Nov 2, 2023
18.80
18.83
18.67
18.77
8.84
87,100
Nov 1, 2023
18.28
18.64
18.28
18.58
8.75
49,000
Oct 31, 2023
18.24
18.37
18.06
18.35
8.64
52,300
Oct 30, 2023
18.20
18.34
18.18
18.23
8.59
59,900
Oct 27, 2023
17.95
18.18
17.95
18.07
8.51
44,600
Oct 26, 2023
18.36
18.40
17.82
17.88
8.42
69,000
Oct 25, 2023
18.50
18.57
18.32
18.32
8.63
56,600
Oct 24, 2023
18.62
18.67
18.45
18.56
8.74
36,100
Oct 23, 2023
18.42
18.64
18.21
18.59
8.75
64,000
Oct 20, 2023
18.79
18.79
18.50
18.56
8.74
57,700
Oct 19, 2023
18.91
18.98
18.75
18.78
8.84
84,600
Oct 18, 2023
18.67
18.93
18.67
18.74
8.83
68,600
Oct 17, 2023
18.95
19.00
18.70
18.87
8.89
73,300
Oct 16, 2023
18.93
19.01
18.85
19.01
8.95
45,400
Oct 13, 2023
18.99
18.99
18.83
18.95
8.92
55,800
Oct 12, 2023
18.94
18.97
18.87
18.93
8.91
82,600
Oct 11, 2023
18.93
18.93
18.82
18.86
8.88
41,000
Oct 10, 2023
18.84
18.90
18.80
18.86
8.88
40,200
Oct 9, 2023
18.59
18.85
18.58
18.79
8.85
32,900
Oct 6, 2023
0.478 Dividend 

Oct 6, 2023
18.64
18.75
18.48
18.70
8.81
49,700
Oct 5, 2023
19.08
19.11
18.90
19.02
8.73
76,500
Oct 4, 2023
18.61
18.96
18.61
18.89
8.67
47,600
Oct 3, 2023
18.88
18.90
18.65
18.76
8.61
52,900
Oct 2, 2023
18.62
18.90
18.62
18.81
8.64
63,100
Sep 29, 2023
18.66
18.83
18.60
18.63
8.55
77,400
Sep 28, 2023
18.40
18.74
18.34
18.58
8.53
41,900
Sep 27, 2023
18.74
18.92
18.43
18.54
8.51
72,500
Sep 26, 2023
19.11
19.11
18.72
18.75
8.61
82,700
Sep 25, 2023
18.98
19.20
18.94
19.12
8.78
86,700
Sep 22, 2023
18.93
19.20
18.93
18.98
8.71
74,100
Sep 21, 2023
18.90
19.14
18.90
18.90
8.68
102,900
Sep 20, 2023
19.36
19.41
19.06
19.08
8.76
69,900
Sep 19, 2023
19.16
19.42
19.16
19.33
8.87
79,000
Sep 18, 2023
19.04
19.35
19.04
19.33
8.87
133,500
Sep 15, 2023
19.04
19.07
18.89
18.98
8.71
87,700
Sep 14, 2023
19.00
19.07
18.86
19.07
8.75
73,700
Sep 13, 2023
19.04
19.21
18.90
18.92
8.69
149,100
Sep 12, 2023
19.45
19.48
19.01
19.08
8.76
192,600
Sep 11, 2023
19.44
19.48
19.24
19.45
8.93
238,600
Sep 8, 2023
0.226 Dividend 

Sep 8, 2023
19.32
19.53
19.25
19.27
8.85
166,300
Sep 7, 2023
19.45
19.56
19.05
19.51
8.85
357,100
Sep 6, 2023
20.54
20.59
19.91
20.07
9.11
298,000
Sep 5, 2023
20.50
20.54
20.31
20.54
9.32
235,800
Sep 1, 2023
20.60
20.60
20.45
20.53
9.32
161,200
Aug 31, 2023
20.48
20.51
20.45
20.50
9.30
152,300
Aug 30, 2023
20.50
20.50
20.44
20.48
9.29
146,600
Aug 29, 2023
20.30
20.45
20.24
20.44
9.28
164,400
Aug 28, 2023
20.30
20.30
20.14
20.29
9.21
149,200
Aug 25, 2023
20.07
20.21
19.86
20.10
9.12
103,800
Aug 24, 2023
20.26
20.26
19.87
19.93
9.04
131,300
Aug 23, 2023
20.15
20.25
20.09
20.25
9.19
83,300
Aug 22, 2023
20.12
20.12
19.88
20.01
9.08
106,900
Aug 21, 2023
19.90
19.90
19.65
19.88
9.02
137,400
Aug 18, 2023
19.51
19.80
19.50
19.68
8.93
95,900
Aug 17, 2023
19.95
20.01
19.59
19.66
8.92
151,100
Aug 16, 2023
20.08
20.19
19.96
19.96
9.06
86,200
Aug 15, 2023
20.29
20.29
20.01
20.06
9.10
154,900
Aug 14, 2023
20.19
20.29
20.07
20.28
9.20
110,500
Aug 11, 2023
20.10
20.18
19.93
20.07
9.11
66,800
Aug 10, 2023
20.12
20.37
20.05
20.05
9.10
119,800
Aug 9, 2023
20.45
20.45
19.95
20.05
9.10
87,300
Aug 8, 2023
20.34
20.34
20.03
20.26
9.19
96,100
Aug 7, 2023
20.61
20.61
19.98
20.21
9.17
167,500
Aug 4, 2023
0.556 Dividend 

Aug 4, 2023
21.01
21.14
20.53
20.61
9.35
235,900
Aug 3, 2023
22.24
22.24
22.04
22.11
9.78
107,500
Aug 2, 2023
22.50
22.50
22.15
22.26
9.85
154,300
Aug 1, 2023
22.60
22.65
22.51
22.57
9.98
94,000
Jul 31, 2023
22.71
22.71
22.53
22.62
10.01
139,300
Jul 28, 2023
22.52
22.64
22.43
22.60
10.00
111,200
Jul 27, 2023
22.62
22.65
22.20
22.29
9.86
90,200
Jul 26, 2023
22.40
22.52
22.22
22.44
9.93
62,300
Jul 25, 2023
22.35
22.37
22.24
22.30
9.86
66,400
Jul 24, 2023
22.22
22.38
22.16
22.17
9.81
75,500
Jul 21, 2023
22.37
22.37
22.07
22.10
9.78
81,800
Jul 20, 2023
22.31
22.47
22.14
22.20
9.82
58,200
Jul 19, 2023
22.31
22.52
22.17
22.34
9.88
85,400
Jul 18, 2023
22.31
22.33
22.09
22.27
9.85
140,900
Jul 17, 2023
22.20
22.31
22.06
22.26
9.85
132,800
Jul 14, 2023
21.99
22.03
21.89
21.93
9.70
109,300
Jul 13, 2023
22.02
22.04
21.87
21.96
9.71
54,700
Jul 12, 2023
21.88
21.99
21.68
21.86
9.67
59,400
Jul 11, 2023
21.81
21.81
21.50
21.61
9.56
60,400
Jul 10, 2023
21.87
21.87
21.55
21.71
9.60
99,500
Jul 7, 2023
0.633 Dividend 

Jul 7, 2023
22.11
22.19
21.87
21.97
9.72
68,300
Jul 6, 2023
22.50
22.70
22.34
22.70
9.76
50,600
Jul 5, 2023
22.74
22.79
22.50
22.59
9.71
50,600
Jul 3, 2023
22.89
22.89
22.62
22.73
9.77
53,200
Jun 30, 2023
22.86
22.86
22.70
22.80
9.81
25,200
Jun 29, 2023
22.64
22.75
22.64
22.65
9.74
12,200
Jun 28, 2023
22.55
22.68
22.50
22.59
9.71
16,300
Jun 27, 2023
22.14
22.56
22.14
22.47
9.66
17,400
Jun 26, 2023
22.43
22.52
22.19
22.20
9.55
31,000
Jun 23, 2023
22.27
22.45
22.18
22.24
9.56
17,100
Jun 22, 2023
21.97
22.30
21.97
22.30
9.59
9,600
Jun 21, 2023
22.14
22.18
21.87
22.05
9.48
23,400
Jun 20, 2023
22.14
22.27
22.06
22.13
9.52
39,300
Jun 16, 2023
22.13
22.13
21.99
22.07
9.49
21,400
Jun 15, 2023
21.80
22.07
21.80
21.96
9.44
29,400
Jun 14, 2023
21.80
21.95
21.70
21.82
9.39
30,600
Jun 13, 2023
21.84
21.85
21.72
21.74
9.35
18,900
Jun 12, 2023
21.49
21.87
21.49
21.87
9.40
41,700
Jun 9, 2023
21.56
21.69
21.55
21.59
9.29
9,200
Jun 8, 2023
21.28
21.54
21.25
21.53
9.26
8,500
Jun 7, 2023
0.288 Dividend 

Jun 7, 2023
21.36
21.69
21.21
21.25
9.14
20,500
Jun 6, 2023
21.74
21.80
21.42
21.74
9.22
51,600
Jun 5, 2023
22.08
22.19
21.56
21.74
9.23
29,200
Jun 2, 2023
21.97
21.97
21.75
21.92
9.30
36,900
Jun 1, 2023
21.62
21.82
21.50
21.81
9.25
42,700
May 31, 2023
21.60
21.70
21.51
21.55
9.14
28,900
May 30, 2023
23.02
23.02
21.29
21.51
9.13
51,600
May 26, 2023
21.09
21.31
21.03
21.28
9.03
13,100
May 25, 2023
21.01
21.10
20.81
20.96
8.90
39,900
May 24, 2023
20.86
20.96
20.80
20.88
8.86
6,300
May 23, 2023
21.15
21.15
20.80
20.92
8.88
21,100
May 22, 2023
21.19
21.27
21.08
21.16
8.98
12,600
May 19, 2023
21.25
21.33
21.16
21.23
9.01
14,800
May 18, 2023
21.08
21.24
21.00
21.22
9.00
11,000
May 17, 2023
21.02
21.07
20.80
21.03
8.93
23,600
May 16, 2023
21.00
21.05
20.85
20.95
8.89
11,000
May 15, 2023
21.07
21.07
20.86
20.88
8.86
7,700
May 12, 2023
21.12
21.14
20.70
21.00
8.91
12,200
May 11, 2023
21.23
21.23
20.96
21.08
8.94
39,600
May 10, 2023
21.04
21.12
20.93
21.11
8.96
70,800
May 9, 2023
21.11
21.11
20.86
20.92
8.88
17,900
May 8, 2023
21.05
21.15
20.98
21.06
8.94
15,300
May 5, 2023
20.86
21.15
20.64
21.08
8.95
33,600
May 4, 2023
20.16
20.28
20.00
20.13
8.54
65,100
May 3, 2023
20.56
20.62
20.33
20.33
8.63
23,000
May 2, 2023
20.54
20.62
20.28
20.43
8.67
34,600
May 1, 2023
20.60
20.61
20.44
20.54
8.72
19,200
Apr 28, 2023
20.45
20.53
20.33
20.46
8.68
16,200
Apr 27, 2023
20.13
20.42
20.13
20.35
8.64
23,400
Apr 26, 2023
19.95
20.13
19.92
20.00
8.48
47,200
Apr 25, 2023
20.11
20.12
19.95
19.97
8.48
9,500
Apr 24, 2023
20.10
20.15
19.93
20.12
8.54
20,200
Apr 21, 2023
20.16
20.17
20.04
20.10
8.53
19,900
Apr 20, 2023
20.22
20.30
20.14
20.18
8.56
13,300
Apr 19, 2023
20.23
20.32
20.17
20.28
8.60
20,000
Apr 18, 2023
20.20
20.31
20.10
20.20
8.57
27,400
