Date
Open
High
Low
Close 

Adj Close 

Volume
Jun 5, 2026
89.05
89.05
75.65
77.53
77.53
40,300
Jun 4, 2026
88.30
91.84
84.86
90.76
90.76
12,900
Jun 3, 2026
93.00
97.29
85.85
96.30
96.30
23,400
Jun 2, 2026
95.76
100.00
89.57
93.10
93.10
35,700
Jun 1, 2026
1.6 Dividend 

Jun 1, 2026
82.02
98.43
82.02
95.17
95.17
62,100
May 29, 2026
79.00
83.17
77.56
81.99
80.39
60,000
May 28, 2026
71.03
80.00
71.03
77.11
75.61
15,500
May 27, 2026
72.00
72.92
66.88
67.95
66.62
14,300
May 26, 2026
0.61 Dividend 

May 26, 2026
72.06
73.02
69.02
73.02
71.59
21,200
May 22, 2026
65.98
72.00
65.86
69.62
67.66
35,300
May 21, 2026
57.50
67.79
57.50
67.79
65.88
24,700
May 20, 2026
50.50
57.65
50.50
56.78
55.18
24,200
May 19, 2026
44.83
48.94
43.97
48.40
47.04
21,100
May 18, 2026
0.657 Dividend 

May 18, 2026
45.11
46.21
43.93
46.21
44.91
14,300
May 15, 2026
47.19
47.19
45.55
45.57
43.65
21,900
May 14, 2026
48.60
50.60
46.55
50.60
48.47
14,400
May 13, 2026
45.59
48.60
45.37
48.60
46.55
17,500
May 12, 2026
44.10
47.27
43.52
44.91
43.02
11,500
May 11, 2026
0.43 Dividend 

May 11, 2026
45.00
47.00
45.00
46.27
44.32
24,300
May 8, 2026
48.60
48.97
46.49
47.04
44.65
41,200
May 7, 2026
52.49
52.49
46.44
46.66
44.29
25,300
May 6, 2026
50.51
54.00
49.63
53.49
50.77
32,200
May 5, 2026
46.10
46.85
44.75
45.89
43.56
36,700
May 4, 2026
1.14 Dividend 

May 4, 2026
47.15
47.15
43.10
44.35
42.10
31,700
May 1, 2026
47.36
51.14
46.71
47.66
44.15
83,900
Apr 30, 2026
46.95
48.64
44.93
47.31
43.82
6,600
Apr 29, 2026
44.51
45.41
42.92
44.88
41.57
42,500
Apr 28, 2026
44.00
45.41
43.26
44.09
40.85
23,700
Apr 27, 2026
0.586 Dividend 

Apr 27, 2026
54.90
54.90
47.28
48.85
45.26
26,600
Apr 24, 2026
51.20
55.18
51.20
54.58
50.02
68,300
Apr 23, 2026
43.61
47.77
43.60
46.58
42.69
19,200
Apr 22, 2026
39.75
44.52
39.75
44.41
40.70
37,500
Apr 21, 2026
40.49
40.49
38.69
38.87
35.62
34,400
Apr 20, 2026
0.364 Dividend 

Apr 20, 2026
37.80
39.00
36.37
39.00
35.74
16,900
Apr 17, 2026
35.91
37.21
35.91
36.89
33.48
16,500
Apr 16, 2026
34.97
36.52
34.79
35.90
32.58
10,500
Apr 15, 2026
35.09
35.31
34.83
35.29
32.02
10,600
Apr 14, 2026
35.80
36.05
35.00
35.87
32.55
6,300
Apr 13, 2026
0.445 Dividend 

Apr 13, 2026
32.17
34.70
32.05
34.70
31.49
24,000
Apr 10, 2026
33.20
35.40
32.74
32.93
29.48
31,600
Apr 9, 2026
33.58
33.58
32.06
33.14
29.67
3,200
Apr 8, 2026
34.08
34.08
32.61
32.83
29.39
5,600
Apr 7, 2026
31.25
31.65
30.04
31.54
28.23
17,900
Apr 6, 2026
0.514 Dividend 

Apr 6, 2026
32.84
33.65
32.48
32.87
29.42
18,500
Apr 2, 2026
33.85
34.00
32.74
33.63
29.64
32,100
Apr 1, 2026
34.60
35.82
34.55
35.23
31.05
2,700
Mar 31, 2026
32.25
34.15
32.25
34.15
30.10
8,600
Mar 30, 2026
0.439 Dividend 

Mar 30, 2026
32.00
32.60
30.05
30.23
26.65
6,800
Mar 27, 2026
35.26
35.26
32.28
32.65
28.39
51,300
Mar 26, 2026
36.90
37.74
35.48
35.63
30.99
13,200
Mar 25, 2026
35.91
37.24
35.25
36.16
31.45
11,900
Mar 24, 2026
30.17
31.56
29.97
30.13
26.20
17,900
Mar 23, 2026
0.299 Dividend 

Mar 23, 2026
30.14
31.24
29.70
30.66
26.66
12,800
Mar 20, 2026
30.10
31.85
29.61
29.69
25.56
328,700
Mar 19, 2026
28.57
29.13
27.75
29.13
25.08
7,500
Mar 18, 2026
28.30
29.21
28.30
28.83
24.82
7,600
Mar 17, 2026
27.32
28.51
27.32
28.51
24.54
7,900
Mar 16, 2026
0.158 Dividend 

Mar 16, 2026
26.75
27.31
25.98
26.96
23.21
20,900
Mar 13, 2026
25.54
26.25
25.54
25.59
21.89
12,100
Mar 12, 2026
26.29
26.44
25.40
25.43
21.76
21,300
Mar 11, 2026
26.87
27.55
26.64
26.76
22.89
6,300
Mar 10, 2026
26.17
27.22
26.17
26.83
22.95
11,700
Mar 9, 2026
0.331 Dividend 

Mar 9, 2026
24.78
26.12
24.57
26.12
22.35
12,700
Mar 6, 2026
27.06
27.06
25.44
25.58
21.60
17,800
Mar 5, 2026
27.61
28.24
26.97
27.22
22.99
26,800
Mar 4, 2026
28.66
28.66
27.76
28.34
23.93
15,500
Mar 3, 2026
26.91
27.73
26.18
27.73
23.42
35,700
Mar 2, 2026
0.306 Dividend 

Mar 2, 2026
28.55
28.74
27.64
28.42
24.00
25,800
Feb 27, 2026
29.33
29.82
29.24
29.43
24.59
16,700
Feb 26, 2026
30.67
31.45
29.68
30.12
25.17
6,800
Feb 25, 2026
30.19
31.02
29.89
30.75
25.70
22,700
Feb 24, 2026
28.94
30.53
28.94
29.73
24.85
18,000
Feb 23, 2026
0.335 Dividend 

Feb 23, 2026
28.92
29.26
28.00
28.39
23.73
22,300
Feb 20, 2026
29.67
30.41
29.26
29.26
24.17
140,600
Feb 19, 2026
29.80
29.80
28.65
29.66
24.50
15,400
Feb 18, 2026
30.46
30.72
29.55
29.80
24.62
44,600
Feb 17, 2026
0.413 Dividend 

Feb 17, 2026
28.70
29.75
27.99
29.75
24.58
18,800
Feb 13, 2026
29.09
30.22
28.66
29.59
24.10
74,200
Feb 12, 2026
30.11
30.44
28.72
28.82
23.48
7,300
Feb 11, 2026
30.62
30.62
29.64
29.76
24.25
7,000
Feb 10, 2026
29.70
31.00
29.59
29.84
24.31
7,100
Feb 9, 2026
0.155 Dividend 

Feb 9, 2026
28.28
29.55
27.87
29.55
24.07
20,100
Feb 6, 2026
26.60
29.50
26.60
29.39
23.82
17,800
Feb 5, 2026
23.68
26.80
23.23
25.65
20.78
24,300
Feb 4, 2026
24.00
24.55
23.85
24.27
19.67
10,900
Feb 3, 2026
25.14
25.25
23.39
24.13
19.56
3,600
Feb 2, 2026
0.384 Dividend 

Feb 2, 2026
24.36
24.99
24.36
24.65
19.97
15,400
Jan 30, 2026
25.28
25.34
24.67
24.79
19.78
16,500
Jan 29, 2026
26.34
26.34
24.96
25.69
20.49
5,300
Jan 28, 2026
27.81
27.81
25.88
26.03
20.77
6,800
Jan 27, 2026
27.46
28.00
27.42
27.42
21.87
2,300
Jan 26, 2026
0.185 Dividend 

Jan 26, 2026
27.92
27.92
27.28
27.28
21.76
5,500
Jan 23, 2026
29.72
29.72
27.85
28.06
22.24
9,500
Jan 22, 2026
29.44
29.92
28.85
28.85
22.86
9,100
Jan 21, 2026
27.01
28.28
26.97
27.36
21.69
10,300
Jan 20, 2026
0.229 Dividend 

Jan 20, 2026
25.03
26.17
25.03
25.54
20.24
25,700
Jan 16, 2026
25.83
25.86
25.20
25.47
20.00
71,600
Jan 15, 2026
25.97
26.08
24.99
24.99
19.63
16,100
Jan 14, 2026
25.25
25.25
24.36
24.95
19.60
9,000
Jan 13, 2026
26.50
27.35
25.47
25.98
20.40
9,200
Jan 12, 2026
0.342 Dividend 

Jan 12, 2026
26.70
26.97
26.36
26.91
21.13
9,100
Jan 9, 2026
27.98
27.98
26.84
27.53
21.35
13,300
Jan 8, 2026
28.19
28.19
27.08
27.95
21.68
8,700
Jan 7, 2026
28.13
28.91
28.13
28.74
22.29
6,500
Jan 6, 2026
28.75
28.81
28.56
28.57
22.16
1,900
Jan 5, 2026
0.281 Dividend 

Jan 5, 2026
30.06
30.39
28.71
28.71
22.27
4,300
Jan 2, 2026
27.98
29.08
27.98
28.55
21.93
6,500
Dec 31, 2025
27.38
27.48
27.07
27.07
20.79
33,600
Dec 30, 2025
27.16
27.65
27.16
27.42
21.06
22,800
Dec 29, 2025
0.166 Dividend 

Dec 29, 2025
27.26
27.29
27.18
27.26
20.94
4,000
Dec 26, 2025
27.87
27.87
27.28
27.28
20.82
8,900
Dec 24, 2025
27.85
27.91
27.75
27.87
21.27
1,500
Dec 23, 2025
28.60
28.60
27.70
28.00
21.37
17,100
Dec 22, 2025
0.281 Dividend 

Dec 22, 2025
29.06
29.42
28.40
28.40
21.68
10,000
Dec 19, 2025
29.05
29.18
28.87
29.18
22.06
124,100
Dec 18, 2025
29.71
29.84
28.85
28.85
21.81
3,800
Dec 17, 2025
31.07
31.07
28.59
29.11
22.01
6,100
Dec 16, 2025
31.76
31.76
30.30
31.14
23.54
4,000
Dec 15, 2025
0.5 Dividend 

Dec 15, 2025
33.46
33.46
31.86
32.11
24.27
8,800
Dec 12, 2025
35.88
35.88
34.75
34.75
25.89
5,000
Dec 11, 2025
36.77
36.77
35.76
36.25
27.01
7,500
Dec 10, 2025
37.97
38.46
37.89
38.21
28.47
4,000
Dec 9, 2025
37.72
38.36
37.65
38.36
28.58
2,000
Dec 8, 2025
0.509 Dividend 

Dec 8, 2025
38.55
38.55
37.28
37.62
28.03
4,800
Dec 5, 2025
39.57
39.57
38.58
38.64
28.41
5,700
Dec 4, 2025
37.74
38.59
37.74
38.32
28.17
5,900
Dec 3, 2025
37.24
38.00
37.08
37.95
27.90
5,500
Dec 2, 2025
37.51
37.68
37.07
37.07
27.26
4,500
Dec 1, 2025
0.383 Dividend 

Dec 1, 2025
35.74
37.08
35.24
36.58
26.90
12,400
Nov 28, 2025
36.40
37.08
36.40
37.00
26.92
7,700
Nov 26, 2025
36.35
36.62
36.35
36.35
26.45
4,900
Nov 25, 2025
34.80
36.10
34.80
35.85
26.09
15,100
Nov 24, 2025
0.345 Dividend 

Nov 24, 2025
36.00
37.27
36.00
36.73
26.73
5,500
Nov 21, 2025
35.63
36.73
34.70
36.31
26.17
720,700
Nov 20, 2025
39.50
39.79
36.54
36.54
26.34
3,400
Nov 19, 2025
37.94
38.31
37.72
38.13
27.48
1,800
Nov 18, 2025
37.67
38.19
37.19
37.88
27.30
3,500
Nov 17, 2025
0.353 Dividend 

Nov 17, 2025
39.38
40.21
38.65
39.14
28.21
5,100
Nov 14, 2025
38.72
40.73
38.72
39.38
28.13
4,900
Nov 13, 2025
42.09
42.09
38.89
39.60
28.29
9,600
Nov 12, 2025
43.38
43.38
41.97
42.46
30.33
4,900
Nov 11, 2025
42.69
43.00
41.90
42.83
30.59
11,900
Nov 10, 2025
0.728 Dividend 

Nov 10, 2025
46.32
46.32
44.55
44.64
31.88
20,700
Nov 7, 2025
44.95
45.50
42.37
44.43
31.22
33,400
Nov 6, 2025
50.27
50.27
45.63
46.71
32.81
7,700
Nov 5, 2025
46.33
48.67
42.80
47.26
33.21
20,100
Nov 4, 2025
47.56
49.39
46.44
47.66
33.49
18,500
Nov 3, 2025
1.171 Dividend 

Nov 3, 2025
51.00
52.05
50.52
50.52
35.49
36,200
Oct 31, 2025
51.86
52.82
50.92
52.15
35.82
103,800
Oct 30, 2025
51.61
51.70
50.49
50.49
34.68
1,800
Oct 29, 2025
53.86
53.86
52.26
52.26
35.89
3,700
Oct 28, 2025
55.59
55.59
53.29
53.29
36.60
2,100
Oct 27, 2025
55.12
55.35
54.85
55.25
37.95
2,900
Oct 24, 2025
52.39
53.13
52.39
52.43
36.01
3,200
Oct 23, 2025
51.55
51.60
50.61
50.87
34.94
1,900
