Date
Open
High
Low
Close 

Adj Close 

Volume

May 22, 2026
48.23
48.23
46.93
47.42
47.42
37,100
May 21, 2026
47.46
48.51
46.95
47.46
47.46
24,500
May 20, 2026
47.36
48.80
47.28
48.04
48.04
11,600
May 19, 2026
46.98
47.85
46.46
46.94
46.94
42,200
May 18, 2026
0.535 Dividend 

May 18, 2026
49.52
49.52
47.50
48.32
48.32
18,700
May 15, 2026
50.47
50.49
49.12
49.60
49.06
31,300
May 14, 2026
50.00
51.87
49.98
51.47
50.91
32,800
May 13, 2026
48.37
48.54
47.03
48.28
47.76
23,100
May 12, 2026
49.18
49.89
47.23
48.84
48.31
27,000
May 11, 2026
0.445 Dividend 

May 11, 2026
50.01
50.63
49.64
49.91
49.37
29,500
May 8, 2026
48.50
51.15
48.48
50.71
49.72
31,000
May 7, 2026
49.71
50.18
47.50
48.16
47.22
27,100
May 6, 2026
51.50
51.50
49.16
49.99
49.02
27,100
May 5, 2026
49.62
51.10
49.38
50.33
49.35
33,800
May 4, 2026
0.589 Dividend 

May 4, 2026
48.97
49.60
47.86
48.74
47.79
28,900
May 1, 2026
49.16
50.34
49.16
50.03
48.47
23,300
Apr 30, 2026
49.22
49.60
47.79
49.60
48.06
28,400
Apr 29, 2026
47.49
47.80
46.74
47.80
46.32
15,000
Apr 28, 2026
47.02
47.92
46.27
46.98
45.52
30,100
Apr 27, 2026
0.587 Dividend 

Apr 27, 2026
50.13
50.15
49.20
49.63
48.09
25,900
Apr 24, 2026
51.34
51.34
49.04
50.83
48.68
31,600
Apr 23, 2026
50.54
51.86
50.37
50.56
48.42
23,300
Apr 22, 2026
48.78
50.93
48.40
50.93
48.78
45,200
Apr 21, 2026
47.71
48.15
46.98
47.93
45.91
35,800
Apr 20, 2026
0.557 Dividend 

Apr 20, 2026
48.71
48.71
47.20
47.69
45.68
23,100
Apr 17, 2026
48.54
49.24
48.38
49.15
46.54
39,200
Apr 16, 2026
47.47
48.16
47.40
47.97
45.42
19,900
Apr 15, 2026
46.75
47.84
45.73
47.84
45.30
36,400
Apr 14, 2026
44.62
45.69
44.62
45.46
43.05
31,600
Apr 13, 2026
0.437 Dividend 

Apr 13, 2026
44.05
45.44
43.54
45.39
42.98
70,100
Apr 10, 2026
43.13
45.26
43.13
44.80
42.01
34,300
Apr 9, 2026
42.00
42.85
41.96
42.34
39.70
21,900
Apr 8, 2026
41.85
42.16
40.60
41.66
39.06
44,300
Apr 7, 2026
38.49
39.43
37.99
39.43
36.97
42,900
Apr 6, 2026
0.298 Dividend 

Apr 6, 2026
36.87
36.87
36.15
36.65
34.37
21,800
Apr 2, 2026
35.72
37.02
35.26
36.96
34.38
23,100
Apr 1, 2026
36.95
37.07
36.54
36.86
34.29
22,600
Mar 31, 2026
34.82
36.37
34.57
36.26
33.73
35,000
Mar 30, 2026
0.291 Dividend 

Mar 30, 2026
35.08
35.46
33.63
34.02
31.64
30,900
Mar 27, 2026
36.32
36.32
35.27
35.37
32.63
26,100
Mar 26, 2026
37.31
37.40
36.60
36.63
33.79
19,800
Mar 25, 2026
38.63
38.63
37.70
38.03
35.08
11,000
Mar 24, 2026
38.28
38.49
37.50
37.96
35.02
19,200
Mar 23, 2026
0.34 Dividend 

Mar 23, 2026
37.89
39.04
37.61
38.42
35.44
53,000
Mar 20, 2026
38.33
38.58
36.94
37.17
33.98
204,900
Mar 19, 2026
37.43
38.84
36.88
38.51
35.20
23,500
Mar 18, 2026
38.65
39.20
37.82
37.88
34.62
32,300
Mar 17, 2026
39.37
39.44
38.13
38.60
35.28
20,600
Mar 16, 2026
0.494 Dividend 

Mar 16, 2026
39.31
39.75
38.50
39.11
35.75
42,500
Mar 13, 2026
41.17
41.40
39.22
39.22
35.40
37,800
Mar 12, 2026
41.49
41.72
40.85
41.32
37.29
14,000
Mar 11, 2026
42.45
42.63
41.73
42.22
38.11
30,600
Mar 10, 2026
42.77
43.75
42.13
42.24
38.12
29,900
Mar 9, 2026
0.334 Dividend 

Mar 9, 2026
39.97
43.04
39.76
42.69
38.53
42,900
Mar 6, 2026
40.45
42.66
40.45
40.94
36.65
48,800
Mar 5, 2026
40.74
41.61
39.91
41.21
36.89
45,100
Mar 4, 2026
38.65
39.68
38.25
39.05
34.96
51,700
Mar 3, 2026
38.39
38.75
37.60
38.47
34.44
43,800
Mar 2, 2026
0.473 Dividend 

Mar 2, 2026
37.76
39.23
37.46
39.08
34.98
67,100
Feb 27, 2026
38.31
39.86
38.31
39.86
35.26
58,000
Feb 26, 2026
40.93
40.93
38.00
40.13
35.50
65,100
Feb 25, 2026
41.38
42.12
41.34
41.74
36.92
24,900
Feb 24, 2026
40.33
41.02
39.00
40.58
35.90
59,500
Feb 23, 2026
0.376 Dividend 

Feb 23, 2026
41.62
42.42
40.88
41.33
36.56
22,900
Feb 20, 2026
42.01
43.13
41.69
42.04
36.85
48,000
Feb 19, 2026
42.11
42.88
41.87
42.44
37.20
16,100
Feb 18, 2026
41.82
42.92
41.34
42.19
36.99
31,400
Feb 17, 2026
0.45 Dividend 

Feb 17, 2026
40.11
42.64
39.80
42.05
36.86
35,700
Feb 13, 2026
42.09
42.72
41.36
41.40
35.90
47,600
Feb 12, 2026
44.56
44.56
42.24
42.43
36.79
29,100
Feb 11, 2026
44.97
44.97
42.93
44.19
38.31
21,700
Feb 10, 2026
44.82
44.88
43.81
43.88
38.05
35,800
Feb 9, 2026
0.499 Dividend 

Feb 9, 2026
41.35
45.53
41.35
44.26
38.38
41,900
Feb 6, 2026
41.10
43.39
40.64
43.24
37.06
81,500
Feb 5, 2026
40.18
42.13
39.20
39.76
34.08
87,000
Feb 4, 2026
41.07
41.07
37.40
39.40
33.77
86,700
Feb 3, 2026
43.67
44.10
39.50
41.38
35.47
75,200
Feb 2, 2026
0.21 Dividend 

Feb 2, 2026
42.19
43.58
42.19
42.94
36.80
38,000
Jan 30, 2026
43.32
44.17
42.80
43.23
36.87
48,100
Jan 29, 2026
43.40
43.77
41.50
43.05
36.72
61,600
Jan 28, 2026
44.30
44.43
42.48
43.53
37.13
43,400
Jan 27, 2026
43.00
43.66
42.60
43.37
36.99
39,300
Jan 26, 2026
0.488 Dividend 

Jan 26, 2026
41.38
42.78
41.12
42.16
35.96
49,300
Jan 23, 2026
41.94
42.24
41.13
41.96
35.37
90,800
Jan 22, 2026
44.33
44.55
42.71
42.85
36.12
53,300
Jan 21, 2026
44.38
44.38
42.62
43.32
36.52
96,400
Jan 20, 2026
0.408 Dividend 

Jan 20, 2026
45.77
45.85
43.85
44.04
37.13
97,100
Jan 16, 2026
46.73
47.84
46.28
47.41
39.62
106,900
Jan 15, 2026
47.03
47.03
45.91
46.09
38.52
68,600
Jan 14, 2026
47.24
47.29
44.69
45.60
38.11
69,900
Jan 13, 2026
47.81
48.65
47.53
47.96
40.08
75,500
Jan 12, 2026
0.414 Dividend 

Jan 12, 2026
45.75
47.80
45.75
47.52
39.72
74,000
Jan 9, 2026
45.51
47.19
45.14
46.83
38.79
53,900
Jan 8, 2026
46.36
46.44
44.48
44.76
37.08
80,800
Jan 7, 2026
46.58
47.62
45.69
46.56
38.57
21,700
Jan 6, 2026
46.88
47.57
45.90
46.58
38.59
40,000
Jan 5, 2026
0.597 Dividend 

Jan 5, 2026
48.49
48.49
45.57
46.68
38.67
55,700
Jan 2, 2026
49.04
49.98
47.68
47.84
39.14
64,800
Dec 31, 2025
48.10
48.29
47.63
47.64
38.97
35,800
Dec 30, 2025
48.26
48.79
48.20
48.40
39.59
91,600
Dec 29, 2025
0.388 Dividend 

Dec 29, 2025
48.08
48.36
47.74
48.13
39.37
63,400
Dec 26, 2025
48.94
49.26
48.41
49.15
39.89
58,800
Dec 24, 2025
48.79
49.20
48.36
48.82
39.62
19,400
Dec 23, 2025
47.18
48.76
46.89
48.57
39.42
43,000
Dec 22, 2025
0.372 Dividend 

Dec 22, 2025
47.97
48.06
46.45
47.32
38.40
70,500
Dec 19, 2025
46.18
47.57
46.18
47.54
38.28
82,200
Dec 18, 2025
46.65
46.65
44.76
45.67
36.78
72,500
Dec 17, 2025
49.13
49.13
44.39
45.14
36.35
66,300
Dec 16, 2025
46.63
48.60
46.63
47.72
38.43
66,300
Dec 15, 2025
0.571 Dividend 

Dec 15, 2025
51.23
51.23
47.20
47.52
38.26
119,000
Dec 12, 2025
54.99
55.04
50.64
51.49
41.00
187,200
Dec 11, 2025
59.10
59.90
57.50
59.56
47.43
83,100
Dec 10, 2025
59.00
60.81
58.57
60.81
48.42
34,500
Dec 9, 2025
58.28
59.57
57.61
59.57
47.44
40,300
Dec 8, 2025
0.767 Dividend 

Dec 8, 2025
58.71
59.66
58.01
58.75
46.78
43,700
Dec 5, 2025
56.61
58.06
56.61
57.61
45.26
41,000
Dec 4, 2025
55.88
56.32
55.24
55.93
43.94
35,400
Dec 3, 2025
55.83
55.92
54.15
55.92
43.94
33,100
Dec 2, 2025
57.03
58.08
55.71
56.09
44.07
48,500
Dec 1, 2025
0.602 Dividend 

Dec 1, 2025
58.23
58.33
56.66
56.66
44.52
54,600
Nov 28, 2025
59.96
60.46
59.51
60.45
47.02
43,900
Nov 26, 2025
57.46
59.80
57.15
59.56
46.33
61,600
Nov 25, 2025
57.39
57.77
55.04
57.24
44.53
75,100
Nov 24, 2025
0.538 Dividend 

Nov 24, 2025
50.67
56.64
50.67
55.91
43.49
61,400
Nov 21, 2025
51.01
51.24
48.50
49.81
38.33
272,700
Nov 20, 2025
54.75
56.25
50.99
51.26
39.44
49,000
Nov 19, 2025
50.21
53.21
49.92
52.46
40.37
25,300
Nov 18, 2025
50.46
51.16
49.50
50.20
38.63
31,400
Nov 17, 2025
0.488 Dividend 

Nov 17, 2025
49.71
52.05
49.71
50.31
38.71
32,500
Nov 14, 2025
48.84
51.32
48.71
51.00
38.87
34,500
Nov 13, 2025
52.68
52.68
49.54
50.63
38.59
51,900
Nov 12, 2025
53.66
53.84
52.68
53.38
40.68
24,900
Nov 11, 2025
54.02
54.49
52.40
52.80
40.24
20,800
Nov 10, 2025
0.759 Dividend 

Nov 10, 2025
53.91
54.17
53.19
53.92
41.09
31,900
Nov 7, 2025
53.91
53.97
50.89
53.11
39.90
55,100
Nov 6, 2025
54.88
55.30
54.00
54.28
40.78
27,800
Nov 5, 2025
53.46
55.72
53.46
54.88
41.23
30,100
Nov 4, 2025
54.81
56.55
53.45
53.63
40.29
41,100
Nov 3, 2025
0.642 Dividend 

Nov 3, 2025
57.34
57.34
55.40
55.54
41.72
35,500
Oct 31, 2025
59.00
59.00
56.70
57.36
42.61
40,300
Oct 30, 2025
60.00
60.04
57.74
58.84
43.71
42,500
Oct 29, 2025
58.25
60.43
58.25
60.37
44.84
47,000
Oct 28, 2025
56.29
58.20
56.26
58.19
43.22
29,100
Oct 27, 2025
0.708 Dividend 

Oct 27, 2025
56.11
56.15
54.85
56.15
41.71
33,000
Oct 24, 2025
54.92
56.03
54.81
55.44
40.66
36,900
Oct 23, 2025
52.64
53.87
52.64
53.60
39.31
18,300
Oct 22, 2025
53.94
54.00
51.94
52.87
38.77
34,800
Oct 21, 2025
54.41
54.61
52.90
53.26
39.06
57,400
Oct 20, 2025
0.741 Dividend 

Oct 20, 2025
55.17
55.75
54.09
54.52
39.98
30,800
Oct 17, 2025
55.37
55.48
53.86
55.11
39.87
74,600
Oct 16, 2025
56.47
57.67
55.26
56.03
40.54
34,800
Oct 15, 2025
55.99
57.11
55.12
55.72
40.31
29,000
Oct 14, 2025
0.922 Dividend 

Oct 14, 2025
55.15
55.30
53.44
54.37
39.34
33,900
Oct 13, 2025
55.81
58.00
55.18
57.64
41.03
49,800
Oct 10, 2025
55.60
56.26
51.39
51.39
36.58
81,200
Oct 9, 2025
55.60
55.74
54.75
55.59
39.57
26,200
Oct 8, 2025
53.49
55.69
53.20
55.69
39.65
19,300
Oct 7, 2025
54.04
54.15
51.95
53.89
38.36
25,100
Oct 6, 2025
0.732 Dividend 

Oct 6, 2025
53.85
55.25
53.62
53.69
38.22
53,400
Oct 3, 2025
55.73
56.00
54.67
55.06
38.68
36,300
Oct 2, 2025
56.62
56.62
54.60
54.96
38.61
32,400
Oct 1, 2025
53.06
54.83
52.67
54.15
38.04
25,900
Sep 30, 2025
53.46
53.46
52.42
53.35
37.47
24,600
Sep 29, 2025
0.691 Dividend 

Sep 29, 2025
54.57
55.32
52.90
52.95
37.19
37,700
Sep 26, 2025
55.50
55.50
54.25
54.89
38.07
21,800
Sep 25, 2025
54.72
55.55
53.57
55.27
38.33
55,600
Sep 24, 2025
55.58
55.89
54.95
55.89
38.77
15,200
Sep 23, 2025
56.22
57.02
55.50
55.82
38.72
37,100
Sep 22, 2025
0.653 Dividend 

Sep 22, 2025
56.71
57.08
55.66
55.78
38.69
78,500
Sep 19, 2025
57.68
57.80
56.00
57.47
39.41
59,900
Sep 18, 2025
58.65
58.73
57.36
57.58
39.48
58,200
Sep 17, 2025
60.21
60.22
57.30
57.78
39.62
33,300
Sep 16, 2025
61.51
61.62
60.19
60.77
41.67
28,000
Sep 15, 2025
0.575 Dividend 

Sep 15, 2025
60.79
61.88
60.00
61.63
42.26
32,700
Sep 12, 2025
61.68
62.00
60.94
61.36
41.68
41,900
Sep 11, 2025
63.68
64.13
61.12
61.17
41.55
36,400
Sep 10, 2025
59.39
63.71
59.39
63.35
43.03
73,500
Sep 9, 2025
58.96
58.96
56.46
56.68
38.50
43,700
Sep 8, 2025
1.05 Dividend 

Sep 8, 2025
57.71
60.00
57.71
58.34
39.63
57,600
Sep 5, 2025
60.62
60.89
53.01
57.44
38.30
130,300
Sep 4, 2025
51.12
51.77
50.81
51.61
34.42
43,000
Sep 3, 2025
49.91
50.97
49.87
50.88
33.93
13,000
Sep 2, 2025
0.395 Dividend 

Sep 2, 2025
48.05
50.10
47.82
50.05
33.38
17,600
Aug 29, 2025
51.70
51.70
49.50
50.07
33.13
26,600
Aug 28, 2025
52.07
52.90
51.52
52.58
34.79
23,500
Aug 27, 2025
50.35
50.90
49.50
50.83
33.63
19,200
Aug 26, 2025
50.10
50.46
50.10
50.45
33.38
15,100
Aug 25, 2025
0.537 Dividend 

Aug 25, 2025
49.37
50.36
49.24
49.63
32.83
17,500
Aug 22, 2025
49.73
51.30
49.31
50.19
32.85
27,400
Aug 21, 2025
49.19
49.51
48.60
49.25
32.24
21,000
Aug 20, 2025
50.34
50.34
47.83
49.58
32.45
20,600
Aug 19, 2025
51.79
51.79
49.81
50.13
32.81
34,600
Aug 18, 2025
1.17 Dividend 

Aug 18, 2025
52.00
52.66
51.12
52.66
34.47
33,400
Aug 15, 2025
55.12
55.12
52.38
53.85
34.48
50,500
Aug 14, 2025
54.15
55.20
54.15
54.94
35.18
19,200
Aug 13, 2025
56.23
56.23
53.58
54.55
34.93
32,500
Aug 12, 2025
54.08
55.26
53.60
55.26
35.38
19,800
Aug 11, 2025
1.008 Dividend 

Aug 11, 2025
53.73
54.27
52.87
53.36
34.17
23,600
Aug 8, 2025
54.40
55.16
54.17
54.69
34.37
39,700
Aug 7, 2025
54.87
55.51
53.85
54.29
34.12
8,600
Aug 6, 2025
52.00
54.21
51.96
53.92
33.89
6,700
Aug 5, 2025
53.36
53.56
52.03
52.05
32.71
8,500
Aug 4, 2025
52.10
53.34
52.10
53.06
33.35
12,700
Aug 1, 2025
51.46
52.41
50.23
51.74
32.52
18,500
Jul 31, 2025
54.85
55.46
52.07
52.69
33.11
29,400
Jul 30, 2025
53.56
54.80
53.56
54.76
34.42
7,300
Jul 29, 2025
53.83
54.53
53.28
53.59
33.68
9,500
Jul 28, 2025
52.67
53.10
52.32
52.92
33.26
17,100
Jul 25, 2025
51.83
52.62
51.60
52.00
32.68
9,300
Jul 24, 2025
52.00
52.03
50.80
51.82
32.57
12,000
