Date
Open
High
Low
Close 

Adj Close 

Volume
Jun 5, 2026
9.46
9.47
9.06
9.10
9.10
48,700
Jun 4, 2026
0.089 Dividend 

Jun 4, 2026
9.50
9.55
9.46
9.46
9.46
19,100
Jun 3, 2026
9.71
9.71
9.58
9.61
9.52
31,900
Jun 2, 2026
9.80
9.96
9.76
9.76
9.67
76,100
Jun 1, 2026
9.47
9.52
9.38
9.47
9.38
49,900
May 29, 2026
9.40
9.46
9.34
9.39
9.30
72,400
May 28, 2026
0.087 Dividend 

May 28, 2026
9.49
9.55
9.34
9.55
9.46
65,700
May 27, 2026
9.60
9.78
9.60
9.73
9.56
19,600
May 26, 2026
9.80
9.84
9.78
9.80
9.62
26,000
May 22, 2026
9.69
9.86
9.60
9.81
9.63
111,000
May 21, 2026
0.079 Dividend 

May 21, 2026
9.89
9.98
9.73
9.93
9.75
55,200
May 20, 2026
10.17
10.24
10.10
10.20
9.94
8,400
May 19, 2026
10.08
10.27
10.08
10.20
9.94
23,000
May 18, 2026
10.07
10.18
10.06
10.11
9.85
24,500
May 15, 2026
10.34
10.34
10.01
10.02
9.76
58,700
May 14, 2026
0.102 Dividend 

May 14, 2026
10.52
10.78
10.50
10.65
10.38
30,600
May 13, 2026
10.11
11.02
10.00
10.95
10.57
123,300
May 12, 2026
10.30
10.32
10.18
10.25
9.89
20,500
May 11, 2026
10.44
10.49
10.35
10.38
10.02
55,200
May 8, 2026
10.71
10.86
10.56
10.60
10.23
35,200
May 7, 2026
0.092 Dividend 

May 7, 2026
10.79
10.87
10.65
10.66
10.29
33,800
May 6, 2026
10.48
10.85
10.48
10.82
10.35
67,000
May 5, 2026
10.35
10.44
10.30
10.30
9.86
39,200
May 4, 2026
10.30
10.51
10.30
10.37
9.92
30,600
May 1, 2026
10.29
10.34
10.21
10.24
9.80
28,300
Apr 30, 2026
0.101 Dividend 

Apr 30, 2026
10.20
10.27
10.07
10.26
9.81
17,300
Apr 29, 2026
10.36
10.36
10.20
10.23
9.69
13,200
Apr 28, 2026
10.20
10.24
10.16
10.24
9.70
20,700
Apr 27, 2026
10.32
10.44
10.32
10.33
9.79
43,100
Apr 24, 2026
10.44
10.58
10.37
10.53
9.98
52,400
Apr 23, 2026
0.083 Dividend 

Apr 23, 2026
10.51
10.51
10.14
10.27
9.73
69,400
Apr 22, 2026
10.75
10.77
10.66
10.69
10.05
37,300
Apr 21, 2026
10.88
10.89
10.52
10.64
10.00
45,900
Apr 20, 2026
10.92
11.01
10.88
10.94
10.29
35,000
Apr 17, 2026
11.00
11.17
10.95
11.00
10.34
46,500
Apr 16, 2026
0.091 Dividend 

Apr 16, 2026
10.81
11.01
10.68
10.85
10.20
63,600
Apr 15, 2026
10.58
10.65
10.54
10.65
9.92
30,400
Apr 14, 2026
10.42
10.60
10.35
10.54
9.82
48,700
Apr 13, 2026
10.24
10.34
10.16
10.32
9.62
34,900
Apr 10, 2026
10.35
10.37
10.22
10.22
9.53
38,700
Apr 9, 2026
0.091 Dividend 

Apr 9, 2026
10.20
10.31
10.15
10.31
9.61
22,500
Apr 8, 2026
10.39
10.49
10.25
10.30
9.52
43,900
Apr 7, 2026
10.00
10.07
9.79
9.90
9.15
48,500
Apr 6, 2026
10.28
10.28
10.06
10.08
9.31
39,700
Apr 2, 2026
0.087 Dividend 

Apr 2, 2026
9.94
10.10
9.93
10.06
9.29
20,100
Apr 1, 2026
10.26
10.39
10.23
10.28
9.42
33,200
Mar 31, 2026
10.09
10.37
10.09
10.37
9.50
22,600
Mar 30, 2026
10.15
10.22
10.09
10.10
9.25
49,000
Mar 27, 2026
10.18
10.28
10.12
10.13
9.28
22,600
Mar 26, 2026
0.087 Dividend 

Mar 26, 2026
10.47
10.47
10.29
10.35
9.48
26,900
Mar 25, 2026
10.57
10.65
10.56
10.64
9.67
51,100
Mar 24, 2026
10.27
10.40
10.27
10.37
9.42
22,300
Mar 23, 2026
10.26
10.47
10.21
10.43
9.48
155,200
Mar 20, 2026
10.42
10.42
10.14
10.14
9.21
50,400
Mar 19, 2026
0.093 Dividend 

Mar 19, 2026
10.42
10.50
10.02
10.31
9.37
62,400
Mar 18, 2026
11.42
11.42
11.11
11.17
10.06
26,100
Mar 17, 2026
11.33
11.35
11.22
11.29
10.17
51,400
Mar 16, 2026
11.37
11.39
11.25
11.26
10.15
48,900
Mar 13, 2026
11.10
11.23
11.10
11.15
10.05
39,300
Mar 12, 2026
0.089 Dividend 

Mar 12, 2026
11.08
11.10
11.04
11.06
9.97
16,800
Mar 11, 2026
11.24
11.26
11.20
11.25
10.06
15,900
Mar 10, 2026
11.18
11.40
11.14
11.26
10.07
19,000
Mar 9, 2026
10.80
11.00
10.74
11.00
9.83
30,200
Mar 6, 2026
10.70
10.96
10.70
10.87
9.72
49,100
Mar 5, 2026
0.091 Dividend 

Mar 5, 2026
10.87
10.94
10.72
10.81
9.66
66,200
Mar 4, 2026
11.29
11.29
11.12
11.14
9.88
82,900
Mar 3, 2026
11.40
11.42
11.16
11.32
10.04
52,200
Mar 2, 2026
11.58
11.90
11.58
11.75
10.42
61,100
Feb 27, 2026
12.18
12.18
11.94
11.94
10.59
1,009,400
Feb 26, 2026
0.098 Dividend 

Feb 26, 2026
12.40
12.40
12.13
12.29
10.89
44,900
Feb 25, 2026
12.68
12.77
12.62
12.70
11.17
20,100
Feb 24, 2026
12.65
12.81
12.63
12.75
11.22
16,900
Feb 23, 2026
12.86
12.95
12.71
12.71
11.18
93,400
Feb 20, 2026
12.59
12.90
12.55
12.82
11.28
67,100
Feb 19, 2026
0.097 Dividend 

Feb 19, 2026
12.96
12.96
12.73
12.84
11.30
28,200
Feb 18, 2026
13.03
13.11
13.02
13.05
11.40
42,200
Feb 17, 2026
12.91
13.14
12.82
12.95
11.31
35,500
Feb 13, 2026
12.81
13.13
12.68
12.98
11.33
75,400
Feb 12, 2026
0.114 Dividend 

Feb 12, 2026
13.50
13.50
13.05
13.16
11.49
47,700
Feb 11, 2026
13.65
13.72
13.50
13.70
11.86
45,200
Feb 10, 2026
13.55
13.90
13.55
13.85
11.99
35,300
Feb 9, 2026
13.58
13.70
13.45
13.57
11.75
40,800
Feb 6, 2026
13.35
13.55
13.35
13.55
11.74
52,500
Feb 5, 2026
0.119 Dividend 

Feb 5, 2026
13.34
13.51
13.14
13.18
11.41
74,700
Feb 4, 2026
13.70
13.71
13.27
13.45
11.54
49,100
Feb 3, 2026
13.94
13.94
13.54
13.76
11.81
58,200
Feb 2, 2026
13.99
14.22
13.99
14.14
12.14
60,800
Jan 30, 2026
14.48
14.53
14.23
14.24
12.22
61,400
Jan 29, 2026
0.17 Dividend 

Jan 29, 2026
14.91
14.92
14.36
14.56
12.50
58,100
Jan 28, 2026
14.77
14.93
14.73
14.82
12.57
79,200
Jan 27, 2026
14.60
14.80
14.55
14.57
12.37
60,500
Jan 26, 2026
14.49
14.56
14.27
14.45
12.26
62,800
Jan 23, 2026
14.80
14.80
14.51
14.57
12.36
75,500
Jan 22, 2026
0.128 Dividend 

Jan 22, 2026
14.69
15.15
14.69
14.86
12.61
58,300
Jan 21, 2026
14.31
14.49
14.19
14.41
12.12
36,200
Jan 20, 2026
13.85
14.19
13.85
13.89
11.68
256,800
Jan 16, 2026
14.52
14.52
14.08
14.22
11.96
91,000
Jan 15, 2026
0.086 Dividend 

Jan 15, 2026
14.52
14.74
14.32
14.65
12.32
48,200
Jan 14, 2026
14.63
14.82
14.59
14.59
12.20
62,200
Jan 13, 2026
14.23
14.63
14.16
14.34
11.99
39,500
Jan 12, 2026
13.53
14.44
13.53
14.33
11.98
108,300
Jan 9, 2026
13.39
13.39
13.13
13.33
11.14
48,500
Jan 8, 2026
0.117 Dividend 

Jan 8, 2026
13.00
13.60
12.97
13.56
11.34
61,800
Jan 7, 2026
13.34
13.34
13.10
13.18
10.92
59,700
Jan 6, 2026
13.76
13.77
13.40
13.40
11.10
43,200
Jan 5, 2026
13.83
13.83
13.50
13.79
11.43
62,700
Jan 2, 2026
0.092 Dividend 

Jan 2, 2026
13.62
13.81
13.50
13.79
11.43
64,200
Dec 31, 2025
13.25
13.25
13.11
13.22
10.88
84,700
Dec 30, 2025
13.35
13.37
13.25
13.26
10.91
108,600
Dec 29, 2025
13.32
13.45
13.25
13.37
11.00
69,000
Dec 26, 2025
0.093 Dividend 

Dec 26, 2025
13.57
13.65
13.53
13.60
11.19
26,300
Dec 24, 2025
13.61
13.62
13.57
13.59
11.11
32,900
Dec 23, 2025
13.58
13.63
13.51
13.61
11.12
38,600
Dec 22, 2025
13.50
13.64
13.47
13.58
11.10
171,800
Dec 19, 2025
13.45
13.60
13.45
13.47
11.01
32,100
Dec 18, 2025
0.09 Dividend 

Dec 18, 2025
13.37
13.44
13.31
13.37
10.93
37,100
Dec 17, 2025
13.73
13.73
13.35
13.35
10.84
37,800
Dec 16, 2025
13.59
13.63
13.40
13.63
11.06
63,700
Dec 15, 2025
14.00
14.00
13.59
13.66
11.09
62,900
Dec 12, 2025
14.17
14.25
13.93
14.03
11.39
29,300
Dec 11, 2025
0.127 Dividend 

Dec 11, 2025
14.05
14.19
13.84
14.17
11.50
48,800
Dec 10, 2025
14.44
14.52
14.34
14.45
11.63
43,900
Dec 9, 2025
14.14
14.25
14.02
14.21
11.43
38,400
Dec 8, 2025
14.35
14.35
14.21
14.35
11.54
33,700
Dec 5, 2025
14.26
14.41
14.26
14.30
11.50
46,700
Dec 4, 2025
0.238 Dividend 

Dec 4, 2025
14.15
14.30
14.15
14.22
11.44
27,500
Dec 3, 2025
14.50
14.50
14.38
14.46
11.44
44,000
Dec 2, 2025
14.82
14.82
14.55
14.68
11.62
50,200
Dec 1, 2025
14.70
14.91
14.57
14.89
11.78
77,200
Nov 28, 2025
0.138 Dividend 

Nov 28, 2025
14.46
14.46
14.23
14.37
11.37
20,600
Nov 26, 2025
14.59
14.60
14.11
14.46
11.33
56,700
Nov 25, 2025
14.75
14.83
14.31
14.43
11.31
51,900
Nov 24, 2025
14.36
14.62
14.36
14.58
11.43
213,000
Nov 21, 2025
13.77
14.15
13.62
13.95
10.93
89,600
Nov 20, 2025
0.128 Dividend 

Nov 20, 2025
14.45
14.61
13.92
14.02
10.99
97,900
Nov 19, 2025
14.46
14.69
14.46
14.61
11.35
52,300
Nov 18, 2025
14.28
14.69
14.28
14.68
11.40
46,400
Nov 17, 2025
14.27
14.65
14.27
14.41
11.19
101,900
Nov 14, 2025
14.49
14.76
13.91
14.14
10.98
155,400
Nov 13, 2025
0.137 Dividend 

Nov 13, 2025
14.82
14.83
14.46
14.58
11.33
105,900
Nov 12, 2025
14.74
14.77
14.40
14.50
11.16
109,400
Nov 11, 2025
15.01
15.10
14.73
14.75
11.35
60,700
Nov 10, 2025
15.19
15.27
14.99
15.09
11.61
91,800
Nov 7, 2025
14.87
15.20
14.80
15.14
11.65
102,400
Nov 6, 2025
0.15 Dividend 

Nov 6, 2025
15.35
15.50
15.12
15.29
11.77
105,000
Nov 5, 2025
15.10
15.35
15.09
15.18
11.57
79,000
Nov 4, 2025
15.01
15.33
14.94
15.12
11.52
93,800
Nov 3, 2025
15.53
15.53
15.27
15.46
11.78
97,700
Oct 31, 2025
15.72
15.72
15.44
15.64
11.92
102,500
Oct 30, 2025
0.256 Dividend 

Oct 30, 2025
16.01
16.07
15.89
15.92
12.13
93,900
Oct 29, 2025
16.55
16.65
16.40
16.53
12.40
105,800
Oct 28, 2025
16.38
16.49
16.20
16.32
12.24
71,000
Oct 27, 2025
16.43
16.51
16.35
16.39
12.29
130,200
Oct 24, 2025
16.25
16.25
16.11
16.16
12.12
76,600
Oct 23, 2025
0.31 Dividend 

Oct 23, 2025
15.80
16.06
15.79
16.04
12.03
59,600
Oct 22, 2025
15.87
16.14
15.72
15.89
11.69
86,100
Oct 21, 2025
16.23
16.23
15.88
15.94
11.72
51,800
Oct 20, 2025
15.88
16.44
15.84
16.32
12.00
190,000
Oct 17, 2025
15.51
16.00
15.43
15.88
11.68
77,500
Oct 16, 2025
0.135 Dividend 

Oct 16, 2025
15.78
15.95
15.65
15.67
11.52
63,700
Oct 15, 2025
15.98
16.05
15.79
15.87
11.57
338,800
Oct 14, 2025
15.25
15.90
15.22
15.62
11.39
153,500
Oct 13, 2025
15.93
16.11
15.78
15.95
11.63
152,600
Oct 10, 2025
16.25
16.46
15.05
15.16
11.05
513,900
Oct 9, 2025
1.888 Dividend 

Oct 9, 2025
16.90
16.98
16.35
16.44
11.99
511,900
Oct 8, 2025
19.08
19.24
18.75
19.11
12.56
1,525,900
Oct 7, 2025
19.83
19.83
19.03
19.11
12.56
113,000
Oct 6, 2025
19.71
19.80
19.50
19.63
12.90
121,600
Oct 3, 2025
19.94
19.94
19.59
19.68
12.93
185,000
Oct 2, 2025
19.50
20.00
19.50
19.70
12.95
123,900
Oct 1, 2025
19.20
19.28
19.01
19.27
12.66
41,600
Sep 30, 2025
19.18
19.25
18.91
18.95
12.45
39,400
Sep 29, 2025
18.99
19.15
18.92
19.10
12.55
45,000
Sep 26, 2025
18.36
18.55
18.26
18.49
12.15
43,900
Sep 25, 2025
18.57
18.83
18.28
18.72
12.30
81,200
Sep 24, 2025
18.85
19.04
18.70
18.77
12.34
108,800
Sep 23, 2025
18.03
18.14
17.71
17.79
11.69
41,300
Sep 22, 2025
17.63
18.09
17.63
17.80
11.70
562,500
Sep 19, 2025
17.88
17.95
17.61
17.61
11.57
27,700
Sep 18, 2025
17.64
17.90
17.50
17.64
11.59
46,400
Sep 17, 2025
17.82
18.07
17.70
17.92
11.78
53,900
Sep 16, 2025
17.27
17.63
17.24
17.63
11.59
56,300
Sep 15, 2025
17.19
17.40
17.19
17.26
11.34
75,100
Sep 12, 2025
16.85
17.05
16.77
17.00
11.17
162,500
Sep 11, 2025
0.797 Dividend 

Sep 11, 2025
16.32
17.20
16.32
17.04
11.20
146,900
Sep 10, 2025
17.10
17.10
16.76
16.83
10.54
231,300
Sep 9, 2025
17.07
17.21
16.90
17.09
10.70
92,300
Sep 8, 2025
16.41
16.50
16.30
16.50
10.33
80,100
Sep 5, 2025
15.89
16.06
15.80
16.06
10.05
76,800
Sep 4, 2025
16.00
16.00
15.50
15.62
9.78
45,500
Sep 3, 2025
16.31
16.31
16.07
16.18
10.13
65,200
Sep 2, 2025
16.10
16.35
15.90
16.35
10.24
123,600
Aug 29, 2025
15.38
16.12
15.38
16.05
10.05
163,400
Aug 28, 2025
14.80
14.90
14.58
14.73
9.22
19,000
Aug 27, 2025
15.03
15.03
14.86
15.02
9.40
17,000
Aug 26, 2025
15.27
15.37
15.15
15.21
9.52
16,400
Aug 25, 2025
15.17
15.39
15.17
15.23
9.53
29,000
Aug 22, 2025
14.88
15.13
14.88
15.05
9.42
41,900
Aug 21, 2025
14.64
14.68
14.55
14.59
9.13
26,300
Aug 20, 2025
14.75
14.84
14.63
14.72
9.22
25,800
Aug 19, 2025
14.98
15.02
14.75
14.75
9.23
38,900
Aug 18, 2025
14.91
15.00
14.87
14.87
9.31
188,800
Aug 15, 2025
14.90
14.97
14.80
14.90
9.33
56,300
Aug 14, 2025
0.754 Dividend 

Aug 14, 2025
15.21
15.21
14.92
14.99
9.38
32,400
Aug 13, 2025
16.08
16.20
16.01
16.11
9.61
84,600
Aug 12, 2025
15.43
15.81
15.31
15.79
9.42
52,300
Aug 11, 2025
15.51
15.60
15.32
15.38
9.18
30,800
Aug 8, 2025
15.33
15.57
15.33
15.50
9.25
15,400
Aug 7, 2025
15.50
15.58
15.42
15.49
9.24
11,500
Aug 6, 2025
15.30
15.53
15.22
15.48
9.24
56,000
Aug 5, 2025
15.18
15.32
15.15
15.15
9.04
15,800
Aug 4, 2025
15.18
15.32
15.12
15.16
9.05
22,900
Aug 1, 2025
15.14
15.45
14.96
15.08
9.00
39,300
Jul 31, 2025
15.14
15.53
15.13
15.49
9.24
15,500
Jul 30, 2025
15.30
15.34
15.10
15.10
9.01
15,000
Jul 29, 2025
15.66
15.66
15.33
15.33
9.15
22,500
Jul 28, 2025
15.54
15.71
15.54
15.56
9.29
29,700
Jul 25, 2025
15.40
15.45
15.30
15.41
9.20
23,000
Jul 24, 2025
15.58
15.66
15.38
15.47
9.23
17,700
Jul 23, 2025
15.60
15.65
15.48
15.56
9.29
37,700
Jul 22, 2025
15.25
15.47
15.23
15.36
9.17
34,000
Jul 21, 2025
15.21
15.51
15.11
15.39
9.18
106,700
Jul 18, 2025
15.21
15.50
15.21
15.28
9.12
171,400
Jul 17, 2025
0.382 Dividend 

Jul 17, 2025
14.73
15.11
14.73
15.01
8.96
84,400
Jul 16, 2025
15.36
15.36
15.09
15.30
8.90
113,000
Jul 15, 2025
15.19
15.47
15.01
15.45
8.99
125,400
Jul 14, 2025
14.61
14.61
14.50
14.58
8.48
58,500
Jul 11, 2025
14.48
14.48
14.38
14.41
8.38
40,000
Jul 10, 2025
14.22
14.44
14.17
14.41
8.38
30,100
Jul 9, 2025
14.39
14.39
14.09
14.13
8.22
95,200
Jul 8, 2025
14.78
14.78
14.63
14.66
8.53
36,500
Jul 7, 2025
14.60
14.64
14.39
14.44
8.40
50,000
Jul 3, 2025
14.74
14.75
14.63
14.71
8.56
67,700
Jul 2, 2025
15.12
15.12
14.91
14.91
8.68
42,800
Jul 1, 2025
15.05
15.40
15.05
15.31
8.91
37,000
Jun 30, 2025
15.23
15.27
15.03
15.24
8.87
33,300
Jun 27, 2025
15.33
15.45
15.22
15.32
8.91
21,900
Jun 26, 2025
15.29
15.31
15.21
15.26
8.88
43,000
Jun 25, 2025
15.47
15.50
15.26
15.29
8.90
62,000
Jun 24, 2025
15.25
15.53
15.14
15.46
9.00
147,900
Jun 23, 2025
15.00
15.15
14.95
15.14
8.81
254,000
Jun 20, 2025
0.431 Dividend 

Jun 20, 2025
15.25
15.25
15.10
15.13
8.80
59,100
Jun 18, 2025
15.72
15.72
15.55
15.61
8.83
84,700
Jun 17, 2025
15.97
15.97
15.75
15.80
8.94
54,900
Jun 16, 2025
15.78
15.98
15.74
15.89
8.99
82,400
Jun 13, 2025
15.74
15.74
15.42
15.49
8.76
71,200
Jun 12, 2025
16.15
16.15
15.80
15.95
9.02
104,400
Jun 11, 2025
16.45
16.45
16.06
16.13
9.13
29,700
Jun 10, 2025
16.09
16.26
16.01
16.20
9.17
28,900
Jun 9, 2025
16.12
16.23
16.04
16.20
9.17
45,000
Jun 6, 2025
15.75
16.07
15.72
15.93
9.01
32,200
Jun 5, 2025
16.16
16.16
15.95
16.03
9.07
20,800
Jun 4, 2025
15.74
16.00
15.74
15.96
9.03
29,000
Jun 3, 2025
15.58
15.58
15.44
15.49
8.76
59,800
Jun 2, 2025
15.38
15.49
15.33
15.40
8.71
69,200
May 30, 2025
15.64
15.64
15.00
15.37
8.70
45,100
May 29, 2025
15.92
15.92
15.69
15.70
8.88
38,800
May 28, 2025
15.83
15.92
15.65
15.92
9.01
43,600
May 27, 2025
16.10
16.11
15.94
16.00
9.05
91,800
May 23, 2025
16.01
16.25
16.00
16.15
9.14
48,100
May 22, 2025
1 Dividend 

May 22, 2025
16.36
16.36
16.14
16.25
9.19
59,500
May 21, 2025
17.83
17.83
17.39
17.51
9.34
141,200
May 20, 2025
17.40
17.67
17.40
17.67
9.43
44,000
May 19, 2025
17.16
17.39
16.94
17.39
9.28
171,600
May 16, 2025
17.48
17.62
17.38
17.40
9.28
51,000
May 15, 2025
18.17
18.17
17.25
17.42
9.29
51,600
May 14, 2025
18.50
18.50
18.26
18.42
9.83
41,700
May 13, 2025
18.00
18.29
18.00
18.20
9.71
20,600
May 12, 2025
18.21
18.40
18.21
18.25
9.74
38,800
May 9, 2025
17.66
17.75
17.42
17.46
9.31
14,100
May 8, 2025
17.41
17.56
17.32
17.46
9.31
23,100
May 7, 2025
17.38
17.38
17.10
17.15
9.15
36,200
May 6, 2025
17.62
17.82
17.60
17.60
9.39
16,300
May 5, 2025
17.39
17.58
17.33
17.50
9.34
18,300
May 2, 2025
17.42
17.47
17.28
17.44
9.30
23,400
May 1, 2025
16.84
16.90
16.73
16.81
8.97
8,400
Apr 30, 2025
16.84
16.84
16.54
16.72
8.92
18,700
Apr 29, 2025
16.55
16.71
16.55
16.62
8.87
35,300
Apr 28, 2025
16.71
16.79
16.37
16.50
8.80
26,300
Apr 25, 2025
16.33
16.78
16.33
16.72
8.92
45,300
Apr 24, 2025
0.659 Dividend 

Apr 24, 2025
16.37
16.62
16.37
16.62
8.87
28,200
Apr 23, 2025
17.59
17.71
17.17
17.26
8.86
104,500
Apr 22, 2025
17.01
17.20
16.82
17.12
8.78
49,200
Apr 21, 2025
16.29
16.60
16.24
16.60
8.52
152,600
Apr 17, 2025
16.62
16.62
16.31
16.35
8.39
19,400
Apr 16, 2025
16.60
16.60
15.90
16.08
8.25
19,700
Apr 15, 2025
16.95
16.95
16.71
16.74
8.59
18,400
Apr 14, 2025
16.64
17.26
16.64
16.95
8.70
50,900
Apr 11, 2025
15.95
16.45
15.76
16.31
8.37
37,100
Apr 10, 2025
16.11
16.47
15.68
15.75
8.08
53,300
Apr 9, 2025
15.41
16.24
14.72
15.91
8.16
59,500
Apr 8, 2025
16.63
16.63
14.94
15.18
7.79
80,300
Apr 7, 2025
16.02
17.31
15.69
16.09
8.26
98,200
Apr 4, 2025
18.00
18.03
17.02
17.66
9.06
78,100
Apr 3, 2025
18.88
19.63
18.88
19.53
10.02
42,900
Apr 2, 2025
19.96
19.97
19.50
19.53
10.02
47,600
Apr 1, 2025
19.82
20.08
19.81
19.95
10.24
67,900
Mar 31, 2025
19.41
19.99
19.37
19.85
10.19
150,100
Mar 28, 2025
19.93
20.09
19.72
19.85
10.19
218,100
Mar 27, 2025
0.758 Dividend 

Mar 27, 2025
19.80
20.59
19.80
20.28
10.41
116,900
Mar 26, 2025
20.80
20.86
20.40
20.58
10.17
238,400
Mar 25, 2025
20.70
21.07
20.57
20.63
10.20
185,400
Mar 24, 2025
21.26
21.26
20.77
20.80
10.28
329,400
Mar 21, 2025
20.69
21.09
20.62
20.93
10.34
79,100
Mar 20, 2025
21.32
21.40
21.06
21.16
10.46
97,500
Mar 19, 2025
22.33
22.33
21.77
21.93
10.84
62,800
Mar 18, 2025
22.26
22.26
21.63
21.84
10.79
79,900
Mar 17, 2025
21.64
22.58
21.64
22.28
11.01
183,600
Mar 14, 2025
21.56
21.75
21.49
21.68
10.71
52,000
Mar 13, 2025
20.68
21.50
20.68
21.34
10.55
44,300
Mar 12, 2025
21.38
21.38
20.78
21.15
10.45
40,100
Mar 11, 2025
21.12
21.61
20.95
21.38
10.57
39,000
Mar 10, 2025
21.00
21.29
20.20
20.45
10.11
79,300
Mar 7, 2025
21.84
22.01
21.40
21.57
10.66
120,000
Mar 6, 2025
21.80
21.94
21.16
21.41
10.58
45,800
Mar 5, 2025
20.65
21.59
20.65
21.50
10.63
89,200
Mar 4, 2025
20.17
20.43
19.63
20.17
9.97
78,200
Mar 3, 2025
20.95
20.95
20.13
20.26
10.01
78,200
Feb 28, 2025
20.38
20.70
20.15
20.56
10.16
190,200
Feb 27, 2025
1.919 Dividend 

Feb 27, 2025
21.30
21.47
20.95
21.09
10.42
95,500
Feb 26, 2025
23.40
23.79
23.20
23.57
10.70
416,300
Feb 25, 2025
22.00
22.57
21.91
22.35
10.15
102,200
Feb 24, 2025
22.86
22.86
21.57
21.60
9.81
674,500
Feb 21, 2025
23.67
24.00
23.44
23.75
10.78
61,500
Feb 20, 2025
23.36
23.85
22.16
22.85
10.37
522,100
Feb 19, 2025
21.90
22.03
21.67
21.80
9.90
30,000
Feb 18, 2025
22.19
22.19
21.83
21.94
9.96
59,300
Feb 14, 2025
21.69
21.73
21.15
21.56
9.79
73,500
Feb 13, 2025
20.07
20.84
20.07
20.84
9.46
37,900
Feb 12, 2025
20.14
20.79
20.14
20.63
9.36
41,200
Feb 11, 2025
19.70
20.27
19.70
19.96
9.06
32,200
Feb 10, 2025
19.13
19.78
19.13
19.70
8.94
55,500
Feb 7, 2025
19.00
19.32
18.87
18.87
8.57
22,900
Feb 6, 2025
18.41
18.69
18.41
18.47
8.38
14,900
Feb 5, 2025
18.28
18.64
18.23
18.25
8.29
32,100
Feb 4, 2025
18.46
18.81
18.33
18.69
8.48
22,700
Feb 3, 2025
17.65
18.51
17.65
18.05
8.19
23,900
Jan 31, 2025
18.44
18.55
17.98
18.01
8.18
37,900
Jan 30, 2025
0.469 Dividend 

Jan 30, 2025
18.09
18.72
18.00
18.60
8.44
88,200
Jan 29, 2025
18.55
18.93
18.34
18.34
8.11
80,300
Jan 28, 2025
17.49
18.32
17.43
18.22
8.06
111,400
Jan 27, 2025
17.50
17.57
17.28
17.36
7.68
23,100
Jan 24, 2025
17.03
17.24
16.99
17.21
7.61
60,800
Jan 23, 2025
16.90
16.92
16.72
16.92
7.48
8,600
Jan 22, 2025
16.63
16.95
16.61
16.88
7.47
18,500
Jan 21, 2025
16.89
16.89
16.69
16.72
7.40
79,900
Jan 17, 2025
16.59
16.75
16.56
16.61
7.35
33,700
Jan 16, 2025
16.29
16.41
16.29
16.38
7.25
5,100
Jan 15, 2025
16.24
16.41
16.24
16.35
7.23
13,800
Jan 14, 2025
16.27
16.30
16.19
16.20
7.17
8,000
Jan 13, 2025
16.00
16.10
15.96
16.05
7.10
8,400
Jan 10, 2025
16.34
16.34
15.98
16.00
7.08
40,100
Jan 8, 2025
16.55
16.61
16.43
16.58
7.34
12,600
Jan 7, 2025
16.71
16.78
16.63
16.69
7.38
15,300
Jan 6, 2025
16.93
17.07
16.81
16.84
7.45
35,400
Jan 3, 2025
0.445 Dividend 

Jan 3, 2025
16.82
16.84
16.73
16.84
7.45
22,200
Jan 2, 2025
17.15
17.26
17.10
17.20
7.41
36,000
Dec 31, 2024
17.16
17.30
17.14
17.19
7.41
22,300
Dec 30, 2024
17.11
17.14
16.96
17.05
7.35
31,100
Dec 27, 2024
17.27
17.27
17.05
17.23
7.42
27,600
Dec 26, 2024
17.52
17.55
17.36
17.41
7.50
42,800
Dec 24, 2024
17.49
17.51
17.41
17.47
7.53
13,200
Dec 23, 2024
17.09
17.52
17.09
17.52
7.55
255,800
Dec 20, 2024
17.00
17.12
16.96
17.02
7.33
20,500
Dec 19, 2024
17.55
17.58
17.41
17.41
7.50
15,700
Dec 18, 2024
17.82
17.91
17.50
17.52
7.55
55,700
Dec 17, 2024
17.66
17.99
17.61
17.92
7.72
16,500
Dec 16, 2024
17.76
17.84
17.64
17.64
7.60
46,100
Dec 13, 2024
18.02
18.03
17.92
17.98
7.75
12,300
Dec 12, 2024
18.13
18.30
18.10
18.26
7.87
40,800
Dec 11, 2024
18.17
18.17
17.96
18.10
7.80
36,500
Dec 10, 2024
18.11
18.34
18.11
18.26
7.87
81,600
Dec 9, 2024
18.41
18.97
18.41
18.67
8.05
184,100
Dec 6, 2024
17.75
17.83
17.70
17.71
7.63
84,600
Dec 5, 2024
0.729 Dividend 

Dec 5, 2024
17.57
17.62
17.30
17.43
7.51
56,100
Dec 4, 2024
18.57
18.57
18.20
18.35
7.59
122,400
Dec 3, 2024
18.53
18.58
18.41
18.45
7.63
36,100
Dec 2, 2024
18.75
18.75
18.38
18.51
7.66
45,100
Nov 29, 2024
18.61
18.74
18.53
18.73
7.75
51,900
Nov 27, 2024
18.67
18.69
18.56
18.58
7.69
25,900
Nov 26, 2024
18.42
18.42
18.27
18.29
7.57
14,100
Nov 25, 2024
18.00
18.38
18.00
18.34
7.59
20,800
Nov 22, 2024
17.99
17.99
17.74
17.80
7.37
46,100
Nov 21, 2024
18.73
18.73
18.25
18.27
7.56
20,400
Nov 20, 2024
18.50
18.65
18.43
18.48
7.65
31,800
Nov 19, 2024
18.56
18.67
18.49
18.51
7.66
32,900
Nov 18, 2024
18.73
18.93
18.65
18.87
7.81
76,900
Nov 15, 2024
18.76
19.61
18.46
18.71
7.74
138,400
Nov 14, 2024
19.18
19.22
19.00
19.08
7.90
9,900
Nov 13, 2024
19.30
19.39
19.13
19.30
7.99
72,200
Nov 12, 2024
19.56
19.59
19.14
19.25
7.97
43,100
Nov 11, 2024
19.90
20.05
19.83
19.88
8.23
68,600
Nov 8, 2024
20.18
20.18
19.60
19.68
8.14
156,900
Nov 7, 2024
0.825 Dividend 

Nov 7, 2024
20.55
20.79
20.50
20.65
8.54
55,200
Nov 6, 2024
21.10
21.26
20.57
20.94
8.32
130,700
Nov 5, 2024
21.47
21.47
21.26
21.30
8.47
59,900
Nov 4, 2024
21.35
21.37
21.16
21.17
8.41
56,100
Nov 1, 2024
21.16
21.16
20.95
20.97
8.34
53,700
Oct 31, 2024
21.06
21.07
20.83
21.07
8.38
35,800
Oct 30, 2024
21.12
21.26
21.01
21.10
8.39
24,500
Oct 29, 2024
21.45
21.45
21.19
21.25
8.45
24,600
Oct 28, 2024
21.12
21.33
21.10
21.20
8.43
17,800
Oct 25, 2024
20.96
20.99
20.75
20.75
8.25
17,700
Oct 24, 2024
20.75
20.75
20.40
20.54
8.16
27,100
Oct 23, 2024
21.28
21.28
20.82
20.84
8.28
18,700
Oct 22, 2024
21.43
21.52
21.30
21.31
8.47
14,600
Oct 21, 2024
21.48
21.48
21.29
21.35
8.49
34,500
Oct 18, 2024
21.80
21.80
21.47
21.56
8.57
14,700
Oct 17, 2024
21.50
21.50
21.10
21.19
8.42
21,200
Oct 16, 2024
21.49
21.87
20.19
21.58
8.58
136,600
Oct 15, 2024
22.11
22.11
21.41
21.41
8.51
35,000
Oct 14, 2024
22.64
22.95
22.43
22.60
8.98
76,000
Oct 11, 2024
22.39
22.99
22.39
22.87
9.09
52,700
Oct 10, 2024
1.293 Dividend 

Oct 10, 2024
22.82
22.96
22.51
22.79
9.06
58,700
Oct 9, 2024
23.67
24.10
23.50
23.81
8.95
339,200
Oct 8, 2024
24.40
24.40
23.95
24.24
9.11
36,200
Oct 7, 2024
25.43
25.53
24.81
25.47
9.57
73,200
Oct 4, 2024
24.82
25.00
24.72
24.87
9.35
27,000
Oct 3, 2024
24.09
24.63
24.04
24.48
9.20
9,900
Oct 2, 2024
24.61
24.67
24.20
24.67
9.27
16,200
Oct 1, 2024
23.40
24.39
23.27
24.39
9.17
15,600
Sep 30, 2024
23.72
23.82
23.61
23.63
8.88
34,200
Sep 27, 2024
23.58
23.72
23.56
23.67
8.90
6,300
Sep 26, 2024
23.55
23.69
23.20
23.46
8.82
23,900
Sep 25, 2024
22.12
22.44
21.98
22.31
8.39
3,300
Sep 24, 2024
22.43
22.73
22.28
22.70
8.53
21,500
Sep 23, 2024
21.26
21.62
21.26
21.52
8.09
497,300
Sep 20, 2024
21.13
21.17
21.07
21.12
7.94
4,800
Sep 19, 2024
21.03
21.05
20.93
21.05
7.91
5,400
Sep 18, 2024
20.49
20.55
20.33
20.47
7.69
7,800
Sep 17, 2024
20.56
20.63
20.50
20.50
7.71
21,700
Sep 16, 2024
20.36
20.38
20.19
20.23
7.61
9,500
Sep 13, 2024
20.23
20.50
20.23
20.48
7.70
2,700
Sep 12, 2024
20.44
20.47
20.40
20.44
7.68
2,200
Sep 11, 2024
20.30
20.33
20.20
20.33
7.64
4,900
Sep 10, 2024
20.20
20.20
19.94
20.19
7.59
32,000
Sep 9, 2024
19.62
19.76
19.53
19.74
7.42
21,700
Sep 6, 2024
0.702 Dividend 

Sep 6, 2024
19.83
19.91
19.67
19.68
7.40
44,300
Sep 5, 2024
20.51
20.62
20.47
20.57
7.47
12,100
Sep 4, 2024
20.33
20.54
20.33
20.51
7.45
51,100
Sep 3, 2024
20.45
20.48
20.31
20.35
7.39
15,300
Aug 30, 2024
20.43
20.53
20.33
20.52
7.45
45,200
Aug 29, 2024
20.04
20.21
20.02
20.09
7.30
5,100
Aug 28, 2024
20.06
20.13
19.81
19.86
7.21
9,300
Aug 27, 2024
20.32
20.35
20.24
20.31
7.37
6,400
Aug 26, 2024
20.51
20.51
20.08
20.33
7.38
77,800
Aug 23, 2024
21.22
21.22
21.12
21.15
7.68
29,100
Aug 22, 2024
21.14
21.14
21.00
21.04
7.64
32,400
Aug 21, 2024
20.97
21.12
20.97
21.09
7.66
83,700
Aug 20, 2024
20.95
20.95
20.83
20.83
7.56
25,700
Aug 19, 2024
21.03
21.13
20.98
21.08
7.65
83,200
Aug 16, 2024
20.82
21.00
20.78
20.93
7.60
30,500
Aug 15, 2024
20.13
20.94
20.13
20.45
7.42
29,200
Aug 14, 2024
20.51
20.51
20.26
20.32
7.38
8,100
Aug 13, 2024
20.61
20.72
20.54
20.57
7.47
64,700
Aug 12, 2024
20.58
20.67
20.52
20.54
7.46
2,800
Aug 9, 2024
20.43
20.50
20.30
20.42
7.41
5,500
Aug 8, 2024
20.27
20.47
20.27
20.42
7.41
2,700
