Date
Open
High
Low
Close 

Adj Close 

Volume

May 22, 2026
28.22
28.22
27.95
28.07
28.07
3,200
May 21, 2026
27.75
28.47
27.61
28.47
28.47
2,900
May 20, 2026
29.13
29.29
29.13
29.23
29.23
1,700
May 19, 2026
29.72
29.72
29.48
29.58
29.58
1,600
May 18, 2026
0.367 Dividend 

May 18, 2026
28.98
29.30
28.96
28.96
28.96
2,100
May 15, 2026
29.52
29.52
29.07
29.07
28.70
2,500
May 14, 2026
32.50
32.50
31.41
31.41
31.01
1,600
May 13, 2026
30.61
33.35
30.61
32.68
32.26
3,600
May 12, 2026
30.10
30.10
29.59
29.85
29.48
800
May 11, 2026
0.195 Dividend 

May 11, 2026
30.85
30.85
30.35
30.35
29.97
1,900
May 8, 2026
31.42
31.42
31.34
31.34
30.75
500
May 7, 2026
32.17
32.17
31.60
31.60
31.01
400
May 6, 2026
30.99
31.81
30.99
31.77
31.17
1,000
May 5, 2026
29.70
29.70
29.30
29.30
28.75
500
May 4, 2026
0.197 Dividend 

May 4, 2026
29.10
30.15
29.10
29.52
28.97
2,300
May 1, 2026
29.39
29.46
29.30
29.30
28.56
2,000
Apr 30, 2026
28.86
29.48
28.86
29.48
28.73
600
Apr 29, 2026
29.23
29.23
29.04
29.04
28.31
1,000
Apr 28, 2026
29.05
29.14
28.93
29.14
28.40
1,300
Apr 27, 2026
0.359 Dividend 

Apr 27, 2026
29.66
29.66
29.58
29.61
28.86
1,400
Apr 24, 2026
30.88
30.91
30.78
30.78
29.65
1,700
Apr 23, 2026
29.81
29.86
29.57
29.65
28.56
2,100
Apr 22, 2026
30.89
31.21
30.89
30.98
29.85
1,100
Apr 21, 2026
30.83
30.83
30.67
30.67
29.55
2,000
Apr 20, 2026
0.298 Dividend 

Apr 20, 2026
31.81
32.24
31.81
32.08
30.90
2,200
Apr 17, 2026
32.48
32.76
32.48
32.62
31.14
800
Apr 16, 2026
31.27
32.10
31.27
31.98
30.52
1,800
Apr 15, 2026
30.34
30.52
30.34
30.50
29.11
1,400
Apr 14, 2026
29.45
29.97
29.45
29.97
28.60
2,100
Apr 13, 2026
0.22 Dividend 

Apr 13, 2026
28.66
29.02
28.45
29.02
27.70
1,300
Apr 10, 2026
29.51
29.51
29.09
29.09
27.56
2,400
Apr 9, 2026
28.86
29.22
28.43
29.15
27.62
1,400
Apr 8, 2026
29.87
29.87
28.51
28.52
27.02
5,200
Apr 7, 2026
27.58
27.58
26.81
26.98
25.56
1,400
Apr 6, 2026
0.242 Dividend 

Apr 6, 2026
27.84
27.89
27.72
27.72
26.26
600
Apr 2, 2026
27.64
28.08
27.63
27.91
26.21
9,600
Apr 1, 2026
28.56
28.59
28.35
28.49
26.75
1,500
Mar 31, 2026
28.22
28.91
28.10
28.91
27.15
2,300
Mar 30, 2026
0.09 Dividend 

Mar 30, 2026
28.22
28.22
27.93
27.93
26.22
1,100
Mar 27, 2026
28.35
28.48
28.25
28.25
26.44
1,900
Mar 26, 2026
29.46
29.46
28.84
28.95
27.10
2,400
Mar 25, 2026
30.05
30.23
29.88
30.23
28.30
4,000
Mar 24, 2026
28.81
28.95
28.69
28.95
27.10
1,700
Mar 23, 2026
0.327 Dividend 

Mar 23, 2026
28.46
29.15
28.46
29.15
27.29
800
Mar 20, 2026
29.27
29.27
28.40
28.40
26.28
235,900
Mar 19, 2026
28.47
29.45
26.97
29.18
27.00
5,200
Mar 18, 2026
32.85
32.85
31.96
31.96
29.58
700
Mar 17, 2026
32.46
32.46
32.46
32.46
30.04
300
Mar 16, 2026
0.121 Dividend 

Mar 16, 2026
32.91
32.91
32.56
32.56
30.13
1,100
Mar 13, 2026
32.58
32.58
32.12
32.22
29.70
9,800
Mar 12, 2026
31.93
31.93
31.93
31.93
29.44
300
Mar 11, 2026
32.50
32.58
32.50
32.58
30.04
500
Mar 10, 2026
32.97
33.28
32.81
32.81
30.24
1,800
Mar 9, 2026
0.16 Dividend 

Mar 9, 2026
30.49
31.46
30.46
31.46
29.00
2,400
Mar 6, 2026
30.89
31.56
30.89
31.27
28.67
2,100
Mar 5, 2026
31.08
31.25
30.68
30.88
28.32
4,000
Mar 4, 2026
31.90
32.19
31.89
31.89
29.25
3,000
Mar 3, 2026
32.50
32.84
32.25
32.54
29.84
2,400
Mar 2, 2026
0.298 Dividend 

Mar 2, 2026
33.98
34.66
33.77
34.57
31.71
3,100
Feb 27, 2026
35.62
35.62
35.35
35.39
32.18
3,200
Feb 26, 2026
36.30
36.88
35.89
36.59
33.28
5,800
Feb 25, 2026
37.90
37.90
37.90
37.90
34.46
3,000
Feb 24, 2026
37.53
38.24
37.53
38.08
34.63
6,300
Feb 23, 2026
0.246 Dividend 

Feb 23, 2026
39.00
39.00
38.00
38.00
34.55
4,600
Feb 20, 2026
38.08
39.00
38.08
38.70
34.97
24,200
Feb 19, 2026
38.96
38.96
38.43
38.74
35.00
2,300
Feb 18, 2026
39.64
39.64
39.24
39.26
35.47
1,300
Feb 17, 2026
0.261 Dividend 

Feb 17, 2026
39.00
39.12
38.80
39.12
35.35
1,600
Feb 13, 2026
38.86
39.46
38.52
39.32
35.29
7,500
Feb 12, 2026
40.15
40.34
40.09
40.34
36.21
2,900
Feb 11, 2026
41.81
42.21
41.78
42.11
37.80
13,700
Feb 10, 2026
42.46
43.07
42.46
42.81
38.43
3,300
Feb 9, 2026
0.33 Dividend 

Feb 9, 2026
41.58
41.99
41.58
41.71
37.44
4,700
Feb 6, 2026
40.33
41.93
40.33
41.93
37.34
6,600
Feb 5, 2026
40.47
40.47
40.16
40.24
35.83
3,600
Feb 4, 2026
42.63
42.63
40.20
40.67
36.22
10,800
Feb 3, 2026
42.31
42.49
41.36
42.24
37.62
4,500
Feb 2, 2026
0.498 Dividend 

Feb 2, 2026
43.80
44.05
43.69
43.84
39.04
6,400
Jan 30, 2026
46.00
46.03
44.78
44.78
39.44
3,100
Jan 29, 2026
47.88
47.88
45.56
46.08
40.58
5,500
Jan 28, 2026
47.00
47.15
46.40
46.58
41.02
2,200
Jan 27, 2026
46.00
46.00
45.61
45.61
40.17
1,300
Jan 26, 2026
0.479 Dividend 

Jan 26, 2026
45.56
45.64
44.50
45.20
39.80
7,300
Jan 23, 2026
46.76
46.76
46.08
46.38
40.42
5,100
Jan 22, 2026
47.36
48.68
47.34
47.70
41.57
4,400
Jan 21, 2026
44.25
44.90
44.12
44.90
39.13
2,800
Jan 20, 2026
0.251 Dividend 

Jan 20, 2026
43.95
43.95
42.77
42.77
37.28
1,400
Jan 16, 2026
43.81
44.30
43.75
44.03
38.15
50,600
Jan 15, 2026
46.05
46.39
45.85
45.85
39.73
2,600
Jan 14, 2026
46.42
46.42
45.63
45.65
39.56
8,400
Jan 13, 2026
44.40
45.61
44.40
44.67
38.71
6,200
Jan 12, 2026
0.371 Dividend 

Jan 12, 2026
42.12
44.70
42.10
44.51
38.57
4,300
Jan 9, 2026
39.97
39.99
39.35
39.89
34.25
12,300
Jan 8, 2026
39.26
41.34
39.26
41.14
35.32
2,700
Jan 7, 2026
38.83
39.12
38.69
38.69
33.21
3,800
Jan 6, 2026
41.19
41.19
40.03
40.03
34.36
1,200
Jan 5, 2026
0.404 Dividend 

Jan 5, 2026
40.50
41.64
40.50
41.61
35.72
3,000
Jan 2, 2026
41.34
42.12
41.34
41.92
35.64
2,700
Dec 31, 2025
39.03
39.10
38.84
39.04
33.19
1,600
Dec 30, 2025
40.59
40.59
39.29
39.30
33.42
3,200
Dec 29, 2025
0.287 Dividend 

Dec 29, 2025
39.46
39.63
39.33
39.63
33.69
1,700
Dec 26, 2025
40.06
41.35
40.06
41.04
34.65
2,600
Dec 24, 2025
40.52
40.52
40.41
40.41
34.12
1,300
Dec 23, 2025
40.50
40.77
40.31
40.76
34.41
1,800
Dec 22, 2025
0.342 Dividend 

Dec 22, 2025
39.98
40.77
39.98
40.77
34.42
5,000
Dec 19, 2025
40.90
41.23
40.76
40.76
34.12
12,600
Dec 18, 2025
40.07
40.29
39.92
39.92
33.42
5,700
Dec 17, 2025
40.75
40.75
39.86
39.86
33.37
1,000
Dec 16, 2025
40.48
40.71
40.24
40.71
34.08
2,700
Dec 15, 2025
0.42 Dividend 

Dec 15, 2025
41.60
41.60
40.81
40.97
34.30
7,200
Dec 12, 2025
43.58
43.86
42.60
43.10
35.73
5,300
Dec 11, 2025
43.81
43.81
42.75
43.50
36.06
4,200
Dec 10, 2025
44.25
44.40
44.25
44.29
36.72
1,400
Dec 9, 2025
43.10
43.38
43.10
43.38
35.97
2,700
Dec 8, 2025
0.465 Dividend 

Dec 8, 2025
44.19
44.19
43.37
43.95
36.44
5,300
Dec 5, 2025
44.63
44.74
44.54
44.54
36.54
4,000
Dec 4, 2025
44.44
44.44
44.12
44.33
36.36
6,300
Dec 3, 2025
45.05
45.05
44.06
44.54
36.54
3,300
Dec 2, 2025
45.63
45.63
44.91
45.44
37.28
5,400
Dec 1, 2025
0.432 Dividend 

Dec 1, 2025
43.85
46.73
43.85
46.70
38.31
7,700
Nov 28, 2025
44.30
44.90
44.12
44.68
36.30
3,900
Nov 26, 2025
45.50
45.50
44.63
44.63
36.26
5,500
Nov 25, 2025
46.00
46.00
44.56
44.56
36.20
1,800
Nov 24, 2025
0.308 Dividend 

Nov 24, 2025
44.73
46.04
44.73
46.04
37.40
2,600
Nov 21, 2025
43.10
44.19
43.10
43.88
35.40
596,800
Nov 20, 2025
46.05
46.05
43.70
43.70
35.25
1,700
Nov 19, 2025
45.99
46.19
45.22
45.65
36.82
6,900
Nov 18, 2025
44.88
46.08
44.88
46.04
37.14
2,200
Nov 17, 2025
0.456 Dividend 

Nov 17, 2025
44.80
46.22
44.80
45.31
36.56
5,800
Nov 14, 2025
45.03
47.32
43.65
44.24
35.32
8,200
Nov 13, 2025
47.05
47.05
46.18
46.56
37.17
2,100
Nov 12, 2025
46.26
46.26
45.19
45.77
36.54
5,400
Nov 11, 2025
48.28
48.28
46.74
46.74
37.32
3,300
Nov 10, 2025
0.484 Dividend 

Nov 10, 2025
49.00
49.00
48.00
48.54
38.75
5,900
Nov 7, 2025
49.09
49.22
47.45
49.22
38.91
6,200
Nov 6, 2025
50.16
50.60
49.00
49.94
39.48
6,200
Nov 5, 2025
49.21
49.46
48.42
48.84
38.61
4,900
Nov 4, 2025
48.00
49.10
47.66
48.53
38.36
4,400
Nov 3, 2025
0.975 Dividend 

Nov 3, 2025
50.02
50.07
48.97
49.88
39.44
12,300
Oct 31, 2025
52.50
52.50
51.00
51.65
40.06
29,000
Oct 30, 2025
53.81
53.83
53.04
53.04
41.14
2,600
Oct 29, 2025
56.02
56.02
55.15
55.19
42.80
1,700
Oct 28, 2025
55.47
55.47
53.65
54.19
42.03
4,800
Oct 27, 2025
55.71
55.71
54.70
55.05
42.70
8,100
Oct 24, 2025
53.66
53.76
53.25
53.28
41.32
6,200
Oct 23, 2025
51.54
52.48
51.54
52.32
40.58
2,300
