Date
Open
High
Low
Close 

Adj Close 

Volume
Jun 5, 2026
25.32
25.94
25.32
25.74
25.74
457,500
Jun 4, 2026
24.98
25.01
24.94
25.01
25.01
2,600
Jun 3, 2026
24.61
24.61
24.61
24.61
24.61
100
Jun 2, 2026
24.28
24.37
24.19
24.26
24.26
8,900
Jun 1, 2026
23.74
23.74
23.69
23.69
23.69
800
May 29, 2026
23.46
23.46
23.33
23.45
23.45
800
May 28, 2026
23.45
23.45
23.45
23.45
23.45
100
May 27, 2026
23.36
23.36
23.36
23.36
23.36
100
May 26, 2026
23.13
23.29
23.13
23.21
23.21
3,600
May 22, 2026
23.31
23.31
23.31
23.31
23.31
500
May 21, 2026
23.17
23.17
23.13
23.13
23.13
1,100
May 20, 2026
23.24
23.26
23.18
23.18
23.18
4,600
May 19, 2026
23.30
23.30
23.21
23.21
23.21
3,500
May 18, 2026
23.30
23.30
23.25
23.25
23.25
13,400
May 15, 2026
23.06
23.06
22.98
22.98
22.98
2,700
May 14, 2026
22.83
22.84
22.83
22.83
22.83
12,300
May 13, 2026
22.94
23.00
22.94
22.98
22.98
800
May 12, 2026
22.84
22.84
22.84
22.84
22.84
800
May 11, 2026
22.80
22.80
22.65
22.65
22.65
9,200
May 8, 2026
22.99
22.99
22.81
22.92
22.92
6,100
May 7, 2026
23.00
23.00
23.00
23.00
23.00
400
May 6, 2026
22.78
22.79
22.78
22.79
22.79
300
May 5, 2026
22.86
22.91
22.82
22.82
22.82
700
May 4, 2026
23.10
23.12
23.04
23.05
23.05
11,600
May 1, 2026
23.27
23.27
23.27
23.27
23.27
100
Apr 30, 2026
23.58
23.64
23.48
23.48
23.48
9,300
Apr 29, 2026
23.63
23.63
23.63
23.63
23.63
100
Apr 28, 2026
23.59
23.59
23.59
23.59
23.59
100
Apr 27, 2026
23.59
23.59
23.36
23.36
23.36
12,800
Apr 24, 2026
23.43
23.43
23.43
23.43
23.43
100
Apr 23, 2026
23.53
23.54
23.45
23.45
23.45
187,700
Apr 22, 2026
23.22
23.24
23.16
23.24
23.24
600
Apr 21, 2026
23.54
23.64
23.54
23.62
23.62
6,100
Apr 20, 2026
23.51
23.51
23.47
23.47
23.47
200
Apr 17, 2026
23.47
23.47
23.33
23.33
23.33
200
Apr 16, 2026
24.23
24.34
23.98
23.98
23.98
9,600
Apr 15, 2026
24.27
24.27
24.05
24.05
24.05
200
Apr 14, 2026
24.04
24.23
23.89
24.23
24.23
400
Apr 13, 2026
24.71
24.71
24.35
24.35
24.35
500
Apr 10, 2026
24.35
24.35
24.35
24.35
24.35
100
Apr 9, 2026
25.26
25.26
24.78
24.78
24.78
600
Apr 8, 2026
25.02
25.20
25.02
25.07
25.07
600
Apr 7, 2026
25.82
25.82
25.82
25.82
25.82
300
Apr 6, 2026
25.70
25.70
25.49
25.60
25.60
4,700
Apr 2, 2026
26.41
26.41
26.41
26.41
26.41
100
Apr 1, 2026
25.99
26.01
25.86
26.01
26.01
900
Mar 31, 2026
25.98
26.18
25.98
26.02
26.02
6,700
Mar 30, 2026
26.17
26.46
26.17
26.46
26.46
9,700
Mar 27, 2026
26.67
26.67
26.67
26.67
26.67
100
Mar 26, 2026
26.00
26.13
25.98
26.07
26.07
333,900
Mar 25, 2026
25.64
25.64
25.64
25.64
25.64
100
Mar 24, 2026
25.99
25.99
25.92
25.92
25.92
200
Mar 23, 2026
25.57
25.79
25.57
25.66
25.66
1,100
Mar 20, 2026
25.85
25.85
25.81
25.81
25.81
300
Mar 19, 2026
25.99
25.99
25.78
25.78
25.78
200
