Date
Open
High
Low
Close 

Adj Close 

Volume
Jun 5, 2026
53.10
53.16
52.14
52.24
52.24
13,400
Jun 4, 2026
53.12
53.53
53.12
53.49
53.49
8,300
Jun 3, 2026
0.54 Dividend 

Jun 3, 2026
53.48
53.48
53.21
53.28
53.28
9,800
Jun 2, 2026
53.92
54.11
53.91
54.11
53.57
24,300
Jun 1, 2026
54.04
54.10
53.82
54.01
53.47
8,400
May 29, 2026
54.07
54.07
53.92
54.05
53.51
8,600
May 28, 2026
53.70
53.98
53.70
53.96
53.42
7,400
May 27, 2026
53.68
53.68
53.41
53.56
53.03
11,500
May 26, 2026
53.58
53.60
53.38
53.55
53.01
15,700
May 22, 2026
53.48
53.60
53.37
53.37
52.84
13,700
May 21, 2026
52.81
53.22
52.80
53.11
52.58
7,500
May 20, 2026
53.11
53.24
52.81
53.18
52.65
11,900
May 19, 2026
52.96
52.96
52.66
52.66
52.13
26,400
May 18, 2026
52.96
53.06
52.78
53.00
52.47
17,600
May 15, 2026
53.33
53.33
52.92
52.92
52.39
7,700
May 14, 2026
53.02
53.46
53.02
53.33
52.80
13,900
May 13, 2026
52.83
53.08
52.70
53.00
52.47
11,200
May 12, 2026
52.59
52.78
52.52
52.78
52.25
15,100
May 11, 2026
52.84
52.93
52.70
52.75
52.22
22,100
May 8, 2026
52.66
52.85
52.66
52.75
52.22
4,400
May 7, 2026
52.72
52.87
52.43
52.52
52.00
12,100
May 6, 2026
0.521 Dividend 

May 6, 2026
52.50
52.68
52.25
52.52
52.00
24,500
May 5, 2026
52.44
52.91
52.31
52.91
51.87
12,600
May 4, 2026
52.44
52.44
52.07
52.14
51.11
9,300
May 1, 2026
52.40
52.65
52.34
52.43
51.40
12,200
Apr 30, 2026
52.02
52.38
51.75
52.30
51.27
8,100
Apr 29, 2026
51.59
51.68
51.57
51.65
50.63
8,600
Apr 28, 2026
51.45
51.69
51.45
51.67
50.65
10,300
Apr 27, 2026
51.86
51.86
51.57
51.70
50.68
24,000
Apr 24, 2026
51.51
51.76
51.51
51.76
50.74
11,300
Apr 23, 2026
51.28
51.50
51.24
51.37
50.36
8,900
Apr 22, 2026
51.21
51.52
51.21
51.52
50.50
6,900
Apr 21, 2026
51.24
51.41
50.95
51.06
50.05
6,200
Apr 20, 2026
51.16
51.45
51.16
51.26
50.25
6,800
Apr 17, 2026
51.34
51.54
51.23
51.42
50.41
10,000
Apr 16, 2026
50.85
51.15
50.85
51.08
50.07
12,900
Apr 15, 2026
50.62
50.96
50.62
50.95
49.95
29,800
Apr 14, 2026
50.39
50.51
50.22
50.51
49.51
7,500
Apr 13, 2026
49.63
50.00
49.51
49.98
48.99
6,800
Apr 10, 2026
49.74
49.74
49.53
49.56
48.58
5,400
Apr 9, 2026
49.55
49.70
49.30
49.66
48.68
7,500
Apr 8, 2026
0.49 Dividend 

Apr 8, 2026
49.58
49.58
49.19
49.37
48.40
12,000
Apr 7, 2026
48.97
48.97
48.60
48.92
47.47
8,000
Apr 6, 2026
48.89
49.01
48.80
49.01
47.56
9,200
Apr 2, 2026
48.37
48.86
48.14
48.83
47.39
9,700
Apr 1, 2026
49.02
49.07
48.75
48.90
47.46
15,500
Mar 31, 2026
48.06
48.61
48.00
48.60
47.16
8,400
Mar 30, 2026
47.53
47.84
47.33
47.53
46.13
11,300
Mar 27, 2026
47.90
47.91
47.58
47.58
46.17
6,800
Mar 26, 2026
48.60
49.30
48.28
48.28
46.85
4,800
Mar 25, 2026
49.49
49.49
48.90
48.90
47.46
4,400
Mar 24, 2026
48.97
48.97
48.38
48.53
47.10
5,600
Mar 23, 2026
49.05
49.06
48.57
48.75
47.31
4,500
Mar 20, 2026
48.52
48.56
48.26
48.34
46.91
7,200
Mar 19, 2026
48.66
48.84
48.51
48.72
47.28
13,300
Mar 18, 2026
49.30
49.45
48.98
48.98
47.53
9,400
Mar 17, 2026
49.91
49.91
49.55
49.55
48.09
8,100
Mar 16, 2026
49.96
49.96
49.46
49.52
48.06
7,300
Mar 13, 2026
49.57
49.71
49.05
49.09
47.64
6,000
Mar 12, 2026
49.99
49.99
49.38
49.38
47.92
16,500
Mar 11, 2026
50.12
50.26
49.81
50.03
48.55
11,200
Mar 10, 2026
50.07
50.35
50.01
50.18
48.70
5,600
Mar 9, 2026
49.40
50.19
49.22
50.11
48.63
17,500
Mar 6, 2026
49.53
49.94
49.51
49.79
48.32
10,500
Mar 5, 2026
50.50
50.50
49.90
50.19
48.71
28,800
Mar 4, 2026
0.51 Dividend 

Mar 4, 2026
50.24
50.59
50.24
50.50
49.01
5,500
Mar 3, 2026
50.75
50.76
50.09
50.76
48.77
7,000
Mar 2, 2026
50.40
51.21
50.40
51.02
49.01
8,300
Feb 27, 2026
50.72
51.00
50.65
50.98
48.98
5,200
Feb 26, 2026
51.51
51.51
50.84
51.04
49.03
6,800
Feb 25, 2026
50.98
51.36
50.98
51.36
49.34
2,900
Feb 24, 2026
50.44
50.86
50.44
50.84
48.84
6,300
Feb 23, 2026
51.09
51.10
50.44
50.51
48.53
10,900
Feb 20, 2026
50.50
51.12
50.50
51.05
49.04
5,900
Feb 19, 2026
50.88
51.03
50.76
50.81
48.81
19,400
Feb 18, 2026
50.89
51.13
50.80
51.02
49.02
4,500
Feb 17, 2026
50.54
50.90
50.31
50.72
48.73
32,100
Feb 13, 2026
50.58
50.97
50.58
50.70
48.71
13,000
Feb 12, 2026
51.70
51.70
50.84
50.84
48.84
15,500
Feb 11, 2026
52.22
52.22
51.55
51.60
49.57
10,700
Feb 10, 2026
51.93
51.98
51.69
51.69
49.66
2,700
Feb 9, 2026
51.64
51.92
51.54
51.90
49.86
6,200
Feb 6, 2026
50.82
51.64
50.82
51.58
49.55
11,300
Feb 5, 2026
51.31
51.31
50.72
50.84
48.84
28,500
Feb 4, 2026
0.528 Dividend 

Feb 4, 2026
51.61
51.70
51.35
51.54
49.51
12,500
Feb 3, 2026
52.83
52.83
51.96
52.23
49.67
20,900
Feb 2, 2026
52.64
52.92
52.30
52.81
50.22
20,400
Jan 30, 2026
52.38
52.50
52.17
52.50
49.93
8,400
Jan 29, 2026
52.47
52.52
51.81
52.49
49.92
16,000
Jan 28, 2026
52.55
52.59
52.31
52.46
49.89
15,900
Jan 27, 2026
52.44
52.51
52.39
52.41
49.84
7,900
Jan 26, 2026
51.98
52.45
51.98
52.36
49.79
12,800
Jan 23, 2026
51.75
52.11
51.74
51.95
49.40
4,900
Jan 22, 2026
51.90
51.90
51.66
51.77
49.23
6,200
Jan 21, 2026
51.19
51.69
51.04
51.52
49.00
8,100
Jan 20, 2026
51.49
51.50
50.99
51.03
48.53
31,200
Jan 16, 2026
52.14
52.28
52.00
52.13
49.58
7,400
Jan 15, 2026
52.32
52.34
52.00
52.09
49.54
8,700
Jan 14, 2026
52.10
52.24
51.91
52.17
49.61
10,600
Jan 13, 2026
52.80
52.88
52.42
52.51
49.94
13,900
Jan 12, 2026
52.46
52.94
52.46
52.80
50.21
18,900
Jan 9, 2026
52.60
52.80
52.53
52.72
50.14
11,100
Jan 8, 2026
52.73
52.73
52.39
52.57
49.99
12,200
Jan 7, 2026
52.75
53.15
52.55
52.66
50.08
16,900
Jan 6, 2026
52.78
52.78
52.39
52.62
50.04
13,200
Jan 5, 2026
52.52
52.78
52.50
52.53
49.96
16,200
Jan 2, 2026
52.81
52.94
52.22
52.40
49.83
19,900
Dec 31, 2025
0.533 Dividend 

Dec 31, 2025
52.75
53.49
52.53
52.53
49.95
34,400
Dec 30, 2025
53.32
53.67
53.24
53.31
50.19
51,500
Dec 29, 2025
53.36
53.36
53.17
53.27
50.15
9,900
Dec 26, 2025
53.18
53.49
53.18
53.45
50.32
12,100
Dec 24, 2025
53.31
53.44
53.31
53.37
50.25
2,100
Dec 23, 2025
52.94
53.29
52.94
53.24
50.12
7,200
Dec 22, 2025
52.91
53.00
52.77
52.95
49.85
15,300
Dec 19, 2025
52.54
52.78
52.43
52.77
49.68
9,800
Dec 18, 2025
52.19
52.48
52.10
52.28
49.22
6,400
Dec 17, 2025
52.55
52.55
51.86
51.86
48.83
8,000
Dec 16, 2025
52.51
52.59
52.26
52.52
49.45
7,500
Dec 15, 2025
52.96
52.96
52.41
52.50
49.42
5,200
Dec 12, 2025
53.06
53.06
52.52
52.62
49.54
20,300
Dec 11, 2025
52.75
53.01
52.63
53.01
49.90
4,700
Dec 10, 2025
52.90
53.13
52.79
53.13
50.02
4,700
Dec 9, 2025
52.66
53.06
52.66
52.99
49.89
6,200
Dec 8, 2025
52.94
53.16
52.76
52.90
49.80
10,100
Dec 5, 2025
53.39
53.39
52.99
53.05
49.95
8,500
Dec 4, 2025
53.39
53.39
52.77
52.96
49.86
17,200
Dec 3, 2025
0.533 Dividend 

Dec 3, 2025
52.62
53.13
52.62
53.03
49.93
24,400
Dec 2, 2025
53.52
53.72
53.40
53.50
49.87
13,500
Dec 1, 2025
53.44
53.53
53.19
53.42
49.79
22,800
Nov 28, 2025
53.29
53.44
53.20
53.44
49.81
14,100
Nov 26, 2025
53.30
53.74
53.17
53.35
49.73
27,900
Nov 25, 2025
52.74
53.06
52.39
53.06
49.46
37,000
Nov 24, 2025
52.59
52.76
52.29
52.71
49.13
8,800
Nov 21, 2025
51.56
52.15
51.41
51.75
48.24
12,800
Nov 20, 2025
52.98
53.09
51.50
51.51
48.02
17,000
Nov 19, 2025
51.72
52.36
51.72
52.03
48.50
7,000
Nov 18, 2025
52.10
52.10
51.51
51.82
48.30
9,600
Nov 17, 2025
52.50
52.84
52.24
52.27
48.72
10,700
Nov 14, 2025
52.00
52.84
51.83
52.57
49.00
10,500
Nov 13, 2025
53.24
53.24
52.46
52.52
48.95
15,500
Nov 12, 2025
53.67
53.67
53.15
53.36
49.74
9,700
Nov 11, 2025
53.49
53.49
53.15
53.45
49.82
5,900
Nov 10, 2025
53.05
53.33
52.97
53.33
49.71
7,800
Nov 7, 2025
52.48
52.51
51.84
52.51
48.94
8,200
Nov 6, 2025
53.19
53.19
52.52
52.57
49.00
9,600
Nov 5, 2025
0.542 Dividend 

Nov 5, 2025
52.91
53.43
52.91
53.25
49.63
12,500
Nov 4, 2025
53.78
53.98
53.56
53.56
49.42
8,800
Nov 3, 2025
54.44
54.44
54.17
54.23
50.04
7,500
Oct 31, 2025
54.53
54.53
54.12
54.12
49.93
10,300
Oct 30, 2025
54.38
54.38
53.94
53.98
49.81
5,100
Oct 29, 2025
54.59
54.64
54.30
54.45
50.24
5,900
Oct 28, 2025
54.07
54.46
54.07
54.33
50.12
4,400
Oct 27, 2025
53.87
53.96
53.69
53.96
49.79
4,200
Oct 24, 2025
53.16
53.32
53.14
53.24
49.13
7,100
Oct 23, 2025
52.58
52.88
52.58
52.78
48.69
3,100
Oct 22, 2025
52.70
52.80
52.29
52.51
48.45
10,400
Oct 21, 2025
52.81
52.89
52.71
52.79
48.71
10,300
Oct 20, 2025
52.50
52.86
52.44
52.81
48.73
7,900
Oct 17, 2025
51.92
52.26
51.83
52.23
48.19
2,300
Oct 16, 2025
52.35
52.39
51.72
51.91
47.90
4,800
Oct 15, 2025
51.94
52.43
51.90
52.01
47.99
5,900
Oct 14, 2025
51.58
52.14
51.37
51.80
47.79
8,700
Oct 13, 2025
51.86
52.10
51.86
52.06
48.04
4,800
Oct 10, 2025
52.63
52.75
51.20
51.20
47.24
9,900
Oct 9, 2025
52.57
52.62
52.40
52.53
48.47
3,300
Oct 8, 2025
0.529 Dividend 

Oct 8, 2025
52.43
52.56
52.42
52.56
48.50
7,900
Oct 7, 2025
52.98
52.98
52.67
52.75
48.18
5,500
Oct 6, 2025
52.59
52.92
52.59
52.90
48.32
8,700
Oct 3, 2025
52.85
52.89
52.66
52.66
48.10
4,500
Oct 2, 2025
52.73
52.78
52.57
52.70
48.14
3,200
Oct 1, 2025
52.40
52.71
52.38
52.69
48.13
1,600
Sep 30, 2025
52.24
52.46
52.21
52.46
47.91
2,600
Sep 29, 2025
52.41
52.42
52.20
52.21
47.69
9,800
Sep 26, 2025
52.01
52.28
51.94
52.20
47.68
7,200
Sep 25, 2025
51.97
52.08
51.83
52.04
47.54
1,200
Sep 24, 2025
52.41
52.41
52.18
52.27
47.74
2,200
Sep 23, 2025
52.69
52.69
52.39
52.41
47.87
1,600
Sep 22, 2025
52.55
52.84
52.55
52.84
48.26
1,500
Sep 19, 2025
52.92
52.92
52.31
52.53
47.98
3,900
Sep 18, 2025
52.21
52.43
52.21
52.27
47.74
2,700
Sep 17, 2025
52.15
52.18
51.86
52.15
47.64
18,000
Sep 16, 2025
52.35
52.35
52.21
52.26
47.74
4,500
Sep 15, 2025
52.03
52.23
51.92
52.14
47.63
20,100
Sep 12, 2025
51.94
52.01
51.88
51.92
47.42
3,600
Sep 11, 2025
51.74
51.82
51.69
51.77
47.29
2,500
Sep 10, 2025
51.67
51.74
51.56
51.56
47.09
2,600
Sep 9, 2025
51.25
51.38
51.25
51.38
46.93
900
Sep 8, 2025
50.93
51.26
50.93
51.12
46.69
2,500
Sep 5, 2025
51.30
51.30
50.88
50.89
46.48
1,500
Sep 4, 2025
50.79
51.03
50.70
51.03
46.61
7,900
Sep 3, 2025
0.511 Dividend 

Sep 3, 2025
50.59
50.64
50.50
50.61
46.23
7,000
Sep 2, 2025
50.71
50.95
50.54
50.92
46.05
14,500
Aug 29, 2025
51.36
51.36
51.08
51.11
46.22
2,700
Aug 28, 2025
51.44
51.59
51.25
51.53
46.59
2,300
Aug 27, 2025
51.28
51.35
51.20
51.30
46.39
3,900
Aug 26, 2025
51.03
51.14
51.03
51.14
46.24
1,100
Aug 25, 2025
51.47
51.47
50.98
51.01
46.12
2,900
Aug 22, 2025
50.63
51.14
50.63
51.03
46.14
5,200
Aug 21, 2025
50.34
50.36
50.33
50.36
45.54
1,200
Aug 20, 2025
50.19
50.56
50.19
50.56
45.72
900
Aug 19, 2025
51.12
51.23
50.68
50.74
45.88
5,800
Aug 18, 2025
51.22
51.26
51.16
51.24
46.33
2,000
Aug 15, 2025
51.23
51.28
51.20
51.25
46.34
2,400
Aug 14, 2025
50.96
51.18
50.96
51.18
46.28
2,800
Aug 13, 2025
50.98
50.98
50.90
50.98
46.10
900
Aug 12, 2025
50.75
50.91
50.75
50.91
46.03
900
Aug 11, 2025
50.55
50.69
50.42
50.42
45.60
1,700
Aug 8, 2025
50.35
50.62
50.35
50.55
45.71
2,700
Aug 7, 2025
50.35
50.35
49.95
50.10
45.30
1,400
Aug 6, 2025
0.505 Dividend 

Aug 6, 2025
49.99
50.34
49.99
50.27
45.46
3,100
Aug 5, 2025
50.29
50.51
50.29
50.33
45.05
4,500
Aug 4, 2025
50.35
50.52
50.35
50.49
45.19
2,100
Aug 1, 2025
50.04
50.17
49.77
49.95
44.71
3,400
Jul 31, 2025
51.46
51.46
50.68
50.68
45.36
4,400
Jul 30, 2025
50.86
50.89
50.64
50.76
45.43
1,300
Jul 29, 2025
51.12
51.12
50.81
50.81
45.48
1,400
Jul 28, 2025
50.88
50.99
50.88
50.94
45.60
2,900
Jul 25, 2025
50.78
50.78
50.78
50.78
45.46
400
Jul 24, 2025
50.49
50.66
50.49
50.63
45.33
900
Jul 23, 2025
50.19
50.42
50.19
50.41
45.13
1,200
Jul 22, 2025
50.05
50.15
50.05
50.15
44.89
900
Jul 21, 2025
50.13
50.47
50.13
50.30
45.02
3,300
Jul 18, 2025
50.14
50.17
50.05
50.12
44.86
2,300
Jul 17, 2025
50.05
50.22
50.05
50.17
44.91
2,100
Jul 16, 2025
49.80
49.99
49.78
49.99
44.75
1,000
Jul 15, 2025
49.95
50.05
49.87
49.87
44.64
2,100
Jul 14, 2025
49.87
49.87
49.65
49.74
44.52
2,800
Jul 11, 2025
49.75
49.80
49.74
49.74
44.53
1,100
Jul 10, 2025
49.78
49.85
49.78
49.81
44.59
2,000
Jul 9, 2025
49.68
49.72
49.56
49.72
44.50
1,100
Jul 8, 2025
49.60
49.60
49.50
49.50
44.31
1,700
Jul 7, 2025
49.67
49.67
49.43
49.48
44.29
4,300
Jul 3, 2025
49.57
49.81
49.56
49.78
44.56
7,800
Jul 2, 2025
0.498 Dividend 

Jul 2, 2025
49.16
49.47
49.16
49.47
44.29
3,200
Jul 1, 2025
49.77
49.82
49.65
49.71
44.06
10,100
Jun 30, 2025
49.81
49.85
49.68
49.83
44.16
2,300
Jun 27, 2025
49.61
49.61
49.61
49.61
43.97
500
Jun 26, 2025
49.30
49.44
49.30
49.44
43.82
2,500
Jun 25, 2025
49.13
49.17
49.12
49.16
43.56
1,600
Jun 24, 2025
48.95
49.10
48.95
49.06
43.48
1,900
Jun 23, 2025
48.16
48.58
48.16
48.58
43.05
4,100
Jun 20, 2025
48.41
48.44
48.00
48.15
42.67
1,800
Jun 18, 2025
48.35
48.35
48.31
48.31
42.81
1,000
Jun 17, 2025
48.42
48.42
48.25
48.25
42.76
900
Jun 16, 2025
48.59
48.65
48.50
48.52
43.00
6,100
Jun 13, 2025
48.00
48.01
47.96
48.01
42.55
700
Jun 12, 2025
48.23
48.46
48.23
48.46
42.94
500
Jun 11, 2025
48.49
48.51
48.31
48.31
42.81
900
Jun 10, 2025
48.29
48.52
48.29
48.43
42.92
800
Jun 9, 2025
48.07
48.18
48.06
48.15
42.67
1,600
Jun 6, 2025
47.98
48.11
47.95
48.04
42.57
3,000
Jun 5, 2025
47.91
48.10
47.58
47.58
42.17
2,000
Jun 4, 2025
0.48 Dividend 

Jun 4, 2025
48.04
48.04
47.90
47.97
42.51
3,300
Jun 3, 2025
48.11
48.45
48.06
48.35
42.42
10,900
Jun 2, 2025
47.56
48.09
47.56
48.09
42.19
2,900
May 30, 2025
47.59
47.76
47.42
47.76
41.90
1,400
May 29, 2025
48.00
48.00
47.71
47.77
41.91
1,500
May 28, 2025
47.59
47.64
47.47
47.47
41.65
1,900
May 27, 2025
47.27
47.61
47.27
47.58
41.75
2,200
May 23, 2025
46.63
46.68
46.63
46.64
40.92
1,400
May 22, 2025
47.21
47.21
46.99
46.99
41.23
700
May 21, 2025
47.43
47.60
46.88
46.93
41.17
1,800
May 20, 2025
47.50
47.57
47.35
47.45
41.63
6,600
May 19, 2025
47.39
47.60
47.39
47.60
41.76
1,500
May 16, 2025
47.39
47.59
47.35
47.59
41.75
2,300
May 15, 2025
47.09
47.31
47.09
47.31
41.51
1,600
May 14, 2025
47.30
47.37
47.23
47.37
41.56
2,000
May 13, 2025
47.05
47.29
47.05
47.24
41.45
1,800
May 12, 2025
47.11
47.11
46.78
46.99
41.23
4,700
May 9, 2025
45.72
45.85
45.57
45.65
40.06
2,500
May 8, 2025
45.54
45.87
45.54
45.69
40.09
1,700
May 7, 2025
0.461 Dividend 

May 7, 2025
45.29
45.58
45.28
45.44
39.87
3,600
May 6, 2025
45.71
45.97
45.65
45.84
39.82
2,800
May 5, 2025
46.14
46.28
46.02
46.10
40.04
2,300
May 2, 2025
46.72
46.72
46.29
46.33
40.24
1,800
May 1, 2025
46.02
46.02
45.79
45.79
39.78
2,000
Apr 30, 2025
44.61
45.34
44.58
45.34
39.38
1,200
Apr 29, 2025
45.14
45.39
45.14
45.33
39.37
1,600
Apr 28, 2025
45.21
45.21
44.81
45.17
39.24
1,400
Apr 25, 2025
44.88
45.19
44.88
45.15
39.22
1,900
Apr 24, 2025
44.18
44.62
44.18
44.62
38.76
2,900
Apr 23, 2025
44.14
44.14
43.79
43.79
38.04
600
Apr 22, 2025
42.67
43.04
42.67
42.93
37.29
2,500
Apr 21, 2025
41.95
41.98
41.55
41.96
36.45
700
Apr 17, 2025
42.88
43.09
42.88
42.94
37.29
500
Apr 16, 2025
43.39
43.39
42.96
42.96
37.31
900
Apr 15, 2025
44.29
44.34
44.17
44.17
38.36
1,900
Apr 14, 2025
44.44
44.44
44.16
44.16
38.36
1,300
Apr 11, 2025
43.16
43.96
43.16
43.89
38.12
2,200
Apr 10, 2025
42.52
43.18
42.52
43.09
37.43
1,700
Apr 9, 2025
40.62
44.82
40.62
44.66
38.79
5,400
Apr 8, 2025
42.67
42.92
40.60
40.60
35.26
2,600
Apr 7, 2025
40.00
41.66
40.00
41.24
35.82
3,000
Apr 4, 2025
42.25
42.62
41.29
41.29
35.87
7,700
Apr 3, 2025
44.61
44.61
43.68
43.68
37.94
2,800
Apr 2, 2025
0.458 Dividend 

Apr 2, 2025
45.01
45.87
45.01
45.87
39.84
3,600
Apr 1, 2025
46.00
46.14
45.76
46.04
39.59
3,200
Mar 31, 2025
45.08
45.85
44.97
45.85
39.43
1,400
Mar 28, 2025
46.44
46.44
45.65
45.73
39.33
1,600
Mar 27, 2025
46.56
46.76
46.56
46.65
40.12
1,000
Mar 26, 2025
47.15
47.15
46.79
46.79
40.24
1,100
Mar 25, 2025
47.40
47.55
47.39
47.52
40.86
2,700
Mar 24, 2025
47.13
47.39
47.13
47.39
40.76
4,000
Mar 21, 2025
46.18
46.59
46.07
46.59
40.06
3,400
Mar 20, 2025
46.57
46.57
46.24
46.38
39.88
1,500
Mar 19, 2025
46.28
46.63
46.16
46.42
39.92
3,100
Mar 18, 2025
46.33
46.33
45.70
45.85
39.43
1,100
Mar 17, 2025
46.40
46.55
46.18
46.52
40.00
3,100
Mar 14, 2025
45.83
46.38
45.75
46.38
39.88
3,700
Mar 13, 2025
45.56
45.92
45.27
45.35
39.00
1,900
Mar 12, 2025
45.95
46.26
45.83
46.17
39.70
3,000
Mar 11, 2025
45.80
45.92
45.36
45.75
39.34
4,700
Mar 10, 2025
46.75
46.75
45.45
45.79
39.38
7,300
Mar 7, 2025
47.18
47.45
46.64
47.42
40.78
8,300
Mar 6, 2025
47.50
48.58
47.11
47.23
40.62
1,600
Mar 5, 2025
0.502 Dividend 

Mar 5, 2025
47.51
48.13
47.50
48.08
41.34
4,300
Mar 4, 2025
47.99
48.57
47.59
48.09
40.92
6,400
Mar 3, 2025
49.48
49.48
48.14
48.25
41.06
6,500
Feb 28, 2025
48.45
49.29
48.45
49.29
41.94
10,700
Feb 27, 2025
49.90
49.90
48.64
48.72
41.46
2,500
Feb 26, 2025
49.60
49.85
49.47
49.54
42.16
2,600
Feb 25, 2025
49.34
49.52
49.25
49.39
42.03
3,700
Feb 24, 2025
49.87
50.12
49.79
49.79
42.37
3,000
Feb 21, 2025
50.66
50.77
50.14
50.14
42.67
3,600
Feb 20, 2025
50.71
50.86
50.45
50.86
43.28
2,300
Feb 19, 2025
50.95
51.12
50.89
51.12
43.50
2,400
Feb 18, 2025
51.02
51.10
50.85
50.93
43.34
4,600
Feb 14, 2025
50.97
51.00
50.82
51.00
43.40
6,200
Feb 13, 2025
50.54
50.88
50.54
50.88
43.29
4,300
Feb 12, 2025
50.36
50.62
50.34
50.41
42.90
3,100
Feb 11, 2025
50.43
50.58
50.43
50.50
42.97
4,200
Feb 10, 2025
50.39
50.60
50.39
50.51
42.98
5,700
Feb 7, 2025
50.68
50.71
50.07
50.15
42.67
4,700
Feb 6, 2025
50.45
50.58
50.42
50.58
43.04
3,000
Feb 5, 2025
0.502 Dividend 

Feb 5, 2025
50.14
50.31
49.94
50.31
42.81
3,800
Feb 4, 2025
50.39
50.76
50.39
50.75
42.76
9,200
Feb 3, 2025
49.94
50.44
49.87
50.29
42.37
9,700
Jan 31, 2025
51.13
51.34
50.70
50.70
42.72
5,500
Jan 30, 2025
50.99
50.99
50.50
50.92
42.90
4,900
Jan 29, 2025
50.68
50.68
50.47
50.67
42.69
2,700
Jan 28, 2025
50.10
51.04
50.10
50.94
42.92
5,300
Jan 27, 2025
50.16
50.35
49.85
50.10
42.21
18,600
Jan 24, 2025
51.56
51.64
51.25
51.31
43.23
4,900
Jan 23, 2025
51.20
51.40
51.15
51.40
43.31
1,300
Jan 22, 2025
51.15
51.27
51.15
51.26
43.19
1,800
Jan 21, 2025
50.46
50.94
50.33
50.66
42.68
4,900
Jan 17, 2025
50.35
50.50
50.35
50.36
42.43
3,900
Jan 16, 2025
50.10
50.10
49.91
49.91
42.05
3,700
Jan 15, 2025
49.89
50.24
49.84
50.24
42.33
7,200
Jan 14, 2025
49.34
49.44
49.00
49.20
41.45
5,000
Jan 13, 2025
49.15
49.46
48.99
49.46
41.68
5,400
Jan 10, 2025
49.95
49.95
49.45
49.45
41.66
9,600
Jan 8, 2025
0.513 Dividend 

Jan 8, 2025
50.63
50.63
49.95
50.19
42.29
6,100
Jan 7, 2025
51.58
51.58
50.73
50.75
42.33
13,500
Jan 6, 2025
51.39
51.55
51.19
51.33
42.81
19,000
Jan 3, 2025
50.75
50.92
50.60
50.86
42.42
3,700
Jan 2, 2025
51.45
51.45
49.90
50.22
41.89
6,400
Dec 31, 2024
50.59
50.65
50.26
50.26
41.92
3,600
Dec 30, 2024
50.50
50.90
50.33
50.66
42.25
6,300
Dec 27, 2024
51.20
51.25
50.77
51.04
42.57
6,100
Dec 26, 2024
51.65
51.70
51.53
51.66
43.08
3,100
Dec 24, 2024
51.35
51.61
51.27
51.61
43.04
8,000
Dec 23, 2024
50.86
51.17
50.54
51.15
42.66
12,000
Dec 20, 2024
49.84
50.93
49.83
50.54
42.15
2,500
Dec 19, 2024
51.89
51.89
50.17
50.17
41.84
4,900
Dec 18, 2024
51.47
51.70
50.13
50.27
41.93
8,000
Dec 17, 2024
51.59
51.59
51.24
51.47
42.92
5,100
Dec 16, 2024
51.63
51.74
51.45
51.60
43.03
6,200
Dec 13, 2024
51.60
51.60
51.26
51.43
42.89
3,900
Dec 12, 2024
51.35
51.53
51.34
51.38
42.85
5,200
Dec 11, 2024
51.32
51.93
51.31
51.62
43.05
7,600
Dec 10, 2024
51.56
51.56
51.11
51.14
42.65
8,000
Dec 9, 2024
51.67
51.67
51.25
51.28
42.77
6,300
Dec 6, 2024
51.80
51.80
51.43
51.56
43.01
16,400
Dec 5, 2024
51.61
51.61
51.39
51.47
42.93
17,800
Dec 4, 2024
51.06
51.52
51.06
51.49
42.94
7,100
Dec 3, 2024
50.93
51.04
50.87
51.01
42.54
8,300
Dec 2, 2024
50.82
50.96
50.76
50.87
42.43
8,700
Nov 29, 2024
50.27
50.76
50.27
50.67
42.26
2,400
Nov 27, 2024
50.31
50.37
50.13
50.34
41.99
3,300
Nov 26, 2024
50.32
50.33
50.15
50.30
41.95
5,400
Nov 25, 2024
50.74
50.74
50.00
50.06
41.76
28,100
Nov 22, 2024
50.16
50.21
49.99
50.17
41.84
13,400
Nov 21, 2024
50.31
50.31
49.45
50.15
41.83
18,700
