Date
Open
High
Low
Close 

Adj Close 

Volume
Jun 5, 2026
16.87
16.93
15.20
15.65
15.65
1,094,500
Jun 5, 2026
0.124 Dividend 

Jun 4, 2026
17.11
17.57
16.82
17.36
17.24
500,000
Jun 3, 2026
17.95
18.17
17.43
17.50
17.38
362,300
Jun 2, 2026
17.91
18.40
17.70
17.96
17.83
548,000
Jun 1, 2026
17.58
18.20
17.10
18.12
17.99
502,500
May 29, 2026
0.119 Dividend 

May 29, 2026
17.80
17.80
17.31
17.75
17.62
233,300
May 28, 2026
17.61
17.95
17.40
17.87
17.62
387,300
May 27, 2026
17.46
17.79
17.08
17.75
17.51
362,400
May 26, 2026
16.96
17.58
16.96
17.30
17.06
516,900
May 22, 2026
0.111 Dividend 

May 22, 2026
16.93
17.15
16.62
16.95
16.72
251,300
May 21, 2026
16.55
17.20
16.39
17.20
16.85
285,100
May 20, 2026
16.37
16.64
16.20
16.56
16.23
170,200
May 19, 2026
16.16
16.26
15.60
16.00
15.68
274,300
May 18, 2026
16.85
16.85
15.81
16.18
15.85
669,000
May 15, 2026
0.121 Dividend 

May 15, 2026
17.40
17.59
16.80
16.85
16.51
447,700
May 14, 2026
17.70
18.20
17.31
18.03
17.55
315,300
May 13, 2026
17.50
17.77
17.16
17.73
17.26
245,300
May 12, 2026
17.60
17.66
16.90
17.66
17.19
303,700
May 11, 2026
17.25
18.07
17.03
17.85
17.37
518,000
May 8, 2026
0.117 Dividend 

May 8, 2026
17.86
17.91
17.14
17.42
16.95
242,000
May 7, 2026
18.03
18.07
17.15
17.55
16.97
351,400
May 6, 2026
17.40
18.06
17.28
17.99
17.39
404,000
May 5, 2026
16.65
16.97
16.52
16.85
16.29
344,000
May 4, 2026
15.95
16.40
15.95
16.25
15.71
401,600
May 1, 2026
0.107 Dividend 

May 1, 2026
15.67
16.16
15.67
15.87
15.34
244,100
Apr 30, 2026
15.39
15.70
15.25
15.55
14.93
224,700
Apr 29, 2026
15.65
15.65
14.94
15.19
14.58
260,700
Apr 28, 2026
15.51
15.74
15.27
15.62
15.00
317,600
Apr 27, 2026
16.12
16.24
15.73
16.05
15.41
336,300
Apr 24, 2026
0.108 Dividend 

Apr 24, 2026
16.25
16.42
16.06
16.09
15.45
249,500
Apr 23, 2026
16.29
16.63
15.89
16.30
15.55
328,700
Apr 22, 2026
16.18
16.50
16.17
16.42
15.66
329,700
Apr 21, 2026
16.10
16.21
15.48
15.67
14.95
317,000
Apr 20, 2026
15.64
16.20
15.64
16.20
15.45
266,200
Apr 17, 2026
0.108 Dividend 

Apr 17, 2026
15.85
16.25
15.70
16.10
15.36
231,700
Apr 16, 2026
15.79
15.80
15.15
15.80
14.97
337,400
Apr 15, 2026
15.60
15.71
15.16
15.71
14.88
283,000
Apr 14, 2026
15.50
15.90
15.41
15.53
14.71
402,500
Apr 13, 2026
14.17
15.02
14.10
14.94
14.15
237,700
Apr 10, 2026
0.093 Dividend 

Apr 10, 2026
14.47
14.70
14.40
14.53
13.76
335,200
Apr 9, 2026
14.09
14.58
13.97
14.39
13.54
171,400
Apr 8, 2026
14.25
14.39
13.80
14.15
13.32
251,300
Apr 7, 2026
12.97
13.40
12.81
13.40
12.61
188,200
Apr 6, 2026
0.089 Dividend 

Apr 6, 2026
12.82
13.33
12.82
13.30
12.52
193,900
Apr 2, 2026
12.53
13.01
12.26
12.82
11.98
263,000
Apr 1, 2026
13.20
13.27
12.89
13.01
12.16
271,000
Mar 31, 2026
12.52
12.95
12.28
12.95
12.10
521,400
Mar 30, 2026
12.90
13.05
11.93
12.21
11.41
415,900
Mar 27, 2026
0.098 Dividend 

Mar 27, 2026
13.10
13.15
12.57
12.61
11.79
389,600
Mar 26, 2026
14.20
14.26
13.51
13.67
12.68
425,400
Mar 25, 2026
14.58
14.80
14.39
14.50
13.45
162,700
Mar 24, 2026
14.31
14.55
13.92
14.18
13.16
200,900
Mar 23, 2026
14.16
14.75
14.16
14.36
13.33
307,500
Mar 20, 2026
0.106 Dividend 

Mar 20, 2026
14.52
14.57
13.74
14.15
13.13
309,700
Mar 19, 2026
14.23
14.71
14.00
14.62
13.47
264,300
Mar 18, 2026
14.98
15.14
14.68
14.72
13.56
294,700
Mar 17, 2026
15.19
15.50
15.10
15.30
14.09
200,600
Mar 16, 2026
15.17
15.35
15.00
15.25
14.05
342,900
Mar 13, 2026
0.1 Dividend 

Mar 13, 2026
14.90
15.15
14.33
14.52
13.38
180,600
Mar 12, 2026
14.62
14.62
14.06
14.47
13.24
234,100
Mar 11, 2026
14.56
14.98
14.49
14.91
13.64
118,500
Mar 10, 2026
14.65
14.82
14.38
14.56
13.32
198,600
Mar 9, 2026
13.99
14.49
13.76
14.35
13.13
304,400
Mar 6, 2026
0.101 Dividend 

Mar 6, 2026
14.56
14.56
13.85
14.01
12.82
515,700
Mar 5, 2026
15.58
15.72
14.75
15.19
13.80
275,500
Mar 4, 2026
15.02
15.93
15.02
15.85
14.40
305,800
Mar 3, 2026
14.65
14.80
14.20
14.42
13.10
266,800
Mar 2, 2026
14.50
15.41
14.42
15.23
13.84
397,200
Feb 27, 2026
0.107 Dividend 

Feb 27, 2026
15.14
15.18
14.60
14.92
13.56
302,200
Feb 26, 2026
15.76
15.91
15.32
15.68
14.15
157,900
Feb 25, 2026
15.76
16.11
15.68
15.87
14.32
304,400
Feb 24, 2026
14.65
15.48
14.60
15.35
13.85
272,200
Feb 23, 2026
14.70
14.98
14.54
14.79
13.35
328,000
Feb 20, 2026
0.104 Dividend 

Feb 20, 2026
15.10
15.57
14.91
15.14
13.66
219,500
Feb 19, 2026
14.88
15.33
14.65
15.31
13.72
149,300
Feb 18, 2026
15.14
15.60
14.92
15.10
13.54
177,200
Feb 17, 2026
15.00
15.29
14.69
15.02
13.46
285,200
Feb 13, 2026
0.108 Dividend 

Feb 13, 2026
15.14
15.65
14.73
15.30
13.72
157,100
Feb 12, 2026
15.46
15.48
14.70
14.96
13.31
236,300
Feb 11, 2026
15.68
15.68
14.98
15.25
13.57
264,000
Feb 10, 2026
15.84
15.99
15.53
15.68
13.95
517,000
Feb 9, 2026
14.10
16.18
14.10
15.85
14.11
741,500
Feb 6, 2026
0.114 Dividend 

Feb 6, 2026
14.47
15.44
14.45
15.44
13.74
650,000
Feb 5, 2026
14.87
15.18
13.75
13.81
12.19
1,386,900
Feb 4, 2026
16.29
16.29
15.04
15.35
13.55
760,600
Feb 3, 2026
17.00
17.10
15.76
16.67
14.71
988,700
Feb 2, 2026
17.20
17.38
16.60
16.82
14.85
1,104,500
Jan 30, 2026
0.133 Dividend 

Jan 30, 2026
18.25
18.40
17.55
17.93
15.82
572,300
Jan 29, 2026
19.15
19.20
18.36
18.70
16.39
846,700
Jan 28, 2026
19.40
19.48
19.16
19.41
17.01
299,300
Jan 27, 2026
18.86
19.27
18.70
19.15
16.78
298,700
Jan 26, 2026
18.76
18.98
18.65
18.70
16.39
570,400
Jan 23, 2026
0.132 Dividend 

Jan 23, 2026
18.80
19.37
18.56
19.11
16.75
400,700
Jan 22, 2026
19.55
19.55
18.99
18.99
16.53
374,600
Jan 21, 2026
19.31
19.76
18.37
19.23
16.73
592,100
Jan 20, 2026
19.30
19.65
18.97
19.07
16.60
688,700
Jan 16, 2026
0.138 Dividend 

Jan 16, 2026
19.81
20.48
19.60
20.45
17.80
331,400
Jan 15, 2026
20.32
20.34
19.70
19.70
17.02
318,100
Jan 14, 2026
20.15
20.37
19.90
20.02
17.30
359,500
Jan 13, 2026
19.63
20.04
19.55
20.04
17.32
341,200
Jan 12, 2026
18.89
19.67
18.79
19.58
16.92
284,400
Jan 9, 2026
0.134 Dividend 

Jan 9, 2026
19.12
19.45
18.84
18.97
16.39
246,800
Jan 8, 2026
18.80
19.27
18.70
19.13
16.42
246,200
Jan 7, 2026
19.25
19.36
18.95
18.95
16.26
259,000
Jan 6, 2026
19.55
19.75
18.91
19.52
16.75
385,000
Jan 5, 2026
18.90
19.70
18.90
19.61
16.83
411,000
Jan 2, 2026
0.125 Dividend 

Jan 2, 2026
17.80
18.56
17.59
18.55
15.92
315,900
Dec 31, 2025
17.75
17.92
17.45
17.50
14.91
299,000
Dec 30, 2025
18.00
18.15
17.72
17.78
15.15
314,600
Dec 29, 2025
17.90
18.50
17.87
18.08
15.40
319,200
Dec 26, 2025
0.129 Dividend 

Dec 26, 2025
18.65
18.77
17.95
18.11
15.43
290,600
Dec 24, 2025
18.42
18.70
18.36
18.60
15.74
195,900
Dec 23, 2025
18.20
18.66
18.20
18.46
15.62
264,600
Dec 22, 2025
18.63
19.04
18.52
18.69
15.81
286,200
Dec 19, 2025
0.12 Dividend 

Dec 19, 2025
17.61
18.35
17.61
18.35
15.52
354,100
Dec 18, 2025
17.80
18.22
17.24
17.24
14.48
256,300
Dec 17, 2025
18.00
18.47
17.21
17.35
14.58
379,600
Dec 16, 2025
17.47
17.88
17.42
17.88
15.02
253,000
Dec 15, 2025
19.00
19.01
17.47
17.62
14.80
631,900
Dec 12, 2025
0.142 Dividend 

Dec 12, 2025
19.84
20.18
18.85
18.95
15.92
414,900
Dec 11, 2025
19.85
20.20
19.33
20.20
16.85
430,000
Dec 10, 2025
20.21
20.75
20.10
20.45
17.06
205,600
Dec 9, 2025
19.70
20.83
19.67
20.60
17.19
285,500
Dec 8, 2025
20.00
20.00
19.48
19.98
16.67
367,600
Dec 5, 2025
0.132 Dividend 

Dec 5, 2025
19.83
19.95
19.25
19.62
16.37
628,200
Dec 4, 2025
19.73
20.32
19.60
20.30
16.83
387,100
Dec 3, 2025
19.17
19.86
18.95
19.86
16.46
484,000
Dec 2, 2025
19.55
19.75
19.00
19.13
15.86
1,077,100
Dec 1, 2025
19.00
19.31
18.55
19.21
15.92
437,300
Nov 28, 2025
0.13 Dividend 

Nov 28, 2025
19.96
20.20
19.81
19.90
16.49
277,000
Nov 26, 2025
18.94
19.69
18.85
19.61
16.15
264,300
Nov 25, 2025
18.22
18.75
17.70
18.75
15.44
278,900
Nov 24, 2025
17.49
18.80
17.49
18.80
15.48
379,200
Nov 21, 2025
0.132 Dividend 

Nov 21, 2025
17.05
17.47
16.36
17.04
14.03
667,800
Nov 20, 2025
19.20
19.50
17.50
17.64
14.41
533,400
Nov 19, 2025
19.00
19.36
18.10
18.50
15.12
585,700
Nov 18, 2025
18.46
19.38
18.40
19.00
15.53
342,400
Nov 17, 2025
19.13
19.58
18.40
18.59
15.19
631,100
Nov 14, 2025
0.153 Dividend 

Nov 14, 2025
18.75
20.08
18.50
19.26
15.74
580,800
Nov 13, 2025
21.34
21.44
19.67
19.72
15.99
794,500
Nov 12, 2025
22.59
22.59
21.39
21.65
17.55
415,500
Nov 11, 2025
22.74
22.74
22.00
22.22
18.02
461,400
Nov 10, 2025
23.67
23.79
22.81
23.28
18.88
544,900
Nov 7, 2025
0.163 Dividend 

Nov 7, 2025
21.90
22.87
21.33
22.61
18.33
663,900
Nov 6, 2025
24.35
24.35
22.66
22.95
18.48
716,300
Nov 5, 2025
24.10
24.62
23.92
24.55
19.76
334,700
Nov 4, 2025
24.31
25.26
23.51
23.66
19.05
789,100
Nov 3, 2025
25.96
26.17
24.84
25.41
20.46
583,400
Oct 31, 2025
0.185 Dividend 

Oct 31, 2025
25.30
25.65
24.73
25.23
20.31
351,100
Oct 30, 2025
25.24
25.49
24.60
24.60
19.66
518,400
Oct 29, 2025
26.30
26.35
25.36
26.01
20.78
538,700
Oct 28, 2025
26.55
26.90
26.11
26.24
20.97
441,700
Oct 27, 2025
26.69
26.88
26.39
26.50
21.17
501,000
Oct 24, 2025
0.174 Dividend 

Oct 24, 2025
25.36
25.89
25.20
25.89
20.69
402,600
Oct 23, 2025
24.25
24.99
23.97
24.71
19.60
429,300
Oct 22, 2025
24.67
24.80
23.41
23.59
18.72
685,600
Oct 21, 2025
25.51
25.93
25.00
25.34
20.10
597,600
Oct 20, 2025
25.31
26.05
25.31
25.70
20.39
522,900
Oct 17, 2025
0.181 Dividend 

Oct 17, 2025
24.39
24.72
24.15
24.70
19.60
409,300
Oct 16, 2025
26.30
26.35
25.03
25.24
19.88
689,100
Oct 15, 2025
26.55
26.66
25.76
26.27
20.69
368,800
Oct 14, 2025
25.60
26.70
25.11
26.22
20.65
360,200
Oct 13, 2025
26.12
26.61
25.85
26.61
20.96
475,400
Oct 10, 2025
0.184 Dividend 

Oct 10, 2025
27.53
28.00
25.60
25.90
20.40
647,300
Oct 9, 2025
27.47
27.56
26.77
27.56
21.56
589,800
Oct 8, 2025
26.88
27.56
26.65
27.45
21.48
414,800
Oct 7, 2025
27.26
27.30
25.85
26.68
20.88
620,700
Oct 6, 2025
26.77
27.10
26.60
27.06
21.17
668,000
Oct 3, 2025
0.168 Dividend 

Oct 3, 2025
25.70
26.47
25.49
25.88
20.25
388,600
Oct 2, 2025
25.14
25.77
24.93
25.68
19.96
349,000
Oct 1, 2025
24.74
25.00
24.51
24.85
19.32
337,500
Sep 30, 2025
24.16
24.44
23.97
24.31
18.90
232,400
Sep 29, 2025
22.99
24.22
22.99
24.22
18.83
310,600
Sep 26, 2025
0.164 Dividend 

Sep 26, 2025
22.81
22.84
22.10
22.65
17.61
308,400
Sep 25, 2025
23.48
23.67
22.52
22.97
17.73
481,900
Sep 24, 2025
24.17
24.69
23.98
24.26
18.72
198,500
Sep 23, 2025
24.38
24.49
23.65
23.65
18.25
200,800
Sep 22, 2025
23.71
24.12
23.43
23.90
18.45
338,700
Sep 19, 2025
0.164 Dividend 

Sep 19, 2025
24.13
24.33
23.93
24.12
18.62
215,500
Sep 18, 2025
24.31
24.59
24.02
24.38
18.69
241,800
Sep 17, 2025
23.62
24.04
23.29
23.85
18.28
209,300
Sep 16, 2025
23.37
23.82
23.11
23.77
18.22
156,000
Sep 15, 2025
23.11
23.36
22.94
23.34
17.89
219,300
Sep 12, 2025
0.153 Dividend 

Sep 12, 2025
22.93
23.14
22.76
23.14
17.74
177,900
Sep 11, 2025
22.75
23.09
22.52
22.87
17.41
180,100
Sep 10, 2025
22.42
22.86
22.37
22.41
17.06
119,400
Sep 9, 2025
21.72
22.16
21.50
22.16
16.87
459,700
Sep 8, 2025
21.18
21.47
21.07
21.36
16.26
256,800
Sep 5, 2025
0.148 Dividend 

Sep 5, 2025
21.26
21.49
20.36
21.04
16.02
203,700
Sep 4, 2025
21.55
21.61
21.07
21.18
16.01
202,200
Sep 3, 2025
21.65
21.85
21.41
21.65
16.37
161,800
Sep 2, 2025
21.20
21.76
20.91
21.47
16.23
612,100
Aug 29, 2025
0.137 Dividend 

Aug 29, 2025
21.69
21.70
21.19
21.41
16.19
81,500
Aug 28, 2025
22.20
22.26
21.93
21.98
16.52
86,100
Aug 27, 2025
22.06
22.21
21.80
21.94
16.48
69,900
Aug 26, 2025
21.50
22.07
21.42
21.93
16.48
92,700
Aug 25, 2025
21.80
21.97
21.41
21.63
16.25
107,300
Aug 22, 2025
0.147 Dividend 

Aug 22, 2025
21.00
22.52
20.97
22.34
16.79
83,700
Aug 21, 2025
21.49
21.60
21.15
21.34
15.92
61,100
Aug 20, 2025
21.40
21.65
20.69
21.65
16.16
112,300
Aug 19, 2025
22.40
22.48
21.21
21.22
15.84
113,300
Aug 18, 2025
22.17
22.63
21.89
22.60
16.87
66,500
Aug 15, 2025
0.158 Dividend 

Aug 15, 2025
22.79
22.79
22.12
22.38
16.70
59,200
Aug 14, 2025
22.64
23.17
22.33
22.97
17.02
75,800
Aug 13, 2025
23.10
23.45
22.91
23.23
17.22
90,100
Aug 12, 2025
22.94
23.01
22.52
22.88
16.96
73,200
Aug 11, 2025
22.66
23.19
22.44
22.44
16.63
122,100
Aug 8, 2025
0.148 Dividend 

Aug 8, 2025
22.27
22.41
21.75
22.22
16.47
59,400
Aug 7, 2025
22.15
22.60
21.95
22.09
16.26
78,200
Aug 6, 2025
21.36
21.85
21.20
21.75
16.01
67,500
Aug 5, 2025
21.79
21.79
21.06
21.40
15.75
108,900
Aug 4, 2025
21.56
22.00
21.33
21.67
15.95
65,300
Aug 1, 2025
0.156 Dividend 

Aug 1, 2025
21.70
21.91
21.00
21.21
15.61
152,200
Jul 31, 2025
23.11
23.30
22.76
22.97
16.79
89,800
Jul 30, 2025
22.78
23.17
22.55
22.97
16.79
84,300
Jul 29, 2025
23.22
23.34
22.45
22.66
16.57
154,900
Jul 28, 2025
23.54
23.60
23.05
23.22
16.98
138,000
Jul 25, 2025
0.162 Dividend 

Jul 25, 2025
23.20
23.24
22.84
23.19
16.96
119,500
Jul 24, 2025
23.52
23.76
23.24
23.65
17.17
105,600
Jul 23, 2025
23.43
23.51
23.02
23.37
16.97
143,400
Jul 22, 2025
23.55
23.62
23.00
23.43
17.01
117,500
Jul 21, 2025
23.83
24.15
23.19
23.37
16.97
164,100
Jul 18, 2025
0.153 Dividend 

Jul 18, 2025
23.85
23.95
23.14
23.42
17.01
91,300
Jul 17, 2025
23.18
23.70
23.00
23.50
16.95
132,000
Jul 16, 2025
22.70
23.24
22.67
23.22
16.75
152,600
Jul 15, 2025
22.37
22.55
22.08
22.18
16.00
41,400
Jul 14, 2025
22.65
22.94
22.43
22.53
16.25
42,200
Jul 11, 2025
0.147 Dividend 

Jul 11, 2025
22.33
22.53
22.00
22.15
15.98
23,200
Jul 10, 2025
21.80
22.24
21.60
22.08
15.82
30,800
Jul 9, 2025
21.58
21.78
21.18
21.78
15.61
33,600
Jul 8, 2025
21.49
21.50
21.20
21.25
15.23
17,700
Jul 7, 2025
21.35
21.35
20.88
21.16
15.16
16,500
Jul 3, 2025
0.144 Dividend 

Jul 3, 2025
21.77
21.79
21.69
21.69
15.54
7,500
Jul 2, 2025
21.49
21.80
21.49
21.74
15.48
8,400
Jul 1, 2025
21.03
21.28
20.70
20.81
14.82
6,500
Jun 30, 2025
20.79
21.12
20.79
21.12
15.03
6,700
Jun 27, 2025
20.98
20.98
20.58
20.58
14.65
6,500
Jun 26, 2025
20.27
22.32
20.07
20.95
14.91
3,800
Jun 25, 2025
20.48
20.48
20.06
20.32
14.47
8,300
Jun 24, 2025
19.36
20.01
19.36
20.01
14.24
9,300
Jun 23, 2025
18.61
19.06
18.36
18.98
13.51
106,200
Jun 20, 2025
19.91
19.91
19.18
19.29
13.73
9,700
Jun 18, 2025
19.29
19.61
19.20
19.45
13.85
7,400
Jun 17, 2025
19.36
19.40
19.02
19.17
13.65
4,700
