Date
Open
High
Low
Close 

Adj Close 

Volume
May 26, 2026
47.00
47.01
46.93
46.99
46.99
18,572
May 22, 2026
46.86
46.86
46.71
46.83
46.83
58,300
May 21, 2026
46.60
46.80
46.56
46.78
46.78
36,100
May 20, 2026
46.47
46.74
46.46
46.73
46.73
40,000
May 19, 2026
46.45
46.48
46.33
46.40
46.40
67,800
May 18, 2026
46.68
46.73
46.46
46.56
46.56
27,300
May 15, 2026
46.77
46.77
46.60
46.65
46.65
68,900
May 14, 2026
47.00
47.05
46.90
46.92
46.92
15,100
May 13, 2026
0.227 Dividend 

May 13, 2026
46.93
46.96
46.86
46.94
46.94
35,400
May 12, 2026
47.17
47.20
47.13
47.13
46.90
42,000
May 11, 2026
47.40
47.40
47.27
47.29
47.06
44,200
May 8, 2026
47.33
47.48
47.33
47.41
47.18
18,400
May 7, 2026
47.42
47.45
47.26
47.27
47.04
16,700
May 6, 2026
47.37
47.41
47.32
47.39
47.17
27,800
May 5, 2026
47.16
47.23
47.13
47.19
46.96
24,200
May 4, 2026
47.17
47.20
47.02
47.09
46.86
34,000
May 1, 2026
47.21
47.35
47.21
47.25
47.03
21,500
Apr 30, 2026
47.19
47.23
47.16
47.18
46.95
17,200
Apr 29, 2026
47.21
47.21
47.09
47.13
46.90
17,500
Apr 28, 2026
47.36
47.36
47.24
47.31
47.08
26,600
Apr 27, 2026
47.36
47.40
47.30
47.32
47.09
18,400
Apr 24, 2026
47.29
47.50
47.29
47.42
47.19
24,100
Apr 23, 2026
47.38
47.42
47.19
47.25
47.02
14,700
Apr 22, 2026
47.38
47.42
47.32
47.32
47.09
25,400
Apr 21, 2026
47.43
47.45
47.28
47.30
47.07
24,200
Apr 20, 2026
47.48
47.49
47.35
47.42
47.19
22,300
Apr 17, 2026
47.50
47.56
47.45
47.49
47.26
43,400
Apr 16, 2026
47.43
47.43
47.26
47.26
47.04
32,500
Apr 15, 2026
0.228 Dividend 

Apr 15, 2026
47.40
47.40
47.33
47.33
47.10
25,600
Apr 14, 2026
47.56
47.66
47.53
47.65
47.19
28,800
Apr 13, 2026
47.42
47.50
47.38
47.46
47.01
17,500
Apr 10, 2026
47.48
47.49
47.39
47.43
46.98
30,900
Apr 9, 2026
47.40
47.54
47.37
47.47
47.01
24,800
Apr 8, 2026
47.55
47.56
47.35
47.41
46.96
27,800
Apr 7, 2026
47.23
47.26
47.04
47.23
46.78
26,100
Apr 6, 2026
47.30
47.30
47.20
47.25
46.79
28,700
Apr 2, 2026
47.11
47.31
47.11
47.28
46.83
34,500
Apr 1, 2026
47.16
47.26
47.15
47.17
46.71
28,100
Mar 31, 2026
47.11
47.21
47.05
47.20
46.75
18,500
Mar 30, 2026
46.92
46.95
46.84
46.86
46.41
19,800
Mar 27, 2026
46.57
46.67
46.51
46.57
46.12
24,000
Mar 26, 2026
46.95
46.95
46.67
46.71
46.26
35,100
Mar 25, 2026
47.03
47.06
46.94
47.03
46.57
20,600
Mar 24, 2026
46.86
46.96
46.67
46.82
46.37
16,100
Mar 23, 2026
46.87
47.08
46.87
46.98
46.53
17,800
Mar 20, 2026
46.90
46.90
46.67
46.74
46.29
8,900
Mar 19, 2026
47.00
47.20
47.00
47.16
46.71
11,300
Mar 18, 2026
47.25
47.27
47.08
47.08
46.63
22,700
Mar 17, 2026
47.28
47.34
47.28
47.34
46.89
16,200
Mar 16, 2026
47.16
47.18
47.11
47.17
46.71
28,300
Mar 13, 2026
47.11
47.12
46.92
46.96
46.51
55,500
Mar 12, 2026
47.10
47.13
46.95
47.00
46.55
45,000
Mar 11, 2026
0.229 Dividend 

Mar 11, 2026
47.30
47.32
47.19
47.23
46.77
44,600
Mar 10, 2026
47.83
47.85
47.62
47.63
46.95
16,900
Mar 9, 2026
47.48
47.76
47.44
47.72
47.04
27,500
Mar 6, 2026
47.58
47.74
47.46
47.62
46.93
31,300
Mar 5, 2026
47.70
47.74
47.60
47.68
47.00
25,000
Mar 4, 2026
47.86
47.90
47.81
47.85
47.16
24,900
Mar 3, 2026
47.75
47.94
47.61
47.85
47.17
33,300
Mar 2, 2026
47.99
47.99
47.87
47.95
47.26
30,400
Feb 27, 2026
48.10
48.13
48.02
48.12
47.43
12,200
Feb 26, 2026
47.96
48.12
47.96
48.04
47.35
21,400
Feb 25, 2026
47.94
48.00
47.94
47.96
47.28
8,600
Feb 24, 2026
47.90
48.00
47.86
47.95
47.26
19,100
Feb 23, 2026
47.89
47.97
47.87
47.92
47.23
45,000
Feb 20, 2026
47.84
47.88
47.80
47.87
47.18
49,700
Feb 19, 2026
47.77
47.89
47.76
47.83
47.14
15,300
Feb 18, 2026
47.88
47.88
47.80
47.83
47.14
20,700
Feb 17, 2026
47.91
47.95
47.79
47.88
47.19
17,600
Feb 13, 2026
47.77
47.84
47.75
47.81
47.12
10,400
Feb 12, 2026
47.57
47.79
47.57
47.69
47.00
19,900
Feb 11, 2026
0.229 Dividend 

Feb 11, 2026
47.62
47.62
47.47
47.51
46.83
28,600
Feb 10, 2026
47.78
47.82
47.69
47.82
46.91
11,600
Feb 9, 2026
47.59
47.68
47.59
47.67
46.76
19,900
Feb 6, 2026
47.63
47.64
47.58
47.63
46.73
16,900
Feb 5, 2026
47.50
47.61
47.45
47.61
46.70
42,300
Feb 4, 2026
47.38
47.44
47.38
47.42
46.52
69,800
Feb 3, 2026
47.42
47.55
47.37
47.43
46.53
13,400
Feb 2, 2026
47.50
47.52
47.42
47.46
46.56
20,100
Jan 30, 2026
47.47
47.56
47.47
47.51
46.61
19,400
Jan 29, 2026
47.42
47.54
47.38
47.51
46.61
17,800
Jan 28, 2026
47.48
47.48
47.40
47.40
46.50
38,000
Jan 27, 2026
47.50
47.58
47.40
47.45
46.55
27,100
Jan 26, 2026
47.52
47.56
47.50
47.55
46.64
12,600
Jan 23, 2026
47.44
47.49
47.41
47.47
46.56
11,600
Jan 22, 2026
47.34
47.46
47.34
47.42
46.52
17,300
Jan 21, 2026
47.28
47.39
47.24
47.37
46.46
23,200
Jan 20, 2026
47.34
47.34
47.18
47.19
46.30
28,800
Jan 16, 2026
47.50
47.52
47.47
47.47
46.57
33,000
Jan 15, 2026
47.61
47.61
47.44
47.53
46.62
30,100
Jan 14, 2026
0.229 Dividend 

Jan 14, 2026
47.52
47.59
47.51
47.56
46.65
18,400
Jan 13, 2026
47.74
47.74
47.67
47.70
46.57
18,500
Jan 12, 2026
47.63
47.77
47.63
47.68
46.55
35,500
Jan 9, 2026
47.64
47.74
47.61
47.73
46.60
16,400
Jan 8, 2026
47.70
47.70
47.58
47.63
46.50
18,700
Jan 7, 2026
47.67
47.74
47.62
47.70
46.57
18,400
Jan 6, 2026
47.59
47.64
47.58
47.63
46.50
25,500
Jan 5, 2026
47.60
47.65
47.56
47.63
46.50
19,100
Jan 2, 2026
47.60
47.60
47.55
47.55
46.42
16,200
Dec 31, 2025
47.65
47.67
47.55
47.56
46.43
25,300
Dec 30, 2025
47.63
47.70
47.61
47.70
46.57
21,500
Dec 29, 2025
47.69
47.91
47.65
47.73
46.60
30,700
Dec 26, 2025
47.65
47.72
47.59
47.65
46.52
13,900
Dec 24, 2025
0.229 Dividend 

Dec 24, 2025
47.54
47.69
47.54
47.62
46.49
22,500
Dec 23, 2025
47.64
47.79
47.64
47.76
46.40
20,400
Dec 22, 2025
47.74
47.80
47.72
47.77
46.41
22,500
Dec 19, 2025
47.80
47.80
47.75
47.75
46.39
14,400
Dec 18, 2025
47.82
47.83
47.77
47.83
46.46
19,900
Dec 17, 2025
47.69
47.71
47.63
47.68
46.32
26,300
Dec 16, 2025
47.64
47.72
47.60
47.68
46.32
11,400
Dec 15, 2025
47.67
47.70
47.60
47.62
46.26
18,100
Dec 12, 2025
47.72
47.72
47.52
47.54
46.19
13,700
Dec 11, 2025
47.92
47.92
47.69
47.72
46.36
17,700
Dec 10, 2025
47.65
47.73
47.52
47.71
46.35
12,600
Dec 9, 2025
47.92
47.92
47.55
47.58
46.23
26,700
Dec 8, 2025
47.69
47.69
47.54
47.59
46.24
16,800
Dec 5, 2025
47.71
47.74
47.63
47.65
46.30
16,300
Dec 4, 2025
47.91
47.91
47.66
47.72
46.36
14,300
Dec 3, 2025
47.80
47.83
47.75
47.82
46.46
14,700
Dec 2, 2025
47.70
47.76
47.69
47.75
46.39
6,300
Dec 1, 2025
47.68
47.70
47.63
47.67
46.32
16,700
Nov 28, 2025
47.98
47.98
47.81
47.88
46.51
12,600
Nov 26, 2025
0.23 Dividend 

Nov 26, 2025
47.82
48.01
47.79
47.94
46.57
9,300
Nov 25, 2025
48.03
48.13
47.97
48.09
46.50
13,800
Nov 24, 2025
48.02
48.02
47.93
47.99
46.40
10,600
Nov 21, 2025
47.82
47.87
47.76
47.85
46.27
15,000
Nov 20, 2025
47.80
47.83
47.66
47.69
46.11
16,800
Nov 19, 2025
47.75
47.77
47.65
47.68
46.10
12,300
Nov 18, 2025
47.81
47.81
47.64
47.71
46.13
16,500
Nov 17, 2025
47.82
47.82
47.66
47.68
46.10
13,200
Nov 14, 2025
47.90
47.90
47.69
47.70
46.12
12,300
Nov 13, 2025
47.85
47.85
47.70
47.74
46.16
26,100
Nov 12, 2025
47.97
47.97
47.88
47.90
46.32
37,900
Nov 11, 2025
47.90
47.97
47.85
47.91
46.32
16,600
Nov 10, 2025
47.77
47.82
47.72
47.79
46.21
10,100
Nov 7, 2025
47.70
47.79
47.69
47.74
46.16
7,000
Nov 6, 2025
47.72
47.82
47.68
47.77
46.19
23,300
Nov 5, 2025
47.73
47.73
47.59
47.63
46.05
19,500
Nov 4, 2025
47.72
47.79
47.67
47.74
46.16
42,900
Nov 3, 2025
47.71
47.72
47.67
47.71
46.13
10,400
Oct 31, 2025
47.80
47.85
47.74
47.76
46.18
22,400
Oct 30, 2025
47.71
47.84
47.61
47.81
46.22
37,000
Oct 29, 2025
48.11
48.11
47.85
47.88
46.30
10,700
Oct 28, 2025
48.19
48.19
48.03
48.10
46.51
23,400
Oct 27, 2025
48.06
48.45
47.97
48.19
46.60
16,400
Oct 24, 2025
48.07
48.07
47.92
48.05
46.46
20,600
Oct 23, 2025
48.00
48.02
47.93
47.96
46.37
24,400
Oct 22, 2025
0.231 Dividend 

Oct 22, 2025
48.05
48.06
47.99
48.03
46.45
25,000
Oct 21, 2025
48.27
48.33
48.25
48.30
46.48
27,700
Oct 20, 2025
48.28
48.28
48.18
48.22
46.41
10,400
Oct 17, 2025
48.09
48.15
48.03
48.13
46.31
15,100
Oct 16, 2025
48.02
48.15
48.01
48.13
46.32
21,700
Oct 15, 2025
48.08
48.12
47.95
47.99
46.18
16,200
Oct 14, 2025
47.90
48.05
47.88
48.01
46.20
9,600
Oct 13, 2025
47.88
47.97
47.83
47.86
46.05
17,300
Oct 10, 2025
47.86
47.90
47.76
47.77
45.97
9,100
Oct 9, 2025
47.70
47.73
47.68
47.68
45.88
9,300
Oct 8, 2025
47.81
47.81
47.66
47.74
45.93
29,900
Oct 7, 2025
47.88
47.88
47.65
47.72
45.92
26,800
Oct 6, 2025
47.69
47.71
47.65
47.67
45.87
10,200
Oct 3, 2025
47.82
47.82
47.71
47.74
45.93
13,600
Oct 2, 2025
47.76
47.82
47.70
47.79
45.99
19,700
Oct 1, 2025
47.76
47.76
47.68
47.74
45.93
21,100
Sep 30, 2025
47.67
47.73
47.60
47.61
45.81
11,700
Sep 29, 2025
47.67
47.67
47.48
47.62
45.82
11,200
Sep 26, 2025
47.54
47.60
47.51
47.52
45.73
4,600
Sep 25, 2025
47.52
47.54
47.42
47.51
45.72
7,900
Sep 24, 2025
0.229 Dividend 

Sep 24, 2025
47.68
47.68
47.58
47.59
45.79
9,400
Sep 23, 2025
47.87
47.90
47.78
47.88
45.85
9,400
Sep 22, 2025
47.80
47.86
47.78
47.81
45.78
7,300
Sep 19, 2025
47.85
47.90
47.79
47.88
45.85
11,900
Sep 18, 2025
47.87
47.89
47.80
47.85
45.83
4,700
Sep 17, 2025
48.09
48.10
47.97
47.98
45.95
6,100
Sep 16, 2025
48.06
48.09
48.00
48.07
46.04
7,400
Sep 15, 2025
48.00
48.12
47.97
48.03
45.99
6,900
Sep 12, 2025
47.95
47.97
47.87
47.94
45.91
5,700
Sep 11, 2025
48.02
48.03
47.96
48.03
45.99
8,800
Sep 10, 2025
47.84
47.97
47.84
47.90
45.87
8,400
Sep 9, 2025
47.90
47.97
47.80
47.82
45.80
7,300
Sep 8, 2025
47.84
47.90
47.83
47.90
45.88
4,100
Sep 5, 2025
47.74
47.87
47.72
47.87
45.84
10,100
Sep 4, 2025
47.44
47.54
47.39
47.54
45.52
11,300
Sep 3, 2025
47.33
47.39
47.31
47.33
45.33
9,900
Sep 2, 2025
47.08
47.18
47.06
47.15
45.15
31,400
Aug 29, 2025
47.28
47.33
47.27
47.29
45.29
11,300
Aug 28, 2025
47.24
47.37
47.24
47.34
45.33
9,900
Aug 27, 2025
47.19
47.31
47.16
47.28
45.28
25,000
Aug 26, 2025
47.18
47.36
47.18
47.36
45.36
6,600
Aug 25, 2025
47.16
47.25
47.15
47.19
45.20
23,500
Aug 22, 2025
47.22
47.27
47.21
47.24
45.25
3,300
Aug 21, 2025
47.05
47.05
46.91
46.99
45.00
12,900
Aug 20, 2025
0.227 Dividend 

Aug 20, 2025
47.07
47.13
47.05
47.10
45.11
11,600
Aug 19, 2025
47.27
47.31
47.25
47.29
45.07
4,500
Aug 18, 2025
47.30
47.30
47.20
47.21
44.99
2,800
Aug 15, 2025
47.29
47.33
47.21
47.26
45.05
17,100
Aug 14, 2025
47.36
47.37
47.28
47.31
45.09
8,400
Aug 13, 2025
47.37
47.54
47.37
47.43
45.21
4,700
Aug 12, 2025
47.23
47.27
47.15
47.27
45.05
6,200
Aug 11, 2025
47.30
47.38
47.27
47.27
45.05
5,400
Aug 8, 2025
47.23
47.24
47.20
47.22
45.00
3,800
Aug 7, 2025
47.35
47.38
47.24
47.35
45.12
21,600
Aug 6, 2025
47.26
47.35
47.23
47.33
45.10
10,100
Aug 5, 2025
47.31
47.37
47.29
47.33
45.11
16,200
Aug 4, 2025
47.32
47.36
47.21
47.31
45.09
11,100
Aug 1, 2025
47.12
47.22
47.11
47.22
45.00
17,200
Jul 31, 2025
46.95
47.00
46.87
46.89
44.69
6,800
Jul 30, 2025
46.87
46.94
46.84
46.85
44.66
23,100
Jul 29, 2025
46.83
47.00
46.83
46.99
44.79
6,100
Jul 28, 2025
46.74
46.78
46.73
46.77
44.58
10,500
Jul 25, 2025
46.76
46.86
46.72
46.83
44.64
4,900
Jul 24, 2025
46.69
46.77
46.69
46.72
44.53
8,600
Jul 23, 2025
0.221 Dividend 

Jul 23, 2025
46.83
46.83
46.76
46.78
44.59
11,500
Jul 22, 2025
47.11
47.14
47.05
47.10
44.68
11,000
Jul 21, 2025
47.05
47.10
47.01
47.05
44.63
11,700
Jul 18, 2025
46.87
46.91
46.85
46.89
44.48
5,700
Jul 17, 2025
46.80
46.85
46.77
46.78
44.38
8,100
Jul 16, 2025
46.82
46.82
46.69
46.78
44.37
8,700
Jul 15, 2025
46.98
46.98
46.67
46.69
44.30
14,300
Jul 14, 2025
46.96
46.96
46.82
46.87
44.46
7,500
Jul 11, 2025
46.89
46.89
46.78
46.79
44.39
11,800
Jul 10, 2025
47.01
47.10
46.94
47.03
44.61
10,600
Jul 9, 2025
46.94
47.05
46.90
47.03
44.61
9,800
Jul 8, 2025
46.94
46.94
46.80
46.83
44.43
9,000
Jul 7, 2025
46.91
46.91
46.81
46.85
44.45
14,100
Jul 3, 2025
47.08
47.08
47.01
47.03
44.61
8,900
Jul 2, 2025
47.15
47.20
47.05
47.17
44.74
16,300
Jul 1, 2025
47.33
47.33
47.05
47.17
44.74
11,300
Jun 30, 2025
47.22
47.38
47.10
47.33
44.90
27,300
Jun 27, 2025
47.08
47.13
47.01
47.01
44.59
3,900
Jun 26, 2025
47.00
47.11
47.00
47.11
44.69
8,200
Jun 25, 2025
0.221 Dividend 

Jun 25, 2025
46.90
47.02
46.85
46.99
44.57
20,000
Jun 24, 2025
47.04
47.24
47.04
47.21
44.58
8,000
Jun 23, 2025
47.08
47.10
47.01
47.03
44.40
15,000
Jun 20, 2025
46.86
46.96
46.86
46.90
44.28
5,700
Jun 18, 2025
46.92
46.98
46.82
46.91
44.29
11,900
Jun 17, 2025
46.79
46.92
46.79
46.82
44.21
10,100
Jun 16, 2025
46.82
46.84
46.67
46.69
44.09
3,900
Jun 13, 2025
46.92
46.92
46.71
46.73
44.12
4,100
Jun 12, 2025
46.88
46.98
46.84
46.97
44.34
12,300
Jun 11, 2025
46.62
46.82
46.62
46.76
44.14
12,100
Jun 10, 2025
46.59
46.63
46.58
46.62
44.02
2,700
Jun 9, 2025
46.50
46.65
46.47
46.55
43.95
3,400
Jun 6, 2025
46.54
46.57
46.47
46.52
43.92
18,700
Jun 5, 2025
46.88
46.88
46.70
46.71
44.10
5,400
Jun 4, 2025
46.74
46.82
46.74
46.78
44.17
8,700
Jun 3, 2025
46.59
46.61
46.45
46.55
43.95
5,800
Jun 2, 2025
46.52
46.57
46.45
46.52
43.92
5,500
May 30, 2025
46.56
46.65
46.54
46.60
44.00
6,800
May 29, 2025
46.46
46.55
46.46
46.52
43.92
6,100
May 28, 2025
46.37
46.40
46.28
46.36
43.77
15,500
May 27, 2025
46.48
46.49
46.31
46.44
43.85
9,400
