Date
Open
High
Low
Close 

Adj Close 

Volume
Jun 5, 2026
40.89
40.89
40.73
40.81
40.81
7,300
Jun 4, 2026
0.163 Dividend 

Jun 4, 2026
40.38
40.42
40.31
40.41
40.41
2,100
Jun 3, 2026
40.07
40.59
39.99
40.36
40.20
2,900
Jun 2, 2026
39.58
40.19
39.58
40.07
39.91
2,600
Jun 1, 2026
40.46
40.46
39.80
39.91
39.75
6,300
May 29, 2026
40.31
40.33
40.25
40.25
40.09
2,600
May 28, 2026
0.183 Dividend 

May 28, 2026
40.51
40.59
40.46
40.46
40.29
2,400
May 27, 2026
41.04
41.04
40.74
40.75
40.41
2,000
May 26, 2026
40.75
41.00
40.75
41.00
40.65
1,000
May 22, 2026
40.85
41.15
40.85
41.03
40.68
6,400
May 21, 2026
0.169 Dividend 

May 21, 2026
40.64
40.71
40.54
40.71
40.36
3,900
May 20, 2026
40.85
40.94
40.85
40.94
40.43
2,600
May 19, 2026
41.27
41.30
40.92
40.92
40.40
1,300
May 18, 2026
40.85
41.41
40.85
41.41
40.89
3,200
May 15, 2026
41.29
41.29
40.93
40.97
40.45
1,900
May 14, 2026
0.153 Dividend 

May 14, 2026
41.15
41.22
41.10
41.12
40.60
3,600
May 13, 2026
41.19
41.44
41.19
41.44
40.77
2,700
May 12, 2026
41.09
41.66
41.02
41.48
40.81
3,200
May 11, 2026
40.57
41.07
40.57
41.06
40.40
10,300
May 8, 2026
40.85
40.96
40.82
40.86
40.20
6,600
May 7, 2026
0.143 Dividend 

May 7, 2026
40.66
41.00
40.66
40.82
40.16
3,400
May 6, 2026
40.63
40.70
40.44
40.64
39.84
4,200
May 5, 2026
40.26
40.42
40.24
40.27
39.47
1,900
May 4, 2026
40.72
40.94
40.36
40.49
39.69
1,800
May 1, 2026
40.98
41.04
40.81
40.81
40.01
3,800
Apr 30, 2026
0.153 Dividend 

Apr 30, 2026
40.85
40.93
40.84
40.93
40.12
1,500
Apr 29, 2026
41.16
41.17
41.01
41.11
40.15
9,700
Apr 28, 2026
41.29
41.32
41.20
41.32
40.35
1,100
Apr 27, 2026
40.82
41.08
40.82
40.96
40.00
2,900
Apr 24, 2026
40.64
40.75
40.60
40.72
39.77
20,900
Apr 23, 2026
0.082 Dividend 

Apr 23, 2026
40.66
40.84
40.66
40.84
39.89
2,000
Apr 22, 2026
40.77
40.85
40.41
40.50
39.48
3,100
Apr 21, 2026
41.00
41.06
40.75
40.76
39.73
2,200
Apr 20, 2026
41.29
41.29
41.01
41.01
39.97
2,600
Apr 17, 2026
41.18
41.50
41.17
41.17
40.12
3,600
Apr 16, 2026
0.166 Dividend 

Apr 16, 2026
41.14
41.22
40.98
41.22
40.17
4,400
Apr 15, 2026
41.51
41.51
41.33
41.33
40.13
1,800
Apr 14, 2026
41.50
41.53
41.50
41.53
40.31
700
Apr 13, 2026
41.54
41.76
41.52
41.76
40.54
4,700
Apr 10, 2026
41.85
41.85
41.68
41.68
40.46
3,700
Apr 9, 2026
0.123 Dividend 

Apr 9, 2026
41.64
42.01
41.64
41.92
40.69
1,000
Apr 8, 2026
41.80
41.81
41.63
41.74
40.40
3,300
Apr 7, 2026
41.32
41.55
41.32
41.55
40.21
700
Apr 6, 2026
41.25
41.78
41.25
41.37
40.04
20,100
Apr 2, 2026
0.178 Dividend 

Apr 2, 2026
41.47
41.65
41.46
41.50
40.17
1,500
Apr 1, 2026
41.66
41.78
41.66
41.73
40.22
1,400
Mar 31, 2026
41.05
41.73
41.05
41.68
40.17
6,900
Mar 30, 2026
41.44
41.51
41.32
41.40
39.90
1,700
Mar 27, 2026
41.09
41.33
40.82
40.82
39.34
3,600
Mar 26, 2026
0.173 Dividend 

Mar 26, 2026
41.44
41.46
41.25
41.29
39.79
2,300
Mar 25, 2026
41.67
41.74
41.64
41.64
39.96
1,400
Mar 24, 2026
41.84
42.06
41.74
41.76
40.08
1,800
Mar 23, 2026
42.07
42.14
41.85
41.85
40.16
3,000
Mar 20, 2026
41.86
42.10
41.85
41.85
40.17
2,200
Mar 19, 2026
0.174 Dividend 

Mar 19, 2026
41.99
41.99
41.74
41.82
40.14
1,900
Mar 18, 2026
42.63
42.63
42.30
42.44
40.57
2,000
Mar 17, 2026
43.09
43.09
42.79
42.79
40.90
761,300
Mar 16, 2026
42.88
43.12
42.78
42.87
40.98
4,100
Mar 13, 2026
42.78
42.86
42.69
42.71
40.82
2,900
Mar 12, 2026
0.15 Dividend 

Mar 12, 2026
42.69
42.78
42.58
42.76
40.87
2,300
Mar 11, 2026
43.00
43.00
42.73
42.95
40.91
4,900
Mar 10, 2026
42.86
43.13
42.85
42.95
40.91
1,400
Mar 9, 2026
42.60
43.12
42.60
43.11
41.06
4,000
Mar 6, 2026
43.38
43.38
42.91
43.23
41.18
2,700
Mar 5, 2026
0.21 Dividend 

Mar 5, 2026
42.94
43.54
42.88
43.54
41.47
10,300
Mar 4, 2026
42.55
42.87
41.95
41.95
39.76
17,200
Mar 3, 2026
41.56
42.37
41.56
42.27
40.06
6,400
Mar 2, 2026
43.77
43.77
42.03
42.11
39.91
13,200
Feb 27, 2026
44.00
44.25
44.00
44.25
41.94
509,900
Feb 26, 2026
0.153 Dividend 

Feb 26, 2026
43.63
44.13
43.63
44.06
41.76
3,700
Feb 25, 2026
43.82
43.96
43.61
43.90
41.46
10,100
Feb 24, 2026
43.65
43.77
43.33
43.77
41.34
7,800
Feb 23, 2026
44.24
44.24
43.66
43.66
41.23
51,200
Feb 20, 2026
43.92
43.97
43.67
43.97
41.53
3,800
Feb 19, 2026
0.148 Dividend 

Feb 19, 2026
44.13
44.16
43.93
43.95
41.51
1,800
Feb 18, 2026
44.54
44.54
44.20
44.24
41.64
2,400
Feb 17, 2026
44.16
44.67
44.16
44.49
41.87
7,600
Feb 13, 2026
44.11
44.47
44.11
44.12
41.53
4,200
Feb 12, 2026
0.149 Dividend 

Feb 12, 2026
44.67
44.76
44.38
44.38
41.77
4,400
Feb 11, 2026
44.41
44.48
44.17
44.33
41.59
2,400
Feb 10, 2026
44.18
44.35
44.18
44.35
41.60
1,800
Feb 9, 2026
44.40
44.40
44.21
44.21
41.47
2,600
Feb 6, 2026
44.98
45.03
44.77
45.03
42.24
2,900
Feb 5, 2026
0.132 Dividend 

Feb 5, 2026
44.21
44.65
44.21
44.65
41.88
2,500
Feb 4, 2026
44.45
45.24
44.45
44.72
41.83
4,200
Feb 3, 2026
43.14
43.98
43.14
43.87
41.03
2,000
Feb 2, 2026
42.99
43.35
42.95
43.35
40.55
1,200
Jan 30, 2026
42.65
42.91
42.56
42.91
40.14
2,800
Jan 29, 2026
0.124 Dividend 

Jan 29, 2026
42.71
42.71
42.49
42.56
39.80
4,900
Jan 28, 2026
42.55
42.78
42.45
42.49
39.62
2,200
Jan 27, 2026
43.20
43.20
42.65
42.65
39.77
3,600
Jan 26, 2026
42.90
43.31
42.90
43.29
40.37
3,200
Jan 23, 2026
42.81
43.14
42.81
42.98
40.08
3,800
Jan 22, 2026
0.123 Dividend 

Jan 22, 2026
43.00
43.36
43.00
43.30
40.38
4,800
Jan 21, 2026
43.35
43.67
43.28
43.33
40.29
11,300
Jan 20, 2026
43.95
43.95
43.35
43.40
40.36
29,400
Jan 16, 2026
44.01
44.20
44.01
44.13
41.04
1,900
Jan 15, 2026
0.126 Dividend 

Jan 15, 2026
44.19
44.28
43.98
44.23
41.13
16,700
Jan 14, 2026
44.59
44.59
44.25
44.54
41.31
8,500
Jan 13, 2026
44.48
44.60
44.35
44.44
41.21
5,000
Jan 12, 2026
45.04
45.04
44.67
44.78
41.52
2,400
Jan 9, 2026
44.64
44.74
44.58
44.72
41.47
7,700
Jan 8, 2026
0.101 Dividend 

Jan 8, 2026
44.88
45.03
44.65
44.77
41.52
21,500
Jan 7, 2026
44.75
44.75
44.28
44.73
41.39
4,500
Jan 6, 2026
44.65
44.92
44.65
44.86
41.50
2,700
Jan 5, 2026
44.84
44.99
44.60
44.83
41.48
4,800
Jan 2, 2026
0.137 Dividend 

Jan 2, 2026
44.84
44.84
44.43
44.57
41.24
3,200
Dec 31, 2025
45.25
45.45
45.22
45.22
41.72
2,900
Dec 30, 2025
45.23
45.35
45.20
45.32
41.81
1,800
Dec 29, 2025
45.01
45.11
44.90
45.11
41.61
1,100
Dec 26, 2025
0.132 Dividend 

Dec 26, 2025
45.12
45.12
44.89
44.91
41.42
2,500
Dec 24, 2025
45.20
45.23
45.12
45.23
41.60
1,800
Dec 23, 2025
45.10
45.24
45.10
45.24
41.61
1,200
Dec 22, 2025
44.90
45.31
44.90
45.31
41.67
9,600
Dec 19, 2025
45.29
45.29
44.99
44.99
41.38
2,700
Dec 18, 2025
0.133 Dividend 

Dec 18, 2025
45.51
45.51
45.32
45.45
41.80
800
Dec 17, 2025
45.51
45.64
45.51
45.64
41.86
1,000
Dec 16, 2025
45.80
45.80
45.29
45.47
41.70
11,700
Dec 15, 2025
43.85
45.78
43.85
45.78
41.98
12,700
Dec 12, 2025
44.95
45.24
44.95
45.24
41.49
2,800
Dec 11, 2025
0.15 Dividend 

Dec 11, 2025
44.88
45.10
44.81
45.10
41.36
1,200
Dec 10, 2025
44.64
44.98
44.64
44.67
40.82
1,900
Dec 9, 2025
45.29
45.35
44.64
44.64
40.80
2,800
Dec 8, 2025
45.75
45.75
44.66
45.16
41.28
9,100
Dec 5, 2025
45.60
45.78
45.60
45.75
41.82
4,600
Dec 4, 2025
0.264 Dividend 

Dec 4, 2025
46.19
46.19
45.50
45.68
41.75
4,800
Dec 3, 2025
46.37
46.40
46.11
46.11
41.90
5,700
Dec 2, 2025
47.01
47.01
46.07
46.30
42.08
27,500
Dec 1, 2025
46.68
46.72
46.42
46.42
42.18
5,000
Nov 28, 2025
0.167 Dividend 

Nov 28, 2025
46.83
46.92
46.66
46.71
42.44
6,300
Nov 26, 2025
46.66
46.81
46.62
46.73
42.31
8,300
Nov 25, 2025
46.64
46.64
46.49
46.62
42.21
3,000
Nov 24, 2025
45.90
46.55
45.84
46.53
42.13
91,200
Nov 21, 2025
46.05
46.45
46.05
46.26
41.89
3,300
Nov 20, 2025
0.249 Dividend 

Nov 20, 2025
46.42
46.42
46.12
46.20
41.83
9,900
Nov 19, 2025
46.82
46.82
45.77
46.24
41.65
7,100
Nov 18, 2025
46.51
46.60
46.29
46.60
41.97
2,600
Nov 17, 2025
46.89
47.03
46.43
46.43
41.81
11,500
Nov 14, 2025
47.17
47.40
46.69
46.86
42.20
3,700
Nov 13, 2025
0.409 Dividend 

Nov 13, 2025
46.97
47.27
46.77
47.27
42.57
13,300
Nov 12, 2025
46.78
46.99
46.70
46.99
41.95
13,700
Nov 11, 2025
46.72
46.78
46.51
46.60
41.60
6,500
Nov 10, 2025
46.55
46.78
46.47
46.58
41.59
3,700
Nov 7, 2025
46.30
46.80
46.30
46.69
41.68
6,100
Nov 6, 2025
0.146 Dividend 

Nov 6, 2025
46.19
46.34
46.15
46.32
41.35
4,000
Nov 5, 2025
46.13
46.38
46.12
46.12
41.04
9,000
Nov 4, 2025
45.76
46.16
45.76
46.16
41.08
2,200
Nov 3, 2025
45.66
45.68
45.43
45.43
40.43
2,400
Oct 31, 2025
45.39
45.54
45.31
45.50
40.49
5,300
Oct 30, 2025
0.152 Dividend 

Oct 30, 2025
45.51
45.55
45.28
45.55
40.54
3,600
Oct 29, 2025
45.67
45.67
45.29
45.38
40.25
8,900
Oct 28, 2025
46.28
46.28
46.05
46.05
40.84
8,400
Oct 27, 2025
46.84
46.84
46.38
46.74
41.46
5,900
Oct 24, 2025
46.93
46.93
46.72
46.86
41.57
2,200
Oct 23, 2025
0.153 Dividend 

Oct 23, 2025
46.76
46.84
46.60
46.72
41.44
6,800
Oct 22, 2025
46.95
47.11
46.84
46.94
41.50
14,900
Oct 21, 2025
47.10
47.12
46.97
46.97
41.52
2,000
Oct 20, 2025
46.99
47.00
46.81
46.90
41.46
81,600
Oct 17, 2025
46.89
46.97
46.83
46.86
41.43
5,700
Oct 16, 2025
0.286 Dividend 

Oct 16, 2025
46.90
46.90
46.34
46.56
41.16
6,300
Oct 15, 2025
47.45
47.58
47.05
47.45
41.69
3,600
Oct 14, 2025
47.49
47.49
46.98
47.47
41.71
3,400
Oct 13, 2025
47.01
47.19
46.97
47.16
41.44
2,000
Oct 10, 2025
47.25
47.47
46.98
46.98
41.28
18,500
Oct 9, 2025
47.55
47.55
47.32
47.41
41.66
2,300
Oct 8, 2025
48.10
48.10
47.77
47.80
42.00
2,700
Oct 7, 2025
47.72
47.88
47.69
47.79
41.99
1,200
Oct 6, 2025
47.63
47.88
47.47
47.68
41.90
4,900
Oct 3, 2025
47.20
47.81
47.20
47.61
41.84
5,300
Oct 2, 2025
0.535 Dividend 

Oct 2, 2025
47.50
47.50
47.23
47.23
41.50
7,300
Oct 1, 2025
48.16
48.16
47.93
48.06
41.76
7,700
Sep 30, 2025
48.00
48.33
48.00
48.33
42.00
7,000
Sep 29, 2025
47.82
48.01
47.73
48.01
41.72
1,700
Sep 26, 2025
47.97
48.09
47.97
48.09
41.78
1,600
Sep 25, 2025
47.75
47.98
47.75
47.83
41.57
2,100
Sep 24, 2025
47.80
47.85
47.77
47.85
41.58
6,900
Sep 23, 2025
47.55
47.73
47.55
47.68
41.43
1,400
Sep 22, 2025
47.19
47.76
47.19
47.62
41.38
50,500
Sep 19, 2025
47.36
47.62
47.35
47.62
41.38
18,900
Sep 18, 2025
47.55
47.55
47.30
47.36
41.16
9,100
Sep 17, 2025
47.92
47.92
47.47
47.51
41.29
3,200
Sep 16, 2025
47.17
47.36
47.17
47.36
41.15
1,000
Sep 15, 2025
47.39
47.48
47.26
47.37
41.16
2,900
Sep 12, 2025
47.56
47.65
47.52
47.52
41.29
1,600
Sep 11, 2025
47.41
47.72
47.41
47.72
41.47
1,600
Sep 10, 2025
47.20
47.23
46.92
47.23
41.04
3,600
Sep 9, 2025
47.57
47.68
47.32
47.32
41.12
9,700
Sep 8, 2025
47.78
47.78
47.62
47.62
41.38
1,400
Sep 5, 2025
48.68
48.68
47.96
48.10
41.80
5,100
Sep 4, 2025
0.998 Dividend 

Sep 4, 2025
48.43
48.76
48.39
48.69
42.31
4,700
Sep 3, 2025
49.12
49.39
48.91
49.39
42.05
7,700
Sep 2, 2025
49.74
49.74
49.02
49.20
41.89
3,400
Aug 29, 2025
49.40
49.70
49.40
49.43
42.09
3,200
Aug 28, 2025
49.36
49.40
49.33
49.37
42.03
4,100
Aug 27, 2025
48.66
49.14
48.66
49.14
41.84
1,100
Aug 26, 2025
48.28
48.68
48.28
48.68
41.45
1,600
Aug 25, 2025
48.40
48.40
47.98
48.23
41.06
3,500
Aug 22, 2025
48.79
48.87
48.40
48.58
41.36
4,400
Aug 21, 2025
48.37
48.45
47.96
48.40
41.21
2,100
Aug 20, 2025
48.50
48.75
48.50
48.51
41.30
3,400
Aug 19, 2025
47.75
48.33
47.75
48.24
41.07
2,300
Aug 18, 2025
47.84
47.95
47.55
47.94
40.82
771,500
Aug 15, 2025
47.97
47.97
47.60
47.67
40.58
1,700
Aug 14, 2025
47.68
47.94
47.68
47.89
40.78
2,600
Aug 13, 2025
47.80
47.84
47.75
47.79
40.69
1,500
Aug 12, 2025
47.40
47.50
47.37
47.44
40.39
1,800
Aug 11, 2025
46.97
47.03
46.90
46.99
40.00
2,500
Aug 8, 2025
46.90
46.97
46.85
46.97
39.99
1,500
Aug 7, 2025
0.612 Dividend 

Aug 7, 2025
47.90
47.90
46.66
46.66
39.73
6,600
Aug 6, 2025
47.50
47.98
47.50
47.98
40.33
18,900
Aug 5, 2025
47.28
47.69
47.21
47.47
39.90
5,800
Aug 4, 2025
48.34
48.34
46.62
46.91
39.43
6,500
Aug 1, 2025
48.17
48.41
48.01
48.19
40.51
2,100
Jul 31, 2025
48.43
48.55
48.16
48.16
40.48
3,100
Jul 30, 2025
48.47
48.64
48.40
48.40
40.69
1,400
Jul 29, 2025
49.02
49.14
48.56
48.56
40.81
4,000
Jul 28, 2025
49.82
49.82
48.95
48.95
41.14
3,500
Jul 25, 2025
49.02
49.20
48.87
49.17
41.33
2,800
Jul 24, 2025
48.95
49.27
48.95
48.97
41.17
3,900
Jul 23, 2025
49.10
49.10
48.90
48.99
41.18
8,500
Jul 22, 2025
48.56
49.00
48.56
48.88
41.09
4,900
Jul 21, 2025
48.65
48.85
48.57
48.57
40.83
9,000
Jul 18, 2025
48.53
48.75
48.46
48.52
40.78
6,300
Jul 17, 2025
48.00
48.44
48.00
48.44
40.72
3,500
Jul 16, 2025
48.36
48.36
48.10
48.25
40.56
2,500
Jul 15, 2025
48.44
48.44
48.17
48.18
40.50
5,600
Jul 14, 2025
48.36
48.79
48.36
48.70
40.94
4,800
Jul 11, 2025
48.70
48.75
48.26
48.62
40.87
12,200
Jul 10, 2025
0.503 Dividend 

Jul 10, 2025
49.41
49.41
49.09
49.26
41.40
6,800
Jul 9, 2025
49.20
49.47
49.10
49.44
41.14
8,900
Jul 8, 2025
49.50
49.50
49.05
49.31
41.02
5,500
Jul 7, 2025
49.87
50.05
49.27
49.27
40.99
7,300
Jul 3, 2025
49.74
49.96
49.47
49.87
41.49
7,000
Jul 2, 2025
49.86
49.87
49.43
49.45
41.14
11,100
Jul 1, 2025
50.15
50.25
49.90
50.25
41.81
4,100
Jun 30, 2025
49.92
49.96
49.83
49.96
41.56
4,600
Jun 27, 2025
49.87
50.18
49.85
49.85
41.48
6,900
Jun 26, 2025
50.05
50.05
49.88
49.88
41.50
7,100
Jun 25, 2025
50.66
50.66
50.06
50.07
41.66
7,800
Jun 24, 2025
50.38
50.57
50.38
50.48
42.00
4,300
Jun 23, 2025
50.01
50.10
49.59
50.03
41.62
12,400
Jun 20, 2025
49.79
49.91
49.71
49.85
41.48
22,600
Jun 18, 2025
49.75
49.75
49.55
49.72
41.37
5,000
Jun 17, 2025
50.07
50.07
49.56
49.59
41.26
4,800
Jun 16, 2025
50.18
50.21
50.10
50.10
41.68
2,900
Jun 13, 2025
49.56
49.98
49.56
49.70
41.35
6,500
Jun 12, 2025
49.88
50.01
49.65
50.00
41.60
2,700
Jun 11, 2025
50.31
50.31
49.89
49.89
41.50
3,200
Jun 10, 2025
50.22
50.22
50.06
50.13
41.70
3,100
Jun 9, 2025
50.50
50.50
49.96
50.33
41.87
6,700
Jun 6, 2025
50.13
50.43
50.06
50.30
41.85
4,700
Jun 5, 2025
49.76
49.78
49.48
49.68
41.33
8,300
