Date
Open
High
Low
Close 

Adj Close 

Volume

May 22, 2026
39.10
39.51
39.10
39.45
39.45
2,400
May 21, 2026
38.67
38.89
38.67
38.89
38.89
1,600
May 20, 2026
39.08
39.08
38.81
38.98
38.98
2,000
May 19, 2026
39.42
39.63
38.94
38.94
38.94
1,400
May 18, 2026
0.137 Dividend 

May 18, 2026
39.21
39.78
39.21
39.62
39.62
2,400
May 15, 2026
39.54
39.69
39.22
39.30
39.16
2,700
May 14, 2026
39.49
39.49
39.43
39.43
39.29
800
May 13, 2026
39.20
39.61
39.16
39.61
39.47
1,700
May 12, 2026
39.05
39.95
39.05
39.52
39.38
13,700
May 11, 2026
0.148 Dividend 

May 11, 2026
38.87
39.04
38.86
39.04
38.90
2,800
May 8, 2026
38.70
39.06
38.70
38.83
38.55
4,100
May 7, 2026
38.42
38.76
38.40
38.72
38.44
1,900
May 6, 2026
38.00
38.32
38.00
38.25
37.97
3,400
May 5, 2026
38.12
38.18
37.78
37.85
37.58
6,400
May 4, 2026
0.108 Dividend 

May 4, 2026
38.45
39.10
37.91
38.09
37.81
4,000
May 1, 2026
39.21
39.21
38.70
38.70
38.31
3,900
Apr 30, 2026
39.11
39.13
38.78
38.84
38.45
4,000
Apr 29, 2026
38.96
38.96
38.95
38.95
38.56
700
Apr 28, 2026
39.04
39.22
39.03
39.20
38.81
2,400
Apr 27, 2026
0.106 Dividend 

Apr 27, 2026
38.67
38.83
38.66
38.66
38.27
3,100
Apr 24, 2026
38.28
38.44
38.27
38.44
37.95
3,000
Apr 23, 2026
38.15
38.68
38.15
38.64
38.14
3,100
Apr 22, 2026
38.44
38.53
38.11
38.11
37.62
2,700
Apr 21, 2026
38.80
38.80
38.32
38.32
37.83
6,500
Apr 20, 2026
0.147 Dividend 

Apr 20, 2026
38.83
39.07
38.66
38.66
38.17
6,400
Apr 17, 2026
39.30
39.55
39.12
39.12
38.47
2,600
Apr 16, 2026
39.04
39.23
38.89
39.23
38.58
2,300
Apr 15, 2026
39.41
39.41
39.07
39.13
38.49
2,200
Apr 14, 2026
39.56
39.65
39.38
39.38
38.73
3,200
Apr 13, 2026
0.197 Dividend 

Apr 13, 2026
39.66
39.76
39.54
39.76
39.10
4,100
Apr 10, 2026
40.11
40.18
39.83
39.83
38.98
1,800
Apr 9, 2026
40.00
40.63
40.00
40.47
39.61
2,000
Apr 8, 2026
40.00
40.10
39.71
39.91
39.05
3,300
Apr 7, 2026
39.63
39.73
39.61
39.73
38.88
2,000
Apr 6, 2026
0.121 Dividend 

Apr 6, 2026
39.59
39.71
39.52
39.62
38.77
1,700
Apr 2, 2026
39.67
39.90
39.67
39.78
38.81
6,500
Apr 1, 2026
39.98
40.07
39.91
39.91
38.94
4,500
Mar 31, 2026
39.75
39.92
39.75
39.92
38.95
1,300
Mar 30, 2026
0.131 Dividend 

Mar 30, 2026
39.00
39.77
39.00
39.56
38.60
1,500
Mar 27, 2026
39.23
39.49
38.99
38.99
37.91
2,000
Mar 26, 2026
39.68
39.81
39.68
39.77
38.67
1,600
Mar 25, 2026
40.47
40.47
39.78
39.78
38.68
2,000
Mar 24, 2026
40.47
40.50
40.07
40.07
38.96
1,900
Mar 23, 2026
0.132 Dividend 

Mar 23, 2026
40.35
40.40
40.29
40.29
39.17
2,200
Mar 20, 2026
40.59
40.77
40.42
40.52
39.27
37,500
Mar 19, 2026
40.67
40.74
40.27
40.50
39.25
3,500
Mar 18, 2026
41.25
41.25
40.74
40.74
39.49
2,300
Mar 17, 2026
41.77
41.98
41.56
41.62
40.34
2,100
Mar 16, 2026
0.139 Dividend 

Mar 16, 2026
41.70
41.97
41.55
41.70
40.42
2,300
Mar 13, 2026
41.89
41.90
41.51
41.51
40.10
6,800
Mar 12, 2026
41.58
41.88
41.46
41.69
40.27
7,600
Mar 11, 2026
41.82
41.88
41.72
41.87
40.45
4,200
Mar 10, 2026
42.09
42.34
41.91
41.91
40.48
4,600
Mar 9, 2026
0.182 Dividend 

Mar 9, 2026
42.17
42.39
41.70
42.24
40.80
4,800
Mar 6, 2026
42.64
42.68
42.00
42.68
41.05
3,300
Mar 5, 2026
42.05
42.81
42.05
42.81
41.18
3,600
Mar 4, 2026
41.12
41.57
41.11
41.46
39.88
3,800
Mar 3, 2026
40.26
41.09
40.00
40.78
39.23
5,800
Mar 2, 2026
0.148 Dividend 

Mar 2, 2026
41.20
41.20
40.54
40.72
39.17
11,100
Feb 27, 2026
43.22
43.45
43.20
43.45
41.65
5,300
Feb 26, 2026
42.50
43.31
42.50
43.17
41.38
3,300
Feb 25, 2026
42.44
42.50
42.21
42.32
40.57
4,200
Feb 24, 2026
42.22
42.38
41.85
42.38
40.62
3,700
Feb 23, 2026
0.105 Dividend 

Feb 23, 2026
42.85
43.04
42.42
42.42
40.66
10,900
Feb 20, 2026
42.44
42.87
42.30
42.81
40.94
37,500
Feb 19, 2026
43.00
43.08
42.66
42.74
40.87
5,200
Feb 18, 2026
43.47
43.47
42.85
42.94
41.06
9,900
Feb 17, 2026
0.197 Dividend 

Feb 17, 2026
43.29
43.62
43.16
43.42
41.52
7,500
Feb 13, 2026
43.28
43.46
42.82
43.01
40.94
7,400
Feb 12, 2026
43.32
43.98
43.27
43.27
41.19
6,800
Feb 11, 2026
43.33
43.55
43.10
43.32
41.23
6,200
Feb 10, 2026
43.21
43.33
43.15
43.33
41.24
2,500
Feb 9, 2026
0.15 Dividend 

Feb 9, 2026
43.79
43.79
43.11
43.11
41.03
4,700
Feb 6, 2026
43.81
44.41
43.81
44.28
42.01
9,400
Feb 5, 2026
43.38
44.02
43.32
43.89
41.64
7,600
Feb 4, 2026
43.24
44.66
43.19
43.86
41.61
15,000
Feb 3, 2026
41.81
43.06
41.74
42.83
40.63
10,700
Feb 2, 2026
0.12 Dividend 

Feb 2, 2026
41.35
42.21
41.35
42.21
40.04
3,900
Jan 30, 2026
41.03
41.67
41.03
41.67
39.42
5,800
Jan 29, 2026
40.95
41.21
40.95
41.16
38.93
9,400
Jan 28, 2026
40.79
41.13
40.75
40.88
38.67
7,300
Jan 27, 2026
41.70
41.70
41.00
41.00
38.78
12,900
Jan 26, 2026
0.125 Dividend 

Jan 26, 2026
41.27
42.03
41.27
41.96
39.69
7,600
Jan 23, 2026
41.90
41.90
41.59
41.69
39.32
9,100
Jan 22, 2026
42.04
42.17
41.96
42.17
39.77
6,800
Jan 21, 2026
42.38
42.38
41.96
42.23
39.83
20,400
Jan 20, 2026
0.147 Dividend 

Jan 20, 2026
42.86
42.86
42.08
42.28
39.87
10,400
Jan 16, 2026
43.17
43.37
43.04
43.21
40.61
14,500
Jan 15, 2026
43.40
43.40
43.03
43.17
40.57
10,600
Jan 14, 2026
43.55
44.19
43.31
43.36
40.75
9,800
Jan 13, 2026
43.75
43.75
43.33
43.48
40.86
13,100
Jan 12, 2026
0.138 Dividend 

Jan 12, 2026
43.58
43.99
43.53
43.99
41.34
7,800
Jan 9, 2026
44.09
44.10
43.78
44.05
41.27
7,100
Jan 8, 2026
44.06
44.56
44.03
44.24
41.45
9,600
Jan 7, 2026
44.06
44.06
43.50
43.75
40.99
9,500
Jan 6, 2026
43.77
44.17
43.77
44.06
41.28
7,600
Jan 5, 2026
0.181 Dividend 

Jan 5, 2026
43.78
44.47
43.78
44.00
41.22
9,900
Jan 2, 2026
44.58
44.58
43.67
43.98
41.04
12,300
Dec 31, 2025
44.73
44.99
44.63
44.63
41.64
11,200
Dec 30, 2025
44.58
44.89
44.58
44.76
41.76
10,700
Dec 29, 2025
0.145 Dividend 

Dec 29, 2025
44.36
44.58
44.17
44.45
41.47
12,400
Dec 26, 2025
44.66
44.66
44.22
44.31
41.21
14,700
Dec 24, 2025
44.51
44.68
44.49
44.67
41.54
6,900
Dec 23, 2025
44.51
44.78
44.42
44.60
41.48
6,700
Dec 22, 2025
0.144 Dividend 

Dec 22, 2025
44.26
44.62
44.19
44.62
41.50
13,400
Dec 19, 2025
44.92
44.95
44.18
44.36
41.12
33,900
Dec 18, 2025
45.04
45.25
45.04
45.09
41.80
5,400
Dec 17, 2025
44.86
45.26
44.79
45.22
41.92
6,600
Dec 16, 2025
45.58
45.58
44.71
44.82
41.55
6,300
Dec 15, 2025
0.132 Dividend 

Dec 15, 2025
45.11
45.46
44.96
45.42
42.10
11,300
Dec 12, 2025
44.56
44.84
44.34
44.82
41.43
13,800
Dec 11, 2025
44.20
44.60
44.16
44.40
41.04
8,300
Dec 10, 2025
43.91
44.35
43.88
43.88
40.56
4,100
Dec 9, 2025
44.59
44.59
43.97
43.99
40.66
7,400
Dec 8, 2025
0.194 Dividend 

Dec 8, 2025
45.10
45.10
43.98
44.52
41.15
10,500
Dec 5, 2025
45.38
45.67
45.25
45.67
42.03
4,200
Dec 4, 2025
45.69
45.75
45.21
45.47
41.84
4,200
Dec 3, 2025
46.16
46.16
45.68
45.68
42.04
3,000
Dec 2, 2025
45.98
45.98
45.50
45.86
42.21
14,000
Dec 1, 2025
0.162 Dividend 

Dec 1, 2025
46.44
46.55
46.14
46.14
42.46
6,900
Nov 28, 2025
46.85
47.10
46.84
46.90
43.01
5,800
Nov 26, 2025
46.48
46.67
46.42
46.61
42.75
6,000
Nov 25, 2025
46.23
46.60
46.12
46.34
42.50
16,900
Nov 24, 2025
0.196 Dividend 

Nov 24, 2025
45.51
46.18
45.14
46.18
42.35
9,100
Nov 21, 2025
45.91
46.35
45.80
45.80
41.83
308,100
Nov 20, 2025
45.84
46.27
45.67
45.67
41.71
38,400
Nov 19, 2025
45.85
45.85
45.11
45.68
41.72
7,300
Nov 18, 2025
45.86
46.23
45.72
46.02
42.03
18,800
Nov 17, 2025
0.188 Dividend 

Nov 17, 2025
46.72
46.84
45.98
45.98
41.99
13,000
Nov 14, 2025
47.36
47.44
46.50
46.81
42.58
23,200
Nov 13, 2025
46.23
47.31
46.23
47.18
42.91
26,100
Nov 12, 2025
45.40
46.26
45.40
46.14
41.97
14,600
Nov 11, 2025
45.45
45.53
45.18
45.51
41.39
21,200
Nov 10, 2025
0.126 Dividend 

Nov 10, 2025
45.90
45.92
45.42
45.54
41.42
22,100
Nov 7, 2025
45.31
45.90
45.31
45.90
41.63
19,900
Nov 6, 2025
44.69
45.30
44.69
45.23
41.03
12,600
Nov 5, 2025
44.83
45.24
44.67
44.84
40.67
18,100
Nov 4, 2025
43.87
44.72
43.73
44.64
40.49
23,400
Nov 3, 2025
0.166 Dividend 

Nov 3, 2025
43.66
43.66
43.08
43.34
39.31
30,500
Oct 31, 2025
43.50
43.80
43.50
43.77
39.55
13,600
Oct 30, 2025
43.59
44.06
43.59
43.87
39.64
10,800
Oct 29, 2025
43.73
43.73
43.32
43.53
39.33
28,200
Oct 28, 2025
44.60
44.61
44.12
44.12
39.87
18,100
Oct 27, 2025
0.204 Dividend 

Oct 27, 2025
45.34
45.34
44.51
44.83
40.51
40,900
Oct 24, 2025
45.31
45.63
45.27
45.45
40.88
24,900
Oct 23, 2025
45.50
45.51
45.19
45.36
40.80
25,400
Oct 22, 2025
45.47
45.59
45.26
45.53
40.96
17,000
Oct 21, 2025
45.70
45.95
45.50
45.50
40.93
15,700
Oct 20, 2025
0.222 Dividend 

Oct 20, 2025
45.50
45.85
45.42
45.85
41.24
23,700
Oct 17, 2025
45.51
45.95
45.51
45.76
40.96
45,300
Oct 16, 2025
45.75
45.75
45.34
45.46
40.70
10,600
Oct 15, 2025
46.00
46.30
45.72
46.30
41.45
14,300
Oct 14, 2025
0.268 Dividend 

Oct 14, 2025
45.65
46.33
45.61
46.30
41.45
17,800
Oct 13, 2025
45.83
46.20
45.68
46.09
41.02
31,300
Oct 10, 2025
46.39
46.48
45.83
45.84
40.80
26,100
Oct 9, 2025
46.87
47.04
46.41
46.65
41.52
24,900
Oct 8, 2025
47.12
47.35
46.99
47.07
41.89
16,400
Oct 7, 2025
47.10
47.47
46.88
47.29
42.09
20,900
Oct 6, 2025
0.316 Dividend 

Oct 6, 2025
46.95
47.52
46.75
47.07
41.89
26,900
Oct 3, 2025
46.73
47.60
46.73
47.31
41.82
16,300
Oct 2, 2025
47.44
47.44
46.64
46.95
41.51
17,800
Oct 1, 2025
47.29
47.30
46.89
47.19
41.72
15,000
Sep 30, 2025
47.10
47.69
47.10
47.69
42.16
12,800
Sep 29, 2025
0.276 Dividend 

Sep 29, 2025
47.41
47.41
46.88
47.20
41.73
14,200
Sep 26, 2025
47.47
47.87
47.42
47.62
41.85
9,400
Sep 25, 2025
47.31
47.54
47.15
47.15
41.45
15,700
Sep 24, 2025
46.86
47.35
46.86
47.22
41.50
13,700
Sep 23, 2025
47.07
47.51
46.98
47.04
41.34
13,600
Sep 22, 2025
0.152 Dividend 

Sep 22, 2025
46.69
47.04
46.54
46.97
41.29
16,700
Sep 19, 2025
46.70
47.17
46.60
46.91
41.10
23,600
Sep 18, 2025
46.55
47.25
46.45
46.81
41.01
25,700
Sep 17, 2025
46.69
47.35
46.69
47.04
41.21
18,600
Sep 16, 2025
46.87
46.88
46.41
46.84
41.04
14,300
Sep 15, 2025
0.171 Dividend 

Sep 15, 2025
47.18
47.18
46.67
46.95
41.13
17,800
Sep 12, 2025
47.72
47.72
47.27
47.30
41.28
19,400
Sep 11, 2025
46.90
47.72
46.90
47.72
41.65
9,200
Sep 10, 2025
46.88
47.00
46.33
46.84
40.89
23,100
Sep 9, 2025
47.31
47.57
47.10
47.23
41.23
27,000
Sep 8, 2025
0.209 Dividend 

Sep 8, 2025
48.15
48.15
47.35
47.44
41.41
27,000
Sep 5, 2025
49.05
49.06
48.02
48.32
42.00
30,200
Sep 4, 2025
48.43
49.10
48.43
49.07
42.65
16,600
Sep 3, 2025
48.24
48.45
47.96
48.45
42.11
20,000
Sep 2, 2025
0.195 Dividend 

Sep 2, 2025
48.84
48.84
48.05
48.31
41.99
34,500
Aug 29, 2025
48.66
49.28
48.66
48.85
42.29
36,300
Aug 28, 2025
48.16
48.54
48.13
48.54
42.02
19,400
Aug 27, 2025
47.61
48.27
47.61
48.13
41.66
22,200
Aug 26, 2025
46.75
47.50
46.75
47.50
41.12
17,300
Aug 25, 2025
0.774 Dividend 

Aug 25, 2025
47.20
47.20
46.34
46.97
40.66
36,200
Aug 22, 2025
48.37
48.37
47.78
47.97
40.85
53,400
Aug 21, 2025
47.92
48.05
47.43
47.99
40.87
20,100
Aug 20, 2025
47.85
48.39
47.85
48.05
40.92
27,300
Aug 19, 2025
46.89
47.70
46.89
47.57
40.51
23,500
Aug 18, 2025
0.268 Dividend 

Aug 18, 2025
46.83
46.84
46.46
46.82
39.88
14,500
Aug 15, 2025
47.30
47.46
46.85
46.99
39.79
20,800
Aug 14, 2025
47.00
47.23
46.70
47.15
39.92
10,200
Aug 13, 2025
46.37
47.15
46.37
47.07
39.86
16,600
Aug 12, 2025
45.70
46.40
45.70
46.18
39.11
4,300
Aug 11, 2025
0.302 Dividend 

Aug 11, 2025
45.72
45.90
45.39
45.51
38.54
6,900
Aug 8, 2025
45.65
45.87
45.56
45.85
38.57
10,600
Aug 7, 2025
46.48
46.70
45.49
45.49
38.27
15,300
Aug 6, 2025
45.74
46.33
45.70
46.32
38.97
8,300
Aug 5, 2025
45.22
46.10
45.22
45.80
38.53
16,500
Aug 4, 2025
0.215 Dividend 

Aug 4, 2025
46.77
46.77
44.68
45.15
37.98
18,600
Aug 1, 2025
47.27
47.32
46.85
47.01
39.37
14,900
Jul 31, 2025
47.30
47.62
47.04
47.16
39.49
21,400
Jul 30, 2025
47.27
47.74
47.22
47.42
39.71
14,900
Jul 29, 2025
48.14
48.51
47.54
47.54
39.81
20,100
Jul 28, 2025
0.371 Dividend 

Jul 28, 2025
48.45
48.71
48.07
48.07
40.26
23,800
Jul 25, 2025
48.64
48.83
48.31
48.83
40.58
17,900
Jul 24, 2025
48.63
49.04
48.50
48.54
40.34
28,200
Jul 23, 2025
48.42
48.87
48.27
48.63
40.42
11,100
Jul 22, 2025
47.67
48.60
47.67
48.14
40.01
10,900
Jul 21, 2025
0.392 Dividend 

Jul 21, 2025
47.71
48.03
47.63
47.74
39.67
8,300
Jul 18, 2025
48.07
48.49
47.98
47.98
39.54
6,700
Jul 17, 2025
47.59
47.97
47.40
47.97
39.54
4,000
Jul 16, 2025
47.73
47.78
47.42
47.71
39.33
5,700
Jul 15, 2025
48.32
48.32
47.54
47.54
39.19
7,100
Jul 14, 2025
0.204 Dividend 

Jul 14, 2025
48.00
48.46
48.00
48.34
39.85
3,200
Jul 11, 2025
48.37
48.53
47.95
48.40
39.72
11,200
Jul 10, 2025
48.81
48.81
48.47
48.71
39.98
4,300
Jul 9, 2025
48.74
48.87
48.46
48.87
40.11
4,300
Jul 8, 2025
48.45
48.85
48.45
48.67
39.95
6,700
Jul 7, 2025
0.22 Dividend 

Jul 7, 2025
49.58
49.60
48.63
48.70
39.97
7,500
Jul 3, 2025
49.38
49.91
49.38
49.78
40.68
3,500
Jul 2, 2025
50.56
50.56
49.16
49.22
40.22
8,700
Jul 1, 2025
49.92
50.51
49.78
50.43
41.21
3,300
Jun 30, 2025
0.235 Dividend 

Jun 30, 2025
49.88
50.12
49.79
49.81
40.70
8,300
Jun 27, 2025
50.11
50.60
50.11
50.16
40.79
12,300
Jun 26, 2025
50.33
50.45
50.09
50.19
40.82
18,800
Jun 25, 2025
51.07
51.09
50.31
50.31
40.92
8,500
Jun 24, 2025
50.68
51.64
50.68
51.26
41.69
9,100
Jun 23, 2025
50.54
50.54
49.77
50.43
41.02
15,600
Jun 20, 2025
50.19
50.23
50.04
50.11
40.75
7,300
Jun 18, 2025
50.27
50.27
49.98
50.15
40.79
2,500
