Date
Open
High
Low
Close 

Adj Close 

Volume
Jun 5, 2026
29.01
29.06
27.57
28.11
28.11
1,587,000
Jun 4, 2026
29.54
30.01
29.31
29.58
29.58
984,100
Jun 3, 2026
30.94
31.16
30.33
30.39
30.39
937,400
Jun 2, 2026
32.08
32.10
30.85
31.19
31.19
1,852,000
Jun 1, 2026
33.21
33.30
32.65
33.08
33.08
994,900
May 29, 2026
33.70
34.17
33.38
33.83
33.83
634,100
May 28, 2026
33.80
33.91
33.45
33.76
33.76
1,050,800
May 27, 2026
34.60
34.73
34.35
34.48
34.48
736,000
May 26, 2026
35.24
35.84
34.86
34.92
34.92
1,154,800
May 22, 2026
35.59
35.59
34.86
35.04
35.04
1,080,700
May 21, 2026
35.51
35.81
35.25
35.70
35.70
597,400
May 20, 2026
0.793 Dividend 

May 20, 2026
35.50
35.72
35.33
35.72
35.72
654,100
May 19, 2026
36.00
36.22
35.78
36.16
35.37
693,100
May 18, 2026
36.31
36.31
35.76
36.07
35.28
1,418,900
May 15, 2026
37.25
37.26
36.74
37.03
36.22
736,900
May 14, 2026
37.09
37.97
37.02
37.75
36.92
640,400
May 13, 2026
37.26
37.29
36.77
37.09
36.28
649,300
May 12, 2026
37.47
37.55
37.16
37.54
36.72
725,200
May 11, 2026
37.59
38.00
37.40
37.98
37.15
853,100
May 8, 2026
37.00
37.34
36.95
37.28
36.46
705,900
May 7, 2026
37.52
37.58
36.96
37.18
36.36
845,700
May 6, 2026
37.82
37.90
37.54
37.69
36.86
752,200
May 5, 2026
37.59
37.74
37.39
37.70
36.87
935,100
May 4, 2026
36.70
37.29
36.53
37.12
36.31
978,300
May 1, 2026
36.36
36.65
36.29
36.43
35.63
775,000
Apr 30, 2026
35.60
35.89
35.58
35.71
34.93
441,800
Apr 29, 2026
35.81
35.87
35.17
35.48
34.70
473,700
Apr 28, 2026
35.63
35.72
35.37
35.61
34.83
603,800
Apr 27, 2026
36.10
36.22
35.65
35.79
35.01
1,174,400
Apr 24, 2026
36.03
36.19
35.88
35.93
35.14
620,500
Apr 23, 2026
35.86
36.23
35.67
35.96
35.17
614,600
Apr 22, 2026
0.798 Dividend 

Apr 22, 2026
36.24
36.44
36.10
36.25
35.46
655,400
Apr 21, 2026
36.30
36.35
35.80
35.94
34.37
1,032,600
Apr 20, 2026
35.90
36.38
35.71
36.38
34.79
964,000
Apr 17, 2026
36.26
36.82
36.13
36.56
34.96
753,200
Apr 16, 2026
35.78
35.87
35.07
35.83
34.27
693,500
Apr 15, 2026
35.60
35.88
35.21
35.88
34.31
513,400
Apr 14, 2026
35.60
36.08
35.30
35.57
34.02
739,000
Apr 13, 2026
34.39
35.18
34.20
35.16
33.63
618,300
Apr 10, 2026
34.67
35.12
34.56
35.12
33.59
445,300
Apr 9, 2026
34.33
34.78
33.99
34.65
33.14
527,800
Apr 8, 2026
34.76
34.76
34.01
34.27
32.77
644,900
Apr 7, 2026
33.10
33.34
32.76
33.29
31.84
442,500
Apr 6, 2026
33.47
33.81
33.36
33.56
32.10
360,600
Apr 2, 2026
32.00
32.56
31.85
32.55
31.13
466,000
Apr 1, 2026
33.04
33.22
32.72
32.81
31.38
387,400
Mar 31, 2026
32.29
32.94
32.12
32.78
31.35
406,900
Mar 30, 2026
32.64
32.77
32.01
32.13
30.73
350,900
Mar 27, 2026
32.22
32.22
31.68
31.84
30.45
586,400
Mar 26, 2026
33.22
33.38
32.75
32.93
31.49
343,300
Mar 25, 2026
33.99
34.22
33.69
33.77
32.30
395,900
Mar 24, 2026
33.60
33.71
33.01
33.22
31.77
345,900
Mar 23, 2026
33.68
34.08
33.45
33.65
32.18
646,100
Mar 20, 2026
33.57
33.60
33.13
33.45
31.99
593,200
Mar 19, 2026
33.13
33.55
32.87
33.46
32.00
537,200
Mar 18, 2026
0.78 Dividend 

Mar 18, 2026
34.34
34.37
33.67
33.75
32.28
757,300
Mar 17, 2026
35.47
35.90
35.35
35.83
33.52
852,000
Mar 16, 2026
35.42
35.68
35.17
35.50
33.21
819,500
Mar 13, 2026
35.19
35.50
34.35
34.51
32.29
712,900
Mar 12, 2026
34.09
34.24
33.74
34.23
32.02
449,600
Mar 11, 2026
34.12
34.46
33.90
34.31
32.10
499,500
Mar 10, 2026
34.34
34.66
33.78
34.00
31.81
568,600
Mar 9, 2026
33.38
33.77
33.33
33.66
31.49
462,700
Mar 6, 2026
33.61
33.61
33.04
33.18
31.04
638,400
Mar 5, 2026
34.76
34.91
34.13
34.40
32.18
481,400
Mar 4, 2026
34.56
35.33
34.39
35.03
32.77
596,200
Mar 3, 2026
32.83
33.50
32.39
33.25
31.11
457,100
Mar 2, 2026
32.14
33.93
32.08
33.62
31.45
461,100
Feb 27, 2026
32.54
32.62
32.04
32.27
30.19
348,200
Feb 26, 2026
33.59
33.65
32.71
33.19
31.05
327,800
Feb 25, 2026
32.76
34.19
32.55
34.03
31.84
431,900
Feb 24, 2026
31.02
31.85
30.89
31.72
29.68
436,500
Feb 23, 2026
32.58
32.62
31.40
31.67
29.63
698,600
Feb 20, 2026
33.01
33.44
32.75
33.37
31.22
417,400
Feb 19, 2026
32.47
33.04
32.25
33.04
30.91
557,200
Feb 18, 2026
0.761 Dividend 

Feb 18, 2026
33.02
33.60
32.40
32.55
30.45
639,900
Feb 17, 2026
34.42
34.42
33.49
34.14
31.23
655,100
Feb 13, 2026
33.85
34.90
33.64
34.64
31.68
509,200
Feb 12, 2026
34.15
34.38
32.75
32.87
30.07
533,500
Feb 11, 2026
34.26
34.33
33.10
33.94
31.04
645,600
Feb 10, 2026
34.80
35.14
34.13
34.56
31.61
420,600
Feb 9, 2026
34.60
35.70
34.39
35.58
32.54
789,600
Feb 6, 2026
33.57
35.85
33.57
35.26
32.25
1,250,900
Feb 5, 2026
35.03
35.46
31.32
32.00
29.27
1,938,000
Feb 4, 2026
37.48
37.71
36.08
36.66
33.53
838,400
Feb 3, 2026
39.14
39.20
36.46
38.22
34.96
1,200,800
Feb 2, 2026
39.03
39.52
38.75
38.83
35.52
1,261,600
Jan 30, 2026
41.11
41.85
40.55
41.49
37.95
861,600
Jan 29, 2026
43.47
43.47
41.24
41.54
38.00
1,288,800
Jan 28, 2026
44.37
44.55
43.85
44.08
40.32
443,900
Jan 27, 2026
43.48
44.09
43.11
44.04
40.28
457,600
Jan 26, 2026
43.46
43.82
43.04
43.25
39.56
899,100
Jan 23, 2026
44.20
44.84
43.69
44.12
40.36
634,700
Jan 22, 2026
44.19
44.28
43.64
44.04
40.28
711,400
Jan 21, 2026
1.043 Dividend 

Jan 21, 2026
44.09
44.49
43.09
44.47
40.68
959,700
Jan 20, 2026
45.76
45.90
45.00
45.18
40.37
1,607,400
Jan 16, 2026
47.47
47.50
46.98
47.44
42.39
467,600
Jan 15, 2026
47.83
47.94
47.20
47.33
42.29
712,600
Jan 14, 2026
47.41
48.23
47.27
48.23
43.10
661,600
Jan 13, 2026
46.14
47.11
45.99
46.99
41.99
829,800
Jan 12, 2026
45.38
46.08
45.25
45.83
40.95
908,100
Jan 9, 2026
45.33
45.90
45.00
45.27
40.45
494,700
Jan 8, 2026
44.95
45.60
44.69
45.47
40.63
454,400
Jan 7, 2026
45.58
45.87
45.29
45.45
40.61
473,200
Jan 6, 2026
46.88
46.88
45.50
46.03
41.13
590,500
Jan 5, 2026
46.18
46.90
45.90
46.74
41.77
826,700
Jan 2, 2026
44.48
45.40
44.33
44.90
40.12
583,700
Dec 31, 2025
44.71
44.87
43.79
44.02
39.33
641,400
Dec 30, 2025
44.20
44.89
44.10
44.19
39.49
532,600
Dec 29, 2025
44.01
44.27
43.71
43.81
39.15
704,300
Dec 26, 2025
44.56
44.62
43.49
44.05
39.36
750,300
Dec 24, 2025
0.997 Dividend 

Dec 24, 2025
43.85
44.00
43.40
43.89
39.22
422,100
Dec 23, 2025
45.02
45.35
44.46
45.03
39.35
643,200
Dec 22, 2025
46.12
46.31
45.14
45.50
39.76
656,000
Dec 19, 2025
45.05
45.76
44.59
45.25
39.54
538,300
Dec 18, 2025
45.33
45.79
43.43
43.78
38.25
611,400
Dec 17, 2025
45.06
46.21
43.85
44.13
38.56
487,500
Dec 16, 2025
44.58
45.22
44.58
45.02
39.34
410,100
Dec 15, 2025
45.96
46.05
43.80
44.10
38.53
875,100
Dec 12, 2025
47.03
47.32
45.80
46.20
40.37
464,900
Dec 11, 2025
46.09
46.93
45.75
46.93
41.01
466,600
Dec 10, 2025
46.97
47.92
46.67
47.27
41.30
600,500
Dec 9, 2025
46.06
47.93
45.96
47.39
41.41
791,700
Dec 8, 2025
46.42
46.60
45.74
46.25
40.41
922,800
Dec 5, 2025
46.16
46.50
45.05
45.61
39.85
557,500
Dec 4, 2025
47.23
47.29
46.28
47.11
41.16
380,300
Dec 3, 2025
47.00
47.36
46.60
47.26
41.29
453,900
Dec 2, 2025
45.17
46.79
45.06
46.33
40.48
707,800
Dec 1, 2025
44.25
44.29
43.08
43.82
38.29
1,064,400
Nov 28, 2025
47.42
47.50
45.98
46.19
40.36
567,400
Nov 26, 2025
1.018 Dividend 

Nov 26, 2025
44.48
45.95
44.06
45.84
40.05
636,300
Nov 25, 2025
45.35
45.80
44.78
45.56
38.92
831,100
Nov 24, 2025
44.68
46.41
44.26
46.32
39.57
746,400
Nov 21, 2025
43.60
44.46
42.82
44.04
37.62
1,072,800
Nov 20, 2025
47.69
47.74
44.70
44.84
38.30
851,400
Nov 19, 2025
47.47
47.98
46.00
46.54
39.76
903,600
Nov 18, 2025
47.50
48.70
47.25
48.37
41.32
656,600
Nov 17, 2025
48.91
49.80
47.37
47.77
40.81
860,000
Nov 14, 2025
49.41
50.44
48.83
48.90
41.77
1,050,100
Nov 13, 2025
52.85
53.39
50.64
50.75
43.35
842,800
Nov 12, 2025
54.00
54.12
52.14
52.60
44.93
539,700
Nov 11, 2025
54.25
54.25
53.05
53.23
45.47
378,000
Nov 10, 2025
54.99
54.99
53.95
54.64
46.68
500,500
Nov 7, 2025
51.84
53.66
51.45
53.66
45.84
592,700
Nov 6, 2025
53.19
53.19
51.86
52.28
44.66
680,000
Nov 5, 2025
52.84
53.86
52.66
53.57
45.76
477,100
Nov 4, 2025
53.50
53.90
51.39
52.06
44.47
1,050,400
Nov 3, 2025
55.48
55.49
54.19
54.82
46.83
881,700
Oct 31, 2025
56.24
56.76
55.60
56.24
48.04
426,900
Oct 30, 2025
55.75
55.76
54.47
54.60
46.64
827,600
Oct 29, 2025
58.02
58.21
55.99
56.73
48.46
644,900
Oct 28, 2025
58.73
59.13
57.92
58.15
49.67
504,400
Oct 27, 2025
58.31
58.93
58.30
58.56
50.03
772,700
Oct 24, 2025
56.83
57.00
56.13
56.52
48.28
476,800
Oct 23, 2025
55.74
56.78
55.54
56.28
48.08
458,200
Oct 22, 2025
1.3 Dividend 

Oct 22, 2025
55.41
55.67
54.87
55.18
47.14
776,100
Oct 21, 2025
56.87
59.25
56.55
58.32
48.71
706,400
Oct 20, 2025
57.95
58.21
57.36
57.83
48.30
795,900
Oct 17, 2025
55.25
56.02
54.65
55.64
46.47
805,900
Oct 16, 2025
57.96
58.08
56.17
56.58
47.26
848,700
Oct 15, 2025
58.26
58.39
57.40
57.96
48.41
670,800
Oct 14, 2025
57.88
58.94
57.21
58.60
48.94
745,100
Oct 13, 2025
60.24
60.24
59.05
60.13
50.22
622,300
Oct 10, 2025
62.50
62.71
59.91
60.24
50.31
733,500
Oct 9, 2025
63.21
63.29
61.56
62.19
51.94
357,400
Oct 8, 2025
62.79
63.30
62.35
63.00
52.62
321,900
Oct 7, 2025
63.57
63.65
61.86
62.32
52.05
503,300
Oct 6, 2025
63.66
64.03
63.37
63.69
53.19
605,300
Oct 3, 2025
62.09
63.24
61.71
62.84
52.48
517,100
Oct 2, 2025
61.45
62.16
61.18
62.13
51.89
442,400
Oct 1, 2025
60.21
61.04
60.12
60.50
50.53
499,400
Sep 30, 2025
58.99
59.45
58.72
59.41
49.62
346,100
Sep 29, 2025
58.40
59.37
58.26
59.35
49.57
506,500
Sep 26, 2025
57.05
57.46
56.66
56.94
47.56
523,000
Sep 25, 2025
58.13
58.16
56.54
56.94
47.56
850,800
Sep 24, 2025
1.34 Dividend 

Sep 24, 2025
58.86
59.15
58.60
58.95
49.24
302,400
Sep 23, 2025
60.01
60.19
59.34
59.40
48.49
813,300
Sep 22, 2025
60.25
60.35
59.57
59.71
48.75
909,100
Sep 19, 2025
61.44
61.60
60.90
61.03
49.82
581,300
Sep 18, 2025
62.00
62.10
61.68
61.87
50.51
639,700
Sep 17, 2025
61.43
61.45
60.55
61.19
49.95
460,200
Sep 16, 2025
61.00
61.55
60.65
61.55
50.25
457,600
Sep 15, 2025
60.86
61.00
60.40
60.95
49.76
756,400
Sep 12, 2025
60.89
61.43
60.59
61.41
50.13
511,500
Sep 11, 2025
60.21
60.60
60.15
60.50
49.39
326,700
Sep 10, 2025
60.21
60.44
59.88
60.08
49.05
468,500
Sep 9, 2025
59.74
59.80
58.74
59.15
48.29
546,300
Sep 8, 2025
59.45
59.75
59.25
59.35
48.45
526,600
Sep 5, 2025
59.67
59.90
58.45
59.02
48.18
474,800
Sep 4, 2025
58.84
58.98
58.00
58.31
47.60
608,800
Sep 3, 2025
59.03
59.54
58.82
59.35
48.45
532,900
Sep 2, 2025
58.07
59.15
57.86
58.71
47.93
426,300
Aug 29, 2025
58.84
58.91
57.30
57.46
46.91
554,300
Aug 28, 2025
59.85
60.25
59.37
59.37
48.47
310,400
Aug 27, 2025
59.14
59.73
58.95
59.51
48.58
408,000
Aug 26, 2025
58.53
59.02
58.06
58.99
48.16
459,200
Aug 25, 2025
59.76
60.00
58.58
58.81
48.01
895,000
Aug 22, 2025
59.70
62.06
59.35
61.76
50.42
486,700
Aug 21, 2025
60.21
60.40
59.35
59.49
48.56
530,400
Aug 20, 2025
1.415 Dividend 

Aug 20, 2025
60.15
60.63
59.55
60.63
49.50
499,600
Aug 19, 2025
62.97
62.97
61.14
61.47
49.03
769,800
Aug 18, 2025
62.82
63.22
62.27
63.08
50.31
695,200
Aug 15, 2025
63.88
63.94
63.12
63.26
50.45
362,100
Aug 14, 2025
64.01
64.39
63.35
63.63
50.75
682,100
Aug 13, 2025
64.98
65.87
64.69
65.87
52.54
420,400
Aug 12, 2025
64.39
64.66
63.97
64.48
51.43
361,400
Aug 11, 2025
64.39
65.00
63.99
64.29
51.28
395,800
Aug 8, 2025
63.19
63.34
62.67
63.02
50.26
325,000
Aug 7, 2025
63.02
63.56
62.60
63.56
50.69
270,100
Aug 6, 2025
61.69
62.60
61.45
62.46
49.82
242,500
Aug 5, 2025
61.74
62.14
61.00
61.45
49.01
340,500
Aug 4, 2025
61.43
62.46
61.43
61.92
49.39
299,600
Aug 1, 2025
62.47
62.62
61.04
61.26
48.86
432,700
Jul 31, 2025
63.62
63.79
62.89
62.93
50.19
463,100
Jul 30, 2025
63.28
63.70
62.50
62.97
50.22
209,600
Jul 29, 2025
63.70
63.75
62.90
63.24
50.44
260,100
Jul 28, 2025
63.51
63.69
63.06
63.35
50.53
288,100
Jul 25, 2025
62.59
62.85
62.02
62.72
50.02
388,700
Jul 24, 2025
63.43
63.79
63.14
63.66
50.77
199,300
Jul 23, 2025
1.472 Dividend 

Jul 23, 2025
63.32
63.34
62.84
63.30
50.49
241,000
Jul 22, 2025
65.13
65.45
64.30
65.07
50.72
446,000
Jul 21, 2025
64.80
64.98
63.95
64.18
50.03
526,600
Jul 18, 2025
65.00
65.04
64.09
64.32
50.14
304,400
Jul 17, 2025
64.43
65.21
64.21
64.98
50.65
290,500
Jul 16, 2025
64.77
65.19
64.44
64.95
50.63
294,000
Jul 15, 2025
64.37
64.58
63.49
63.78
49.72
324,900
Jul 14, 2025
65.71
65.97
64.69
65.08
50.73
485,800
Jul 11, 2025
64.17
64.41
63.67
64.11
49.98
222,300
Jul 10, 2025
61.49
62.56
61.12
62.35
48.60
338,500
Jul 9, 2025
60.80
61.74
60.25
61.72
48.11
195,200
Jul 8, 2025
60.40
60.60
59.97
60.41
47.09
223,900
Jul 7, 2025
60.16
60.40
59.58
59.93
46.72
277,600
Jul 3, 2025
60.48
60.95
60.25
60.48
47.15
126,200
Jul 2, 2025
59.62
60.63
59.53
60.62
47.26
233,100
Jul 1, 2025
59.27
59.51
58.60
58.66
45.73
240,200
Jun 30, 2025
59.69
59.80
59.30
59.70
46.54
278,400
Jun 27, 2025
59.13
59.66
59.04
59.14
46.10
264,300
Jun 26, 2025
59.50
59.83
59.16
59.58
46.45
240,600
Jun 25, 2025
1.398 Dividend 

Jun 25, 2025
59.87
60.06
59.22
59.75
46.58
182,600
Jun 24, 2025
59.75
60.49
59.49
60.10
45.76
245,800
Jun 23, 2025
57.78
58.85
56.92
58.74
44.72
387,600
Jun 20, 2025
60.23
60.30
58.31
58.83
44.79
382,700
Jun 18, 2025
59.18
59.79
58.88
59.08
44.98
220,300
Jun 17, 2025
59.89
60.03
58.73
59.33
45.17
347,800
Jun 16, 2025
60.94
61.43
60.30
61.34
46.70
176,700
Jun 13, 2025
59.66
60.05
59.10
59.59
45.37
297,000
Jun 12, 2025
60.45
61.19
60.19
60.42
46.00
172,000
Jun 11, 2025
61.76
62.00
61.15
61.32
46.69
145,500
Jun 10, 2025
61.72
61.95
61.01
61.64
46.93
190,200
Jun 9, 2025
60.54
61.23
60.21
61.23
46.62
224,000
Jun 6, 2025
59.01
59.70
58.87
58.90
44.85
151,600
Jun 5, 2025
59.57
59.77
57.67
57.87
44.06
204,900
Jun 4, 2025
59.37
59.68
59.00
59.33
45.17
146,300
Jun 3, 2025
59.64
60.19
59.24
59.96
45.65
164,900
Jun 2, 2025
58.91
59.23
58.60
59.09
44.99
171,800
May 30, 2025
59.55
59.70
58.61
59.14
45.03
139,500
May 29, 2025
60.43
60.57
59.38
59.46
45.27
115,600
May 28, 2025
60.63
60.73
59.82
59.91
45.62
151,200
May 27, 2025
61.15
61.20
60.50
60.99
46.44
206,100
May 23, 2025
60.37
60.86
60.05
60.43
46.01
146,300
May 22, 2025
61.38
61.50
60.80
61.19
46.59
162,800
May 21, 2025
1.515 Dividend 

May 21, 2025
59.61
60.77
59.28
60.38
45.97
188,900
May 20, 2025
60.39
61.38
60.08
61.33
45.54
189,200
May 19, 2025
59.41
60.72
59.30
60.63
45.02
217,800
May 16, 2025
59.81
60.25
59.64
60.09
44.62
172,400
May 15, 2025
59.27
60.00
58.70
59.58
44.24
188,000
May 14, 2025
60.00
60.03
59.39
59.59
44.25
158,500
May 13, 2025
59.75
60.29
59.46
60.15
44.67
143,900
May 12, 2025
59.86
60.11
58.48
58.85
43.70
173,800
May 9, 2025
59.27
59.50
58.95
59.36
44.08
117,300
May 8, 2025
57.71
58.67
57.48
58.51
43.45
104,600
May 7, 2025
56.42
56.73
55.96
56.25
41.77
47,900
May 6, 2025
54.86
55.65
54.73
55.52
41.23
67,500
May 5, 2025
55.07
55.45
54.80
55.18
40.98
113,700
May 2, 2025
56.37
56.83
56.20
56.38
41.87
80,700
May 1, 2025
56.09
56.51
55.67
56.11
41.67
66,300
Apr 30, 2025
55.16
55.16
54.35
54.93
40.79
99,300
Apr 29, 2025
55.23
55.50
55.00
55.25
41.03
102,900
Apr 28, 2025
55.28
55.28
54.50
55.13
40.94
105,300
Apr 25, 2025
54.78
55.40
54.64
55.28
41.05
102,900
Apr 24, 2025
53.95
54.57
53.95
54.30
40.32
105,100
Apr 23, 2025
1.259 Dividend 

Apr 23, 2025
54.71
54.81
53.60
54.27
40.30
114,500
Apr 22, 2025
53.87
54.87
53.64
54.70
39.69
138,700
Apr 21, 2025
52.74
53.32
52.20
52.74
38.26
176,100
Apr 17, 2025
51.30
51.80
50.83
51.48
37.35
91,800
Apr 16, 2025
50.81
51.68
50.64
51.22
37.16
56,600
Apr 15, 2025
51.77
52.16
50.83
50.95
36.96
71,800
Apr 14, 2025
50.99
51.73
50.48
51.10
37.07
87,000
Apr 11, 2025
49.70
50.72
49.32
50.61
36.72
55,500
Apr 10, 2025
49.56
49.86
47.79
48.40
35.11
97,000
Apr 9, 2025
46.58
50.06
46.58
49.54
35.94
105,500
Apr 8, 2025
48.60
49.00
46.36
46.61
33.82
117,600
Apr 7, 2025
47.12
48.90
45.92
47.42
34.40
226,100
Apr 4, 2025
49.92
50.71
49.30
50.43
36.59
98,700
Apr 3, 2025
49.77
50.10
49.27
49.62
36.00
164,500
Apr 2, 2025
51.08
52.40
50.98
52.01
37.73
70,300
Apr 1, 2025
50.60
51.51
49.96
51.18
37.13
96,500
Mar 31, 2025
49.97
50.72
49.35
49.96
36.25
125,500
Mar 28, 2025
51.56
51.73
50.40
50.72
36.80
158,200
Mar 27, 2025
52.11
52.95
51.07
52.56
38.14
92,300
Mar 26, 2025
1.335 Dividend 

Mar 26, 2025
52.77
53.08
51.87
52.24
37.90
130,000
Mar 25, 2025
54.44
54.63
53.85
54.47
38.55
143,500
Mar 24, 2025
53.97
54.84
53.68
54.45
38.54
129,000
Mar 21, 2025
51.74
52.15
51.50
51.86
36.70
83,500
Mar 20, 2025
52.54
53.29
51.73
52.12
36.89
108,100
Mar 19, 2025
51.70
52.90
51.64
52.58
37.21
61,400
Mar 18, 2025
50.98
51.01
50.14
51.01
36.10
47,900
Mar 17, 2025
51.50
52.28
51.00
52.18
36.93
84,300
Mar 14, 2025
51.39
52.45
51.20
52.00
36.80
41,000
Mar 13, 2025
50.98
50.98
49.45
49.50
35.03
34,000
Mar 12, 2025
51.27
51.87
49.89
51.14
36.19
54,400
Mar 11, 2025
50.00
51.33
49.00
51.09
36.16
83,400
Mar 10, 2025
50.96
51.15
47.90
48.84
34.57
158,200
Mar 7, 2025
54.10
55.12
52.63
53.12
37.59
55,300
Mar 6, 2025
54.44
55.07
53.46
54.01
38.22
65,700
Mar 5, 2025
54.41
54.70
53.36
54.55
38.61
71,700
Mar 4, 2025
50.85
53.80
50.01
52.89
37.43
68,800
Mar 3, 2025
56.43
56.62
52.00
52.49
37.15
135,800
Feb 28, 2025
50.16
52.22
49.56
51.54
36.48
120,400
Feb 27, 2025
52.74
52.97
50.63
51.11
36.17
93,400
Feb 26, 2025
1.432 Dividend 

Feb 26, 2025
52.45
54.19
50.40
51.66
36.56
115,800
Feb 25, 2025
56.19
56.37
54.10
55.51
38.27
206,400
Feb 24, 2025
60.10
60.36
59.01
59.23
40.84
104,700
Feb 21, 2025
62.30
62.45
59.58
59.69
41.15
199,300
Feb 20, 2025
61.51
61.98
61.00
61.88
42.66
91,500
Feb 19, 2025
60.59
60.73
60.07
60.50
41.71
105,500
Feb 18, 2025
61.23
61.23
58.78
59.24
40.84
227,400
Feb 14, 2025
60.66
62.09
60.57
61.01
42.06
77,100
Feb 13, 2025
60.62
60.68
59.75
60.39
41.64
82,800
Feb 12, 2025
59.58
61.31
59.32
60.94
42.02
78,500
Feb 11, 2025
60.84
61.04
59.75
59.80
41.23
93,900
Feb 10, 2025
61.40
61.91
60.89
61.06
42.10
67,200
Feb 7, 2025
62.44
62.65
60.05
60.21
41.51
60,300
Feb 6, 2025
61.70
62.27
60.21
60.77
41.90
46,000
Feb 5, 2025
61.73
62.11
60.56
60.99
42.05
56,100
Feb 4, 2025
62.41
63.16
61.45
61.80
42.61
56,900
Feb 3, 2025
59.75
63.75
59.60
63.14
43.53
115,600
Jan 31, 2025
64.79
65.43
63.13
63.82
44.00
95,100
Jan 30, 2025
64.90
65.63
64.84
64.84
44.70
44,500
Jan 29, 2025
63.69
64.37
62.45
64.35
44.37
79,700
Jan 28, 2025
63.73
64.29
63.00
63.69
43.91
58,200
Jan 27, 2025
63.00
64.40
61.59
63.14
43.53
129,100
Jan 24, 2025
64.63
65.55
64.51
64.77
44.66
110,900
Jan 23, 2025
63.00
65.00
63.00
63.59
43.84
101,000
Jan 22, 2025
1.572 Dividend 

Jan 22, 2025
64.29
64.56
63.60
64.54
44.50
117,700
Jan 21, 2025
65.97
67.02
64.88
66.29
44.62
184,100
Jan 17, 2025
64.60
66.56
64.19
65.55
44.12
47,600
Jan 16, 2025
62.93
63.48
62.00
63.39
42.67
33,900
Jan 15, 2025
62.69
63.47
62.56
63.04
42.44
28,300
Jan 14, 2025
61.58
61.81
60.75
61.28
41.25
32,700
Jan 13, 2025
58.56
59.80
57.48
59.80
40.25
77,600
Jan 10, 2025
60.55
60.90
59.03
60.60
40.79
45,400
Jan 8, 2025
60.32
60.89
59.21
59.71
40.19
58,400
Jan 7, 2025
63.44
63.44
60.86
61.43
41.35
49,800
Jan 6, 2025
62.50
64.31
62.37
64.27
43.26
70,500
Jan 3, 2025
61.35
62.41
61.15
62.05
41.77
46,900
Jan 2, 2025
61.00
61.66
60.69
61.28
41.25
48,700
Dec 31, 2024
60.72
60.72
59.08
59.08
39.77
62,500
Dec 30, 2024
58.78
60.10
57.98
59.52
40.06
38,900
Dec 27, 2024
60.92
60.92
59.10
59.77
40.23
49,700
Dec 26, 2024
60.72
60.97
60.22
60.42
40.67
43,900
Dec 24, 2024
1.458 Dividend 

Dec 24, 2024
60.79
62.33
60.79
61.99
41.73
19,000
Dec 23, 2024
61.72
61.72
60.01
60.20
39.54
82,300
Dec 20, 2024
61.46
62.94
61.14
62.30
40.92
49,600
Dec 19, 2024
65.41
66.77
61.70
62.11
40.79
64,400
Dec 18, 2024
66.74
66.75
64.24
64.63
42.45
76,400
Dec 17, 2024
68.25
68.36
67.13
67.60
44.40
71,800
Dec 16, 2024
66.35
68.04
66.35
67.11
44.08
96,700
Dec 13, 2024
64.16
65.78
64.16
65.78
43.21
39,500
Dec 12, 2024
64.80
65.12
63.67
64.76
42.54
25,100
Dec 11, 2024
63.19
64.90
63.19
64.90
42.63
17,500
Dec 10, 2024
63.23
63.44
61.19
62.33
40.94
24,700
Dec 9, 2024
63.76
64.83
62.15
62.15
40.82
48,200
Dec 6, 2024
63.81
65.50
63.52
65.30
42.89
19,200
Dec 5, 2024
65.80
66.43
63.31
63.82
41.92
20,000
Dec 4, 2024
62.00
64.02
61.57
63.59
41.77
27,700
Dec 3, 2024
61.07
62.30
60.90
61.86
40.63
16,700
Dec 2, 2024
62.30
63.01
61.59
62.07
40.77
34,700
Nov 29, 2024
62.65
64.00
62.65
62.85
41.28
14,800
Nov 27, 2024
61.75
62.62
61.35
62.50
41.05
17,300
Nov 26, 2024
60.87
61.57
60.10
60.21
39.55
69,000
Nov 25, 2024
62.98
67.30
61.44
61.60
40.46
65,600
Nov 22, 2024
62.81
63.39
62.50
63.24
41.54
23,700
Nov 21, 2024
62.64
63.31
61.87
62.86
41.29
23,800
Nov 20, 2024
1.408 Dividend 

Nov 20, 2024
61.40
61.70
61.00
61.47
40.37
26,700
Nov 19, 2024
61.58
62.75
61.58
62.00
39.80
16,600
Nov 18, 2024
61.33
62.00
61.00
61.64
39.57
20,800
Nov 15, 2024
60.06
61.33
60.02
61.33
39.37
10,400
Nov 14, 2024
61.63
61.63
59.73
59.73
38.34
8,400
Nov 13, 2024
60.76
62.18
60.76
60.80
39.03
23,300
Nov 12, 2024
59.54
60.83
58.95
60.77
39.01
17,300
Nov 11, 2024
55.56
60.48
55.56
59.58
38.24
51,900
Nov 8, 2024
53.85
54.37
53.56
54.10
34.73
12,100
Nov 7, 2024
53.45
54.40
53.02
53.85
34.57
39,000
Nov 6, 2024
54.38
54.38
52.38
53.64
34.43
16,600
Nov 5, 2024
48.99
50.24
48.98
49.44
31.74
8,600
Nov 4, 2024
48.86
49.07
48.05
48.05
30.84
19,100
Nov 1, 2024
50.29
50.88
49.01
49.01
31.46
19,800
Oct 31, 2024
51.75
51.75
50.29
50.29
32.28
12,900
Oct 30, 2024
52.00
52.20
51.42
51.59
33.11
9,500
Oct 29, 2024
51.18
52.28
51.12
52.15
33.48
5,200
Oct 28, 2024
50.27
50.38
49.55
50.18
32.21
17,100
Oct 25, 2024
49.20
49.69
48.00
48.34
31.03
26,800
Oct 24, 2024
48.95
50.56
48.95
49.25
31.61
16,100
Oct 23, 2024
1.125 Dividend 

Oct 23, 2024
49.82
49.82
47.46
48.10
30.88
9,500
Oct 22, 2024
49.70
50.23
49.67
50.12
31.45
4,900
Oct 21, 2024
50.83
53.15
49.33
50.23
31.52
13,500
Oct 18, 2024
50.10
50.91
50.10
50.51
31.69
3,100
Oct 17, 2024
50.25
50.25
49.42
49.42
31.01
1,800
