Date
Open
High
Low
Close 

Adj Close 

Volume
Jun 5, 2026
34.52
34.52
32.90
33.35
33.35
85,500
Jun 4, 2026
34.61
35.00
34.40
34.90
34.90
68,200
Jun 3, 2026
0.288 Dividend 

Jun 3, 2026
35.10
35.15
34.61
34.68
34.68
61,300
Jun 2, 2026
35.63
35.69
35.31
35.44
35.16
62,400
Jun 1, 2026
35.38
35.91
35.06
35.71
35.42
156,700
May 29, 2026
35.25
35.63
35.19
35.51
35.22
76,900
May 28, 2026
34.75
35.38
34.73
35.32
35.03
66,600
May 27, 2026
0.278 Dividend 

May 27, 2026
34.91
35.14
34.60
35.02
34.74
76,800
May 26, 2026
35.09
35.24
34.99
35.05
34.49
158,100
May 22, 2026
34.68
34.85
34.32
34.48
33.93
44,600
May 21, 2026
34.05
34.71
34.00
34.63
34.07
46,200
May 20, 2026
33.52
33.95
33.21
33.86
33.32
29,600
May 19, 2026
33.07
33.33
32.52
33.05
32.53
35,700
May 18, 2026
33.96
33.96
32.80
33.29
32.76
33,600
May 15, 2026
34.15
34.15
33.69
33.80
33.26
49,100
May 14, 2026
34.30
34.83
34.13
34.67
34.12
28,000
May 13, 2026
34.35
34.35
33.83
34.17
33.63
24,800
May 12, 2026
34.05
34.23
33.73
34.16
33.61
22,700
May 11, 2026
34.02
34.40
33.80
34.18
33.64
54,400
May 8, 2026
34.09
34.09
33.84
34.00
33.45
18,400
May 7, 2026
34.02
34.10
33.69
33.80
33.26
34,800
May 6, 2026
33.72
34.00
33.58
33.95
33.41
39,100
May 5, 2026
32.90
33.38
32.90
33.28
32.75
26,600
May 4, 2026
32.48
32.92
32.48
32.88
32.35
22,900
May 1, 2026
32.50
32.74
32.32
32.36
31.84
47,300
Apr 30, 2026
31.79
32.34
31.74
32.23
31.72
30,500
Apr 29, 2026
31.88
31.88
31.21
31.52
31.01
63,700
Apr 28, 2026
1.171 Dividend 

Apr 28, 2026
31.76
31.95
31.33
31.77
31.26
59,400
Apr 27, 2026
33.53
33.74
33.26
33.47
31.78
64,000
Apr 24, 2026
33.52
33.69
33.33
33.49
31.80
50,000
Apr 23, 2026
33.79
33.79
32.80
33.34
31.66
40,300
Apr 22, 2026
33.12
33.42
33.06
33.33
31.65
34,500
Apr 21, 2026
33.32
33.32
32.58
32.64
30.99
39,500
Apr 20, 2026
33.05
33.19
32.78
33.15
31.48
44,600
Apr 17, 2026
32.96
33.16
32.70
33.08
31.41
22,500
Apr 16, 2026
32.49
32.50
31.92
32.45
30.81
27,600
Apr 15, 2026
32.26
32.42
31.97
32.35
30.72
27,000
Apr 14, 2026
31.88
32.17
31.80
32.17
30.55
62,500
Apr 13, 2026
30.65
31.50
30.56
31.49
29.90
32,900
Apr 10, 2026
30.74
30.99
30.74
30.85
29.29
21,700
Apr 9, 2026
30.48
30.85
30.12
30.70
29.15
15,600
Apr 8, 2026
30.73
30.97
30.34
30.46
28.93
14,400
Apr 7, 2026
29.08
29.43
28.75
29.43
27.95
18,500
Apr 6, 2026
29.24
29.54
29.23
29.39
27.91
27,600
Apr 2, 2026
27.85
28.92
27.80
28.91
27.45
19,700
Apr 1, 2026
28.80
29.02
28.59
28.76
27.31
27,400
Mar 31, 2026
27.70
28.51
27.53
28.48
27.04
35,500
Mar 30, 2026
28.48
28.57
26.98
27.34
25.96
73,700
Mar 27, 2026
28.90
28.90
27.96
28.06
26.65
112,100
Mar 26, 2026
29.91
29.92
28.99
29.08
27.61
32,800
Mar 25, 2026
30.17
30.44
29.91
30.13
28.61
31,200
Mar 24, 2026
1.064 Dividend 

Mar 24, 2026
29.95
30.00
29.38
29.61
28.12
43,100
Mar 23, 2026
30.65
31.54
30.65
31.11
28.53
50,500
Mar 20, 2026
31.04
31.04
30.18
30.36
27.84
24,800
Mar 19, 2026
30.57
31.08
30.17
31.04
28.46
31,400
Mar 18, 2026
31.49
31.50
31.04
31.04
28.47
19,200
Mar 17, 2026
31.35
31.69
31.35
31.58
28.97
39,900
Mar 16, 2026
31.14
31.52
31.14
31.34
28.74
42,800
Mar 13, 2026
30.90
31.33
30.64
30.71
28.16
52,600
Mar 12, 2026
30.78
30.78
30.17
30.54
28.01
12,900
Mar 11, 2026
30.98
31.25
30.76
31.13
28.55
14,300
Mar 10, 2026
30.99
31.09
30.65
30.76
28.21
21,500
Mar 9, 2026
29.93
30.73
29.55
30.73
28.18
37,400
Mar 6, 2026
30.63
30.70
29.90
30.00
27.52
24,200
Mar 5, 2026
31.28
31.47
30.61
31.19
28.60
24,800
Mar 4, 2026
30.85
31.60
30.85
31.46
28.85
45,500
Mar 3, 2026
30.54
30.68
29.83
30.36
27.84
36,800
Mar 2, 2026
30.40
31.33
30.24
31.22
28.63
43,100
Feb 27, 2026
31.05
31.06
30.59
30.93
28.37
22,600
Feb 26, 2026
31.48
31.52
30.88
31.24
28.65
31,500
Feb 25, 2026
31.34
31.72
31.34
31.54
28.93
34,700
Feb 24, 2026
1.114 Dividend 

Feb 24, 2026
30.21
31.11
30.00
31.05
28.48
48,500
Feb 23, 2026
31.60
31.72
31.25
31.47
27.84
54,800
Feb 20, 2026
31.88
32.28
31.60
31.92
28.24
44,700
Feb 19, 2026
31.55
31.96
31.46
31.90
28.22
30,200
Feb 18, 2026
31.57
32.13
31.29
31.69
28.04
17,900
Feb 17, 2026
31.60
31.96
31.03
31.63
27.98
22,900
Feb 13, 2026
31.55
32.10
31.00
31.88
28.20
17,800
Feb 12, 2026
32.29
32.29
31.06
31.26
27.65
27,200
Feb 11, 2026
32.64
32.64
31.72
32.08
28.38
21,500
Feb 10, 2026
32.60
32.93
32.46
32.47
28.72
18,400
Feb 9, 2026
31.69
32.78
31.50
32.60
28.84
34,800
Feb 6, 2026
30.00
31.80
30.00
31.80
28.13
47,200
Feb 5, 2026
30.47
30.98
29.03
29.36
25.97
120,400
Feb 4, 2026
32.44
32.44
30.46
31.11
27.52
79,200
Feb 3, 2026
33.36
33.36
32.06
32.82
29.04
75,200
Feb 2, 2026
33.00
33.58
32.90
33.32
29.48
67,900
Jan 30, 2026
34.01
34.01
33.19
33.38
29.53
48,700
Jan 29, 2026
34.68
34.68
33.58
34.19
30.25
108,400
Jan 28, 2026
34.95
35.00
34.50
34.69
30.68
56,900
Jan 27, 2026
1.252 Dividend 

Jan 27, 2026
34.43
34.75
34.15
34.74
30.73
47,700
Jan 26, 2026
35.80
35.80
35.30
35.39
30.20
67,200
Jan 23, 2026
35.43
36.08
35.10
35.85
30.59
43,700
Jan 22, 2026
35.60
35.60
35.20
35.39
30.20
28,300
Jan 21, 2026
35.26
35.78
34.67
35.31
30.13
52,000
Jan 20, 2026
35.22
35.48
34.86
35.02
29.88
63,800
Jan 16, 2026
35.45
35.87
35.40
35.81
30.56
31,100
Jan 15, 2026
35.71
35.71
35.17
35.17
30.01
24,500
Jan 14, 2026
35.57
35.57
35.16
35.51
30.30
31,000
Jan 13, 2026
35.36
35.50
35.10
35.37
30.18
23,100
Jan 12, 2026
34.98
35.38
34.95
35.36
30.17
24,100
Jan 9, 2026
35.14
35.30
34.96
35.10
29.95
19,200
Jan 8, 2026
34.98
35.20
34.85
35.13
29.98
23,600
Jan 7, 2026
35.23
35.26
34.93
35.04
29.90
24,100
Jan 6, 2026
35.30
35.33
34.88
35.23
30.06
32,300
Jan 5, 2026
34.65
35.35
34.65
35.30
30.12
25,900
Jan 2, 2026
33.99
34.49
33.83
34.42
29.37
26,700
Dec 31, 2025
33.91
34.02
33.56
33.67
28.73
37,300
Dec 30, 2025
34.11
34.23
33.95
33.95
28.97
25,200
Dec 29, 2025
34.10
34.39
33.88
34.10
29.10
41,900
Dec 26, 2025
34.35
34.39
33.90
34.13
29.12
44,000
Dec 24, 2025
34.39
34.42
34.00
34.30
29.27
46,300
Dec 23, 2025
1.233 Dividend 

Dec 23, 2025
34.40
34.50
34.18
34.39
29.35
68,600
Dec 22, 2025
35.74
35.87
35.62
35.78
29.48
76,500
Dec 19, 2025
34.75
35.34
34.75
35.30
29.08
15,900
Dec 18, 2025
34.73
34.75
34.38
34.40
28.35
23,100
Dec 17, 2025
35.00
35.17
33.94
33.94
27.97
43,700
Dec 16, 2025
34.50
34.89
34.33
34.79
28.66
34,700
Dec 15, 2025
35.99
35.99
34.50
34.67
28.57
61,500
Dec 12, 2025
36.45
36.65
35.48
35.74
29.45
34,500
Dec 11, 2025
35.94
36.31
35.56
36.31
29.92
25,300
Dec 10, 2025
36.19
36.40
35.80
36.10
29.75
18,100
Dec 9, 2025
35.65
36.38
35.61
36.19
29.82
20,300
Dec 8, 2025
35.84
35.91
35.53
35.74
29.45
24,300
Dec 5, 2025
35.79
35.93
35.42
35.62
29.35
37,500
Dec 4, 2025
35.62
35.82
35.35
35.62
29.34
30,500
Dec 3, 2025
35.51
35.56
34.95
35.55
29.29
33,500
Dec 2, 2025
35.11
35.68
34.84
34.84
28.71
41,100
Dec 1, 2025
34.85
35.47
34.61
35.32
29.10
47,300
Nov 28, 2025
35.50
35.66
35.13
35.50
29.25
35,200
Nov 26, 2025
1.228 Dividend 

Nov 26, 2025
34.70
34.95
34.30
34.85
28.71
82,400
Nov 25, 2025
34.94
35.65
34.40
35.37
28.13
135,300
Nov 24, 2025
34.29
35.26
34.25
35.19
27.99
50,300
Nov 21, 2025
33.80
34.01
32.61
33.75
26.84
65,200
Nov 20, 2025
35.80
35.98
33.54
33.71
26.81
59,300
Nov 19, 2025
35.09
35.25
34.28
34.68
27.58
37,600
Nov 18, 2025
34.42
35.34
34.36
34.72
27.61
51,000
Nov 17, 2025
35.87
35.96
34.60
35.02
27.86
65,600
Nov 14, 2025
34.75
36.65
34.54
35.87
28.53
83,400
Nov 13, 2025
37.81
37.81
35.75
36.00
28.63
84,300
Nov 12, 2025
39.08
39.08
37.88
38.21
30.39
43,200
Nov 11, 2025
39.31
39.31
38.30
38.46
30.59
51,100
Nov 10, 2025
40.25
40.39
39.33
39.57
31.47
47,900
Nov 7, 2025
38.54
39.19
37.45
39.05
31.06
128,500
Nov 6, 2025
41.07
41.07
39.34
39.42
31.35
62,100
Nov 5, 2025
40.41
41.28
40.19
41.02
32.62
28,700
Nov 4, 2025
40.46
41.19
39.86
40.10
31.89
52,200
Nov 3, 2025
41.59
41.90
40.88
41.31
32.86
34,400
Oct 31, 2025
41.24
41.44
40.45
40.99
32.60
56,700
Oct 30, 2025
41.00
41.17
40.44
40.49
32.21
59,900
Oct 29, 2025
41.91
41.97
40.80
41.25
32.81
84,300
Oct 28, 2025
1.496 Dividend 

Oct 28, 2025
42.20
42.82
42.02
42.10
33.48
68,300
Oct 27, 2025
43.10
43.70
43.10
43.59
33.48
74,000
Oct 24, 2025
42.50
42.99
42.20
42.90
32.95
29,300
Oct 23, 2025
40.80
41.94
40.70
41.64
31.98
30,500
Oct 22, 2025
41.68
41.76
39.87
40.61
31.19
43,200
Oct 21, 2025
42.33
42.48
41.75
41.88
32.17
33,400
Oct 20, 2025
42.39
43.00
42.02
42.49
32.63
39,400
Oct 17, 2025
40.92
41.65
40.55
41.63
31.97
26,000
Oct 16, 2025
43.00
43.00
41.38
41.45
31.83
27,200
Oct 15, 2025
42.99
43.22
42.25
42.66
32.77
26,000
Oct 14, 2025
42.00
42.66
41.76
42.42
32.58
36,900
Oct 13, 2025
41.91
42.53
41.91
42.50
32.64
15,900
Oct 10, 2025
43.00
43.00
41.51
41.91
32.19
47,500
Oct 9, 2025
42.60
42.73
42.36
42.58
32.70
34,200
Oct 8, 2025
42.30
42.64
42.29
42.55
32.68
22,800
Oct 7, 2025
42.54
42.59
41.87
42.26
32.46
28,400
Oct 6, 2025
42.72
42.72
41.80
42.33
32.51
57,600
Oct 3, 2025
41.95
42.00
41.45
41.78
32.08
31,500
Oct 2, 2025
41.30
41.60
41.30
41.60
31.95
34,000
Oct 1, 2025
40.94
41.20
40.83
41.07
31.54
31,700
Sep 30, 2025
40.72
40.78
40.55
40.73
31.28
19,000
Sep 29, 2025
39.94
40.79
39.78
40.79
31.33
38,200
Sep 26, 2025
39.53
39.58
38.85
39.56
30.38
36,400
Sep 25, 2025
39.68
39.79
39.00
39.33
30.20
40,700
Sep 24, 2025
40.07
40.60
39.95
40.14
30.83
53,200
Sep 23, 2025
1.439 Dividend 

Sep 23, 2025
40.46
40.58
39.85
39.99
30.71
46,400
Sep 22, 2025
41.21
41.70
40.92
41.63
30.87
73,200
Sep 19, 2025
41.19
41.34
41.05
41.24
30.58
42,100
Sep 18, 2025
40.94
41.34
40.73
41.08
30.46
25,900
Sep 17, 2025
40.37
40.65
40.02
40.63
30.13
15,900
Sep 16, 2025
40.33
40.40
40.04
40.39
29.95
45,800
Sep 15, 2025
40.30
40.40
40.10
40.31
29.89
26,400
Sep 12, 2025
40.12
40.20
39.90
40.20
29.81
19,100
Sep 11, 2025
39.85
40.04
39.61
40.04
29.69
28,700
Sep 10, 2025
40.00
40.00
39.57
39.82
29.53
30,900
Sep 9, 2025
39.18
39.50
39.04
39.43
29.24
35,100
Sep 8, 2025
38.99
39.00
38.75
38.91
28.85
26,000
Sep 5, 2025
39.64
39.64
38.22
38.76
28.74
32,800
Sep 4, 2025
38.92
39.20
38.60
38.99
28.91
33,100
Sep 3, 2025
39.37
39.37
38.75
38.99
28.91
18,100
Sep 2, 2025
39.38
39.38
38.85
39.29
29.13
50,200
Aug 29, 2025
39.36
39.36
38.91
39.11
29.00
40,200
Aug 28, 2025
39.39
39.52
39.25
39.39
29.21
23,200
Aug 27, 2025
39.21
39.33
39.00
39.14
29.02
42,600
Aug 26, 2025
1.414 Dividend 

Aug 26, 2025
38.88
39.59
38.78
39.31
29.15
34,700
Aug 25, 2025
40.36
40.54
39.83
40.36
28.88
51,900
Aug 22, 2025
39.63
40.71
39.46
40.51
28.98
24,000
Aug 21, 2025
39.55
39.85
39.40
39.58
28.32
15,100
Aug 20, 2025
39.61
39.89
38.70
39.89
28.54
33,200
Aug 19, 2025
40.65
40.65
39.60
39.67
28.39
28,900
Aug 18, 2025
40.05
40.63
39.93
40.59
29.04
33,600
Aug 15, 2025
40.09
40.17
39.85
40.02
28.63
29,300
Aug 14, 2025
39.82
40.10
39.56
40.04
28.65
21,900
Aug 13, 2025
40.25
40.43
39.80
39.97
28.60
22,000
Aug 12, 2025
40.03
40.23
39.88
40.08
28.68
31,600
Aug 11, 2025
39.99
40.13
39.68
39.78
28.46
20,900
Aug 8, 2025
39.92
39.92
39.40
39.62
28.35
32,100
Aug 7, 2025
39.75
40.06
39.41
39.64
28.36
20,100
Aug 6, 2025
39.11
39.48
38.82
39.41
28.20
33,000
Aug 5, 2025
39.31
39.31
38.72
39.07
27.95
33,400
Aug 4, 2025
38.75
39.32
38.58
39.28
28.11
30,100
Aug 1, 2025
39.01
39.01
38.04
38.31
27.41
60,500
Jul 31, 2025
40.38
40.50
39.84
39.88
28.54
31,300
Jul 30, 2025
40.12
40.25
39.60
39.88
28.53
59,900
Jul 29, 2025
1.456 Dividend 

Jul 29, 2025
40.38
40.39
39.59
39.88
28.53
86,700
Jul 28, 2025
41.99
41.99
41.60
41.77
28.85
109,800
Jul 25, 2025
41.65
42.66
41.38
41.75
28.83
57,200
Jul 24, 2025
41.65
41.82
41.35
41.69
28.79
23,800
Jul 23, 2025
41.59
41.59
41.01
41.52
28.67
43,500
Jul 22, 2025
41.83
41.83
41.10
41.71
28.80
49,800
Jul 21, 2025
42.01
42.37
41.67
41.70
28.80
51,600
Jul 18, 2025
42.00
42.25
41.50
41.77
28.84
31,900
Jul 17, 2025
41.35
41.91
41.30
41.80
28.86
19,900
Jul 16, 2025
41.20
41.50
41.00
41.35
28.56
28,600
Jul 15, 2025
41.00
41.19
40.97
41.01
28.32
41,000
Jul 14, 2025
40.84
41.10
40.70
41.04
28.34
38,700
Jul 11, 2025
40.98
40.98
40.56
40.66
28.08
24,000
Jul 10, 2025
40.90
40.99
40.74
40.90
28.24
38,600
Jul 9, 2025
40.67
40.88
40.61
40.71
28.11
21,600
Jul 8, 2025
40.75
40.75
40.50
40.67
28.09
23,000
Jul 7, 2025
40.72
40.72
40.27
40.50
27.97
43,200
Jul 3, 2025
40.80
41.01
40.76
40.88
28.23
20,700
Jul 2, 2025
40.32
40.77
40.32
40.76
28.15
44,900
Jul 1, 2025
40.12
40.32
40.00
40.17
27.74
29,800
Jun 30, 2025
40.00
40.42
39.90
40.29
27.82
28,300
Jun 27, 2025
39.96
40.01
39.62
39.90
27.55
26,300
Jun 26, 2025
39.54
39.96
39.30
39.81
27.49
57,700
Jun 25, 2025
39.68
39.68
39.35
39.36
27.18
21,800
Jun 24, 2025
1.38 Dividend 

Jun 24, 2025
38.88
39.36
38.74
39.30
27.14
36,500
Jun 23, 2025
39.38
40.00
38.80
39.62
26.41
41,100
Jun 20, 2025
39.81
39.86
39.35
39.52
26.34
39,300
Jun 18, 2025
39.48
39.77
39.31
39.50
26.33
19,200
Jun 17, 2025
39.93
39.94
39.35
39.55
26.36
23,700
Jun 16, 2025
39.72
40.18
39.55
40.11
26.73
28,000
Jun 13, 2025
39.44
39.68
39.01
39.31
26.20
23,800
Jun 12, 2025
39.88
40.10
39.86
39.86
26.57
20,600
Jun 11, 2025
40.17
40.39
40.03
40.18
26.78
16,300
Jun 10, 2025
39.80
40.00
39.77
40.00
26.66
25,400
Jun 9, 2025
39.44
39.72
39.25
39.68
26.45
33,500
Jun 6, 2025
39.16
39.53
38.98
39.44
26.29
35,200
Jun 5, 2025
39.14
39.32
38.40
38.48
25.65
15,400
Jun 4, 2025
38.82
39.19
38.57
39.10
26.06
29,800
Jun 3, 2025
38.24
38.81
37.99
38.81
25.87
18,700
Jun 2, 2025
37.45
37.95
37.40
37.95
25.29
39,400
May 30, 2025
37.59
37.60
37.01
37.43
24.95
59,200
May 29, 2025
1.388 Dividend 

May 29, 2025
38.30
38.30
37.58
37.78
25.18
43,500
May 28, 2025
39.78
39.78
39.08
39.24
25.23
55,300
May 27, 2025
39.33
39.82
39.22
39.70
25.52
35,800
May 23, 2025
38.71
39.01
38.58
38.79
24.94
26,200
May 22, 2025
39.44
39.59
39.19
39.35
25.30
14,200
May 21, 2025
39.34
39.79
38.89
39.07
25.12
30,000
May 20, 2025
39.59
39.59
39.15
39.54
25.42
15,400
May 19, 2025
38.91
39.60
38.77
39.60
25.46
28,700
May 16, 2025
38.72
39.51
38.72
39.45
25.36
9,800
May 15, 2025
38.79
38.83
38.18
38.64
24.84
35,400
May 14, 2025
39.30
39.30
38.86
38.88
25.00
24,800
May 13, 2025
39.07
39.23
38.88
39.21
25.21
22,100
May 12, 2025
38.90
39.01
38.58
38.76
24.92
33,500
May 9, 2025
38.28
38.70
38.27
38.43
24.71
22,900
May 8, 2025
38.09
38.27
37.81
38.11
24.50
53,200
May 7, 2025
37.59
37.69
37.30
37.69
24.23
19,000
May 6, 2025
37.00
37.46
36.76
37.43
24.07
15,800
May 5, 2025
37.37
37.46
37.01
37.40
24.05
12,800
May 2, 2025
37.30
37.72
37.30
37.52
24.12
11,800
May 1, 2025
37.18
37.56
36.82
37.14
23.88
40,800
Apr 30, 2025
36.30
36.77
35.83
36.72
23.61
41,000
Apr 29, 2025
1.329 Dividend 

Apr 29, 2025
38.12
38.12
36.59
36.88
23.71
49,500
Apr 28, 2025
38.16
38.25
37.50
38.03
23.60
27,200
Apr 25, 2025
37.74
38.19
37.61
38.14
23.66
24,000
Apr 24, 2025
36.94
37.63
36.90
37.61
23.34
26,600
Apr 23, 2025
37.00
37.63
36.93
36.93
22.91
29,400
Apr 22, 2025
35.24
36.35
35.24
36.17
22.44
17,800
Apr 21, 2025
35.27
35.38
34.31
34.66
21.51
28,000
Apr 17, 2025
35.24
35.33
34.80
35.33
21.92
5,800
Apr 16, 2025
35.06
35.45
34.64
34.91
21.66
12,500
Apr 15, 2025
36.43
36.45
35.71
35.94
22.30
9,500
Apr 14, 2025
36.70
36.90
36.09
36.30
22.52
14,200
Apr 11, 2025
35.11
35.89
35.11
35.89
22.27
5,400
Apr 10, 2025
35.73
35.73
34.30
34.82
21.60
12,700
Apr 9, 2025
32.87
36.70
32.49
36.52
22.66
16,400
Apr 8, 2025
35.49
35.51
32.17
32.80
20.35
18,800
Apr 7, 2025
31.98
35.01
31.35
33.93
21.05
26,000
Apr 4, 2025
35.01
35.02
32.67
34.03
21.11
27,200
Apr 3, 2025
36.56
36.90
35.83
36.03
22.36
27,900
Apr 2, 2025
37.28
38.67
37.19
38.51
23.89
12,400
Apr 1, 2025
37.05
37.83
36.48
37.83
23.47
8,700
Mar 31, 2025
36.37
36.89
35.54
36.88
22.88
32,300
Mar 28, 2025
38.33
38.33
36.98
37.10
23.02
36,300
Mar 27, 2025
38.58
39.17
38.30
38.60
23.95
28,300
Mar 26, 2025
40.06
40.06
38.67
38.88
24.12
22,000
Mar 25, 2025
1.459 Dividend 

Mar 25, 2025
40.35
40.38
39.87
40.13
24.90
59,300
Mar 24, 2025
40.87
42.36
40.85
41.80
25.03
57,200
Mar 21, 2025
39.87
40.23
39.60
40.23
24.09
17,900
Mar 20, 2025
40.08
40.70
40.03
40.30
24.13
12,700
Mar 19, 2025
39.49
40.50
39.25
40.33
24.15
15,300
Mar 18, 2025
39.89
39.89
39.22
39.25
23.50
12,700
Mar 17, 2025
39.83
40.65
39.51
40.33
24.15
15,500
Mar 14, 2025
39.07
39.93
39.00
39.93
23.91
17,300
Mar 13, 2025
39.30
39.34
38.24
38.31
22.94
11,200
Mar 12, 2025
39.58
39.59
38.57
39.38
23.58
33,000
Mar 11, 2025
37.89
38.98
37.36
38.59
23.11
16,100
Mar 10, 2025
39.91
39.91
37.21
37.89
22.69
33,000
Mar 7, 2025
40.19
41.05
39.51
40.99
24.55
21,200
Mar 6, 2025
40.79
41.29
40.00
40.12
24.02
17,100
Mar 5, 2025
40.95
41.81
40.36
41.76
25.01
9,100
Mar 4, 2025
40.00
41.40
38.90
40.54
24.28
18,600
Mar 3, 2025
43.38
43.39
40.50
40.88
24.48
30,100
Feb 28, 2025
40.65
42.26
40.60
42.21
25.28
20,400
Feb 27, 2025
43.04
43.23
41.12
41.16
24.65
27,800
Feb 26, 2025
42.01
42.62
41.65
42.04
25.17
25,600
Feb 25, 2025
1.578 Dividend 

Feb 25, 2025
43.50
43.50
41.18
41.81
25.04
46,700
Feb 24, 2025
46.55
46.55
44.89
45.23
26.14
60,400
Feb 21, 2025
48.75
48.75
46.30
46.31
26.76
45,500
Feb 20, 2025
49.22
49.22
48.39
48.71
28.15
45,700
Feb 19, 2025
49.32
49.42
49.02
49.05
28.35
22,700
Feb 18, 2025
49.71
49.71
49.10
49.35
28.52
33,500
Feb 14, 2025
49.45
49.64
49.25
49.50
28.61
23,900
Feb 13, 2025
48.35
49.33
48.05
49.20
28.43
25,500
Feb 12, 2025
47.61
48.41
47.48
48.30
27.91
23,100
Feb 11, 2025
48.75
48.91
48.09
48.09
27.79
24,200
Feb 10, 2025
48.96
49.26
48.75
49.01
28.32
27,900
Feb 7, 2025
49.48
49.48
48.47
48.57
28.07
10,500
Feb 6, 2025
48.71
49.98
48.05
48.52
28.04
16,600
Feb 5, 2025
48.48
48.63
48.20
48.44
27.99
19,700
Feb 4, 2025
48.04
48.52
48.04
48.29
27.91
22,200
Feb 3, 2025
46.72
48.25
46.39
48.11
27.80
31,600
Jan 31, 2025
48.81
49.14
48.12
48.23
27.87
37,700
Jan 30, 2025
47.98
48.71
47.98
48.43
27.99
39,200
Jan 29, 2025
47.28
47.42
46.80
47.30
27.34
28,400
Jan 28, 2025
1.698 Dividend 

Jan 28, 2025
47.33
47.33
46.50
47.20
27.28
47,400
Jan 27, 2025
50.14
50.14
47.79
48.45
27.02
26,900
Jan 24, 2025
51.84
52.16
51.49
51.75
28.86
10,100
Jan 23, 2025
51.09
51.78
51.09
51.60
28.78
7,400
Jan 22, 2025
51.13
51.40
50.95
51.40
28.66
8,400
Jan 21, 2025
51.28
51.28
50.50
50.80
28.33
11,200
Jan 17, 2025
50.77
51.23
50.77
50.91
28.39
5,100
Jan 16, 2025
50.17
50.24
49.80
50.10
27.94
18,200
Jan 15, 2025
49.65
49.96
49.61
49.96
27.86
7,100
Jan 14, 2025
48.73
49.07
48.27
48.53
27.06
4,400
Jan 13, 2025
47.12
47.90
46.85
47.90
26.71
12,000
Jan 10, 2025
48.06
48.36
47.71
48.25
26.91
5,800
Jan 8, 2025
48.90
48.90
48.10
48.79
27.21
3,300
Jan 7, 2025
50.00
50.00
49.03
49.03
27.34
5,000
Jan 6, 2025
49.75
50.19
49.75
50.15
27.97
6,800
Jan 3, 2025
47.50
49.14
47.47
49.14
27.40
5,200
Jan 2, 2025
46.99
47.11
46.67
47.11
26.27
5,600
Dec 31, 2024
47.52
47.52
46.37
46.52
25.94
7,100
Dec 30, 2024
47.24
47.47
46.56
47.14
26.29
8,900
Dec 27, 2024
48.35
48.35
47.62
47.94
26.73
7,200
Dec 26, 2024
48.87
49.05
48.56
48.93
27.29
9,100
Dec 24, 2024
48.17
49.22
48.17
49.22
27.45
2,300
Dec 23, 2024
48.17
48.17
47.48
47.92
26.72
9,400
Dec 20, 2024
47.01
48.36
47.00
48.25
26.91
11,500
Dec 19, 2024
49.13
49.13
47.43
47.45
26.46
17,000
Dec 18, 2024
51.13
51.41
48.08
48.44
27.01
11,300
Dec 17, 2024
51.49
51.49
50.91
51.25
28.58
6,600
Dec 16, 2024
50.83
52.02
50.65
51.52
28.73
17,600
Dec 13, 2024
50.63
50.64
50.22
50.40
28.11
10,300
Dec 12, 2024
50.50
50.78
50.00
50.13
27.95
6,400
Dec 11, 2024
49.89
50.57
49.78
50.47
28.15
11,400
Dec 10, 2024
50.39
50.39
49.24
49.36
27.53
27,900
Dec 9, 2024
52.01
52.01
50.10
50.11
27.94
30,900
Dec 6, 2024
50.88
51.83
50.88
51.54
28.74
13,700
Dec 5, 2024
51.91
52.11
50.43
50.56
28.20
75,500
Dec 4, 2024
50.03
51.25
49.96
51.13
28.52
35,100
