Date
Open
High
Low
Close 

Adj Close 

Volume
Jun 5, 2026
81.58
81.99
76.65
76.65
76.65
1,669,300
Jun 4, 2026
82.86
85.50
81.50
84.77
84.77
774,400
Jun 3, 2026
0.712 Dividend 

Jun 3, 2026
85.95
86.56
83.80
86.07
86.07
741,800
Jun 2, 2026
83.25
85.92
82.93
85.81
85.10
991,000
Jun 1, 2026
80.51
82.42
79.68
81.84
81.16
719,600
May 29, 2026
81.69
82.25
80.24
80.85
80.18
576,700
May 28, 2026
80.34
81.89
79.20
81.09
80.42
588,100
May 27, 2026
0.668 Dividend 

May 27, 2026
82.75
82.75
78.65
79.82
79.16
923,600
May 26, 2026
80.17
81.90
79.82
81.61
80.27
1,102,500
May 22, 2026
76.60
78.17
76.46
77.60
76.33
640,300
May 21, 2026
74.51
76.13
74.51
76.00
74.75
423,600
May 20, 2026
0.644 Dividend 

May 20, 2026
73.04
74.90
73.00
74.90
73.67
667,900
May 19, 2026
71.10
73.54
70.20
72.42
70.60
742,600
May 18, 2026
74.71
74.82
71.17
72.35
70.53
695,200
May 15, 2026
73.89
74.64
73.10
73.50
71.65
618,600
May 14, 2026
75.44
76.24
74.88
75.98
74.07
468,900
May 13, 2026
0.663 Dividend 

May 13, 2026
74.91
75.91
74.00
75.34
73.44
577,900
May 12, 2026
75.11
75.50
72.25
74.57
72.05
1,040,200
May 11, 2026
75.15
76.39
75.03
76.39
73.81
613,900
May 8, 2026
73.33
75.10
73.15
74.90
72.37
598,500
May 7, 2026
73.40
73.60
71.81
72.33
69.88
625,600
May 6, 2026
0.602 Dividend 

May 6, 2026
72.62
74.01
71.62
74.01
71.51
463,300
May 5, 2026
70.55
71.96
70.24
71.72
68.71
1,887,900
May 4, 2026
70.00
70.14
68.63
69.36
66.45
838,500
May 1, 2026
69.13
69.97
68.63
69.81
66.88
399,000
Apr 30, 2026
68.59
69.50
67.75
69.50
66.59
404,100
Apr 29, 2026
0.604 Dividend 

Apr 29, 2026
67.28
67.70
66.77
67.70
64.86
471,300
Apr 28, 2026
66.94
67.87
66.05
66.91
63.53
724,300
Apr 27, 2026
69.86
69.87
68.14
69.06
65.57
699,600
Apr 24, 2026
69.21
70.11
68.56
69.88
66.34
573,600
Apr 23, 2026
66.25
67.98
66.25
67.20
63.80
651,300
Apr 22, 2026
0.501 Dividend 

Apr 22, 2026
65.15
66.10
64.87
66.10
62.76
580,300
Apr 21, 2026
65.14
65.50
64.53
65.00
61.24
985,500
Apr 20, 2026
64.48
64.85
64.01
64.75
61.00
509,400
Apr 17, 2026
63.84
64.43
63.68
64.27
60.55
489,500
Apr 16, 2026
62.09
63.10
61.91
63.10
59.45
481,100
Apr 15, 2026
0.538 Dividend 

Apr 15, 2026
62.11
62.41
61.12
62.40
58.79
425,600
Apr 14, 2026
62.74
63.09
62.09
62.95
58.80
754,900
Apr 13, 2026
60.96
62.17
60.76
62.14
58.04
539,800
Apr 10, 2026
61.00
61.63
60.91
61.01
56.99
361,200
Apr 9, 2026
59.36
60.37
59.36
60.20
56.23
389,700
Apr 8, 2026
0.441 Dividend 

Apr 8, 2026
58.98
59.55
58.34
59.31
55.40
447,800
Apr 7, 2026
56.40
57.10
55.78
56.92
52.75
471,600
Apr 6, 2026
56.14
56.83
56.10
56.70
52.55
324,000
Apr 2, 2026
54.47
56.19
54.34
55.93
51.84
635,000
Apr 1, 2026
0.409 Dividend 

Apr 1, 2026
55.55
56.65
55.53
56.24
52.12
304,700
Mar 31, 2026
53.40
55.66
53.40
55.66
51.21
427,300
Mar 30, 2026
54.60
54.84
52.10
52.37
48.18
461,400
Mar 27, 2026
55.11
55.22
54.00
54.28
49.94
392,100
Mar 26, 2026
56.37
56.65
55.24
55.28
50.86
345,200
Mar 25, 2026
0.491 Dividend 

Mar 25, 2026
57.18
57.60
56.90
57.31
52.73
198,900
Mar 24, 2026
55.96
57.22
55.82
56.86
51.86
284,400
Mar 23, 2026
56.53
57.35
56.14
56.46
51.49
294,500
Mar 20, 2026
56.75
56.85
55.01
55.69
50.79
230,600
Mar 19, 2026
55.50
56.99
54.85
56.51
51.54
227,400
Mar 18, 2026
0.385 Dividend 

Mar 18, 2026
56.66
57.06
56.40
56.40
51.44
143,200
Mar 17, 2026
56.87
57.29
56.70
57.06
51.69
588,000
Mar 16, 2026
56.48
57.07
56.32
56.69
51.36
233,100
Mar 13, 2026
56.10
56.65
55.38
55.42
50.20
319,600
Mar 12, 2026
56.71
56.71
55.35
55.58
50.35
246,400
Mar 11, 2026
0.438 Dividend 

Mar 11, 2026
57.00
57.60
56.85
57.21
51.83
235,100
Mar 10, 2026
57.00
58.22
57.00
57.27
51.48
340,800
Mar 9, 2026
54.42
57.14
53.94
56.82
51.08
420,100
Mar 6, 2026
55.90
56.69
54.82
55.18
49.61
341,800
Mar 5, 2026
57.32
57.98
56.00
57.00
51.24
337,300
Mar 4, 2026
0.458 Dividend 

Mar 4, 2026
57.50
57.93
57.00
57.50
51.69
279,500
Mar 3, 2026
57.69
57.85
56.55
57.34
51.14
549,900
Mar 2, 2026
58.40
59.65
58.25
59.60
53.15
398,700
Feb 27, 2026
59.01
59.74
58.85
59.48
53.04
808,500
Feb 26, 2026
61.36
61.36
59.10
60.12
53.61
627,100
Feb 25, 2026
0.469 Dividend 

Feb 25, 2026
61.49
61.79
61.22
61.51
54.85
360,300
Feb 24, 2026
61.14
61.70
60.62
61.44
54.37
589,200
Feb 23, 2026
60.70
61.08
60.00
60.50
53.54
518,800
Feb 20, 2026
60.00
61.02
60.00
60.95
53.94
256,500
Feb 19, 2026
60.22
60.32
59.71
60.32
53.38
228,100
Feb 18, 2026
0.526 Dividend 

Feb 18, 2026
60.71
61.10
60.30
60.41
53.46
277,100
Feb 17, 2026
60.16
61.04
59.50
60.77
53.31
529,800
Feb 13, 2026
60.51
61.06
59.85
60.65
53.21
281,500
Feb 12, 2026
61.87
62.03
60.11
60.34
52.94
288,100
Feb 11, 2026
0.529 Dividend 

Feb 11, 2026
60.97
61.74
60.38
61.40
53.87
318,600
Feb 10, 2026
60.56
60.88
59.98
60.41
52.53
317,000
Feb 9, 2026
59.40
60.69
59.13
60.41
52.53
330,400
Feb 6, 2026
58.14
59.95
58.10
59.85
52.05
325,700
Feb 5, 2026
56.57
57.84
56.19
57.42
49.93
385,200
Feb 4, 2026
0.525 Dividend 

Feb 4, 2026
58.78
59.06
56.09
57.12
49.67
505,800
Feb 3, 2026
61.10
61.22
58.36
59.46
51.25
557,700
Feb 2, 2026
59.15
61.10
59.11
60.80
52.41
314,200
Jan 30, 2026
60.64
61.24
59.51
59.98
51.70
305,200
Jan 29, 2026
61.75
61.87
59.66
61.50
53.01
308,600
Jan 28, 2026
0.483 Dividend 

Jan 28, 2026
61.51
61.89
61.25
61.51
53.02
270,400
Jan 27, 2026
60.26
61.29
60.26
61.06
52.22
345,200
Jan 26, 2026
59.61
59.88
59.20
59.67
51.03
299,400
Jan 23, 2026
60.09
60.28
59.43
59.78
51.12
301,000
Jan 22, 2026
61.20
61.20
60.30
60.38
51.63
234,800
Jan 21, 2026
0.527 Dividend 

Jan 21, 2026
59.54
60.95
59.35
60.51
51.74
224,000
Jan 20, 2026
59.50
60.35
59.22
59.52
50.45
400,700
Jan 16, 2026
60.50
60.85
60.10
60.33
51.13
219,200
Jan 15, 2026
60.48
60.61
59.59
59.59
50.51
187,000
Jan 14, 2026
0.52 Dividend 

Jan 14, 2026
59.04
59.15
58.41
58.97
49.98
200,200
Jan 13, 2026
60.01
60.30
59.70
59.86
50.29
297,700
Jan 12, 2026
59.48
60.02
59.26
59.81
50.25
225,900
Jan 9, 2026
58.89
60.00
58.40
59.74
50.19
188,200
Jan 8, 2026
58.93
58.93
57.62
58.24
48.93
162,000
Jan 7, 2026
0.504 Dividend 

Jan 7, 2026
59.11
59.14
58.56
58.92
49.51
243,500
Jan 6, 2026
58.50
59.87
58.50
59.81
49.83
261,100
Jan 5, 2026
58.40
58.60
57.75
58.08
48.39
242,700
Jan 2, 2026
56.55
57.74
56.50
57.68
48.05
167,000
Dec 31, 2025
0.44 Dividend 

Dec 31, 2025
56.29
56.29
55.55
55.61
46.33
110,500
Dec 30, 2025
56.70
56.87
56.45
56.56
46.76
133,600
Dec 29, 2025
56.27
56.61
55.78
56.49
46.70
123,900
Dec 26, 2025
56.77
56.77
56.22
56.68
46.85
99,700
Dec 24, 2025
0.44 Dividend 

Dec 24, 2025
56.25
56.55
56.24
56.55
46.75
75,600
Dec 23, 2025
56.37
56.79
56.05
56.70
46.51
113,100
Dec 22, 2025
56.50
56.53
56.09
56.53
46.37
90,400
Dec 19, 2025
54.96
55.96
54.96
55.91
45.86
106,700
Dec 18, 2025
54.84
55.20
54.40
54.59
44.78
84,300
Dec 17, 2025
0.379 Dividend 

Dec 17, 2025
55.44
55.45
53.25
53.49
43.87
155,400
Dec 16, 2025
55.74
55.88
55.12
55.67
45.35
108,600
Dec 15, 2025
56.42
56.67
55.69
55.79
45.45
79,100
Dec 12, 2025
57.73
57.76
55.89
56.11
45.71
127,200
Dec 11, 2025
58.43
58.43
57.03
58.35
47.53
105,300
Dec 10, 2025
0.398 Dividend 

Dec 10, 2025
57.81
58.78
57.47
58.78
47.89
84,700
Dec 9, 2025
57.85
58.33
57.75
58.23
47.11
105,400
Dec 8, 2025
58.03
58.29
57.75
57.85
46.81
127,200
Dec 5, 2025
57.47
57.99
57.32
57.67
46.66
93,700
Dec 4, 2025
57.18
57.26
56.69
57.26
46.33
118,200
Dec 3, 2025
0.435 Dividend 

Dec 3, 2025
56.50
57.35
56.03
57.35
46.40
111,000
Dec 2, 2025
56.56
57.08
56.25
56.93
45.71
161,100
Dec 1, 2025
55.84
56.53
55.57
56.15
45.08
184,500
Nov 28, 2025
55.99
56.17
55.60
56.17
45.10
70,000
Nov 26, 2025
0.439 Dividend 

Nov 26, 2025
54.70
55.93
54.70
55.69
44.71
65,000
Nov 25, 2025
55.00
55.18
53.37
55.12
43.90
103,100
Nov 24, 2025
53.34
55.00
53.30
54.89
43.72
77,200
Nov 21, 2025
52.28
53.48
50.85
52.89
42.13
107,500
Nov 20, 2025
55.54
55.75
52.05
52.33
41.68
143,500
Nov 19, 2025
0.418 Dividend 

Nov 19, 2025
53.58
54.87
53.47
54.41
43.34
78,100
Nov 18, 2025
54.06
54.52
53.15
53.75
42.48
107,500
Nov 17, 2025
55.30
56.13
54.34
54.86
43.36
147,700
Nov 14, 2025
54.04
56.14
53.78
55.56
43.91
114,600
Nov 13, 2025
56.78
56.84
55.20
55.82
44.12
105,600
Nov 12, 2025
0.454 Dividend 

Nov 12, 2025
57.26
57.32
56.80
57.16
45.17
98,800
Nov 11, 2025
57.40
57.40
56.49
56.96
44.66
111,600
Nov 10, 2025
57.60
57.91
57.19
57.77
45.29
119,700
Nov 7, 2025
56.00
56.32
54.50
56.17
44.04
134,800
Nov 6, 2025
57.95
57.95
56.34
56.64
44.41
106,300
Nov 5, 2025
0.46 Dividend 

Nov 5, 2025
56.71
58.44
56.54
57.89
45.39
73,900
Nov 4, 2025
58.35
58.84
57.35
57.43
44.67
140,100
Nov 3, 2025
59.91
59.99
59.20
59.55
46.31
155,800
Oct 31, 2025
59.75
59.77
58.80
59.30
46.12
106,300
Oct 30, 2025
59.47
59.89
59.23
59.43
46.22
82,700
Oct 29, 2025
0.463 Dividend 

Oct 29, 2025
59.99
60.21
59.54
59.94
46.62
84,900
Oct 28, 2025
60.00
60.00
59.15
59.69
46.06
100,200
Oct 27, 2025
59.08
59.70
58.90
59.69
46.06
135,300
Oct 24, 2025
58.27
58.46
58.00
58.26
44.96
95,400
Oct 23, 2025
56.52
57.57
56.09
57.53
44.40
90,700
Oct 22, 2025
0.579 Dividend 

Oct 22, 2025
57.48
57.48
55.49
56.48
43.59
138,800
Oct 21, 2025
58.27
58.30
57.66
58.06
44.36
111,300
Oct 20, 2025
58.36
58.62
57.71
58.33
44.56
112,400
Oct 17, 2025
57.00
57.68
56.74
57.54
43.96
70,800
Oct 16, 2025
57.61
58.13
57.03
57.69
44.08
74,400
Oct 15, 2025
0.407 Dividend 

Oct 15, 2025
57.37
57.43
56.40
57.40
43.85
50,400
Oct 14, 2025
56.04
57.33
55.60
56.53
42.88
55,100
Oct 13, 2025
56.69
57.40
56.29
57.25
43.42
89,400
Oct 10, 2025
57.65
57.95
54.54
54.54
41.37
132,100
Oct 9, 2025
0.431 Dividend 

Oct 9, 2025
58.14
58.14
57.18
57.71
43.77
86,800
Oct 8, 2025
56.77
58.30
56.77
58.30
43.89
65,000
Oct 7, 2025
58.18
58.25
56.77
56.92
42.85
74,300
Oct 6, 2025
57.98
58.40
57.60
57.77
43.49
72,000
Oct 3, 2025
57.20
57.48
56.61
56.99
42.91
71,300
Oct 2, 2025
0.409 Dividend 

Oct 2, 2025
57.25
57.25
56.70
57.13
43.01
49,500
Oct 1, 2025
55.88
56.83
55.65
56.79
42.45
50,000
Sep 30, 2025
55.71
55.89
55.34
55.88
41.77
84,700
Sep 29, 2025
56.08
56.08
55.45
55.50
41.48
109,600
Sep 26, 2025
55.55
55.55
54.89
55.44
41.44
48,600
Sep 25, 2025
0.413 Dividend 

Sep 25, 2025
55.50
55.50
54.18
55.26
41.31
44,700
Sep 24, 2025
55.96
55.97
55.31
55.84
41.43
84,400
Sep 23, 2025
55.82
56.18
55.50
55.62
41.27
54,600
Sep 22, 2025
55.25
55.78
55.21
55.64
41.28
80,200
Sep 19, 2025
55.45
55.45
54.66
55.08
40.87
38,300
Sep 18, 2025
0.42 Dividend 

Sep 18, 2025
55.00
55.35
54.65
55.28
41.01
41,400
Sep 17, 2025
54.25
54.64
53.94
54.50
40.12
38,400
Sep 16, 2025
54.03
54.73
54.03
54.49
40.12
30,900
Sep 15, 2025
53.92
54.32
53.69
54.32
39.99
41,000
Sep 12, 2025
53.86
54.17
53.80
54.06
39.80
39,300
Sep 11, 2025
0.384 Dividend 

Sep 11, 2025
54.35
54.35
53.69
53.74
39.56
28,900
Sep 10, 2025
53.58
54.04
53.55
53.98
39.46
62,500
Sep 9, 2025
52.95
53.15
52.65
53.03
38.76
35,000
Sep 8, 2025
52.98
53.18
52.71
52.96
38.71
88,300
Sep 5, 2025
52.80
53.13
52.03
52.61
38.46
47,800
Sep 4, 2025
0.383 Dividend 

Sep 4, 2025
51.60
51.98
51.00
51.87
37.92
42,300
Sep 3, 2025
52.49
52.49
51.38
51.89
37.65
54,300
Sep 2, 2025
51.62
52.09
51.01
52.08
37.79
59,100
Aug 29, 2025
53.66
53.66
52.25
52.54
38.12
59,100
Aug 28, 2025
0.396 Dividend 

Aug 28, 2025
53.80
53.96
53.45
53.87
39.09
24,800
Aug 27, 2025
53.74
53.85
53.24
53.83
38.77
53,700
Aug 26, 2025
53.42
53.79
53.38
53.77
38.73
24,000
Aug 25, 2025
53.53
53.53
53.09
53.25
38.35
24,200
Aug 22, 2025
52.62
53.76
52.40
53.43
38.48
40,700
Aug 21, 2025
0.399 Dividend 

Aug 21, 2025
52.54
52.54
51.67
52.15
37.56
19,800
Aug 20, 2025
52.85
52.85
51.44
52.81
37.75
43,200
Aug 19, 2025
53.86
53.92
53.00
53.01
37.89
35,900
Aug 18, 2025
53.55
53.86
53.48
53.86
38.50
39,300
Aug 15, 2025
54.45
54.45
53.56
53.78
38.44
32,400
Aug 14, 2025
0.406 Dividend 

Aug 14, 2025
54.49
54.80
54.00
54.74
39.13
35,700
Aug 13, 2025
55.00
55.00
54.57
54.92
38.97
34,800
Aug 12, 2025
53.77
54.63
53.54
54.63
38.76
27,600
Aug 11, 2025
53.54
54.08
53.44
53.57
38.01
38,300
Aug 8, 2025
53.62
53.62
52.86
53.44
37.92
29,000
Aug 7, 2025
0.389 Dividend 

Aug 7, 2025
53.56
53.56
52.84
53.03
37.63
19,100
Aug 6, 2025
52.52
53.10
52.18
53.03
37.35
36,600
Aug 5, 2025
53.76
53.95
52.80
53.25
37.51
20,200
Aug 4, 2025
53.06
53.54
53.00
53.46
37.65
32,300
Aug 1, 2025
53.40
53.40
51.86
52.86
37.23
34,900
Jul 31, 2025
0.415 Dividend 

Jul 31, 2025
54.80
54.80
52.96
53.39
37.60
30,800
Jul 30, 2025
55.08
55.35
54.79
55.18
38.57
25,600
Jul 29, 2025
54.85
55.27
54.52
54.75
38.27
20,300
Jul 28, 2025
54.39
54.81
54.39
54.70
38.24
25,500
Jul 25, 2025
53.80
54.05
53.51
54.00
37.75
28,200
Jul 24, 2025
0.372 Dividend 

Jul 24, 2025
54.01
54.04
53.51
53.87
37.66
26,800
Jul 23, 2025
54.56
54.56
53.74
54.37
37.75
41,700
Jul 22, 2025
55.11
55.11
54.06
54.56
37.88
41,000
Jul 21, 2025
55.01
55.59
55.01
55.18
38.31
40,000
Jul 18, 2025
55.35
55.37
54.77
55.02
38.20
32,600
Jul 17, 2025
0.373 Dividend 

Jul 17, 2025
55.26
55.26
54.58
55.01
38.19
29,100
Jul 16, 2025
55.20
55.26
54.03
55.26
38.10
47,200
Jul 15, 2025
55.54
55.88
55.40
55.45
38.24
37,500
Jul 14, 2025
54.76
55.10
54.26
54.98
37.91
35,400
Jul 11, 2025
55.04
55.39
54.90
55.18
38.05
27,900
Jul 10, 2025
0.349 Dividend 

Jul 10, 2025
55.30
55.48
55.04
55.35
38.16
26,000
Jul 9, 2025
55.50
55.50
55.10
55.39
37.95
38,600
Jul 8, 2025
55.24
55.33
54.67
55.12
37.77
29,500
Jul 7, 2025
54.90
54.90
54.27
54.42
37.29
59,000
Jul 3, 2025
0.422 Dividend 

Jul 3, 2025
56.00
56.00
54.72
54.90
37.62
21,900
Jul 2, 2025
54.39
55.19
54.27
55.13
37.49
21,500
Jul 1, 2025
54.75
54.75
53.90
54.35
36.96
17,500
Jun 30, 2025
54.58
54.90
54.27
54.79
37.26
45,400
Jun 27, 2025
54.78
54.86
54.35
54.55
37.09
22,600
Jun 26, 2025
0.377 Dividend 

Jun 26, 2025
54.76
54.76
54.21
54.56
37.10
12,800
Jun 25, 2025
55.05
55.05
54.46
54.60
36.87
27,100
Jun 24, 2025
54.30
54.67
54.13
54.60
36.87
25,500
Jun 23, 2025
52.97
53.52
52.65
53.43
36.08
28,400
Jun 20, 2025
0.406 Dividend 

Jun 20, 2025
54.13
54.13
52.60
53.04
35.81
30,000
Jun 18, 2025
54.06
54.06
53.37
53.64
35.95
32,700
Jun 17, 2025
53.80
53.99
53.38
53.49
35.85
22,500
Jun 16, 2025
52.70
53.87
52.70
53.71
35.99
33,400
Jun 13, 2025
53.00
53.18
52.42
52.45
35.15
22,900
Jun 12, 2025
0.403 Dividend 

Jun 12, 2025
53.02
53.46
53.02
53.32
35.73
14,100
Jun 11, 2025
53.85
54.14
53.40
53.84
35.81
28,500
Jun 10, 2025
53.59
53.74
53.20
53.69
35.71
14,000
Jun 9, 2025
52.59
53.35
52.50
53.15
35.35
18,000
Jun 6, 2025
52.65
52.85
52.46
52.61
34.99
10,700
Jun 5, 2025
0.346 Dividend 

Jun 5, 2025
52.72
52.72
51.94
52.11
34.66
13,500
Jun 4, 2025
52.16
52.66
52.04
52.66
34.80
14,500
Jun 3, 2025
51.15
52.16
50.98
52.16
34.47
22,600
Jun 2, 2025
50.43
51.19
50.37
51.13
33.79
10,800
May 30, 2025
51.00
51.00
49.35
50.37
33.28
10,100
May 29, 2025
0.386 Dividend 

May 29, 2025
51.50
51.50
50.91
51.01
33.71
9,400
May 28, 2025
51.81
51.81
51.12
51.18
33.56
22,600
May 27, 2025
50.70
51.54
50.69
51.29
33.63
17,600
May 23, 2025
49.94
50.15
49.48
50.13
32.88
5,300
May 22, 2025
0.399 Dividend 

May 22, 2025
50.91
51.22
50.58
50.58
33.17
5,800
May 21, 2025
52.29
52.32
51.02
51.30
33.38
15,200
May 20, 2025
51.80
51.95
51.60
51.92
33.78
13,100
May 19, 2025
51.74
51.94
51.67
51.85
33.74
9,100
May 16, 2025
52.30
52.30
51.79
52.00
33.84
9,700
May 15, 2025
0.382 Dividend 

May 15, 2025
51.90
52.18
51.79
52.05
33.87
9,500
May 14, 2025
52.76
52.76
52.30
52.48
33.90
9,400
May 13, 2025
54.00
54.00
51.81
52.11
33.66
86,900
May 12, 2025
50.01
52.07
50.01
52.02
33.60
37,900
May 9, 2025
50.26
50.26
49.59
49.68
32.09
4,800
May 8, 2025
0.377 Dividend 

May 8, 2025
49.08
49.50
48.82
49.21
31.79
7,000
May 7, 2025
48.20
48.87
48.20
48.87
31.32
8,400
May 6, 2025
48.56
48.56
47.98
48.31
30.96
4,400
May 5, 2025
49.04
49.04
48.48
48.58
31.14
7,900
May 2, 2025
48.65
49.05
48.56
48.91
31.35
8,400
May 1, 2025
0.623 Dividend 

May 1, 2025
49.12
49.12
47.75
47.75
30.61
4,100
Apr 30, 2025
47.79
48.26
46.95
48.26
30.53
9,900
Apr 29, 2025
47.53
48.32
47.52
48.04
30.40
6,600
Apr 28, 2025
48.42
48.42
47.67
48.30
30.56
5,800
Apr 25, 2025
47.90
48.41
47.76
48.33
30.58
6,300
Apr 24, 2025
0.345 Dividend 

Apr 24, 2025
47.71
48.00
46.86
47.91
30.31
2,400
Apr 23, 2025
47.19
47.19
46.27
46.40
29.14
8,900
Apr 22, 2025
45.07
45.14
44.68
44.89
28.19
2,200
Apr 21, 2025
44.09
44.30
43.56
44.28
27.81
4,900
Apr 17, 2025
0.363 Dividend 

Apr 17, 2025
45.92
45.92
44.76
44.86
28.17
5,100
Apr 16, 2025
45.93
45.93
44.23
45.38
28.27
9,200
Apr 15, 2025
47.37
47.37
46.84
46.99
29.28
3,100
Apr 14, 2025
48.02
48.02
46.30
46.76
29.13
8,600
Apr 11, 2025
45.51
46.43
44.66
46.29
28.84
4,900
Apr 10, 2025
45.98
46.43
44.70
45.50
28.35
6,600
Apr 9, 2025
42.70
49.15
42.14
48.93
30.48
3,500
Apr 8, 2025
44.80
45.72
41.65
41.65
25.95
3,800
