Date
Open
High
Low
Close 

Adj Close 

Volume
May 26, 2026
100.30
100.32
100.30
100.32
100.32
2,138,342
May 22, 2026
100.30
100.31
100.29
100.29
100.29
151,400
May 21, 2026
100.27
100.27
100.25
100.25
100.25
222,600
May 20, 2026
100.26
100.26
100.25
100.25
100.25
173,100
May 19, 2026
100.24
100.25
100.23
100.25
100.25
168,900
May 18, 2026
100.24
100.24
100.22
100.24
100.24
939,400
May 15, 2026
100.22
100.23
100.22
100.23
100.23
189,000
May 14, 2026
100.18
100.20
100.18
100.20
100.20
315,200
May 13, 2026
100.19
100.19
100.17
100.19
100.19
312,900
May 12, 2026
100.18
100.18
100.16
100.18
100.18
204,700
May 11, 2026
100.16
100.17
100.15
100.17
100.17
260,300
May 8, 2026
100.15
100.16
100.15
100.15
100.15
205,400
May 7, 2026
100.13
100.13
100.12
100.12
100.12
283,100
May 6, 2026
100.11
100.12
100.10
100.10
100.10
208,800
May 5, 2026
100.10
100.11
100.09
100.09
100.09
209,900
May 4, 2026
100.08
100.10
100.08
100.10
100.10
221,100
May 1, 2026
0.304 Dividend 

May 1, 2026
100.08
100.09
100.07
100.09
100.09
335,100
Apr 30, 2026
100.36
100.36
100.35
100.35
100.05
222,100
Apr 29, 2026
100.35
100.35
100.34
100.34
100.04
174,600
Apr 28, 2026
100.34
100.34
100.33
100.34
100.04
175,300
Apr 27, 2026
100.33
100.33
100.32
100.33
100.03
218,200
Apr 24, 2026
100.32
100.32
100.31
100.32
100.02
209,200
Apr 23, 2026
100.28
100.29
100.28
100.28
99.98
294,600
Apr 22, 2026
100.27
100.28
100.27
100.27
99.97
163,600
Apr 21, 2026
100.27
100.27
100.26
100.27
99.97
204,100
Apr 20, 2026
100.25
100.26
100.25
100.26
99.96
150,100
Apr 17, 2026
100.24
100.25
100.24
100.24
99.94
174,100
Apr 16, 2026
100.21
100.22
100.21
100.22
99.92
353,700
Apr 15, 2026
100.20
100.21
100.20
100.20
99.90
253,100
Apr 14, 2026
100.19
100.20
100.19
100.19
99.89
184,900
Apr 13, 2026
100.19
100.19
100.18
100.19
99.89
357,300
Apr 10, 2026
100.17
100.19
100.17
100.17
99.87
281,000
Apr 9, 2026
100.16
100.16
100.14
100.15
99.85
241,300
Apr 8, 2026
100.13
100.14
100.13
100.13
99.83
683,100
Apr 7, 2026
100.13
100.13
100.12
100.13
99.83
334,400
Apr 6, 2026
100.11
100.12
100.11
100.12
99.82
390,700
Apr 2, 2026
100.11
100.11
100.10
100.11
99.81
309,800
Apr 1, 2026
0.308 Dividend 

Apr 1, 2026
100.06
100.07
100.06
100.07
99.77
355,000
Mar 31, 2026
100.37
100.37
100.36
100.36
99.75
424,100
Mar 30, 2026
100.35
100.36
100.35
100.35
99.74
1,128,800
Mar 27, 2026
100.34
100.35
100.34
100.34
99.73
268,200
Mar 26, 2026
100.31
100.32
100.31
100.31
99.70
209,800
Mar 25, 2026
100.30
100.31
100.30
100.30
99.69
124,200
Mar 24, 2026
100.30
100.30
100.29
100.30
99.69
200,300
Mar 23, 2026
100.29
100.29
100.28
100.28
99.67
290,300
Mar 20, 2026
100.28
100.28
100.27
100.28
99.67
430,900
Mar 19, 2026
100.24
100.25
100.24
100.25
99.64
936,600
Mar 18, 2026
100.23
100.24
100.23
100.23
99.62
104,200
Mar 17, 2026
100.23
100.23
100.22
100.22
99.61
230,200
Mar 16, 2026
100.22
100.22
100.21
100.22
99.61
880,200
Mar 13, 2026
100.21
100.21
100.20
100.21
99.60
232,000
Mar 12, 2026
100.18
100.18
100.17
100.18
99.57
210,600
Mar 11, 2026
100.17
100.18
100.17
100.18
99.57
235,600
Mar 10, 2026
100.15
100.16
100.15
100.16
99.55
661,100
Mar 9, 2026
100.15
100.15
100.14
100.15
99.54
342,100
Mar 6, 2026
100.13
100.14
100.13
100.13
99.52
257,900
Mar 5, 2026
100.10
100.12
100.10
100.10
99.49
331,600
Mar 4, 2026
100.09
100.10
100.09
100.09
99.48
399,800
Mar 3, 2026
100.08
100.09
100.08
100.08
99.47
458,900
Mar 2, 2026
0.303 Dividend 

Mar 2, 2026
100.08
100.08
100.07
100.08
99.47
369,600
Feb 27, 2026
100.37
100.38
100.37
100.37
99.46
338,900
Feb 26, 2026
100.35
100.35
100.34
100.35
99.43
124,800
Feb 25, 2026
100.34
100.34
100.33
100.33
99.42
163,900
Feb 24, 2026
100.33
100.33
100.32
100.33
99.42
189,700
Feb 23, 2026
100.30
100.32
100.30
100.32
99.41
243,000
Feb 20, 2026
100.31
100.31
100.29
100.30
99.39
330,500
Feb 19, 2026
100.26
100.27
100.26
100.27
99.36
125,200
Feb 18, 2026
100.25
100.26
100.25
100.25
99.34
98,300
Feb 17, 2026
100.25
100.26
100.24
100.24
99.33
540,500
Feb 13, 2026
100.25
100.25
100.24
100.25
99.34
251,400
Feb 12, 2026
100.20
100.21
100.20
100.20
99.29
372,600
Feb 11, 2026
100.18
100.20
100.18
100.20
99.29
231,600
Feb 10, 2026
100.18
100.19
100.18
100.18
99.27
174,600
Feb 9, 2026
100.18
100.18
100.17
100.17
99.26
225,900
Feb 6, 2026
100.17
100.17
100.15
100.17
99.26
1,599,500
Feb 5, 2026
100.14
100.14
100.12
100.13
99.22
225,200
Feb 4, 2026
100.13
100.13
100.11
100.13
99.22
288,600
Feb 3, 2026
100.11
100.12
100.11
100.11
99.20
392,400
Feb 2, 2026
0.308 Dividend 

Feb 2, 2026
100.11
100.11
100.10
100.11
99.20
361,000
Jan 30, 2026
100.40
100.40
100.39
100.40
99.18
270,700
Jan 29, 2026
100.37
100.37
100.36
100.36
99.14
552,500
Jan 28, 2026
100.37
100.37
100.35
100.35
99.13
136,700
Jan 27, 2026
100.35
100.36
100.35
100.35
99.13
852,600
Jan 26, 2026
100.35
100.35
100.34
100.35
99.13
306,800
Jan 23, 2026
100.32
100.33
100.32
100.33
99.11
154,500
Jan 22, 2026
100.31
100.31
100.30
100.30
99.08
266,200
Jan 21, 2026
100.29
100.30
100.29
100.29
99.07
155,800
Jan 20, 2026
100.29
100.30
100.28
100.28
99.06
317,700
Jan 16, 2026
100.27
100.28
100.27
100.28
99.06
146,000
Jan 15, 2026
100.24
100.25
100.23
100.23
99.01
129,300
Jan 14, 2026
100.24
100.24
100.22
100.24
99.02
182,800
Jan 13, 2026
100.21
100.23
100.21
100.22
99.00
531,700
Jan 12, 2026
100.21
100.22
100.21
100.22
99.00
285,900
Jan 9, 2026
100.20
100.21
100.20
100.21
98.99
174,500
Jan 8, 2026
100.18
100.18
100.17
100.17
98.96
206,800
Jan 7, 2026
100.18
100.18
100.16
100.16
98.95
559,800
Jan 6, 2026
100.15
100.17
100.15
100.17
98.96
179,100
Jan 5, 2026
100.14
100.16
100.14
100.14
98.93
336,300
Jan 2, 2026
100.14
100.14
100.13
100.14
98.93
282,200
Dec 31, 2025
100.12
100.12
100.11
100.11
98.90
242,500
Dec 30, 2025
0.314 Dividend 

Dec 30, 2025
100.10
100.10
100.09
100.09
98.88
393,600
Dec 29, 2025
100.39
100.39
100.38
100.39
98.86
436,600
Dec 26, 2025
100.38
100.40
100.37
100.38
98.85
895,200
Dec 24, 2025
100.34
100.36
100.34
100.36
98.83
495,700
Dec 23, 2025
100.33
100.33
100.32
100.33
98.80
114,900
Dec 22, 2025
100.32
100.32
100.31
100.31
98.78
124,700
Dec 19, 2025
100.30
100.32
100.30
100.30
98.77
203,500
Dec 18, 2025
100.28
100.28
100.27
100.28
98.75
178,700
Dec 17, 2025
100.26
100.27
100.26
100.27
98.74
1,103,300
Dec 16, 2025
100.25
100.26
100.25
100.25
98.72
189,600
Dec 15, 2025
100.24
100.26
100.24
100.24
98.71
249,500
Dec 12, 2025
100.24
100.24
100.23
100.24
98.71
133,000
Dec 11, 2025
100.21
100.22
100.21
100.21
98.68
128,600
Dec 10, 2025
100.20
100.20
100.19
100.20
98.68
250,800
Dec 9, 2025
100.18
100.19
100.18
100.19
98.67
1,133,700
Dec 8, 2025
100.18
100.18
100.17
100.18
98.66
391,200
Dec 5, 2025
100.16
100.18
100.16
100.18
98.66
189,500
Dec 4, 2025
100.14
100.14
100.13
100.14
98.62
122,500
Dec 3, 2025
100.11
100.13
100.11
100.11
98.59
187,800
Dec 2, 2025
100.11
100.11
100.09
100.10
98.58
269,800
Dec 1, 2025
0.326 Dividend 

Dec 1, 2025
100.09
100.09
100.08
100.09
98.57
1,233,700
Nov 28, 2025
100.40
100.41
100.39
100.41
98.56
130,600
Nov 26, 2025
100.36
100.37
100.36
100.36
98.51
124,700
Nov 25, 2025
100.35
100.35
100.34
100.35
98.50
211,800
Nov 24, 2025
100.34
100.34
100.33
100.33
98.48
339,400
Nov 21, 2025
100.32
100.33
100.32
100.32
98.47
321,900
Nov 20, 2025
100.29
100.30
100.29
100.29
98.44
154,800
Nov 19, 2025
100.29
100.29
100.28
100.28
98.43
141,900
Nov 18, 2025
100.27
100.29
100.27
100.28
98.43
256,700
Nov 17, 2025
100.26
100.28
100.25
100.28
98.43
224,700
Nov 14, 2025
100.24
100.26
100.24
100.26
98.41
124,800
Nov 13, 2025
100.21
100.22
100.21
100.22
98.37
136,700
Nov 12, 2025
100.20
100.22
100.20
100.21
98.36
1,190,000
Nov 11, 2025
100.19
100.21
100.19
100.19
98.34
225,100
Nov 10, 2025
100.20
100.21
100.20
100.21
98.36
156,000
Nov 7, 2025
100.17
100.19
100.17
100.19
98.34
162,400
Nov 6, 2025
100.15
100.17
100.14
100.17
98.33
232,100
Nov 5, 2025
100.14
100.15
100.13
100.15
98.31
276,700
Nov 4, 2025
100.13
100.13
100.12
100.13
98.29
175,100
Nov 3, 2025
0.335 Dividend 

Nov 3, 2025
100.11
100.12
100.10
100.10
98.26
166,300
Oct 31, 2025
100.45
100.45
100.43
100.43
98.25
157,000
Oct 30, 2025
100.41
100.41
100.40
100.40
98.22
129,900
Oct 29, 2025
100.40
100.40
100.39
100.40
98.22
175,000
Oct 28, 2025
100.39
100.39
100.38
100.38
98.20
270,200
Oct 27, 2025
100.37
100.38
100.36
100.36
98.18
334,700
Oct 24, 2025
100.36
100.37
100.35
100.36
98.18
169,200
Oct 23, 2025
100.33
100.33
100.32
100.33
98.15
83,100
Oct 22, 2025
100.32
100.32
100.31
100.32
98.14
205,300
Oct 21, 2025
100.30
100.31
100.30
100.30
98.12
183,800
Oct 20, 2025
100.28
100.30
100.28
100.30
98.12
193,000
Oct 17, 2025
100.29
100.29
100.28
100.29
98.11
144,800
Oct 16, 2025
100.25
100.26
100.24
100.26
98.09
301,500
Oct 15, 2025
100.24
100.24
100.23
100.24
98.06
112,300
Oct 14, 2025
100.22
100.23
100.22
100.23
98.06
108,400
Oct 13, 2025
100.22
100.22
100.21
100.21
98.04
120,200
Oct 10, 2025
100.21
100.22
100.21
100.21
98.04
142,700
Oct 9, 2025
100.16
100.18
100.16
100.16
97.99
182,800
Oct 8, 2025
100.15
100.16
100.15
100.16
97.99
136,400
Oct 7, 2025
100.14
100.17
100.14
100.17
98.00
231,400
Oct 6, 2025
100.13
100.14
100.13
100.13
97.96
175,900
Oct 3, 2025
100.13
100.13
100.12
100.13
97.96
124,500
Oct 2, 2025
100.10
100.11
100.09
100.11
97.94
169,900
Oct 1, 2025
0.348 Dividend 

Oct 1, 2025
100.09
100.10
100.08
100.10
97.93
212,300
Sep 30, 2025
100.41
100.42
100.41
100.42
97.90
157,000
Sep 29, 2025
100.41
100.42
100.41
100.41
97.89
132,500
Sep 26, 2025
100.39
100.40
100.39
100.40
97.88
117,700
Sep 25, 2025
100.36
100.37
100.36
100.36
97.84
153,500
Sep 24, 2025
100.35
100.36
100.35
100.35
97.83
102,700
Sep 23, 2025
100.35
100.35
100.34
100.35
97.83
99,800
Sep 22, 2025
100.32
100.35
100.32
100.34
97.82
271,400
Sep 19, 2025
100.33
100.34
100.32
100.32
97.80
145,300
Sep 18, 2025
100.29
100.31
100.29
100.31
97.79
93,200
Sep 17, 2025
100.27
100.29
100.27
100.29
97.77
104,600
Sep 16, 2025
100.28
100.28
100.26
100.28
97.76
150,900
Sep 15, 2025
100.24
100.27
100.24
100.27
97.76
174,500
Sep 12, 2025
100.24
100.25
100.24
100.25
97.74
120,100
Sep 11, 2025
100.20
100.21
100.20
100.21
97.70
105,100
Sep 10, 2025
100.19
100.20
100.19
100.19
97.68
142,700
Sep 9, 2025
100.18
100.19
100.18
100.18
97.67
105,700
Sep 8, 2025
100.17
100.18
100.17
100.17
97.66
445,200
Sep 5, 2025
100.17
100.17
100.15
100.15
97.64
163,400
Sep 4, 2025
100.13
100.14
100.12
100.12
97.61
141,000
Sep 3, 2025
100.11
100.12
100.10
100.10
97.59
190,100
Sep 2, 2025
0.355 Dividend 

Sep 2, 2025
100.10
100.11
100.09
100.11
97.60
393,000
Aug 29, 2025
100.44
100.45
100.43
100.43
97.57
167,000
Aug 28, 2025
100.40
100.40
100.39
100.39
97.53
230,100
Aug 27, 2025
100.37
100.39
100.37
100.37
97.51
108,700
Aug 26, 2025
100.36
100.37
100.36
100.36
97.50
111,200
Aug 25, 2025
100.35
100.36
100.35
100.35
97.49
195,100
Aug 22, 2025
100.34
100.35
100.33
100.33
97.47
209,300
Aug 21, 2025
100.30
100.32
100.30
100.30
97.44
256,500
Aug 20, 2025
100.30
100.31
100.29
100.29
97.43
146,800
Aug 19, 2025
100.28
100.30
100.28
100.30
97.44
264,800
Aug 18, 2025
100.27
100.28
100.27
100.28
97.42
178,500
Aug 15, 2025
100.26
100.27
100.26
100.26
97.40
87,600
Aug 14, 2025
100.22
100.24
100.22
100.22
97.36
356,800
Aug 13, 2025
100.22
100.23
100.21
100.21
97.35
170,400
Aug 12, 2025
100.21
100.21
100.20
100.20
97.34
172,300
Aug 11, 2025
100.20
100.20
100.19
100.19
97.33
129,300
Aug 8, 2025
100.19
100.20
100.17
100.17
97.31
209,200
Aug 7, 2025
100.16
100.16
100.14
100.14
97.28
218,300
Aug 6, 2025
100.14
100.15
100.12
100.15
97.29
257,200
Aug 5, 2025
100.11
100.14
100.11
100.14
97.28
253,000
Aug 4, 2025
100.11
100.12
100.10
100.11
97.25
310,000
Aug 1, 2025
0.354 Dividend 

Aug 1, 2025
100.10
100.11
100.09
100.09
97.23
180,700
Jul 31, 2025
100.41
100.42
100.40
100.40
97.19
172,800
Jul 30, 2025
100.41
100.41
100.39
100.41
97.20
133,000
Jul 29, 2025
100.39
100.40
100.38
100.39
97.18
106,600
Jul 28, 2025
100.36
100.40
100.36
100.40
97.19
268,700
Jul 25, 2025
100.35
100.47
100.35
100.35
97.14
139,700
Jul 24, 2025
100.32
100.33
100.32
100.33
97.12
129,900
Jul 23, 2025
100.31
100.32
100.31
100.32
97.11
91,200
Jul 22, 2025
100.30
100.32
100.30
100.31
97.10
286,600
Jul 21, 2025
100.26
100.30
100.26
100.30
97.09
142,900
Jul 18, 2025
100.28
100.29
100.27
100.27
97.07
174,600
Jul 17, 2025
100.26
100.26
100.24
100.25
97.04
115,000
Jul 16, 2025
100.23
100.25
100.23
100.24
97.04
135,500
Jul 15, 2025
100.23
100.24
100.21
100.21
97.01
162,000
Jul 14, 2025
100.22
100.22
100.21
100.21
97.01
158,800
Jul 11, 2025
100.20
100.21
100.20
100.21
97.00
156,000
Jul 10, 2025
100.17
100.18
100.15
100.18
96.97
140,500
Jul 9, 2025
100.15
100.16
100.15
100.15
96.95
463,200
Jul 8, 2025
100.14
100.16
100.13
100.14
96.94
192,900
Jul 7, 2025
100.13
100.14
100.12
100.13
96.93
162,400
Jul 3, 2025
100.12
100.13
100.11
100.13
96.93
84,800
Jul 2, 2025
100.06
100.08
100.06
100.08
96.88
526,200
Jul 1, 2025
0.352 Dividend 

Jul 1, 2025
100.09
100.09
100.04
100.04
96.84
230,900
Jun 30, 2025
100.39
100.42
100.39
100.42
96.87
183,200
Jun 27, 2025
100.36
100.40
100.36
100.40
96.85
128,000
Jun 26, 2025
100.36
100.36
100.34
100.35
96.80
102,400
Jun 25, 2025
100.35
100.35
100.33
100.33
96.78
270,300
Jun 24, 2025
100.32
100.34
100.32
100.32
96.77
165,600
Jun 23, 2025
100.31
100.33
100.31
100.31
96.76
333,600
Jun 20, 2025
100.30
100.32
100.29
100.29
96.75
251,400
Jun 18, 2025
100.26
100.28
100.24
100.26
96.72
275,800
Jun 17, 2025
100.24
100.26
100.24
100.25
96.71
420,800
Jun 16, 2025
100.23
100.26
100.22
100.22
96.68
148,200
Jun 13, 2025
100.21
100.25
100.21
100.24
96.70
186,700
Jun 12, 2025
100.15
100.20
100.15
100.19
96.65
130,000
Jun 11, 2025
100.18
100.20
100.18
100.18
96.64
147,000
Jun 10, 2025
100.17
100.20
100.16
100.19
96.65
378,800
Jun 9, 2025
100.16
100.17
100.15
100.15
96.61
254,000
Jun 6, 2025
100.15
100.16
100.14
100.16
96.62
186,900
Jun 5, 2025
100.10
100.12
100.10
100.12
96.58
141,400
Jun 4, 2025
100.09
100.10
100.08
100.09
96.55
277,900
Jun 3, 2025
100.08
100.11
100.08
100.10
96.56
201,300
Jun 2, 2025
0.35 Dividend 

Jun 2, 2025
100.09
100.09
100.07
100.08
96.54
230,700
May 30, 2025
100.41
100.42
100.40
100.42
96.53
208,000
May 29, 2025
100.41
100.41
100.38
100.38
96.49
188,500
May 28, 2025
100.36
100.38
100.36
100.36
96.48
126,500
May 27, 2025
100.36
100.36
100.35
100.35
96.47
178,400
