Date
Open
High
Low
Close 

Adj Close 

Volume
May 26, 2026
9.25
9.32
8.93
8.93
8.93
8,852
May 22, 2026
9.68
9.70
9.21
9.21
9.21
5,600
May 21, 2026
9.39
9.64
9.35
9.64
9.64
2,300
May 20, 2026
9.64
9.73
9.46
9.50
9.50
3,900
May 19, 2026
0.051 Dividend 

May 19, 2026
9.30
9.64
9.29
9.60
9.60
3,700
May 18, 2026
9.57
9.64
9.20
9.41
9.36
6,400
May 15, 2026
10.13
10.13
9.62
9.76
9.71
2,400
May 14, 2026
9.99
10.93
9.99
10.61
10.55
2,600
May 13, 2026
10.11
10.23
10.04
10.19
10.14
4,600
May 12, 2026
0.058 Dividend 

May 12, 2026
10.58
10.74
10.10
10.39
10.33
5,200
May 11, 2026
10.10
10.75
10.10
10.75
10.64
14,500
May 8, 2026
9.41
10.11
9.41
10.11
10.00
6,300
May 7, 2026
9.84
9.86
9.60
9.71
9.61
7,900
May 6, 2026
9.87
9.90
9.75
9.90
9.79
3,100
May 5, 2026
0.055 Dividend 

May 5, 2026
9.99
9.99
9.84
9.88
9.77
5,400
May 4, 2026
10.05
10.27
10.00
10.15
9.98
8,100
May 1, 2026
9.65
9.68
9.60
9.61
9.46
1,100
Apr 30, 2026
8.99
9.48
8.99
9.46
9.31
3,300
Apr 29, 2026
9.06
9.08
8.82
9.05
8.90
15,500
Apr 28, 2026
0.052 Dividend 

Apr 28, 2026
9.47
9.80
9.47
9.75
9.59
7,900
Apr 27, 2026
10.18
10.24
9.85
9.91
9.70
8,600
Apr 24, 2026
10.10
10.10
10.00
10.02
9.81
2,200
Apr 23, 2026
10.35
10.35
9.93
9.94
9.73
3,400
Apr 22, 2026
10.39
10.44
10.24
10.29
10.07
2,100
Apr 21, 2026
0.052 Dividend 

Apr 21, 2026
10.35
10.38
9.76
9.76
9.55
8,500
Apr 20, 2026
10.03
10.53
10.01
10.53
10.25
7,200
Apr 17, 2026
10.11
10.55
10.11
10.27
10.01
15,800
Apr 16, 2026
9.81
9.98
9.61
9.98
9.72
4,400
Apr 15, 2026
9.47
9.86
9.47
9.86
9.60
3,200
Apr 14, 2026
0.045 Dividend 

Apr 14, 2026
9.46
9.51
9.38
9.44
9.20
4,700
Apr 13, 2026
8.54
9.05
8.54
9.05
8.77
20,400
Apr 10, 2026
8.75
8.75
8.55
8.70
8.44
2,800
Apr 9, 2026
9.08
9.08
8.65
8.76
8.49
6,200
Apr 8, 2026
9.47
9.47
8.97
9.06
8.78
20,300
Apr 7, 2026
0.055 Dividend 

Apr 7, 2026
8.73
9.00
8.55
9.00
8.72
3,900
Apr 6, 2026
9.10
9.16
9.00
9.06
8.73
4,500
Apr 2, 2026
8.61
8.87
8.52
8.84
8.51
8,300
Apr 1, 2026
8.90
9.09
8.90
8.93
8.60
4,800
Mar 31, 2026
0.046 Dividend 

Mar 31, 2026
8.57
9.00
8.49
8.94
8.61
4,200
Mar 30, 2026
8.51
8.51
8.08
8.21
7.86
5,300
Mar 27, 2026
8.59
8.59
8.16
8.20
7.85
9,900
Mar 26, 2026
9.16
9.22
8.86
8.86
8.49
14,400
Mar 25, 2026
9.95
9.95
9.37
9.39
9.00
3,900
Mar 24, 2026
0.065 Dividend 

Mar 24, 2026
10.49
10.57
9.22
9.37
8.97
6,000
Mar 23, 2026
10.44
10.72
10.41
10.58
10.07
5,100
Mar 20, 2026
10.59
10.60
10.30
10.39
9.89
2,000
Mar 19, 2026
10.24
10.68
10.24
10.68
10.17
2,300
Mar 18, 2026
10.71
10.84
10.65
10.65
10.14
2,900
Mar 17, 2026
0.077 Dividend 

Mar 17, 2026
10.83
10.98
10.78
10.90
10.38
2,800
Mar 16, 2026
10.75
10.76
10.59
10.72
10.13
6,500
Mar 13, 2026
10.72
10.72
10.29
10.29
9.72
3,000
Mar 12, 2026
10.28
10.41
10.17
10.17
9.61
2,800
Mar 11, 2026
10.50
10.57
10.27
10.47
9.89
3,600
Mar 10, 2026
0.077 Dividend 

Mar 10, 2026
10.76
10.76
10.31
10.33
9.76
6,000
Mar 9, 2026
10.64
10.64
10.20
10.56
9.91
6,600
Mar 6, 2026
10.57
10.59
10.35
10.42
9.78
4,400
Mar 5, 2026
10.99
11.06
10.71
10.83
10.16
7,200
Mar 4, 2026
10.63
11.03
10.61
10.92
10.24
5,500
Mar 3, 2026
0.067 Dividend 

Mar 3, 2026
9.63
10.01
9.47
9.85
9.24
3,700
Mar 2, 2026
9.82
10.06
9.82
10.06
9.37
1,900
Feb 27, 2026
9.50
9.62
9.30
9.53
8.89
2,700
Feb 26, 2026
9.93
9.93
9.75
9.75
9.09
3,500
Feb 25, 2026
9.45
9.96
9.29
9.96
9.28
22,800
Feb 24, 2026
0.068 Dividend 

Feb 24, 2026
8.38
8.87
8.32
8.87
8.27
7,200
Feb 23, 2026
9.12
9.14
8.75
8.85
8.18
8,400
Feb 20, 2026
9.19
9.46
9.19
9.39
8.68
2,000
Feb 19, 2026
8.97
9.17
8.97
9.14
8.45
8,500
Feb 18, 2026
0.092 Dividend 

Feb 18, 2026
9.20
9.38
9.04
9.05
8.37
8,700
Feb 17, 2026
9.03
9.26
8.91
9.24
8.46
4,900
Feb 13, 2026
8.43
9.25
8.27
9.13
8.36
23,200
Feb 12, 2026
8.60
8.60
7.84
7.87
7.21
4,500
Feb 11, 2026
8.77
8.80
8.36
8.61
7.88
6,300
Feb 10, 2026
0.071 Dividend 

Feb 10, 2026
9.05
9.21
9.05
9.08
8.31
14,600
Feb 9, 2026
8.95
9.36
8.95
9.36
8.50
21,000
Feb 6, 2026
8.40
9.19
8.40
9.19
8.35
28,200
Feb 5, 2026
9.30
9.50
8.13
8.16
7.41
18,400
Feb 4, 2026
10.51
10.51
9.61
9.91
9.00
7,600
Feb 3, 2026
0.049 Dividend 

Feb 3, 2026
11.24
11.24
10.38
10.78
9.79
7,600
Feb 2, 2026
11.57
11.65
11.25
11.45
10.36
7,900
Jan 30, 2026
12.06
12.09
11.74
11.90
10.77
6,600
Jan 29, 2026
12.77
12.77
11.90
12.21
11.05
14,400
Jan 28, 2026
13.28
13.32
12.88
12.98
11.75
22,100
Jan 27, 2026
0.055 Dividend 

Jan 27, 2026
12.98
13.12
12.92
13.09
11.84
8,800
Jan 26, 2026
13.27
13.47
13.27
13.35
12.03
11,500
Jan 23, 2026
13.90
13.90
13.55
13.55
12.21
7,800
Jan 22, 2026
14.29
14.34
13.96
13.96
12.58
5,600
Jan 21, 2026
0.059 Dividend 

Jan 21, 2026
14.48
14.56
14.08
14.27
12.85
5,300
Jan 20, 2026
14.78
14.78
14.31
14.39
12.91
6,300
Jan 16, 2026
15.10
15.30
15.10
15.25
13.69
2,500
Jan 15, 2026
15.90
15.92
15.07
15.14
13.58
12,600
Jan 14, 2026
16.11
16.41
16.11
16.16
14.50
10,200
Jan 13, 2026
0.062 Dividend 

Jan 13, 2026
15.53
16.00
15.53
15.97
14.33
2,300
Jan 12, 2026
15.12
15.62
15.12
15.41
13.77
8,400
Jan 9, 2026
15.20
15.30
15.15
15.25
13.63
2,800
Jan 8, 2026
15.54
15.65
15.48
15.52
13.87
1,800
Jan 7, 2026
15.54
15.58
15.30
15.54
13.89
6,100
Jan 6, 2026
0.064 Dividend 

Jan 6, 2026
15.85
15.87
15.57
15.71
14.04
3,400
Jan 5, 2026
15.57
15.98
15.57
15.98
14.22
5,700
Jan 2, 2026
14.75
15.19
14.56
15.11
13.45
13,100
Dec 31, 2025
14.97
14.97
14.48
14.50
12.91
9,900
Dec 30, 2025
0.06 Dividend 

Dec 30, 2025
14.97
15.15
14.92
14.92
13.28
11,100
Dec 29, 2025
15.13
15.39
15.06
15.12
13.40
9,400
Dec 26, 2025
15.49
15.49
15.05
15.31
13.57
7,200
Dec 24, 2025
15.44
15.53
15.35
15.47
13.72
3,800
Dec 23, 2025
0.065 Dividend 

Dec 23, 2025
15.71
15.71
15.45
15.63
13.85
2,300
Dec 22, 2025
16.08
16.22
15.95
15.95
14.09
11,400
Dec 19, 2025
15.78
15.80
15.52
15.79
13.94
7,000
Dec 18, 2025
16.67
16.67
15.46
15.46
13.65
12,200
Dec 17, 2025
16.67
16.88
15.78
15.85
13.99
3,400
Dec 16, 2025
0.075 Dividend 

Dec 16, 2025
16.46
16.70
16.32
16.40
14.48
9,000
Dec 15, 2025
17.47
17.47
16.11
16.30
14.33
15,500
Dec 12, 2025
17.95
18.03
17.29
17.51
15.39
4,900
Dec 11, 2025
17.44
17.72
17.01
17.57
15.44
3,700
Dec 10, 2025
17.79
18.15
17.75
17.95
15.78
5,000
Dec 9, 2025
0.085 Dividend 

Dec 9, 2025
17.44
18.40
17.43
18.12
15.92
8,100
Dec 8, 2025
17.76
17.97
17.58
17.91
15.67
12,500
Dec 5, 2025
17.64
17.81
17.31
17.63
15.42
3,400
Dec 4, 2025
17.71
18.13
17.71
17.93
15.68
6,500
Dec 3, 2025
17.30
18.17
17.30
17.94
15.69
7,400
Dec 2, 2025
0.086 Dividend 

Dec 2, 2025
17.44
17.55
16.93
17.15
15.00
10,700
Dec 1, 2025
16.86
17.22
16.43
16.94
14.74
6,300
Nov 28, 2025
17.61
18.00
17.55
17.77
15.46
3,500
Nov 26, 2025
16.81
17.20
16.81
17.13
14.91
9,800
Nov 25, 2025
0.081 Dividend 

Nov 25, 2025
16.35
16.70
15.93
16.70
14.53
10,600
Nov 24, 2025
16.27
16.85
16.27
16.85
14.59
17,400
Nov 21, 2025
15.99
16.08
15.47
15.89
13.76
35,200
Nov 20, 2025
17.56
17.72
15.61
15.74
13.63
19,400
Nov 19, 2025
17.70
17.70
16.60
17.34
15.02
15,300
Nov 18, 2025
0.098 Dividend 

Nov 18, 2025
17.61
18.33
17.61
17.74
15.37
10,900
Nov 17, 2025
18.36
18.87
17.50
17.93
15.44
21,400
Nov 14, 2025
18.34
19.74
18.34
19.35
16.67
9,400
Nov 13, 2025
20.59
20.63
19.17
19.33
16.65
19,300
Nov 12, 2025
0.134 Dividend 

Nov 12, 2025
21.03
21.08
20.61
20.76
17.88
6,200
Nov 11, 2025
21.29
21.43
20.82
20.84
17.83
8,500
Nov 10, 2025
21.81
21.82
21.28
21.63
18.51
26,000
Nov 7, 2025
19.85
20.96
19.30
20.16
17.25
14,600
Nov 6, 2025
21.24
21.41
20.06
20.06
17.17
20,700
Nov 5, 2025
21.73
22.44
21.44
22.05
18.87
10,500
Nov 4, 2025
0.128 Dividend 

Nov 4, 2025
22.05
22.38
21.10
21.11
18.07
22,300
Nov 3, 2025
23.58
23.60
22.63
22.88
19.47
20,700
Oct 31, 2025
23.27
24.50
23.27
23.64
20.12
21,300
Oct 30, 2025
23.58
23.58
22.56
22.56
19.20
35,500
Oct 29, 2025
24.06
24.22
23.50
23.63
20.11
21,300
Oct 28, 2025
0.109 Dividend 

Oct 28, 2025
24.45
24.49
23.90
23.98
20.41
29,300
Oct 27, 2025
24.51
25.00
24.22
24.36
20.64
18,700
Oct 24, 2025
22.90
24.13
22.83
24.01
20.34
11,700
Oct 23, 2025
22.11
22.61
21.90
22.20
18.81
15,800
Oct 22, 2025
22.83
22.85
21.23
21.91
18.56
33,500
Oct 21, 2025
0.107 Dividend 

Oct 21, 2025
23.37
23.45
23.00
23.23
19.68
17,400
Oct 20, 2025
23.40
24.12
23.28
23.49
19.81
17,400
Oct 17, 2025
21.80
22.94
21.73
22.90
19.31
19,700
Oct 16, 2025
23.21
23.40
22.49
22.55
19.02
21,000
Oct 15, 2025
23.88
23.92
22.82
23.04
19.43
29,400
Oct 14, 2025
0.117 Dividend 

Oct 14, 2025
23.46
24.44
23.07
23.46
19.78
26,600
Oct 13, 2025
25.54
25.54
23.85
24.93
20.93
40,400
Oct 10, 2025
27.36
27.89
24.50
24.88
20.88
32,900
Oct 9, 2025
26.94
27.28
26.78
27.12
22.76
13,000
Oct 8, 2025
26.56
27.16
26.40
27.07
22.72
15,900
Oct 7, 2025
0.339 Dividend 

Oct 7, 2025
26.82
26.82
25.38
26.26
22.04
48,500
Oct 6, 2025
27.30
27.34
26.83
27.13
22.49
40,100
Oct 3, 2025
26.30
26.89
26.07
26.67
22.11
26,600
Oct 2, 2025
25.35
26.30
25.35
26.17
21.69
18,700
Oct 1, 2025
24.80
25.18
24.73
25.00
20.72
23,400
Sep 30, 2025
0.104 Dividend 

Sep 30, 2025
24.18
24.56
24.18
24.51
20.32
16,800
Sep 29, 2025
23.47
24.47
23.47
24.46
20.19
32,500
Sep 26, 2025
22.88
23.22
22.49
23.14
19.10
30,300
Sep 25, 2025
23.42
23.65
22.45
22.65
18.69
36,400
Sep 24, 2025
24.18
24.45
23.98
24.06
19.85
19,300
Sep 23, 2025
0.114 Dividend 

Sep 23, 2025
25.00
25.15
23.74
23.94
19.76
27,600
Sep 22, 2025
25.18
25.28
24.71
24.99
20.53
34,200
Sep 19, 2025
25.78
26.16
25.46
25.72
21.13
20,000
Sep 18, 2025
24.64
26.13
24.64
25.80
21.20
23,600
Sep 17, 2025
24.62
24.73
23.57
24.28
19.95
41,700
Sep 16, 2025
0.128 Dividend 

Sep 16, 2025
24.98
25.00
24.22
24.78
20.36
22,700
Sep 15, 2025
24.46
24.88
24.31
24.73
20.21
21,800
Sep 12, 2025
24.74
24.78
24.21
24.46
19.99
23,800
Sep 11, 2025
24.10
24.59
24.07
24.47
20.00
16,800
Sep 10, 2025
24.24
24.66
23.78
23.90
19.53
38,900
Sep 9, 2025
0.117 Dividend 

Sep 9, 2025
23.10
24.11
23.10
24.09
19.69
32,600
Sep 8, 2025
22.86
23.32
22.55
22.96
18.67
48,800
Sep 5, 2025
23.76
23.76
22.18
22.63
18.40
16,300
Sep 4, 2025
22.80
23.35
22.73
23.28
18.93
17,100
Sep 3, 2025
0.121 Dividend 

Sep 3, 2025
23.04
23.28
22.82
22.82
18.56
15,500
Sep 2, 2025
22.80
23.40
22.50
23.01
18.61
25,700
Aug 29, 2025
23.25
23.29
22.84
23.13
18.71
14,600
Aug 28, 2025
23.62
23.80
23.30
23.41
18.94
27,700
Aug 27, 2025
23.28
23.63
23.17
23.44
18.96
49,600
Aug 26, 2025
0.122 Dividend 

Aug 26, 2025
22.87
23.37
22.69
23.25
18.81
39,200
Aug 25, 2025
23.62
23.79
23.09
23.24
18.70
48,500
Aug 22, 2025
22.64
24.14
22.48
23.96
19.28
25,900
Aug 21, 2025
22.66
23.05
22.52
22.70
18.27
22,700
Aug 20, 2025
23.02
23.19
21.80
23.04
18.54
164,300
Aug 19, 2025
0.135 Dividend 

Aug 19, 2025
24.40
24.48
22.72
23.28
18.73
128,600
Aug 18, 2025
23.90
24.88
23.48
24.65
19.73
103,500
Aug 15, 2025
24.70
24.70
24.11
24.30
19.45
46,700
Aug 14, 2025
24.56
25.01
24.26
24.93
19.95
46,200
Aug 13, 2025
24.94
25.89
24.55
24.96
19.97
79,400
Aug 12, 2025
0.584 Dividend 

Aug 12, 2025
25.10
25.10
24.00
24.65
19.73
71,800
Aug 11, 2025
25.08
25.78
24.85
24.95
19.50
146,300
Aug 8, 2025
24.20
24.34
23.47
24.22
18.93
30,700
Aug 7, 2025
24.12
24.82
23.80
24.21
18.92
66,200
Aug 6, 2025
22.85
23.54
22.40
23.41
18.30
37,600
Aug 5, 2025
0.39 Dividend 

Aug 5, 2025
23.86
24.28
22.85
22.95
17.94
81,300
Aug 4, 2025
25.40
25.84
24.72
25.33
19.49
89,000
Aug 1, 2025
27.46
27.46
24.48
24.97
19.21
161,000
Jul 31, 2025
31.23
31.44
30.64
30.64
23.58
25,200
Jul 30, 2025
31.05
31.30
30.27
30.65
23.58
26,800
Jul 29, 2025
0.756 Dividend 

Jul 29, 2025
31.06
31.13
29.54
30.05
23.13
42,800
Jul 28, 2025
32.91
32.91
31.17
31.52
23.68
55,700
Jul 25, 2025
32.51
32.90
32.16
32.51
24.41
20,300
Jul 24, 2025
33.54
33.65
32.57
32.92
24.72
14,000
Jul 23, 2025
33.13
33.13
31.92
32.85
24.67
32,600
Jul 22, 2025
0.294 Dividend 

Jul 22, 2025
34.67
34.67
32.61
33.47
25.14
23,800
Jul 21, 2025
35.35
36.13
34.51
34.51
25.70
49,500
Jul 18, 2025
34.75
36.41
33.98
34.82
25.93
33,500
Jul 17, 2025
33.43
34.50
33.23
34.25
25.51
21,200
Jul 16, 2025
32.82
33.83
32.82
33.36
24.84
25,200
Jul 15, 2025
0.343 Dividend 

Jul 15, 2025
32.75
33.30
31.29
32.40
24.13
34,800
Jul 14, 2025
33.00
33.37
32.79
33.25
24.50
33,800
Jul 11, 2025
32.83
33.04
32.01
32.49
23.94
33,300
Jul 10, 2025
31.63
32.64
31.50
32.64
24.05
21,600
Jul 9, 2025
30.65
31.79
30.30
31.79
23.43
23,600
Jul 8, 2025
0.274 Dividend 

Jul 8, 2025
30.80
30.80
29.67
30.32
22.34
35,500
Jul 7, 2025
30.37
31.04
30.12
30.70
22.42
36,100
Jul 3, 2025
30.22
30.44
30.18
30.42
22.22
4,000
Jul 2, 2025
28.98
30.41
28.80
30.22
22.07
11,800
Jul 1, 2025
0.309 Dividend 

Jul 1, 2025
28.50
29.71
28.40
28.40
20.75
7,400
Jun 30, 2025
30.73
30.73
29.88
30.08
21.74
18,300
Jun 27, 2025
30.97
30.97
29.89
30.17
21.81
21,900
Jun 26, 2025
30.75
31.56
30.70
31.27
22.61
21,000
Jun 25, 2025
30.58
30.85
29.64
30.28
21.89
14,500
Jun 24, 2025
0.442 Dividend 

Jun 24, 2025
27.89
29.81
27.73
29.70
21.47
11,100
Jun 23, 2025
27.20
28.15
27.00
27.70
19.71
4,000
Jun 20, 2025
27.44
27.78
27.20
27.68
19.69
9,800
Jun 18, 2025
24.36
26.90
24.36
26.90
19.14
9,700
Jun 17, 2025
0.307 Dividend 

Jun 17, 2025
24.50
24.69
23.84
24.32
17.30
14,300
Jun 16, 2025
24.02
25.20
23.96
25.10
17.64
31,800
Jun 13, 2025
23.00
23.55
22.67
23.55
16.55
6,600
Jun 12, 2025
24.06
24.06
23.20
23.37
16.42
11,300
Jun 11, 2025
24.86
25.26
24.27
24.41
17.15
9,900
Jun 10, 2025
25.21
25.21
24.50
24.79
17.42
4,600
Jun 9, 2025
24.75
24.92
24.53
24.92
17.51
3,800
Jun 6, 2025
24.59
24.69
24.35
24.35
17.11
2,400
Jun 5, 2025
25.01
25.09
23.22
23.65
16.62
85,800
Jun 4, 2025
25.12
25.15
24.68
24.78
17.41
6,900
