Date
Open
High
Low
Close 

Adj Close 

Volume
Jun 5, 2026
9.53
9.53
8.69
9.01
9.01
301,600
Jun 4, 2026
9.90
10.06
9.75
9.92
9.92
170,000
Jun 3, 2026
10.50
10.50
9.83
9.83
9.83
236,900
Jun 2, 2026
10.90
10.98
10.49
10.66
10.66
267,200
Jun 1, 2026
0.126 Dividend 

Jun 1, 2026
11.06
11.58
10.83
11.29
11.29
155,600
May 29, 2026
11.25
12.09
11.16
11.88
11.75
291,200
May 28, 2026
10.55
11.42
10.41
11.40
11.28
177,100
May 27, 2026
10.93
11.19
10.77
10.77
10.65
219,000
May 26, 2026
0.16 Dividend 

May 26, 2026
11.69
11.81
11.17
11.21
11.09
211,300
May 22, 2026
12.49
12.50
11.75
11.78
11.50
176,700
May 21, 2026
12.17
12.59
11.98
12.41
12.11
160,700
May 20, 2026
12.45
12.65
12.18
12.25
11.96
138,600
May 19, 2026
11.99
12.56
11.90
12.45
12.15
85,100
May 18, 2026
0.213 Dividend 

May 18, 2026
12.28
12.46
11.74
12.14
11.85
197,500
May 15, 2026
13.63
13.63
12.59
12.80
12.28
291,600
May 14, 2026
13.25
14.88
12.81
14.07
13.50
232,300
May 13, 2026
13.53
13.53
12.98
13.33
12.79
158,300
May 12, 2026
14.12
14.53
13.25
13.77
13.21
139,100
May 11, 2026
0.148 Dividend 

May 11, 2026
13.14
14.55
12.66
14.45
13.87
212,100
May 8, 2026
12.23
13.39
11.97
13.37
12.69
195,600
May 7, 2026
12.98
13.14
12.56
12.78
12.13
195,900
May 6, 2026
13.10
13.19
12.81
13.16
12.49
222,800
May 5, 2026
13.97
13.97
12.88
13.16
12.49
151,600
May 4, 2026
0.17 Dividend 

May 4, 2026
13.23
13.82
13.15
13.58
12.89
120,500
May 1, 2026
12.86
13.07
12.68
12.75
11.94
134,100
Apr 30, 2026
12.07
12.65
11.90
12.52
11.72
110,700
Apr 29, 2026
12.51
12.51
11.70
12.05
11.28
161,800
Apr 28, 2026
12.77
13.18
12.62
13.01
12.18
86,300
Apr 27, 2026
0.265 Dividend 

Apr 27, 2026
13.50
13.78
13.13
13.27
12.43
87,300
Apr 24, 2026
13.91
13.91
13.50
13.79
12.67
120,300
Apr 23, 2026
14.00
14.25
13.32
13.65
12.54
121,500
Apr 22, 2026
14.17
14.71
14.00
14.32
13.15
88,500
Apr 21, 2026
14.71
14.71
13.37
13.46
12.36
161,900
Apr 20, 2026
0.147 Dividend 

Apr 20, 2026
13.90
14.80
13.82
14.78
13.57
86,800
Apr 17, 2026
14.39
15.22
14.21
14.50
13.18
161,800
Apr 16, 2026
13.70
13.99
13.02
13.95
12.68
164,200
Apr 15, 2026
12.74
13.66
12.65
13.66
12.42
111,100
Apr 14, 2026
12.27
12.89
12.27
12.68
11.53
123,300
Apr 13, 2026
0.206 Dividend 

Apr 13, 2026
11.10
11.99
11.08
11.99
10.90
114,700
Apr 10, 2026
11.71
11.71
11.17
11.58
10.34
124,700
Apr 9, 2026
12.18
12.24
11.46
11.68
10.43
72,800
Apr 8, 2026
13.18
13.30
12.00
12.19
10.89
74,600
Apr 7, 2026
11.89
12.20
11.43
12.20
10.89
61,200
Apr 6, 2026
0.064 Dividend 

Apr 6, 2026
12.18
12.36
12.04
12.13
10.83
53,800
Apr 2, 2026
11.60
12.00
11.28
11.89
10.56
100,000
Apr 1, 2026
12.49
12.49
12.00
12.08
10.73
77,300
Mar 31, 2026
11.26
12.27
11.19
12.20
10.84
121,500
Mar 30, 2026
0.21 Dividend 

Mar 30, 2026
11.37
11.48
10.87
11.03
9.80
93,700
Mar 27, 2026
11.92
11.92
11.19
11.30
9.85
118,200
Mar 26, 2026
12.72
12.90
12.25
12.36
10.77
71,000
Mar 25, 2026
13.40
13.86
12.95
13.05
11.37
66,900
Mar 24, 2026
14.67
14.85
12.73
13.06
11.38
119,000
Mar 23, 2026
0.189 Dividend 

Mar 23, 2026
14.55
15.00
14.35
14.77
12.88
70,100
Mar 20, 2026
15.15
15.19
14.44
14.64
12.60
759,100
Mar 19, 2026
14.51
15.32
14.25
15.18
13.06
63,400
Mar 18, 2026
15.53
15.66
15.00
15.14
13.03
80,100
Mar 17, 2026
15.11
16.08
15.11
15.86
13.65
96,700
Mar 16, 2026
0.284 Dividend 

Mar 16, 2026
15.05
15.41
14.78
15.17
13.05
77,400
Mar 13, 2026
15.57
15.80
14.64
14.81
12.50
112,400
Mar 12, 2026
14.86
14.91
14.53
14.61
12.33
41,800
Mar 11, 2026
15.02
15.41
14.52
15.09
12.73
37,200
Mar 10, 2026
15.75
15.75
14.75
14.88
12.55
89,100
Mar 9, 2026
0.202 Dividend 

Mar 9, 2026
15.00
15.45
14.54
15.15
12.78
68,400
Mar 6, 2026
15.18
15.61
14.94
15.12
12.59
91,300
Mar 5, 2026
15.97
16.59
15.55
15.93
13.26
85,000
Mar 4, 2026
14.99
16.47
14.99
16.23
13.51
169,600
Mar 3, 2026
13.34
14.14
12.90
13.79
11.48
105,100
Mar 2, 2026
0.201 Dividend 

Mar 2, 2026
12.97
14.07
12.95
14.07
11.71
117,600
Feb 27, 2026
13.39
13.60
13.07
13.41
11.00
83,400
Feb 26, 2026
13.98
14.29
13.54
13.90
11.40
90,800
Feb 25, 2026
13.04
14.31
12.92
14.20
11.65
97,900
Feb 24, 2026
11.60
12.17
11.35
12.14
9.96
76,100
Feb 23, 2026
0.169 Dividend 

Feb 23, 2026
12.57
12.68
11.88
12.04
9.87
87,400
Feb 20, 2026
12.65
13.48
12.60
13.19
10.68
330,300
Feb 19, 2026
12.38
12.82
12.31
12.67
10.26
36,000
Feb 18, 2026
12.63
13.40
12.49
12.53
10.14
123,900
Feb 17, 2026
0.077 Dividend 

Feb 17, 2026
12.40
13.07
12.02
12.72
10.30
73,900
Feb 13, 2026
11.57
12.90
10.94
12.62
10.16
430,300
Feb 12, 2026
11.59
11.59
10.31
10.49
8.44
112,800
Feb 11, 2026
12.05
12.05
11.20
11.58
9.32
171,300
Feb 10, 2026
12.52
12.94
12.40
12.46
10.03
164,100
Feb 9, 2026
0.103 Dividend 

Feb 9, 2026
12.29
12.93
12.18
12.93
10.40
102,900
Feb 6, 2026
11.80
12.83
11.50
12.79
10.21
255,100
Feb 5, 2026
12.30
12.81
10.92
10.93
8.72
265,300
Feb 4, 2026
13.92
13.92
12.73
13.08
10.44
246,600
Feb 3, 2026
15.00
15.00
13.67
14.16
11.30
137,000
Feb 2, 2026
0.108 Dividend 

Feb 2, 2026
15.13
15.27
14.73
15.02
11.99
143,300
Jan 30, 2026
16.00
16.16
15.40
15.79
12.52
182,100
Jan 29, 2026
16.90
16.90
15.72
16.24
12.87
239,600
Jan 28, 2026
17.59
17.67
17.00
17.16
13.60
97,600
Jan 27, 2026
17.71
17.71
17.06
17.32
13.73
108,400
Jan 26, 2026
0.234 Dividend 

Jan 26, 2026
17.49
17.80
17.46
17.56
13.92
71,400
Jan 23, 2026
18.74
18.74
18.09
18.27
14.30
256,400
Jan 22, 2026
19.34
19.58
18.81
18.81
14.72
87,800
Jan 21, 2026
19.36
19.75
18.84
19.32
15.12
82,300
Jan 20, 2026
0.251 Dividend 

Jan 20, 2026
19.81
20.02
19.15
19.38
15.17
114,000
Jan 16, 2026
20.77
21.18
20.45
21.03
16.26
104,400
Jan 15, 2026
22.06
22.06
20.61
20.70
16.01
99,000
Jan 14, 2026
22.64
23.19
22.24
22.45
17.36
77,900
Jan 13, 2026
21.23
22.43
21.23
22.09
17.08
68,600
Jan 12, 2026
0.23 Dividend 

Jan 12, 2026
20.96
21.58
20.67
21.23
16.42
79,800
Jan 9, 2026
21.80
21.85
20.75
21.19
16.21
107,700
Jan 8, 2026
21.64
22.16
21.37
21.70
16.60
53,200
Jan 7, 2026
22.12
22.12
21.16
21.75
16.64
53,500
Jan 6, 2026
22.84
22.90
21.73
22.23
17.00
91,000
Jan 5, 2026
0.24 Dividend 

Jan 5, 2026
21.76
23.09
21.76
22.64
17.32
93,000
Jan 2, 2026
20.38
21.16
19.86
20.95
15.84
70,000
Dec 31, 2025
20.40
20.51
19.86
19.86
15.02
84,700
Dec 30, 2025
20.67
20.94
20.44
20.44
15.45
96,100
Dec 29, 2025
0.212 Dividend 

Dec 29, 2025
20.74
21.33
20.60
20.74
15.68
77,500
Dec 26, 2025
21.66
21.66
20.87
21.32
15.96
98,700
Dec 24, 2025
21.65
21.67
21.30
21.56
16.14
36,400
Dec 23, 2025
21.99
22.07
21.48
21.84
16.35
117,900
Dec 22, 2025
0.347 Dividend 

Dec 22, 2025
22.81
23.15
22.40
22.51
16.85
120,200
Dec 19, 2025
22.55
22.62
22.03
22.48
16.57
229,300
Dec 18, 2025
23.37
23.63
21.85
21.86
16.11
286,000
Dec 17, 2025
23.41
24.10
22.36
22.48
16.57
193,500
Dec 16, 2025
23.39
23.78
23.13
23.39
17.24
78,800
Dec 15, 2025
0.364 Dividend 

Dec 15, 2025
25.03
25.03
22.76
23.02
16.97
124,000
Dec 12, 2025
25.86
26.48
24.93
25.39
18.44
228,300
Dec 11, 2025
25.47
25.81
24.66
25.66
18.64
202,800
Dec 10, 2025
26.10
26.75
25.87
26.31
19.11
177,400
Dec 9, 2025
25.73
27.36
25.40
26.60
19.32
157,700
Dec 8, 2025
0.433 Dividend 

Dec 8, 2025
26.00
26.40
25.78
26.17
19.01
119,700
Dec 5, 2025
26.25
26.51
25.59
26.19
18.71
114,200
Dec 4, 2025
26.56
27.30
26.34
26.60
19.00
62,300
Dec 3, 2025
26.00
27.03
25.50
26.94
19.25
60,800
Dec 2, 2025
25.76
26.42
25.42
25.42
18.16
87,700
Dec 1, 2025
0.184 Dividend 

Dec 1, 2025
25.12
25.65
24.13
25.02
17.88
129,400
Nov 28, 2025
26.90
27.45
26.34
26.76
18.99
83,700
Nov 26, 2025
24.71
25.93
24.57
25.76
18.28
88,800
Nov 25, 2025
23.87
24.59
23.00
24.59
17.45
63,700
Nov 24, 2025
0.331 Dividend 

Nov 24, 2025
23.51
24.94
23.35
24.68
17.51
80,800
Nov 21, 2025
23.67
23.92
22.24
23.35
16.33
332,500
Nov 20, 2025
25.76
26.02
22.83
22.99
16.08
212,400
Nov 19, 2025
25.85
25.98
24.15
25.35
17.73
157,400
Nov 18, 2025
25.79
26.94
25.79
25.86
18.09
129,400
Nov 17, 2025
0.326 Dividend 

Nov 17, 2025
27.23
27.78
25.46
26.11
18.26
195,400
Nov 14, 2025
27.02
29.89
26.96
28.86
19.96
161,700
Nov 13, 2025
31.18
31.37
28.50
28.75
19.88
196,100
Nov 12, 2025
32.07
32.33
31.15
31.42
21.73
151,200
Nov 11, 2025
32.47
33.00
31.39
31.40
21.72
167,100
Nov 10, 2025
0.491 Dividend 

Nov 10, 2025
33.86
34.02
32.47
33.11
22.90
146,900
Nov 7, 2025
30.03
32.73
29.26
32.54
22.16
243,400
Nov 6, 2025
33.64
33.64
30.71
30.82
20.99
202,700
Nov 5, 2025
33.38
34.50
32.85
33.95
23.12
131,700
Nov 4, 2025
34.00
34.61
32.34
32.38
22.06
222,200
Nov 3, 2025
0.651 Dividend 

Nov 3, 2025
36.74
36.92
34.80
35.39
24.11
249,600
Oct 31, 2025
36.82
40.02
36.82
37.80
25.30
294,900
Oct 30, 2025
37.50
37.65
35.72
35.87
24.01
149,100
Oct 29, 2025
39.65
39.82
37.90
38.45
25.74
113,100
Oct 28, 2025
40.35
40.92
39.20
39.20
26.24
129,100
Oct 27, 2025
0.465 Dividend 

Oct 27, 2025
40.41
41.60
39.61
40.15
26.88
226,100
Oct 24, 2025
37.00
39.99
36.91
39.69
26.26
210,700
Oct 23, 2025
35.55
36.19
34.92
35.51
23.49
107,600
Oct 22, 2025
36.97
37.02
33.90
35.19
23.28
207,200
Oct 21, 2025
38.11
38.38
37.20
37.62
24.89
124,400
Oct 20, 2025
0.801 Dividend 

Oct 20, 2025
38.13
39.61
37.81
38.17
25.25
165,300
Oct 17, 2025
35.86
38.11
35.60
38.11
24.68
236,400
Oct 16, 2025
38.48
38.95
37.09
37.31
24.16
179,500
Oct 15, 2025
39.46
39.63
37.63
38.15
24.71
176,900
Oct 14, 2025
1.158 Dividend 

Oct 14, 2025
38.79
40.44
37.90
38.87
25.17
193,900
Oct 13, 2025
43.33
43.33
40.42
42.20
26.58
276,000
Oct 10, 2025
46.58
48.60
41.44
42.19
26.58
444,200
Oct 9, 2025
46.16
47.18
45.82
46.52
29.30
179,800
Oct 8, 2025
45.38
46.94
44.90
46.42
29.24
173,800
Oct 7, 2025
46.30
46.56
43.07
44.78
28.21
316,500
Oct 6, 2025
0.532 Dividend 

Oct 6, 2025
46.82
47.21
45.56
46.40
29.23
264,600
Oct 3, 2025
45.18
46.48
44.68
45.92
28.59
463,600
Oct 2, 2025
42.57
45.48
42.49
44.99
28.01
358,100
Oct 1, 2025
40.97
41.84
40.51
41.37
25.76
327,800
Sep 30, 2025
39.10
40.18
39.10
40.06
24.94
237,000
Sep 29, 2025
1.34 Dividend 

Sep 29, 2025
37.25
39.64
37.10
39.63
24.67
529,100
Sep 26, 2025
37.45
38.16
36.54
38.00
22.82
367,100
Sep 25, 2025
38.31
38.69
36.65
37.12
22.30
200,100
Sep 24, 2025
39.66
40.08
39.22
39.34
23.63
185,000
Sep 23, 2025
41.16
41.26
38.72
39.13
23.50
389,200
Sep 22, 2025
0.595 Dividend 

Sep 22, 2025
41.17
41.43
40.31
40.71
24.45
158,500
Sep 19, 2025
43.19
44.02
42.29
42.95
25.44
154,500
Sep 18, 2025
40.63
44.42
40.23
43.16
25.56
235,800
Sep 17, 2025
40.60
40.94
38.69
39.81
23.58
142,200
Sep 16, 2025
41.41
41.56
39.89
40.83
24.18
157,600
Sep 15, 2025
0.913 Dividend 

Sep 15, 2025
40.14
40.89
39.89
40.69
24.10
145,700
Sep 12, 2025
41.88
41.88
40.60
41.11
23.81
279,300
Sep 11, 2025
40.44
41.49
40.00
41.27
23.90
252,500
Sep 10, 2025
40.95
41.74
39.56
39.93
23.13
136,100
Sep 9, 2025
38.22
40.53
38.22
40.46
23.43
210,400
Sep 8, 2025
0.414 Dividend 

Sep 8, 2025
37.75
38.55
37.17
37.93
21.97
160,800
Sep 5, 2025
40.01
40.24
36.91
37.96
21.75
167,900
Sep 4, 2025
38.42
39.19
38.15
39.13
22.42
83,700
Sep 3, 2025
38.89
39.25
38.27
38.46
22.03
81,500
Sep 2, 2025
0.575 Dividend 

Sep 2, 2025
38.05
39.55
37.37
38.59
22.11
104,800
Aug 29, 2025
39.66
39.92
38.83
39.41
22.25
65,200
Aug 28, 2025
40.64
41.12
39.66
39.95
22.55
65,000
Aug 27, 2025
39.83
40.51
39.67
40.11
22.64
62,200
Aug 26, 2025
39.37
40.06
38.75
40.06
22.61
105,600
Aug 25, 2025
0.624 Dividend 

Aug 25, 2025
40.61
41.10
39.50
39.62
22.37
150,900
Aug 22, 2025
39.41
42.80
39.04
42.46
23.62
130,300
Aug 21, 2025
39.57
39.94
39.15
39.33
21.88
96,300
Aug 20, 2025
39.86
40.17
37.88
40.02
22.26
116,000
Aug 19, 2025
42.59
42.83
39.55
39.67
22.06
111,800
Aug 18, 2025
1.074 Dividend 

Aug 18, 2025
41.28
43.14
40.44
42.64
23.72
159,100
Aug 15, 2025
44.06
44.06
42.75
43.24
23.45
89,000
Aug 14, 2025
43.64
44.66
42.65
44.32
24.04
100,900
Aug 13, 2025
44.67
47.61
43.81
44.77
24.28
81,900
Aug 12, 2025
44.99
44.99
42.66
43.88
23.80
72,400
Aug 11, 2025
0.329 Dividend 

Aug 11, 2025
43.87
45.66
43.40
43.42
23.55
105,200
Aug 8, 2025
42.47
42.85
40.90
42.40
22.82
155,700
Aug 7, 2025
42.55
43.64
41.83
42.52
22.88
119,300
Aug 6, 2025
40.35
41.46
39.59
41.21
22.18
82,100
Aug 5, 2025
41.93
42.64
40.22
40.35
21.72
119,000
Aug 4, 2025
0.58 Dividend 

Aug 4, 2025
43.97
44.43
42.47
43.77
23.56
137,300
Aug 1, 2025
47.41
47.63
43.00
43.78
23.25
265,900
Jul 31, 2025
55.79
56.36
54.79
54.85
29.13
122,600
Jul 30, 2025
55.77
56.23
54.00
54.84
29.12
79,800
Jul 29, 2025
55.95
56.02
52.70
53.77
28.55
132,500
Jul 28, 2025
1.032 Dividend 

Jul 28, 2025
57.92
57.92
54.38
55.17
29.30
189,400
Jul 25, 2025
58.44
59.19
57.25
58.31
30.41
190,000
Jul 24, 2025
60.52
60.66
58.65
59.27
30.92
56,600
Jul 23, 2025
59.96
59.96
57.50
59.46
31.02
65,500
Jul 22, 2025
63.49
63.49
59.08
60.47
31.54
134,800
Jul 21, 2025
0.946 Dividend 

Jul 21, 2025
64.72
66.38
62.18
62.46
32.58
133,200
Jul 18, 2025
64.49
68.77
62.00
64.52
33.16
109,000
Jul 17, 2025
60.79
63.67
60.00
62.88
32.32
70,300
Jul 16, 2025
59.62
61.82
59.51
60.40
31.05
54,300
Jul 15, 2025
59.37
60.82
56.27
58.70
30.17
42,900
Jul 14, 2025
0.799 Dividend 

Jul 14, 2025
59.71
60.50
58.91
59.67
30.67
74,800
Jul 11, 2025
59.95
60.74
57.76
59.23
30.03
102,800
Jul 10, 2025
56.76
59.70
56.49
59.70
30.27
67,700
Jul 9, 2025
54.26
56.96
53.42
56.96
28.88
81,500
Jul 8, 2025
54.80
55.97
52.54
53.60
27.18
64,300
Jul 7, 2025
0.878 Dividend 

Jul 7, 2025
53.38
55.07
52.74
54.02
27.39
78,800
Jul 3, 2025
53.60
54.81
53.31
54.41
27.14
64,200
Jul 2, 2025
51.93
54.82
51.80
54.41
27.14
45,800
Jul 1, 2025
51.79
54.06
50.69
50.73
25.31
54,300
Jun 30, 2025
0.768 Dividend 

Jun 30, 2025
55.09
55.49
53.32
53.69
26.78
92,300
Jun 27, 2025
58.09
58.26
53.85
54.82
26.97
127,300
Jun 26, 2025
55.08
60.00
55.08
59.00
29.02
72,500
Jun 25, 2025
56.42
57.75
53.34
55.37
27.24
78,900
Jun 24, 2025
47.86
54.08
47.86
53.34
26.24
79,100
Jun 23, 2025
0.346 Dividend 

Jun 23, 2025
45.79
47.91
44.63
46.70
22.97
36,700
Jun 20, 2025
46.25
47.45
45.60
47.26
23.08
43,400
Jun 18, 2025
37.49
45.58
37.49
44.94
21.94
79,700
Jun 17, 2025
38.20
38.60
36.80
37.70
18.41
37,300
Jun 16, 2025
0.455 Dividend 

Jun 16, 2025
36.65
39.24
36.30
39.04
19.06
31,200
Jun 13, 2025
35.29
36.14
34.78
36.14
17.42
69,000
Jun 12, 2025
36.93
36.94
35.58
35.85
17.28
23,000
Jun 11, 2025
38.85
39.17
37.31
37.57
18.11
14,300
Jun 10, 2025
39.15
39.62
38.00
38.41
18.52
15,900
Jun 9, 2025
0.322 Dividend 

Jun 9, 2025
38.66
38.86
37.90
38.73
18.67
20,700
Jun 6, 2025
37.97
38.70
37.88
38.07
18.20
23,600
Jun 5, 2025
39.72
40.33
36.59
36.79
17.59
33,900
Jun 4, 2025
39.23
39.70
38.64
38.76
18.53
27,800
Jun 3, 2025
37.62
39.69
37.31
39.49
18.88
22,900
Jun 2, 2025
0.503 Dividend 

Jun 2, 2025
37.47
37.48
36.78
37.26
17.81
25,400
May 30, 2025
37.85
38.33
37.33
37.73
17.80
47,600
May 29, 2025
40.09
40.09
37.92
38.20
18.02
20,000
May 28, 2025
41.44
41.44
39.17
39.17
18.48
22,700
May 27, 2025
0.654 Dividend 

May 27, 2025
42.15
42.15
41.28
41.51
19.58
22,800
May 23, 2025
41.61
42.10
41.19
41.63
19.33
26,600
May 22, 2025
41.82
44.35
41.55
43.39
20.15
12,900
May 21, 2025
41.18
42.75
40.71
40.80
18.94
13,900
May 20, 2025
41.67
41.99
40.39
41.25
19.15
15,000
May 19, 2025
0.336 Dividend 

May 19, 2025
41.18
42.21
41.18
41.64
19.33
17,600
May 16, 2025
39.78
43.16
39.78
42.55
19.60
30,500
May 15, 2025
40.84
40.93
38.08
38.43
17.70
32,500
May 14, 2025
40.88
42.17
40.58
42.02
19.36
32,700
May 13, 2025
36.50
41.33
36.50
40.93
18.85
34,700
May 12, 2025
0.366 Dividend 

May 12, 2025
32.14
32.72
31.52
31.66
14.58
19,000
May 9, 2025
31.72
33.13
30.61
30.75
14.00
28,400
May 8, 2025
31.94
32.72
31.58
32.08
14.60
15,500
May 7, 2025
30.93
30.93
29.80
30.20
13.75
19,100
May 6, 2025
29.90
30.62
29.77
30.47
13.87
11,100
May 5, 2025
0.517 Dividend 

May 5, 2025
31.25
31.52
30.65
30.81
14.02
23,600
May 2, 2025
32.38
33.02
31.99
32.25
14.44
36,900
May 1, 2025
32.90
32.95
31.75
31.75
14.22
7,200
Apr 30, 2025
31.46
31.88
30.71
31.88
14.28
8,700
Apr 29, 2025
32.08
32.75
32.08
32.59
14.60
8,100
Apr 28, 2025
0.364 Dividend 

Apr 28, 2025
32.94
32.99
31.33
32.45
14.53
22,000
Apr 25, 2025
32.99
33.92
32.65
33.68
14.92
20,200
Apr 24, 2025
30.68
32.59
30.67
32.59
14.44
6,600
Apr 23, 2025
31.74
32.01
30.74
30.86
13.67
8,100
Apr 22, 2025
27.80
30.48
27.80
30.02
13.30
13,100
Apr 21, 2025
0.431 Dividend 

Apr 21, 2025
27.65
27.70
26.52
27.18
12.04
7,100
Apr 17, 2025
27.25
27.95
27.00
27.62
12.05
8,900
Apr 16, 2025
27.30
27.55
26.51
27.05
11.80
9,300
Apr 15, 2025
28.33
28.33
27.32
27.75
12.10
11,600
Apr 14, 2025
0.295 Dividend 

Apr 14, 2025
28.48
28.85
27.49
27.94
12.18
7,800
Apr 11, 2025
27.26
28.46
27.08
28.46
12.28
24,800
Apr 10, 2025
27.14
27.44
25.16
26.83
11.58
4,200
Apr 9, 2025
23.14
29.42
23.14
28.34
12.23
16,100
Apr 8, 2025
25.92
26.41
23.10
23.34
10.07
24,300
Apr 7, 2025
0.26 Dividend 

Apr 7, 2025
24.27
25.13
21.82
24.64
10.63
20,900
Apr 4, 2025
26.50
26.50
23.66
25.43
10.86
15,300
Apr 3, 2025
27.18
27.70
26.47
27.50
11.74
16,200
Apr 2, 2025
27.58
29.88
27.58
29.87
12.76
6,000
Apr 1, 2025
27.39
28.50
27.39
28.26
12.07
8,700
Mar 31, 2025
0.487 Dividend 

Mar 31, 2025
27.47
28.07
26.59
27.81
11.88
13,600
Mar 28, 2025
31.17
31.17
28.57
29.23
12.28
18,400
Mar 27, 2025
31.95
32.67
31.78
31.78
13.35
5,000
Mar 26, 2025
34.70
34.85
32.62
32.81
13.78
7,700
Mar 25, 2025
34.49
35.35
33.81
34.75
14.60
8,200
Mar 24, 2025
0.183 Dividend 

Mar 24, 2025
33.43
34.51
33.02
34.51
14.50
6,800
Mar 21, 2025
31.39
32.09
31.05
32.09
13.40
7,100
Mar 20, 2025
32.53
32.53
31.49
32.17
13.44
7,500
Mar 19, 2025
31.44
32.75
30.97
32.16
13.43
14,500
Mar 18, 2025
31.06
31.27
30.00
30.44
12.71
8,800
Mar 17, 2025
0.568 Dividend 

Mar 17, 2025
30.56
32.65
30.40
32.08
13.40
10,600
Mar 14, 2025
31.73
32.04
30.69
31.40
12.88
18,400
Mar 13, 2025
31.92
32.27
30.20
30.20
12.38
3,500
Mar 12, 2025
34.26
34.45
32.00
33.22
13.62
8,900
Mar 11, 2025
32.44
33.94
32.00
33.26
13.64
4,000
Mar 10, 2025
0.345 Dividend 

Mar 10, 2025
36.22
36.22
30.54
30.54
12.52
6,000
Mar 7, 2025
39.48
39.67
37.63
39.11
15.90
6,100
Mar 6, 2025
40.45
40.45
38.43
38.47
15.64
1,800
Mar 5, 2025
38.02
40.24
38.02
40.24
16.36
2,400
Mar 4, 2025
35.19
38.40
34.53
38.00
15.45
6,100
Mar 3, 2025
0.311 Dividend 

Mar 3, 2025
42.45
42.45
35.35
35.35
14.37
7,300
Feb 28, 2025
36.61
39.12
36.61
39.03
15.74
3,700
Feb 27, 2025
38.00
39.15
37.62
37.62
15.17
1,300
Feb 26, 2025
39.35
39.35
38.01
38.44
15.50
2,200
Feb 25, 2025
38.77
38.79
37.69
38.29
15.44
2,800
Feb 24, 2025
43.60
43.60
41.69
41.69
16.81
4,600
Feb 21, 2025
50.12
50.12
43.64
43.64
17.60
2,100
Feb 20, 2025
49.45
49.46
47.50
48.41
19.52
10,500
Feb 19, 2025
50.27
50.27
48.81
48.85
19.70
10,900
