Date
Open
High
Low
Close 

Adj Close 

Volume

May 22, 2026
25.60
25.73
24.56
24.58
24.58
503,200
May 21, 2026
0.343 Dividend 

May 21, 2026
25.12
25.76
24.87
25.61
25.61
480,600
May 20, 2026
25.91
26.24
25.49
25.67
25.33
456,000
May 19, 2026
25.27
26.08
24.92
25.89
25.54
309,700
May 18, 2026
25.61
25.92
24.73
25.40
25.06
548,000
May 15, 2026
27.29
27.29
25.75
26.09
25.74
635,800
May 14, 2026
0.563 Dividend 

May 14, 2026
26.96
29.07
26.30
27.84
27.47
721,000
May 13, 2026
27.79
27.79
27.09
27.50
26.58
603,500
May 12, 2026
28.60
29.23
27.33
28.04
27.10
391,800
May 11, 2026
27.25
29.21
26.53
29.03
28.06
779,900
May 8, 2026
25.85
27.22
25.45
27.19
26.28
889,300
May 7, 2026
0.446 Dividend 

May 7, 2026
26.86
26.94
26.12
26.35
25.47
473,700
May 6, 2026
27.22
27.46
26.90
27.37
26.02
491,600
May 5, 2026
28.64
28.64
27.02
27.38
26.03
408,300
May 4, 2026
27.51
28.40
27.44
27.94
26.56
439,900
May 1, 2026
26.64
26.99
26.47
26.67
25.35
254,600
Apr 30, 2026
0.531 Dividend 

Apr 30, 2026
25.51
26.42
25.24
26.19
24.90
271,500
Apr 29, 2026
26.79
26.79
25.44
25.99
24.20
584,600
Apr 28, 2026
27.25
27.77
26.92
27.59
25.69
256,400
Apr 27, 2026
28.13
28.75
27.72
27.83
25.92
218,000
Apr 24, 2026
28.40
28.42
27.82
28.20
26.26
247,600
Apr 23, 2026
0.416 Dividend 

Apr 23, 2026
28.45
28.73
27.40
27.88
25.96
238,200
Apr 22, 2026
29.01
29.85
28.83
29.23
26.83
302,100
Apr 21, 2026
29.80
29.80
27.83
27.92
25.63
1,042,600
Apr 20, 2026
28.52
29.90
28.46
29.82
27.38
307,500
Apr 17, 2026
29.03
30.37
28.76
29.22
26.82
924,400
Apr 16, 2026
0.383 Dividend 

Apr 16, 2026
28.09
28.46
27.00
28.44
26.11
271,000
Apr 15, 2026
27.02
28.40
26.85
28.37
25.69
309,600
Apr 14, 2026
26.40
27.28
26.40
26.93
24.39
285,500
Apr 13, 2026
24.71
25.85
24.62
25.82
23.38
399,000
Apr 10, 2026
25.15
25.22
24.40
25.07
22.70
265,700
Apr 9, 2026
0.377 Dividend 

Apr 9, 2026
25.85
25.92
24.77
25.12
22.75
285,900
Apr 8, 2026
27.57
27.76
25.87
26.13
23.32
357,700
Apr 7, 2026
25.78
26.09
25.00
26.08
23.28
216,100
Apr 6, 2026
26.02
26.37
25.85
26.01
23.22
235,900
Apr 2, 2026
0.376 Dividend 

Apr 2, 2026
25.16
25.77
24.60
25.64
22.89
352,100
Apr 1, 2026
26.88
26.92
26.00
26.17
23.02
283,500
Mar 31, 2026
24.85
26.50
24.76
26.34
23.17
327,400
Mar 30, 2026
25.06
25.28
24.15
24.51
21.56
321,800
Mar 27, 2026
25.45
25.56
24.31
24.53
21.58
428,200
Mar 26, 2026
0.533 Dividend 

Mar 26, 2026
26.69
27.07
25.99
26.23
23.08
368,000
Mar 25, 2026
28.34
29.09
27.62
27.73
23.93
478,500
Mar 24, 2026
30.11
30.43
27.25
27.74
23.93
448,200
Mar 23, 2026
29.99
30.67
29.74
30.27
26.12
293,100
Mar 20, 2026
30.30
30.41
29.54
29.86
25.76
240,700
Mar 19, 2026
0.614 Dividend 

Mar 19, 2026
29.33
30.45
29.00
30.30
26.14
215,500
Mar 18, 2026
31.25
31.45
30.66
30.77
26.02
323,100
Mar 17, 2026
30.78
31.95
30.74
31.65
26.76
1,012,300
Mar 16, 2026
30.68
31.11
30.32
30.87
26.10
263,200
Mar 13, 2026
30.82
31.09
29.67
29.89
25.28
249,500
Mar 12, 2026
0.594 Dividend 

Mar 12, 2026
29.84
30.05
29.44
29.54
24.98
213,100
Mar 11, 2026
30.55
31.27
29.97
30.85
25.58
296,600
Mar 10, 2026
31.46
31.56
30.23
30.48
25.28
247,700
Mar 9, 2026
30.64
31.26
29.86
30.88
25.61
356,700
Mar 6, 2026
30.69
31.19
30.22
30.45
25.25
386,200
Mar 5, 2026
0.312 Dividend 

Mar 5, 2026
31.68
32.61
31.08
31.65
26.25
309,200
Mar 4, 2026
30.61
32.85
30.59
32.39
26.60
416,100
Mar 3, 2026
28.31
29.43
27.62
28.95
23.78
251,600
Mar 2, 2026
27.60
29.42
27.60
29.33
24.09
286,100
Feb 27, 2026
27.92
28.43
27.50
28.10
23.08
659,200
Feb 26, 2026
0.318 Dividend 

Feb 26, 2026
28.66
29.17
28.15
28.59
23.48
272,800
Feb 25, 2026
27.71
29.56
27.46
29.34
23.84
379,400
Feb 24, 2026
25.33
26.31
24.86
26.31
21.38
358,800
Feb 23, 2026
26.79
27.09
25.76
25.98
21.11
553,900
Feb 20, 2026
26.64
27.92
26.58
27.53
22.37
389,100
Feb 19, 2026
0.299 Dividend 

Feb 19, 2026
26.27
26.95
26.14
26.79
21.77
307,200
Feb 18, 2026
27.02
28.08
26.71
26.79
21.52
394,700
Feb 17, 2026
26.62
27.61
26.06
27.03
21.71
524,700
Feb 13, 2026
25.64
27.23
24.57
26.84
21.56
577,900
Feb 12, 2026
0.256 Dividend 

Feb 12, 2026
25.46
25.52
23.43
23.71
19.05
390,400
Feb 11, 2026
26.40
26.41
25.14
25.73
20.46
338,700
Feb 10, 2026
27.09
27.80
27.00
27.09
21.55
283,400
Feb 9, 2026
26.69
27.78
26.60
27.72
22.05
276,700
Feb 6, 2026
25.87
27.46
25.50
27.38
21.78
589,800
Feb 5, 2026
0.284 Dividend 

Feb 5, 2026
26.82
27.54
24.42
24.53
19.51
1,097,900
Feb 4, 2026
29.68
29.75
27.80
28.47
22.42
708,400
Feb 3, 2026
31.67
31.68
29.37
30.30
23.86
591,300
Feb 2, 2026
31.81
32.01
31.11
31.53
24.83
1,127,400
Jan 30, 2026
32.95
33.19
31.99
32.55
25.63
491,400
Jan 29, 2026
0.309 Dividend 

Jan 29, 2026
34.46
34.46
32.48
33.24
26.17
943,300
Jan 28, 2026
35.81
35.99
34.83
35.20
27.47
973,800
Jan 27, 2026
35.88
35.88
34.96
35.42
27.65
448,000
Jan 26, 2026
35.63
36.14
35.45
35.84
27.97
627,600
Jan 23, 2026
37.13
37.16
36.17
36.34
28.36
550,000
Jan 22, 2026
0.222 Dividend 

Jan 22, 2026
38.04
38.34
37.24
37.29
29.11
460,300
Jan 21, 2026
38.27
38.74
37.31
38.02
29.50
636,000
Jan 20, 2026
38.94
39.26
37.88
38.22
29.66
771,100
Jan 16, 2026
39.95
40.41
39.40
40.15
31.16
316,100
Jan 15, 2026
0.397 Dividend 

Jan 15, 2026
41.54
41.54
39.58
39.88
30.95
503,300
Jan 14, 2026
42.66
43.42
42.24
42.58
32.73
498,500
Jan 13, 2026
41.34
42.58
41.25
42.26
32.49
403,600
Jan 12, 2026
40.41
41.55
40.20
40.98
31.50
433,800
Jan 9, 2026
41.22
41.29
40.02
40.61
31.22
523,800
Jan 8, 2026
0.409 Dividend 

Jan 8, 2026
40.95
41.65
40.74
41.13
31.62
258,200
Jan 7, 2026
41.97
41.97
40.97
41.62
31.68
284,000
Jan 6, 2026
42.75
43.12
41.60
42.11
32.05
790,400
Jan 5, 2026
41.77
43.25
41.74
42.70
32.50
2,143,100
Jan 2, 2026
0.434 Dividend 

Jan 2, 2026
39.56
40.66
38.90
40.41
30.76
837,800
Dec 31, 2025
40.17
40.33
39.24
39.35
29.62
683,200
Dec 30, 2025
40.49
40.88
40.16
40.21
30.27
1,068,100
Dec 29, 2025
40.46
41.35
40.35
40.50
30.49
1,126,200
Dec 26, 2025
0.494 Dividend 

Dec 26, 2025
41.39
41.42
40.30
40.92
30.80
668,200
Dec 24, 2025
41.87
42.00
41.44
41.83
31.12
427,500
Dec 23, 2025
42.32
42.53
41.63
42.23
31.41
438,200
Dec 22, 2025
43.34
43.76
42.85
42.94
31.94
746,800
Dec 19, 2025
42.41
42.65
41.80
42.46
31.59
728,100
Dec 18, 2025
0.51 Dividend 

Dec 18, 2025
43.59
44.00
41.50
41.50
30.87
422,200
Dec 17, 2025
44.50
45.22
42.64
42.72
31.40
378,300
Dec 16, 2025
44.21
44.75
43.76
44.13
32.44
298,600
Dec 15, 2025
46.24
46.37
43.15
43.69
32.11
639,500
Dec 12, 2025
46.83
47.61
45.56
46.22
33.97
655,500
Dec 11, 2025
0.39 Dividend 

Dec 11, 2025
46.03
46.70
45.14
46.46
34.15
454,500
Dec 10, 2025
47.07
47.94
46.88
47.49
34.62
409,100
Dec 9, 2025
46.78
48.54
46.26
47.68
34.76
968,200
Dec 8, 2025
47.00
47.50
46.55
47.20
34.41
495,800
Dec 5, 2025
46.56
47.01
45.74
46.53
33.92
621,100
Dec 4, 2025
1.131 Dividend 

Dec 4, 2025
46.85
47.73
46.67
47.04
34.29
480,600
Dec 3, 2025
47.26
48.54
46.71
48.45
34.49
1,019,900
Dec 2, 2025
1:10 Stock Splits 

Dec 2, 2025
47.03
47.83
46.51
46.51
33.11
1,446,000
Dec 1, 2025
45.90
46.80
44.60
45.80
32.61
2,273,810
Nov 28, 2025
0.66 Dividend 

Nov 28, 2025
48.05
48.75
47.50
47.80
34.03
1,105,360
Nov 26, 2025
46.50
48.00
46.30
47.70
33.49
1,859,030
Nov 25, 2025
45.30
46.40
44.30
46.30
32.51
1,837,240
Nov 24, 2025
44.80
46.70
44.61
46.60
32.72
1,657,180
Nov 21, 2025
44.60
45.00
42.50
44.10
30.96
2,560,190
Nov 20, 2025
0.64 Dividend 

Nov 20, 2025
47.40
48.10
43.32
43.80
30.75
3,182,650
Nov 19, 2025
48.40
48.70
45.80
47.60
32.97
2,778,930
Nov 18, 2025
48.10
50.00
48.10
48.50
33.59
2,750,180
Nov 17, 2025
50.30
51.20
47.80
48.70
33.73
3,603,650
Nov 14, 2025
49.40
53.40
49.35
52.00
36.02
2,947,280
Nov 13, 2025
0.83 Dividend 

Nov 13, 2025
55.00
55.25
51.30
52.00
36.02
2,977,150
Nov 12, 2025
56.80
57.20
55.70
56.10
38.28
2,195,610
Nov 11, 2025
57.20
57.90
56.00
56.10
38.28
2,116,460
Nov 10, 2025
58.40
58.95
57.10
57.90
39.51
2,934,420
Nov 7, 2025
53.50
56.90
52.50
56.60
38.62
3,180,140
Nov 6, 2025
0.89 Dividend 

Nov 6, 2025
57.90
58.00
54.34
54.40
37.12
2,796,260
Nov 5, 2025
58.60
60.10
57.81
59.30
39.86
2,683,040
Nov 4, 2025
59.50
60.33
57.00
57.10
38.38
2,912,040
Nov 3, 2025
63.10
63.15
60.40
61.20
41.14
2,390,430
Oct 31, 2025
62.20
65.35
61.85
63.40
42.62
2,513,650
Oct 30, 2025
1.35 Dividend 

Oct 30, 2025
62.60
62.90
60.40
60.60
40.73
2,208,470
Oct 29, 2025
66.10
66.60
64.30
64.90
42.72
2,326,420
Oct 28, 2025
67.00
67.90
65.70
65.80
43.31
1,955,430
Oct 27, 2025
66.90
68.67
66.10
66.70
43.90
3,139,890
Oct 24, 2025
62.80
66.00
62.60
65.60
43.18
3,031,550
Oct 23, 2025
0.93 Dividend 

Oct 23, 2025
60.90
61.85
60.10
60.90
40.08
2,475,180
Oct 22, 2025
63.80
63.80
59.50
61.50
39.87
2,779,560
Oct 21, 2025
64.50
65.25
63.80
64.30
41.68
2,433,540
Oct 20, 2025
64.70
66.50
64.40
64.90
42.07
2,247,730
Oct 17, 2025
61.00
63.80
60.65
63.80
41.36
2,539,140
Oct 16, 2025
3.46 Dividend 

Oct 16, 2025
64.50
64.90
62.50
62.80
40.71
2,388,490
Oct 15, 2025
69.00
69.30
66.75
67.40
41.45
2,341,030
Oct 14, 2025
68.20
70.30
66.90
68.20
41.94
2,348,200
Oct 13, 2025
72.60
72.60
68.50
71.00
43.66
2,344,890
Oct 10, 2025
76.70
78.20
70.10
71.10
43.72
3,384,810
Oct 9, 2025
76.10
77.20
75.90
76.50
47.04
2,026,230
Oct 8, 2025
75.20
77.00
74.95
76.50
47.04
1,643,350
Oct 7, 2025
76.40
76.65
72.82
74.80
46.00
1,855,290
Oct 6, 2025
76.80
77.20
75.55
76.30
46.92
1,932,070
Oct 3, 2025
74.20
76.00
73.80
75.40
46.37
2,038,880
Oct 2, 2025
71.30
74.75
71.11
74.00
45.51
2,562,460
Oct 1, 2025
69.60
70.70
69.35
70.00
43.05
1,515,550
Sep 30, 2025
67.50
69.00
67.50
68.80
42.31
1,284,000
Sep 29, 2025
65.80
68.38
65.60
68.30
42.00
1,604,280
Sep 26, 2025
64.20
65.20
63.20
64.80
39.85
1,457,950
Sep 25, 2025
65.30
65.90
63.35
63.70
39.17
1,829,070
Sep 24, 2025
66.80
67.60
66.40
66.70
41.02
1,042,880
Sep 23, 2025
68.80
69.10
65.70
66.30
40.77
1,784,080
Sep 22, 2025
68.70
69.20
67.70
68.50
42.13
1,592,240
Sep 19, 2025
70.10
71.10
69.30
70.10
43.11
1,888,400
Sep 18, 2025
4.52 Dividend 

Sep 18, 2025
68.00
71.30
67.50
70.20
43.17
2,042,790
Sep 17, 2025
72.50
72.70
69.54
71.40
41.13
1,805,180
Sep 16, 2025
73.30
73.50
71.40
72.70
41.88
945,790
Sep 15, 2025
71.40
72.60
71.30
72.40
41.70
1,317,370
Sep 12, 2025
72.30
72.50
71.10
71.50
41.19
1,044,690
Sep 11, 2025
70.70
72.00
70.55
71.70
41.30
1,176,530
Sep 10, 2025
71.50
72.30
70.00
70.40
40.55
1,571,570
Sep 9, 2025
69.00
71.20
69.00
71.10
40.96
1,174,310
Sep 8, 2025
68.30
69.50
67.72
68.70
39.57
1,190,220
Sep 5, 2025
70.50
71.15
66.60
68.10
39.23
1,897,900
Sep 4, 2025
68.40
69.70
68.20
69.50
40.03
1,147,230
Sep 3, 2025
69.00
69.69
68.20
68.50
39.46
1,107,730
Sep 2, 2025
67.80
69.80
66.90
68.50
39.46
1,297,630
Aug 29, 2025
68.80
69.40
68.00
68.60
39.52
1,441,980
Aug 28, 2025
69.80
70.50
68.95
69.30
39.92
1,410,260
Aug 27, 2025
68.60
69.80
68.60
69.20
39.86
1,336,030
Aug 26, 2025
68.30
69.10
67.40
69.00
39.75
1,487,310
Aug 25, 2025
69.35
70.00
68.16
68.30
39.34
1,569,770
Aug 22, 2025
66.90
70.90
66.40
70.50
40.61
2,202,630
Aug 21, 2025
3.44 Dividend 

Aug 21, 2025
67.00
67.90
66.70
66.90
38.54
1,453,890
Aug 20, 2025
71.20
71.55
68.30
71.30
39.09
2,077,950
Aug 19, 2025
74.60
74.70
70.50
70.70
38.76
1,971,950
Aug 18, 2025
72.65
75.00
71.60
74.60
40.90
1,986,430
Aug 15, 2025
74.60
74.70
72.92
73.50
40.30
1,191,790
Aug 14, 2025
73.80
75.15
73.10
74.70
40.95
998,280
Aug 13, 2025
75.40
77.20
74.20
75.10
41.17
1,314,550
Aug 12, 2025
75.30
75.50
73.10
74.70
40.95
848,660
Aug 11, 2025
74.20
75.80
73.80
73.80
40.46
1,220,990
Aug 8, 2025
72.70
73.00
70.70
72.60
39.80
999,720
Aug 7, 2025
72.30
73.70
71.70
72.50
39.75
1,402,780
Aug 6, 2025
69.70
71.20
68.60
71.00
38.93
1,430,380
Aug 5, 2025
71.90
72.90
69.60
69.80
38.27
2,166,490
Aug 4, 2025
74.40
74.90
72.40
74.10
40.62
1,840,860
Aug 1, 2025
78.60
78.60
72.10
73.00
40.02
3,232,190
Jul 31, 2025
88.10
89.00
86.97
87.10
47.75
1,219,530
Jul 30, 2025
87.90
88.80
86.00
86.90
47.64
1,188,120
Jul 29, 2025
88.00
88.30
84.50
85.60
46.93
972,390
Jul 28, 2025
90.50
90.50
86.40
87.30
47.86
1,314,410
Jul 25, 2025
89.80
90.80
88.50
89.90
49.29
1,217,020
Jul 24, 2025
7.95 Dividend 

Jul 24, 2025
92.30
92.30
89.50
90.50
49.62
1,222,860
Jul 23, 2025
99.30
99.50
96.40
98.70
49.75
2,048,730
Jul 22, 2025
103.50
103.50
97.80
100.10
50.46
1,771,040
Jul 21, 2025
104.40
106.60
101.90
102.10
51.47
1,998,410
Jul 18, 2025
105.00
107.00
100.90
103.20
52.02
2,542,540
Jul 17, 2025
101.30
103.90
100.50
103.10
51.97
1,378,010
Jul 16, 2025
99.90
101.97
99.70
100.90
50.86
1,210,510
Jul 15, 2025
99.30
101.00
95.70
98.70
49.75
1,448,530
Jul 14, 2025
99.50
100.40
98.70
99.70
50.26
1,278,970
Jul 11, 2025
98.80
99.60
96.50
98.20
49.50
1,129,570
Jul 10, 2025
95.50
98.30
95.00
98.30
49.55
1,374,250
Jul 9, 2025
93.00
95.60
92.50
95.60
48.19
1,226,230
Jul 8, 2025
93.50
94.60
91.09
92.50
46.63
1,110,620
Jul 7, 2025
91.60
93.70
91.29
92.60
46.68
1,067,610
Jul 3, 2025
90.70
92.40
90.60
91.90
46.33
576,190
Jul 2, 2025
88.60
92.00
88.40
91.50
46.12
1,101,730
Jul 1, 2025
88.50
92.00
87.20
87.60
44.16
1,537,150
Jun 30, 2025
93.10
93.70
90.70
91.30
46.02
1,299,870
Jun 27, 2025
95.40
96.09
90.25
91.80
46.27
1,879,200
Jun 26, 2025
5.35 Dividend 

Jun 26, 2025
93.10
97.85
93.00
96.60
48.69
1,234,590
Jun 25, 2025
99.20
100.90
96.05
98.50
46.96
1,417,840
Jun 24, 2025
91.50
97.00
91.17
96.10
45.81
1,535,150
Jun 23, 2025
88.90
91.20
87.20
90.10
42.95
1,123,010
Jun 20, 2025
89.00
90.10
87.81
89.80
42.81
898,230
Jun 18, 2025
79.60
87.80
79.10
87.10
41.52
1,107,550
Jun 17, 2025
80.30
80.80
78.21
79.50
37.90
421,940
Jun 16, 2025
78.20
81.60
77.86
81.20
38.71
543,590
Jun 13, 2025
75.60
77.10
75.00
77.10
36.75
488,490
Jun 12, 2025
78.60
78.70
76.30
76.90
36.66
577,930
Jun 11, 2025
80.90
81.60
79.00
79.50
37.90
371,610
Jun 10, 2025
81.10
81.80
79.61
80.50
38.37
354,250
Jun 9, 2025
80.20
80.90
79.50
80.70
38.47
404,770
Jun 6, 2025
78.80
80.35
78.80
79.00
37.66
343,950
Jun 5, 2025
81.40
82.45
75.80
77.10
36.75
590,950
Jun 4, 2025
80.60
81.35
79.71
80.10
38.18
362,060
Jun 3, 2025
78.00
81.00
77.41
80.60
38.42
542,830
Jun 2, 2025
77.60
78.20
76.30
77.40
36.90
482,910
May 30, 2025
77.40
78.20
76.40
77.00
36.71
712,120
May 29, 2025
7.35 Dividend 

May 29, 2025
80.80
80.90
77.10
77.50
36.94
888,300
May 28, 2025
90.00
90.10
86.50
86.70
37.83
1,146,180
May 27, 2025
90.50
90.85
89.55
90.20
39.35
957,650
May 23, 2025
88.40
89.70
87.82
88.80
38.74
520,350
May 22, 2025
89.00
91.20
88.40
90.30
39.40
521,820
May 21, 2025
87.50
89.60
86.60
87.00
37.96
572,960
May 20, 2025
88.30
88.40
86.40
87.50
38.18
479,090
May 19, 2025
86.20
88.18
86.20
87.60
38.22
486,570
May 16, 2025
84.30
88.40
84.00
87.60
38.22
738,600
May 15, 2025
85.90
86.20
81.20
82.40
35.95
768,570
May 14, 2025
86.00
87.87
85.10
87.70
38.26
470,750
May 13, 2025
81.60
86.75
81.45
85.70
37.39
1,020,940
May 12, 2025
77.40
78.80
76.90
77.30
33.73
708,700
May 9, 2025
76.60
79.70
74.50
74.90
32.68
752,760
May 8, 2025
76.10
77.70
75.39
76.50
33.38
467,060
May 7, 2025
74.30
74.55
72.40
73.20
31.94
343,700
May 6, 2025
73.00
73.95
72.20
73.50
32.07
306,980
May 5, 2025
75.00
75.50
73.90
74.30
32.42
467,820
May 2, 2025
75.60
76.90
74.90
75.80
33.07
638,830
May 1, 2025
6.51 Dividend 

May 1, 2025
76.60
76.80
74.40
74.50
32.50
750,940
Apr 30, 2025
80.30
81.40
78.90
81.20
32.59
813,600
Apr 29, 2025
82.10
82.75
81.30
82.30
33.03
419,690
Apr 28, 2025
82.90
83.00
79.10
81.80
32.83
616,340
Apr 25, 2025
81.80
83.39
81.33
82.90
33.27
383,990
Apr 24, 2025
78.00
81.30
78.00
81.10
32.55
281,710
Apr 23, 2025
79.30
79.80
77.60
78.30
31.42
407,540
Apr 22, 2025
74.60
78.10
74.60
77.00
30.90
381,530
Apr 21, 2025
73.30
74.25
72.08
73.50
29.50
282,260
Apr 17, 2025
72.50
74.00
71.75
73.10
29.34
316,850
Apr 16, 2025
71.60
72.89
70.46
71.90
28.85
292,250
Apr 15, 2025
73.70
74.30
71.90
73.20
29.38
305,890
Apr 14, 2025
73.80
74.65
71.40
73.20
29.38
348,290
Apr 11, 2025
70.20
72.90
69.05
72.20
28.97
253,380
Apr 10, 2025
70.00
71.40
65.51
69.70
27.97
417,080
Apr 9, 2025
64.70
74.60
64.70
72.40
29.06
555,100
Apr 8, 2025
69.60
70.55
63.30
64.70
25.96
526,900
Apr 7, 2025
62.10
70.50
61.10
67.00
26.89
700,400
Apr 4, 2025
70.10
70.90
62.63
67.60
27.13
794,840
Apr 3, 2025
4.38 Dividend 

Apr 3, 2025
71.90
72.70
69.80
72.20
28.97
592,570
Apr 2, 2025
76.20
80.95
76.20
80.80
30.67
648,690
Apr 1, 2025
77.00
78.20
75.20
77.70
29.49
445,570
Mar 31, 2025
75.20
77.11
73.00
76.70
29.11
471,510
Mar 28, 2025
82.30
82.50
76.74
77.30
29.34
634,070
Mar 27, 2025
85.00
85.95
82.95
83.40
31.66
344,280
Mar 26, 2025
89.10
90.00
84.80
85.50
32.45
284,240
Mar 25, 2025
89.00
90.00
87.20
89.10
33.82
494,230
Mar 24, 2025
88.90
89.00
86.75
89.00
33.78
399,110
Mar 21, 2025
83.80
85.45
82.80
85.30
32.38
198,550
Mar 20, 2025
83.30
86.15
83.30
85.30
32.38
241,880
Mar 19, 2025
82.70
86.00
82.05
84.60
32.11
257,750
Mar 18, 2025
82.90
83.08
80.20
81.20
30.82
293,010
Mar 17, 2025
81.40
85.20
80.90
83.90
31.84
460,470
Mar 14, 2025
81.60
82.90
79.95
81.70
31.01
365,110
Mar 13, 2025
83.80
83.80
78.80
78.90
29.95
610,230
Mar 12, 2025
86.90
88.20
81.65
85.10
32.30
390,460
Mar 11, 2025
82.40
86.50
81.31
84.90
32.22
564,490
Mar 10, 2025
90.50
91.20
78.50
79.40
30.14
1,007,260
Mar 7, 2025
93.95
96.60
90.60
95.00
36.06
710,420
Mar 6, 2025
5.99 Dividend 

Mar 6, 2025
93.80
97.40
93.20
93.60
35.53
723,190
Mar 5, 2025
99.60
102.10
96.50
101.70
36.33
718,980
Mar 4, 2025
93.40
100.20
89.90
97.90
34.97
838,180
Mar 3, 2025
104.30
104.96
94.30
95.20
34.01
887,780
Feb 28, 2025
95.00
99.45
93.10
99.30
35.47
516,190
Feb 27, 2025
100.40
101.46
95.90
96.20
34.36
544,840
Feb 26, 2025
97.60
99.95
95.60
97.80
34.93
552,980
Feb 25, 2025
100.60
101.90
94.00
97.30
34.76
1,014,490
Feb 24, 2025
109.00
109.20
102.40
104.00
37.15
870,940
Feb 21, 2025
120.10
120.20
106.90
107.10
38.26
881,570
Feb 20, 2025
117.50
118.20
113.10
115.90
41.40
534,890
Feb 19, 2025
119.90
120.10
116.30
116.70
41.69
514,600
Feb 18, 2025
124.20
124.40
117.40
119.00
42.51
661,570
Feb 14, 2025
127.50
128.90
122.10
122.50
43.76
539,400
Feb 13, 2025
125.00
130.10
124.30
128.90
46.04
598,470
Feb 12, 2025
117.50
122.45
117.20
121.30
43.33
388,240
Feb 11, 2025
122.60
122.80
117.90
118.40
42.29
469,970
Feb 10, 2025
123.10
124.80
121.05
123.20
44.01
491,380
Feb 7, 2025
120.40
123.48
119.60
120.50
43.04
568,800
Feb 6, 2025
10.47 Dividend 

Feb 6, 2025
123.00
124.80
118.40
119.00
42.51
814,160
Feb 5, 2025
135.10
135.85
131.10
131.20
43.13
867,690
Feb 4, 2025
134.90
137.20
132.90
133.70
43.95
439,470
Feb 3, 2025
130.00
136.50
128.90
135.10
44.41
501,620
Jan 31, 2025
141.20
142.25
135.89
137.50
45.20
305,350
Jan 30, 2025
137.90
141.80
137.50
140.10
46.05
370,800
Jan 29, 2025
133.20
137.50
130.80
136.60
44.90
253,490
Jan 28, 2025
132.20
133.95
130.10
132.70
43.62
219,400
Jan 27, 2025
133.80
135.90
125.20
130.80
42.99
598,640
Jan 24, 2025
140.50
143.40
139.10
139.10
45.72
356,210
Jan 23, 2025
135.90
140.70
135.20
138.60
45.56
358,730
Jan 22, 2025
135.20
138.90
134.10
138.00
45.36
293,430
Jan 21, 2025
137.90
139.65
128.65
136.60
44.90
530,260
Jan 17, 2025
135.70
138.05
135.15
136.20
44.77
332,650
Jan 16, 2025
130.10
133.80
128.05
132.60
43.59
269,840
Jan 15, 2025
127.10
131.40
126.70
130.20
42.80
378,530
Jan 14, 2025
125.50
125.70
120.93
122.70
40.33
306,840
Jan 13, 2025
118.80
120.90
115.90
120.70
39.67
535,530
Jan 10, 2025
123.50
125.30
119.30
124.20
40.82
922,330
Jan 8, 2025
8.34 Dividend 

Jan 8, 2025
126.30
127.38
121.05
124.40
40.89
822,620
Jan 7, 2025
143.70
144.25
132.60
134.60
41.50
951,580
Jan 6, 2025
142.20
145.40
139.75
143.90
44.37
1,306,440
Jan 3, 2025
135.30
139.15
134.90
139.10
42.89
438,450
Jan 2, 2025
133.80
135.85
131.70
134.30
41.41
400,970
Dec 31, 2024
136.20
136.40
129.40
130.40
40.21
399,650
Dec 30, 2024
135.80
135.90
129.60
133.20
41.07
548,790
Dec 27, 2024
141.30
141.40
136.51
137.90
42.52
385,810
Dec 26, 2024
142.00
143.00
140.00
141.50
43.63
289,380
Dec 24, 2024
140.70
144.60
140.00
143.30
44.18
249,120
Dec 23, 2024
141.60
141.90
136.00
138.50
42.70
560,660
Dec 20, 2024
137.20
144.60
135.50
143.50
44.25
482,020
Dec 19, 2024
149.10
150.10
138.50
140.90
43.44
599,580
Dec 18, 2024
156.90
158.69
141.15
142.60
43.97
625,870
Dec 17, 2024
160.90
162.50
154.40
158.10
48.75
470,570
Dec 16, 2024
159.40
163.14
159.30
159.40
49.15
607,460
Dec 13, 2024
158.60
159.40
154.57
156.80
48.35
513,290
Dec 12, 2024
13.39 Dividend 

Dec 12, 2024
159.00
161.30
155.20
157.50
48.56
718,000
Dec 11, 2024
169.60
173.50
168.45
170.60
48.47
777,460
Dec 10, 2024
173.20
173.20
163.20
165.10
46.91
727,600
Dec 9, 2024
183.30
183.30
168.60
169.00
48.02
982,590
Dec 6, 2024
179.20
186.75
177.80
184.00
52.28
509,540
Dec 5, 2024
184.80
185.45
173.10
175.40
49.84
1,300,540
Dec 4, 2024
174.50
180.90
173.10
180.60
51.31
460,570
Dec 3, 2024
167.00
174.20
166.30
172.50
49.01
343,880
Dec 2, 2024
169.20
172.45
167.60
169.10
48.05
308,730
Nov 29, 2024
172.50
173.70
165.20
165.40
47.00
231,920
Nov 27, 2024
167.40
172.20
163.80
170.70
48.50
282,070
Nov 26, 2024
164.00
169.30
160.40
162.30
46.11
259,010
Nov 25, 2024
168.50
171.20
160.70
169.70
48.22
394,050
Nov 22, 2024
160.50
168.10
159.00
165.60
47.05
278,120
Nov 21, 2024
172.20
172.20
156.40
159.90
45.43
551,860
Nov 20, 2024
172.20
175.20
163.00
168.80
47.96
554,040
Nov 19, 2024
168.40
170.69
167.13
169.90
48.27
383,140
Nov 18, 2024
161.90
170.80
156.10
169.70
48.22
639,060
Nov 15, 2024
153.00
162.85
150.00
162.60
46.20
530,560
Nov 14, 2024
20.23 Dividend 

Nov 14, 2024
157.80
157.80
147.90
150.70
42.82
885,410
Nov 13, 2024
198.20
201.40
173.20
174.80
43.92
1,379,250
Nov 12, 2024
189.70
198.00
186.55
193.90
48.72
690,910
Nov 11, 2024
183.90
202.28
181.00
197.00
49.50
968,240
Nov 8, 2024
163.10
170.70
162.90
169.60
42.61
563,020
Nov 7, 2024
155.30
163.50
154.20
161.20
40.50
472,320
Nov 6, 2024
143.60
160.85
143.40
159.10
39.97
793,800
Nov 5, 2024
127.10
132.64
127.00
130.80
32.86
189,330
Nov 4, 2024
123.90
127.50
121.50
127.10
31.93
276,720
Nov 1, 2024
124.00
129.49
123.50
124.90
31.38
294,050
Oct 31, 2024
138.40
138.80
124.00
124.10
31.18
483,190
Oct 30, 2024
141.10
144.90
139.70
140.80
35.38
189,510
Oct 29, 2024
145.40
146.40
142.90
144.40
36.28
180,670
Oct 28, 2024
141.10
143.40
140.30
142.70
35.85
194,620
Oct 25, 2024
139.10
141.40
136.10
136.90
34.40
248,790
Oct 24, 2024
137.50
139.75
134.40
138.80
34.87
181,440
Oct 23, 2024
138.00
139.70
130.24
133.00
33.42
323,400
Oct 22, 2024
139.30
142.70
138.05
140.10
35.20
202,550
Oct 21, 2024
142.00
143.30
138.20
141.50
35.55
333,600
Oct 18, 2024
138.10
144.70
137.30
144.50
36.31
447,610
Oct 17, 2024
11.1 Dividend 

Oct 17, 2024
138.00
138.60
133.60
135.70
34.09
307,680
Oct 16, 2024
146.70
151.10
143.30
150.10
34.92
414,340
Oct 15, 2024
141.60
147.10
137.65
142.30
33.11
357,650
Oct 14, 2024
135.00
142.30
133.25
141.80
32.99
387,630
Oct 11, 2024
127.00
133.51
126.70
132.20
30.76
192,900
Oct 10, 2024
127.20
127.80
124.55
126.00
29.32
157,710
Oct 9, 2024
127.70
130.60
126.60
127.20
29.60
122,750
Oct 8, 2024
127.00
128.60
125.80
127.50
29.67
136,990
Oct 7, 2024
128.90
131.40
126.50
127.60
29.69
183,670
Oct 4, 2024
126.90
129.00
124.60
128.80
29.97
138,540
Oct 3, 2024
123.40
125.95
122.72
124.10
28.87
141,500
Oct 2, 2024
124.20
127.90
122.55
125.00
29.08
157,210
Oct 1, 2024
134.70
134.70
121.50
124.90
29.06
310,810
Sep 30, 2024
137.30
137.90
133.10
134.00
31.18
186,510
Sep 27, 2024
136.70
141.45
135.40
140.70
32.74
202,880
Sep 26, 2024
131.30
136.20
130.90
135.60
31.55
167,920
Sep 25, 2024
130.60
132.30
128.55
128.90
29.99
159,360
Sep 24, 2024
130.60
131.10
126.30
131.10
30.50
147,870
Sep 23, 2024
130.80
131.70
129.20
130.10
30.27
132,610
Sep 20, 2024
129.30
131.30
126.91
129.80
30.20
131,740
Sep 19, 2024
129.80
131.45
128.00
128.60
29.92
168,090
Sep 18, 2024
123.70
128.40
123.60
125.00
29.08
89,900
Sep 17, 2024
125.90
127.30
123.20
124.50
28.97
139,280
Sep 16, 2024
122.00
124.60
120.10
123.60
28.76
111,650
Sep 13, 2024
124.40
127.70
123.90
124.50
28.97
93,700
Sep 12, 2024
122.50
125.30
120.60
124.50
28.97
107,120
Sep 11, 2024
119.10
122.00
116.50
121.30
28.22
176,330
Sep 10, 2024
119.90
122.20
115.55
121.70
28.32
204,190
Sep 9, 2024
116.40
120.80
115.60
119.20
27.73
252,420
Sep 6, 2024
10.43 Dividend 

Sep 6, 2024
126.40
126.70
112.40
113.40
26.38
273,770
Sep 5, 2024
135.40
138.60
132.60
133.60
28.66
142,250
Sep 4, 2024
139.30
140.60
134.40
136.50
29.28
147,310
Sep 3, 2024
151.20
151.30
140.10
141.00
30.24
199,580
Aug 30, 2024
155.60
155.70
148.80
151.20
32.43
116,030
Aug 29, 2024
158.00
159.40
154.10
154.50
33.14
75,470
Aug 28, 2024
159.40
160.70
153.60
155.80
33.42
90,210
Aug 27, 2024
164.00
164.03
158.40
161.40
34.62
83,050
Aug 26, 2024
167.90
168.19
164.10
165.10
35.41
76,060
Aug 23, 2024
162.50
168.40
161.12
168.10
36.06
67,130
Aug 22, 2024
164.40
165.40
159.30
160.00
34.32
83,220
Aug 21, 2024
158.50
165.00
157.10
165.00
35.39
75,230
Aug 20, 2024
166.00
166.00
153.80
158.50
34.00
138,270
Aug 19, 2024
162.20
163.90
160.20
163.00
34.96
97,040
Aug 16, 2024
158.20
162.80
157.90
162.30
34.81
63,970
Aug 15, 2024
157.20
160.70
156.50
157.00
33.68
95,760
Aug 14, 2024
158.20
158.20
153.35
155.80
33.42
86,820
Aug 13, 2024
153.00
157.20
152.10
156.10
33.48
110,550
Aug 12, 2024
153.10
154.80
149.30
151.90
32.58
88,780
Aug 9, 2024
150.50
154.68
149.21
153.70
32.97
131,670
Aug 8, 2024
146.00
151.80
143.22
150.30
32.24
158,760
Aug 7, 2024
10.06 Dividend 

Aug 7, 2024
155.50
157.30
139.60
141.00
30.24
200,220
Aug 6, 2024
163.60
165.30
154.00
163.00
32.81
143,390
Aug 5, 2024
132.60
165.80
132.50
159.00
32.00
274,940
Aug 2, 2024
175.90
180.10
166.00
170.40
34.30
209,910
Aug 1, 2024
187.30
187.30
171.20
174.90
35.20
279,610
Jul 31, 2024
190.00
191.70
184.20
184.50
37.13
130,100
Jul 30, 2024
192.60
194.60
183.10
184.30
37.09
249,150
Jul 29, 2024
202.00
203.50
191.30
191.40
38.52
162,590
Jul 26, 2024
196.70
199.00
192.20
195.20
39.29
120,510
Jul 25, 2024
194.50
194.70
182.70
187.80
37.80
293,250
Jul 24, 2024
208.40
211.30
196.70
198.00
39.85
124,730
Jul 23, 2024
208.90
214.10
206.30
206.60
41.58
98,660
Jul 22, 2024
204.40
210.80
201.50
210.20
42.31
274,490
Jul 19, 2024
189.60
203.90
187.50
203.00
40.86
201,740
Jul 18, 2024
201.40
202.10
185.00
186.90
37.62
271,700
Jul 17, 2024
202.00
202.70
193.60
199.40
40.13
129,940
Jul 16, 2024
201.30
202.50
198.90
202.50
40.76
100,400
Jul 15, 2024
197.80
201.40
196.50
200.30
40.31
158,800
Jul 12, 2024
188.30
192.85
186.10
190.40
38.32
109,350
Jul 11, 2024
194.00
196.50
186.30
187.30
37.70
148,700
Jul 10, 2024
192.30
193.28
187.20
190.90
38.42
124,440
Jul 9, 2024
192.90
194.30
189.70
190.80
38.40
164,400
Jul 8, 2024
194.00
194.00
188.40
190.70
38.38
202,740
Jul 5, 2024
15.73 Dividend 

Jul 5, 2024
186.20
192.80
180.10
191.80
38.60
262,490
Jul 3, 2024
207.50
209.10
206.10
208.20
38.74
129,780
Jul 2, 2024
210.20
211.90
208.20
209.30
38.94
141,700
Jul 1, 2024
207.00
211.50
205.13
210.60
39.18
163,440
Jun 28, 2024
206.10
206.70
201.60
203.80
37.92
99,110
Jun 27, 2024
200.10
206.90
199.10
205.20
38.18
82,650
Jun 26, 2024
200.90
204.20
195.40
197.20
36.69
96,950
Jun 25, 2024
198.90
203.00
195.30
202.50
37.68
75,340
Jun 24, 2024
198.40
200.80
190.50
194.00
36.10
179,690
Jun 21, 2024
206.00
206.38
200.20
204.00
37.96
189,330
Jun 20, 2024
215.10
216.60
206.51
212.40
39.52
146,430
Jun 18, 2024
215.30
218.28
212.10
213.20
39.67
96,480
Jun 17, 2024
215.90
221.80
211.20
219.80
40.90
116,380
Jun 14, 2024
220.70
222.90
212.80
218.60
40.67
103,790
Jun 13, 2024
226.50
228.80
217.60
220.90
41.10
99,420
Jun 12, 2024
223.90
233.10
223.50
226.70
42.18
149,910
Jun 11, 2024
216.60
219.00
209.20
217.90
40.54
161,750
Jun 10, 2024
215.30
225.05
213.60
222.80
41.45
123,670
Jun 7, 2024
226.80
231.00
216.90
216.90
40.36
157,880
Jun 6, 2024
16.98 Dividend 

Jun 6, 2024
225.20
230.89
224.70
226.60
42.16
118,700
Jun 5, 2024
241.00
242.00
238.90
241.60
41.79
181,830
Jun 4, 2024
233.40
240.40
232.80
239.40
41.41
175,990
Jun 3, 2024
232.90
235.90
228.20
232.70
40.25
147,180
May 31, 2024
242.80
243.30
223.10
227.90
39.42
197,230
May 30, 2024
243.20
247.30
237.00
238.60
41.27
113,880
May 29, 2024
240.90
241.80
235.75
239.40
41.41
103,270
May 28, 2024
236.60
244.90
233.10
244.10
42.22
130,100
May 24, 2024
231.10
236.90
230.25
236.60
40.93
76,030
May 23, 2024
233.30
233.50
227.10
228.40
39.51
91,600
May 22, 2024
230.10
233.27
227.50
232.40
40.20
71,600
May 21, 2024
230.50
230.50
225.50
229.20
39.65
90,400
May 20, 2024
217.70
228.00
213.60
227.50
39.35
108,460
May 17, 2024
214.10
218.30
208.30
216.40
37.43
69,190
May 16, 2024
218.70
218.70
206.90
207.90
35.96
100,320
May 15, 2024
215.90
219.90
213.59
219.60
37.99
68,050
May 14, 2024
203.40
211.70
203.00
209.60
36.26
67,720
May 13, 2024
209.80
210.80
204.70
206.30
35.69
83,660
May 10, 2024
220.80
220.80
206.40
206.80
35.77
123,950
May 9, 2024
216.80
219.60
211.20
216.70
37.49
103,710
May 8, 2024
215.80
220.60
212.80
217.50
37.62
126,500
May 7, 2024
231.20
232.50
219.40
219.60
37.99
91,050
May 6, 2024
22.81 Dividend 

May 6, 2024
229.20
235.40
228.24
229.50
39.70
93,810
May 3, 2024
257.10
257.50
242.10
249.10
39.14
189,740
May 2, 2024
239.50
253.40
233.87
250.70
39.40
63,120
May 1, 2024
222.00
240.40
221.17
232.60
36.55
55,410
Apr 30, 2024
237.50
237.90
224.70
225.90
35.50
97,100
Apr 29, 2024
249.60
250.10
238.60
240.10
37.73
64,830
Apr 26, 2024
241.50
254.40
238.90
253.70
39.87
48,750
Apr 25, 2024
236.40
244.40
232.60
242.90
38.17
43,700
Apr 24, 2024
249.80
249.90
242.00
242.30
38.08
30,760
Apr 23, 2024
240.20
248.99
240.00
248.60
39.07
56,380
Apr 22, 2024
233.20
240.70
231.80
240.40
37.78
71,850
Apr 19, 2024
240.80
243.20
226.00
227.10
35.69
61,530
Apr 18, 2024
232.10
243.60
228.90
233.80
36.74
57,890
Apr 17, 2024
237.00
240.50
220.70
229.10
36.00
57,630
Apr 16, 2024
239.45
239.80
221.00
233.60
36.71
123,520
Apr 15, 2024
262.50
264.00
238.10
239.60
37.65
80,680
Apr 12, 2024
269.40
270.00
259.05
260.30
40.90
46,270
Apr 11, 2024
262.60
269.60
259.72
269.60
42.37
45,340
Apr 10, 2024
251.20
261.60
247.10
261.60
41.11
48,470
Apr 9, 2024
261.20
261.20
252.80
254.60
40.01
67,420
Apr 8, 2024
260.70
263.70
257.00
261.40
41.08
105,770
Apr 5, 2024
253.80
262.00
250.00
250.70
39.40
48,900
Apr 4, 2024
27.94 Dividend 

Apr 4, 2024
270.20
270.62
257.85
258.20
40.57
108,010
Apr 3, 2024
280.30
292.10
279.21
287.90
40.85
145,720
Apr 2, 2024
273.50
283.80
270.14
281.40
39.93
90,470
Apr 1, 2024
297.50
300.80
284.00
287.10
40.74
95,910
Mar 28, 2024
289.70
298.70
288.50
296.40
42.06
45,660
Mar 27, 2024
296.90
296.90
284.30
287.00
40.72
59,470
Mar 26, 2024
296.10
296.10
291.71
291.80
41.40
45,630
Mar 25, 2024
286.30
295.50
285.00
294.10
41.73
49,080
Mar 22, 2024
279.30
283.70
275.30
280.10
39.74
58,310
Mar 21, 2024
278.10
283.30
276.90
281.00
39.87
59,360
Mar 20, 2024
253.80
276.10
252.50
275.90
39.15
68,870
Mar 19, 2024
247.00
256.30
239.10
253.10
35.91
65,110
Mar 18, 2024
259.00
263.25
253.00
261.10
37.05
42,860
Mar 15, 2024
243.20
263.05
243.20
260.10
36.91
74,820
Mar 14, 2024
267.50
267.65
246.40
254.00
36.04
110,870
Mar 13, 2024
273.20
290.10
272.00
273.30
38.78
66,240
Mar 12, 2024
276.00
279.40
262.80
276.50
39.23
99,400
Mar 11, 2024
283.80
286.30
272.40
273.00
38.74
105,920
Mar 8, 2024
268.90
274.90
268.60
272.90
38.72
145,500
Mar 7, 2024
262.30
266.90
260.60
266.00
37.74
52,840
Mar 6, 2024
16.62 Dividend 

Mar 6, 2024
252.20
261.40
249.20
260.20
36.92
79,520
Mar 5, 2024
267.80
274.41
257.00
259.00
34.39
131,300
Mar 4, 2024
258.80
271.30
252.73
267.80
35.56
133,730
Mar 1, 2024
243.20
246.80
235.95
246.40
32.72
65,990
Feb 29, 2024
241.30
243.96
232.54
243.20
32.29
86,110
Feb 28, 2024
239.00
242.40
237.40
238.70
31.70
68,030
Feb 27, 2024
240.00
240.30
236.80
238.60
31.68
44,610
Feb 26, 2024
221.90
237.00
221.54
236.60
31.42
66,410
Feb 23, 2024
221.00
223.00
212.40
218.70
29.04
46,130
Feb 22, 2024
216.60
225.00
214.70
223.50
29.68
40,690
Feb 21, 2024
214.90
220.00
211.60
213.00
28.28
50,610
Feb 20, 2024
234.90
235.49
214.30
226.40
30.06
88,120
Feb 16, 2024
242.40
243.70
232.00
233.20
30.97
114,320
Feb 15, 2024
232.50
234.88
228.06
230.50
30.61
65,540
Feb 14, 2024
216.90
226.50
216.67
225.70
29.97
79,940
Feb 13, 2024
201.10
209.00
200.90
205.00
27.22
53,810
Feb 12, 2024
203.90
215.30
203.90
212.50
28.22
56,870
Feb 9, 2024
207.00
207.50
203.30
206.60
27.43
78,160
Feb 8, 2024
194.30
202.20
193.90
202.20
26.85
45,260
Feb 7, 2024
10.75 Dividend 

Feb 7, 2024
185.20
191.30
176.30
188.20
24.99
73,540
Feb 6, 2024
192.90
196.60
189.50
194.50
24.40
63,190
Feb 5, 2024
207.60
207.60
189.50
191.50
24.02
89,000
Feb 2, 2024
204.80
207.90
202.10
207.50
26.03
50,240
Feb 1, 2024
205.90
207.80
199.50
205.60
25.79
46,570
Jan 31, 2024
205.00
209.60
203.30
204.30
25.63
38,570
Jan 30, 2024
208.70
208.70
204.80
205.40
25.77
53,000
Jan 29, 2024
201.70
207.88
199.30
205.90
25.83
53,490
Jan 26, 2024
199.60
200.50
193.20
198.50
24.90
45,410
Jan 25, 2024
193.00
195.29
189.00
191.90
24.07
47,480
Jan 24, 2024
199.60
199.60
191.20
192.20
24.11
49,990
Jan 23, 2024
192.50
196.50
190.30
194.60
24.41
46,520
Jan 22, 2024
194.30
201.20
192.30
198.90
24.95
56,540
Jan 19, 2024
195.20
195.30
185.69
194.60
24.41
108,960
Jan 18, 2024
208.90
213.10
194.60
195.40
24.51
112,370
Jan 17, 2024
204.60
209.10
202.24
209.10
26.23
40,270
Jan 16, 2024
199.50
210.57
197.30
207.90
26.08
187,970
Jan 12, 2024
211.70
217.91
202.50
203.00
25.47
147,780
Jan 11, 2024
242.00
244.39
217.00
218.80
27.45
176,170
Jan 10, 2024
228.30
233.80
222.26
231.70
29.07
119,080
Jan 9, 2024
241.50
242.00
230.91
231.90
29.09
110,530
Jan 8, 2024
240.10
243.12
225.00
242.30
30.40
106,320
Jan 5, 2024
26.93 Dividend 

Jan 5, 2024
233.00
239.40
230.00
234.60
29.43
187,830
Jan 4, 2024
259.90
270.39
251.30
262.70
29.58
233,800
Jan 3, 2024
247.00
262.21
244.30
257.20
28.96
123,820
Jan 2, 2024
290.70
294.78
261.90
264.40
29.77
180,690
Dec 29, 2023
301.80
301.80
284.50
288.90
32.53
103,150
Dec 28, 2023
293.70
301.10
291.50
300.80
33.87
69,220
Dec 27, 2023
288.60
299.40
287.40
298.40
33.60
81,540
Dec 26, 2023
286.20
288.60
278.50
282.80
31.84
120,820
Dec 22, 2023
278.60
287.69
275.50
285.30
32.12
51,290
Dec 21, 2023
272.10
276.50
270.50
274.80
30.94
47,810
Dec 20, 2023
270.00
272.00
267.24
269.10
30.30
40,540
Dec 19, 2023
261.60
268.00
260.05
268.00
30.17
38,110
Dec 18, 2023
249.10
261.30
247.20
259.70
29.24
44,030
Dec 15, 2023
256.80
256.80
250.00
251.90
28.36
51,750
Dec 14, 2023
255.80
257.90
251.60
257.70
29.01
50,710
Dec 13, 2023
236.50
252.40
233.20
252.40
28.42
48,220
Dec 12, 2023
237.10
237.70
230.50
236.10
26.58
25,210
Dec 11, 2023
238.30
239.31
230.50
234.00
26.35
63,290
Dec 8, 2023
232.20
243.75
230.90
243.20
27.38
45,270
Dec 7, 2023
24.62 Dividend 

Dec 7, 2023
224.20
233.00
222.10
230.40
25.94
83,700
Dec 6, 2023
262.30
262.40
253.00
253.50
25.77
228,370
Dec 5, 2023
260.50
262.70
259.62
260.70
26.50
42,360
Dec 4, 2023
263.60
263.60
257.30
260.00
26.43
50,140
Dec 1, 2023
249.10
256.00
247.63
256.00
26.02
22,960
Nov 30, 2023
247.00
247.46
236.70
245.80
24.99
24,480
Nov 29, 2023
249.40
250.17
247.60
248.30
25.24
29,240
Nov 28, 2023
243.70
249.10
242.60
248.80
25.29
19,710
Nov 27, 2023
242.00
243.20
241.40
242.60
24.66
25,660
Nov 24, 2023
240.80
242.20
239.30
242.20
24.62
11,160
Nov 22, 2023
239.60
240.50
237.70
240.20
24.42
13,660
Nov 21, 2023
238.10
238.72
236.00
238.40
24.23
16,560
Nov 20, 2023
234.20
238.20
233.80
238.20
24.21
26,860
Nov 17, 2023
229.50
232.50
226.60
232.20
23.60
16,570
Nov 16, 2023
227.90
229.21
224.70
228.90
23.27
17,020
Nov 15, 2023
221.40
229.90
221.30
228.80
23.26
35,450
Nov 14, 2023
221.90
223.80
216.10
220.00
22.36
28,030
Nov 13, 2023
217.80
220.36
212.90
219.70
22.33
22,690
Nov 10, 2023
218.20
220.20
217.70
219.60
22.32
41,640
Nov 9, 2023
217.30
220.10
217.30
218.80
22.24
41,850
Nov 8, 2023
10.78 Dividend 

Nov 8, 2023
215.60
216.00
209.00
215.50
21.91
49,880
Nov 7, 2023
222.50
226.80
218.60
226.50
21.93
70,270
Nov 6, 2023
222.30
224.40
217.50
222.50
21.54
87,500
Nov 3, 2023
212.20
221.45
211.80
220.50
21.35
64,830
Nov 2, 2023
207.90
212.10
206.40
212.10
20.53
53,230
Nov 1, 2023
199.60
201.80
195.60
199.80
19.34
22,750
Oct 31, 2023
190.10
198.16
189.00
197.80
19.15
25,480
Oct 30, 2023
185.40
190.40
185.00
189.60
18.36
34,690
Oct 27, 2023
192.30
193.55
180.60
181.90
17.61
25,820
Oct 26, 2023
194.60
198.60
186.60
190.30
18.42
20,280
Oct 25, 2023
202.50
202.50
195.30
195.60
18.94
24,050
Oct 24, 2023
200.50
203.70
199.45
200.90
19.45
29,160
Oct 23, 2023
190.00
198.80
184.58
194.50
18.83
59,490
Oct 20, 2023
188.60
192.50
185.90
188.80
18.28
24,140
Oct 19, 2023
187.40
191.00
183.80
184.70
17.88
36,310
Oct 18, 2023
192.70
194.10
186.03
186.50
18.06
20,080
Oct 17, 2023
187.20
195.00
187.20
193.30
18.71
35,980
Oct 16, 2023
190.10
194.80
184.00
187.90
18.19
26,180
Oct 13, 2023
190.10
190.10
180.70
183.70
17.78
24,010
Oct 12, 2023
193.40
193.40
186.80
188.10
18.21
24,020
Oct 11, 2023
197.00
198.20
189.00
193.30
18.71
26,360
Oct 10, 2023
195.40
199.88
193.90
196.90
19.06
21,580
Oct 9, 2023
187.80
196.00
187.80
195.20
18.90
24,720
Oct 6, 2023
12.09 Dividend 

Oct 6, 2023
182.60
193.30
180.10
192.70
18.66
36,520
Oct 5, 2023
196.30
199.00
191.50
197.80
17.98
143,280
Oct 4, 2023
194.30
194.90
187.20
193.90
17.63
15,320
Oct 3, 2023
196.40
197.50
189.90
191.80
17.43
10,340
Oct 2, 2023
201.60
202.30
195.11
196.80
17.89
9,570
Sep 29, 2023
199.90
199.90
194.50
196.30
17.84
4,330
Sep 28, 2023
187.70
197.00
187.70
195.10
17.73
6,050
Sep 27, 2023
190.00
191.00
184.20
187.37
17.03
6,370
Sep 26, 2023
186.50
190.20
183.00
184.48
16.77
8,810
Sep 25, 2023
184.90
189.00
182.60
189.00
17.18
7,700
Sep 22, 2023
196.60
197.50
185.35
186.20
16.93
11,810
Sep 21, 2023
196.20
196.20
190.50
194.90
17.72
9,370
Sep 20, 2023
206.40
209.10
200.00
200.40
18.22
7,840
Sep 19, 2023
213.80
213.80
203.00
204.70
18.61
12,610
Sep 18, 2023
213.80
214.50
210.00
212.00
19.27
7,900
Sep 15, 2023
214.60
214.60
206.50
211.90
19.26
11,890
Sep 14, 2023
210.20
213.40
207.20
213.40
19.40
6,090
Sep 13, 2023
210.10
212.45
204.70
206.01
18.73
5,960
Sep 12, 2023
217.50
217.50
206.88
208.10
18.92
9,710
Sep 11, 2023
210.30
210.60
201.70
207.20
18.83
13,520
Sep 8, 2023
205.20
208.80
204.50
208.39
18.94
9,300
Sep 7, 2023
197.70
207.40
194.90
207.40
18.85
15,250
Sep 6, 2023
199.30
203.00
197.41
199.90
18.17
18,020
Sep 5, 2023
199.50
200.50
195.50
198.00
18.00
17,090
Sep 1, 2023
203.40
203.40
196.38
198.50
18.04
5,380
Aug 31, 2023
206.00
206.00
198.20
199.40
18.12
5,850
Aug 30, 2023
219.70
219.70
200.10
201.09
18.28
4,760
Aug 29, 2023
191.90
203.10
187.90
201.40
18.31
4,160
Aug 28, 2023
191.80
195.50
186.00
186.87
16.99
3,420
Aug 25, 2023
189.40
190.20
183.54
187.64
17.06
3,030
Aug 24, 2023
196.90
196.90
185.30
186.05
16.91
8,110
Aug 23, 2023
188.50
195.80
187.40
195.41
17.76
4,010
Aug 22, 2023
191.90
191.90
186.90
188.68
17.15
2,600
Aug 21, 2023
184.40
189.10
181.90
188.60
17.14
3,600
Aug 18, 2023
181.30
188.00
181.30
184.20
16.74
3,680
Aug 17, 2023
200.20
200.20
190.10
190.20
17.29
7,750
Aug 16, 2023
203.00
203.00
195.00
197.58
17.96
2,680
Aug 15, 2023
203.10
203.10
197.65
197.65
17.97
3,710
