Date
Open
High
Low
Close 

Adj Close 

Volume
Jun 5, 2026
43.95
44.07
42.94
42.94
42.94
5,900
Jun 4, 2026
43.56
43.87
42.75
42.88
42.88
6,200
Jun 3, 2026
42.22
42.65
42.22
42.32
42.32
8,200
Jun 2, 2026
41.24
42.00
41.24
41.93
41.93
5,100
Jun 1, 2026
0.166 Dividend 

Jun 1, 2026
41.96
41.96
41.23
41.52
41.52
8,700
May 29, 2026
44.33
44.33
41.72
42.31
42.15
17,100
May 28, 2026
44.79
44.83
44.37
44.47
44.29
6,100
May 27, 2026
44.60
45.22
44.60
44.95
44.77
4,400
May 26, 2026
0.282 Dividend 

May 26, 2026
46.59
46.59
44.44
44.86
44.68
8,300
May 22, 2026
47.30
47.31
46.04
46.46
45.99
8,900
May 21, 2026
48.04
48.13
47.15
47.62
47.15
6,100
May 20, 2026
49.90
49.90
49.05
49.05
48.56
4,100
May 19, 2026
49.21
50.09
49.14
50.06
49.56
12,400
May 18, 2026
0.196 Dividend 

May 18, 2026
48.49
49.19
47.73
49.08
48.59
9,300
May 15, 2026
47.35
47.78
47.35
47.78
47.11
2,300
May 14, 2026
46.95
47.35
46.94
47.35
46.69
2,000
May 13, 2026
46.07
46.95
46.07
46.95
46.29
2,600
May 12, 2026
45.38
46.40
45.38
46.40
45.75
3,000
May 11, 2026
0.205 Dividend 

May 11, 2026
45.17
45.19
44.50
45.13
44.49
3,500
May 8, 2026
45.98
46.37
45.75
45.75
44.91
4,300
May 7, 2026
44.06
46.03
44.06
46.03
45.18
2,200
May 6, 2026
45.62
45.62
45.02
45.18
44.34
4,500
May 5, 2026
46.33
46.43
46.24
46.24
45.38
1,900
May 4, 2026
0.229 Dividend 

May 4, 2026
45.74
46.49
45.61
46.06
45.21
5,100
May 1, 2026
46.83
47.26
46.01
46.31
45.23
3,700
Apr 30, 2026
45.67
46.52
45.67
46.52
45.44
8,800
Apr 29, 2026
44.92
45.46
44.74
45.46
44.40
3,800
Apr 28, 2026
45.44
45.44
44.89
45.19
44.14
6,500
Apr 27, 2026
0.205 Dividend 

Apr 27, 2026
45.96
46.29
45.50
45.50
44.44
5,000
Apr 24, 2026
46.16
46.44
46.13
46.41
45.13
5,700
Apr 23, 2026
46.41
46.55
46.41
46.50
45.21
1,900
Apr 22, 2026
45.81
46.10
45.81
46.03
44.76
3,600
Apr 21, 2026
45.66
46.12
45.22
46.12
44.85
2,700
Apr 20, 2026
0.164 Dividend 

Apr 20, 2026
45.25
46.23
45.25
45.66
44.40
2,800
Apr 17, 2026
45.00
45.96
44.80
45.96
44.53
5,300
Apr 16, 2026
45.06
45.57
45.02
45.28
43.87
4,900
Apr 15, 2026
44.37
45.13
44.37
45.13
43.73
2,400
Apr 14, 2026
44.46
44.77
44.22
44.65
43.26
6,700
Apr 13, 2026
0.304 Dividend 

Apr 13, 2026
45.72
45.72
44.90
45.02
43.62
12,900
Apr 10, 2026
47.54
47.79
46.07
46.22
44.49
12,500
Apr 9, 2026
47.83
48.34
47.83
48.18
46.37
2,900
Apr 8, 2026
46.60
48.20
46.60
48.01
46.21
6,900
Apr 7, 2026
47.90
47.90
46.88
47.04
45.28
3,400
Apr 6, 2026
0.257 Dividend 

Apr 6, 2026
46.24
47.42
46.24
47.42
45.64
3,100
Apr 2, 2026
47.16
47.33
46.93
47.24
45.22
5,600
Apr 1, 2026
46.41
46.59
46.28
46.46
44.47
3,100
Mar 31, 2026
46.92
47.00
45.94
46.20
44.23
15,400
Mar 30, 2026
0.139 Dividend 

Mar 30, 2026
45.10
46.91
45.10
46.45
44.47
3,500
Mar 27, 2026
45.87
46.03
45.66
46.03
43.93
5,200
Mar 26, 2026
45.33
45.65
45.33
45.65
43.57
1,500
Mar 25, 2026
45.16
45.56
45.16
45.40
43.33
2,000
Mar 24, 2026
44.60
45.63
44.60
45.39
43.32
5,400
Mar 23, 2026
0.253 Dividend 

Mar 23, 2026
45.32
45.65
44.91
45.06
43.01
6,500
Mar 20, 2026
45.58
46.00
45.00
45.48
43.17
35,400
Mar 19, 2026
46.26
46.26
45.51
45.53
43.21
19,900
Mar 18, 2026
46.90
46.90
46.01
46.01
43.67
1,900
Mar 17, 2026
47.77
47.77
46.94
46.94
44.55
5,900
Mar 16, 2026
0.207 Dividend 

Mar 16, 2026
47.76
47.76
47.01
47.31
44.90
5,900
Mar 13, 2026
47.59
48.02
47.52
47.76
45.13
22,600
Mar 12, 2026
46.67
47.69
46.67
47.58
44.96
8,800
Mar 11, 2026
47.02
47.17
45.70
46.90
44.32
6,600
Mar 10, 2026
47.10
47.91
47.10
47.23
44.63
9,700
Mar 9, 2026
0.898 Dividend 

Mar 9, 2026
47.60
47.87
46.88
47.70
45.08
15,500
Mar 6, 2026
46.19
48.55
46.19
48.55
45.03
37,200
Mar 5, 2026
47.83
47.83
47.00
47.29
43.86
5,100
Mar 4, 2026
48.41
49.06
48.09
48.79
45.25
2,800
Mar 3, 2026
48.55
49.05
48.55
48.72
45.19
1,800
Mar 2, 2026
0.149 Dividend 

Mar 2, 2026
48.98
49.17
48.49
48.53
45.01
6,200
Feb 27, 2026
48.29
49.12
48.02
49.12
45.42
2,500
Feb 26, 2026
47.83
47.83
47.64
47.64
44.05
1,600
Feb 25, 2026
48.37
48.37
48.08
48.22
44.59
3,100
Feb 24, 2026
47.94
48.49
47.94
48.49
44.84
3,200
Feb 23, 2026
0.279 Dividend 

Feb 23, 2026
47.15
47.62
47.15
47.62
44.03
1,800
Feb 20, 2026
47.82
48.00
47.67
47.83
43.97
37,400
Feb 19, 2026
48.10
48.83
48.01
48.04
44.16
5,900
Feb 18, 2026
49.07
49.60
48.49
48.66
44.73
4,700
Feb 17, 2026
0.299 Dividend 

Feb 17, 2026
49.51
50.32
49.50
49.50
45.51
7,000
Feb 13, 2026
48.56
50.29
48.56
50.04
45.73
7,800
Feb 12, 2026
48.25
49.62
48.25
49.02
44.80
5,400
Feb 11, 2026
48.37
48.37
47.86
48.12
43.97
3,300
Feb 10, 2026
48.50
48.68
47.45
47.60
43.50
10,200
Feb 9, 2026
0.133 Dividend 

Feb 9, 2026
49.30
49.50
45.85
49.02
44.80
3,700
Feb 6, 2026
48.84
49.40
48.70
49.40
45.02
6,200
Feb 5, 2026
49.21
49.37
48.02
48.40
44.11
11,600
Feb 4, 2026
48.44
48.80
48.04
48.04
43.78
3,900
Feb 3, 2026
48.10
48.60
47.92
47.92
43.67
2,000
Feb 2, 2026
0.263 Dividend 

Feb 2, 2026
45.80
47.61
45.80
47.24
43.05
4,800
Jan 30, 2026
45.70
46.12
45.60
46.08
41.75
5,100
Jan 29, 2026
47.64
47.64
46.73
46.74
42.35
4,000
Jan 28, 2026
47.43
47.50
47.16
47.35
42.90
4,500
Jan 27, 2026
47.64
47.82
47.41
47.82
43.33
3,600
Jan 26, 2026
0.282 Dividend 

Jan 26, 2026
48.92
49.06
48.05
48.05
43.54
6,300
Jan 23, 2026
48.48
48.93
48.28
48.78
43.95
20,000
Jan 22, 2026
48.85
48.85
48.20
48.42
43.62
6,000
Jan 21, 2026
48.07
49.18
47.83
48.94
44.09
11,100
Jan 20, 2026
0.274 Dividend 

Jan 20, 2026
47.80
48.01
47.29
47.73
43.00
5,900
Jan 16, 2026
47.78
48.25
47.30
47.90
42.91
65,400
Jan 15, 2026
47.67
47.67
47.36
47.55
42.59
4,500
Jan 14, 2026
47.33
47.33
46.73
47.30
42.37
7,900
Jan 13, 2026
46.47
46.67
46.05
46.67
41.81
5,400
Jan 12, 2026
0.137 Dividend 

Jan 12, 2026
46.38
46.97
46.38
46.95
42.05
3,400
Jan 9, 2026
45.85
46.12
45.35
45.84
40.94
3,800
Jan 8, 2026
45.00
46.35
45.00
45.33
40.48
4,500
Jan 7, 2026
44.13
44.13
43.26
43.26
38.63
4,600
Jan 6, 2026
43.59
44.07
43.55
43.87
39.18
4,100
Jan 5, 2026
0.246 Dividend 

Jan 5, 2026
42.87
43.20
42.72
42.85
38.27
8,800
Jan 2, 2026
42.51
42.51
42.06
42.06
37.34
4,300
Dec 31, 2025
42.72
42.72
42.50
42.50
37.74
2,500
Dec 30, 2025
42.25
42.85
42.25
42.74
37.95
3,600
Dec 29, 2025
0.138 Dividend 

Dec 29, 2025
43.46
43.46
42.78
42.80
38.00
9,100
Dec 26, 2025
43.44
43.46
43.23
43.30
38.32
8,300
Dec 24, 2025
42.99
43.49
42.98
43.23
38.26
4,300
Dec 23, 2025
42.00
42.25
41.97
42.25
37.39
8,600
Dec 22, 2025
0.204 Dividend 

Dec 22, 2025
42.27
42.27
41.90
41.94
37.12
7,200
Dec 19, 2025
42.52
42.60
42.25
42.60
37.52
39,200
Dec 18, 2025
43.01
43.01
42.50
42.61
37.53
6,200
Dec 17, 2025
43.10
43.30
42.87
42.99
37.87
3,400
Dec 16, 2025
42.79
42.91
41.97
42.91
37.79
5,700
Dec 15, 2025
0.205 Dividend 

Dec 15, 2025
44.61
44.61
42.38
42.90
37.78
13,500
Dec 12, 2025
44.60
44.63
43.33
44.52
39.03
18,300
Dec 11, 2025
44.00
44.70
43.73
44.54
39.05
25,200
Dec 10, 2025
44.53
44.53
43.75
44.06
38.63
2,900
Dec 9, 2025
44.67
44.72
44.41
44.72
39.21
5,000
Dec 8, 2025
0.291 Dividend 

Dec 8, 2025
44.85
44.85
44.50
44.68
39.17
6,700
Dec 5, 2025
45.55
46.03
45.41
45.41
39.56
4,800
Dec 4, 2025
45.82
45.82
45.14
45.53
39.66
12,900
Dec 3, 2025
47.01
47.30
46.95
47.20
41.12
1,500
Dec 2, 2025
46.10
47.21
46.10
47.21
41.12
1,800
Dec 1, 2025
0.213 Dividend 

Dec 1, 2025
46.91
46.92
46.34
46.61
40.60
4,200
Nov 28, 2025
46.47
46.91
46.47
46.91
40.68
2,500
Nov 26, 2025
46.14
46.80
46.14
46.65
40.45
2,400
Nov 25, 2025
44.90
45.81
44.90
45.81
39.72
7,800
Nov 24, 2025
0.282 Dividend 

Nov 24, 2025
45.82
45.82
45.09
45.22
39.22
6,200
Nov 21, 2025
46.26
48.21
45.97
48.21
41.56
594,700
Nov 20, 2025
46.52
46.52
45.93
45.93
39.60
2,300
Nov 19, 2025
45.47
45.76
44.80
45.76
39.45
8,300
Nov 18, 2025
47.22
47.29
46.01
46.16
39.80
5,200
Nov 17, 2025
0.31 Dividend 

Nov 17, 2025
47.47
47.76
47.08
47.15
40.65
6,500
Nov 14, 2025
47.72
48.65
47.72
48.13
41.22
6,300
Nov 13, 2025
47.04
48.44
47.04
48.28
41.35
2,500
Nov 12, 2025
47.50
47.73
47.50
47.63
40.79
2,000
Nov 11, 2025
47.75
47.75
47.60
47.66
40.82
3,200
Nov 10, 2025
0.216 Dividend 

Nov 10, 2025
48.02
48.02
47.40
47.76
40.90
3,000
Nov 7, 2025
49.11
49.11
48.20
48.20
41.10
4,400
Nov 6, 2025
49.45
49.45
47.94
48.29
41.18
1,600
Nov 5, 2025
49.36
49.45
48.95
49.15
41.91
2,400
Nov 4, 2025
49.10
49.45
48.86
49.37
42.10
4,400
Nov 3, 2025
0.246 Dividend 

Nov 3, 2025
48.15
48.85
47.75
48.85
41.65
3,200
Oct 31, 2025
48.07
48.41
47.78
47.95
40.67
10,000
Oct 30, 2025
48.35
48.55
47.90
48.43
41.09
2,500
Oct 29, 2025
49.10
49.10
47.80
47.98
40.70
6,300
Oct 28, 2025
49.47
49.47
48.44
48.68
41.30
4,000
Oct 27, 2025
49.18
49.23
48.77
48.99
41.56
10,800
Oct 24, 2025
50.27
50.27
49.15
49.17
41.71
7,900
Oct 23, 2025
49.69
49.93
49.40
49.82
42.26
8,000
