Date
Open
High
Low
Close 

Adj Close 

Volume
Jun 5, 2026
18.41
18.41
16.40
16.71
16.71
144,900
Jun 4, 2026
0.427 Dividend 

Jun 4, 2026
18.73
19.62
18.58
18.84
18.84
106,700
Jun 3, 2026
20.91
20.91
19.08
19.14
18.71
266,100
Jun 2, 2026
21.45
21.59
20.67
21.22
20.75
71,800
Jun 1, 2026
22.59
22.59
21.66
21.80
21.31
66,800
May 29, 2026
22.09
23.31
22.07
23.11
22.59
71,300
May 28, 2026
0.425 Dividend 

May 28, 2026
21.00
22.48
20.33
22.48
21.98
79,400
May 27, 2026
21.87
22.33
21.65
21.80
20.90
84,600
May 26, 2026
23.47
23.47
22.00
22.03
21.12
84,000
May 22, 2026
24.08
24.28
23.35
23.61
22.63
51,500
May 21, 2026
0.413 Dividend 

May 21, 2026
23.10
24.19
23.00
23.80
22.82
40,500
May 20, 2026
23.53
23.90
23.08
23.59
22.22
106,900
May 19, 2026
23.42
23.98
23.00
23.42
22.06
36,500
May 18, 2026
23.63
23.90
22.66
23.34
21.99
40,300
May 15, 2026
24.32
24.50
23.40
23.96
22.57
44,900
May 14, 2026
0.53 Dividend 

May 14, 2026
25.59
26.65
24.58
25.25
23.78
43,900
May 13, 2026
26.32
27.15
25.16
26.54
24.50
78,800
May 12, 2026
27.41
28.85
25.55
26.11
24.10
43,300
May 11, 2026
25.14
28.06
22.76
27.29
25.19
102,500
May 8, 2026
24.50
24.50
23.39
24.05
22.20
27,100
May 7, 2026
0.481 Dividend 

May 7, 2026
25.18
25.22
23.45
24.21
22.35
44,300
May 6, 2026
24.81
26.29
24.64
26.22
23.76
56,100
May 5, 2026
26.35
26.35
24.48
24.78
22.45
53,300
May 4, 2026
23.20
25.80
23.20
25.76
23.34
95,900
May 1, 2026
20.69
21.81
20.69
21.80
19.75
25,200
Apr 30, 2026
0.367 Dividend 

Apr 30, 2026
21.28
21.28
20.15
20.36
18.45
19,400
Apr 29, 2026
20.70
21.64
20.47
21.64
19.28
14,900
Apr 28, 2026
20.68
21.51
20.68
21.23
18.91
14,400
Apr 27, 2026
21.84
22.01
21.17
21.31
18.98
29,900
Apr 24, 2026
22.87
22.87
21.77
22.17
19.75
39,800
Apr 23, 2026
0.296 Dividend 

Apr 23, 2026
22.30
22.76
22.00
22.27
19.84
12,600
Apr 22, 2026
22.30
23.40
22.30
23.14
20.35
54,500
Apr 21, 2026
23.21
23.35
21.72
22.02
19.36
114,200
Apr 20, 2026
23.06
23.88
22.24
23.88
21.00
39,100
Apr 17, 2026
23.90
24.20
23.01
23.57
20.73
63,200
Apr 16, 2026
0.281 Dividend 

Apr 16, 2026
24.08
24.08
22.79
23.90
21.02
22,900
Apr 15, 2026
24.12
24.54
23.54
23.73
20.62
89,800
Apr 14, 2026
23.33
24.99
23.10
23.80
20.68
60,300
Apr 13, 2026
20.15
22.58
20.15
22.58
19.62
47,800
Apr 10, 2026
20.32
20.80
19.95
20.34
17.67
50,300
Apr 9, 2026
0.357 Dividend 

Apr 9, 2026
21.30
21.46
19.82
20.00
17.38
86,300
Apr 8, 2026
23.25
23.30
21.79
22.00
18.81
76,300
Apr 7, 2026
21.50
22.04
20.86
22.04
18.84
36,200
Apr 6, 2026
21.89
21.96
21.38
21.62
18.48
40,200
Apr 2, 2026
0.308 Dividend 

Apr 2, 2026
20.80
21.24
19.86
21.24
18.16
65,700
Apr 1, 2026
23.26
23.26
21.45
21.61
18.21
52,200
Mar 31, 2026
21.50
22.92
21.23
22.55
19.00
38,200
Mar 30, 2026
22.47
22.47
21.00
21.38
18.02
42,400
Mar 27, 2026
22.74
22.74
21.50
21.92
18.47
55,000
Mar 26, 2026
0.543 Dividend 

Mar 26, 2026
23.88
24.16
22.75
23.13
19.49
34,900
Mar 25, 2026
25.85
26.29
24.30
24.94
20.56
246,600
Mar 24, 2026
29.43
29.61
23.39
24.24
19.98
173,000
Mar 23, 2026
28.95
29.82
28.64
29.51
24.33
120,200
Mar 20, 2026
29.99
30.85
28.99
29.74
24.51
62,000
Mar 19, 2026
0.713 Dividend 

Mar 19, 2026
30.45
30.45
28.75
29.94
24.68
96,600
Mar 18, 2026
31.88
32.63
31.01
31.85
25.67
217,900
Mar 17, 2026
30.49
32.83
30.10
31.72
25.56
1,441,900
Mar 16, 2026
29.58
30.80
29.51
30.78
24.80
62,300
Mar 13, 2026
28.87
29.28
28.00
28.34
22.84
79,500
Mar 12, 2026
0.663 Dividend 

Mar 12, 2026
28.25
28.86
27.64
28.33
22.83
37,400
Mar 11, 2026
30.34
31.01
28.75
28.87
22.73
224,200
Mar 10, 2026
28.74
30.74
28.74
29.93
23.57
87,600
Mar 9, 2026
27.39
28.72
27.39
28.43
22.38
62,800
Mar 6, 2026
26.80
27.13
26.00
26.42
20.80
36,900
Mar 5, 2026
0.59 Dividend 

Mar 5, 2026
26.91
28.09
26.65
27.15
21.38
52,200
Mar 4, 2026
27.27
27.95
26.91
27.29
21.02
112,400
Mar 3, 2026
24.66
27.30
24.50
26.25
20.22
29,300
Mar 2, 2026
22.70
25.74
22.70
25.63
19.74
39,800
Feb 27, 2026
22.26
22.65
21.90
22.63
17.43
1,360,500
Feb 26, 2026
0.206 Dividend 

Feb 26, 2026
22.05
24.21
21.77
23.29
17.94
16,800
Feb 25, 2026
20.27
22.56
19.94
22.56
17.22
22,800
Feb 24, 2026
17.13
17.65
17.13
17.41
13.29
5,000
Feb 23, 2026
17.47
17.75
17.13
17.43
13.30
86,500
Feb 20, 2026
17.59
18.10
17.59
17.77
13.56
7,800
Feb 19, 2026
0.23 Dividend 

Feb 19, 2026
17.68
17.68
17.17
17.47
13.33
11,900
Feb 18, 2026
17.76
18.27
17.75
18.09
13.63
44,800
Feb 17, 2026
16.90
17.94
16.88
17.63
13.29
6,900
Feb 13, 2026
16.93
17.76
16.85
17.23
12.98
5,300
Feb 12, 2026
0.231 Dividend 

Feb 12, 2026
17.10
17.10
16.50
16.79
12.65
5,500
Feb 11, 2026
17.57
17.57
16.86
17.29
12.86
18,100
Feb 10, 2026
17.60
18.00
17.58
17.59
13.08
10,800
Feb 9, 2026
16.59
17.80
16.59
17.55
13.05
6,500
Feb 6, 2026
16.10
16.94
16.10
16.94
12.60
48,200
Feb 5, 2026
0.228 Dividend 

Feb 5, 2026
16.08
16.08
15.01
15.13
11.25
15,300
Feb 4, 2026
17.10
17.10
15.59
16.52
12.11
33,800
Feb 3, 2026
17.99
17.99
16.32
16.85
12.36
34,400
Feb 2, 2026
18.56
18.56
17.55
17.66
12.95
40,900
Jan 30, 2026
19.60
19.84
18.66
19.00
13.93
21,000
Jan 29, 2026
0.266 Dividend 

Jan 29, 2026
21.02
21.02
19.57
19.94
14.62
66,800
Jan 28, 2026
21.93
22.60
21.54
21.68
15.70
33,100
Jan 27, 2026
21.31
21.31
20.47
20.95
15.17
29,100
Jan 26, 2026
20.88
21.50
20.88
21.40
15.50
17,600
Jan 23, 2026
21.17
21.83
20.91
21.49
15.56
25,600
Jan 22, 2026
0.299 Dividend 

Jan 22, 2026
21.78
21.96
21.25
21.26
15.40
23,600
Jan 21, 2026
22.07
22.45
21.36
22.08
15.78
40,700
Jan 20, 2026
22.47
23.10
21.97
22.08
15.78
111,400
Jan 16, 2026
23.13
23.85
22.49
23.25
16.61
56,500
Jan 15, 2026
0.342 Dividend 

Jan 15, 2026
24.82
24.82
22.88
23.04
16.46
39,900
Jan 14, 2026
25.31
25.78
24.61
25.34
17.86
28,300
Jan 13, 2026
24.67
25.16
24.24
25.05
17.66
53,300
Jan 12, 2026
24.35
24.70
24.19
24.60
17.34
16,100
Jan 9, 2026
24.50
25.12
23.79
24.72
17.42
37,100
Jan 8, 2026
0.37 Dividend 

Jan 8, 2026
23.97
24.43
23.54
24.17
17.04
40,300
Jan 7, 2026
25.06
25.06
24.40
24.45
16.97
60,200
Jan 6, 2026
25.25
25.30
24.65
25.23
17.52
19,000
Jan 5, 2026
25.67
25.78
25.05
25.25
17.52
16,000
Jan 2, 2026
0.401 Dividend 

Jan 2, 2026
24.41
25.25
23.96
24.97
17.33
35,800
Dec 31, 2025
24.48
24.61
24.14
24.23
16.54
31,100
Dec 30, 2025
24.47
25.00
24.34
24.34
16.61
15,100
Dec 29, 2025
24.24
25.01
24.24
24.64
16.82
16,300
Dec 26, 2025
0.494 Dividend 

Dec 26, 2025
25.03
25.03
24.32
24.69
16.86
10,500
Dec 24, 2025
25.48
25.52
24.75
25.37
16.98
17,300
Dec 23, 2025
26.10
26.10
25.01
25.63
17.16
17,700
Dec 22, 2025
26.60
27.16
26.25
26.28
17.59
92,400
Dec 19, 2025
25.11
26.22
25.11
26.12
17.49
17,600
Dec 18, 2025
0.225 Dividend 

Dec 18, 2025
25.16
25.64
24.68
24.81
16.61
13,000
Dec 17, 2025
25.77
26.13
24.52
24.52
16.26
38,100
Dec 16, 2025
23.89
25.78
23.89
25.78
17.10
52,200
Dec 15, 2025
25.54
25.54
23.19
23.19
15.38
31,500
Dec 12, 2025
27.01
27.14
25.22
25.55
16.95
25,700
Dec 11, 2025
0.461 Dividend 

Dec 11, 2025
26.01
27.01
25.57
27.01
17.91
66,300
Dec 10, 2025
27.05
27.30
26.42
27.27
17.78
58,100
Dec 9, 2025
25.88
27.38
25.45
27.26
17.77
75,300
Dec 8, 2025
26.80
26.80
25.40
25.92
16.90
28,300
Dec 5, 2025
26.25
26.61
25.81
26.42
17.23
22,600
Dec 4, 2025
0.608 Dividend 

Dec 4, 2025
26.75
26.83
25.68
26.79
17.47
38,900
Dec 3, 2025
25.25
27.11
24.88
27.10
17.27
47,800
Dec 2, 2025
25.56
25.83
25.12
25.17
16.04
49,300
Dec 1, 2025
25.23
25.63
24.55
24.76
15.78
36,300
Nov 28, 2025
0.459 Dividend 

Nov 28, 2025
24.38
25.83
24.38
25.43
16.21
19,800
Nov 26, 2025
23.87
24.58
23.48
24.50
15.32
33,900
Nov 25, 2025
23.61
23.79
23.16
23.66
14.80
23,200
Nov 24, 2025
24.06
24.41
23.60
24.35
15.23
331,900
Nov 21, 2025
22.48
24.23
22.48
24.07
15.05
53,700
Nov 20, 2025
0.512 Dividend 

Nov 20, 2025
24.00
24.00
21.84
22.52
14.08
38,300
Nov 19, 2025
26.48
26.48
23.45
24.03
14.71
53,000
Nov 18, 2025
25.79
26.71
25.79
26.37
16.14
84,600
Nov 17, 2025
27.99
27.99
25.80
26.57
16.26
24,200
Nov 14, 2025
28.12
29.49
27.97
28.05
17.17
56,500
Nov 13, 2025
0.65 Dividend 

Nov 13, 2025
29.25
30.10
28.73
29.30
17.93
33,900
Nov 12, 2025
32.41
32.48
30.01
30.01
17.97
91,700
Nov 11, 2025
34.52
34.52
33.52
33.52
20.07
10,100
Nov 10, 2025
36.67
36.67
34.83
35.32
21.15
16,500
Nov 7, 2025
33.32
34.85
32.66
34.85
20.87
35,300
Nov 6, 2025
0.815 Dividend 

Nov 6, 2025
38.21
38.21
34.01
34.01
20.37
61,400
Nov 5, 2025
39.49
39.49
38.12
38.60
22.63
72,700
Nov 4, 2025
38.47
39.47
37.46
37.94
22.24
32,500
Nov 3, 2025
42.28
42.28
40.00
40.13
23.53
44,500
Oct 31, 2025
42.45
43.11
41.83
42.33
24.81
44,600
Oct 30, 2025
1.078 Dividend 

Oct 30, 2025
43.37
43.37
40.91
40.91
23.98
43,900
Oct 29, 2025
46.52
46.52
44.52
44.97
25.73
79,900
Oct 28, 2025
48.00
48.24
46.22
46.44
26.57
22,500
Oct 27, 2025
48.97
48.97
46.74
47.93
27.42
20,800
Oct 24, 2025
46.46
47.72
45.40
47.43
27.14
52,700
Oct 23, 2025
0.891 Dividend 

Oct 23, 2025
43.63
45.08
43.05
44.82
25.64
36,000
Oct 22, 2025
45.40
45.97
43.63
44.32
24.85
60,200
Oct 21, 2025
45.44
46.33
44.93
46.17
25.89
22,500
Oct 20, 2025
47.03
47.33
45.51
46.86
26.27
610,800
Oct 17, 2025
45.00
45.25
44.00
44.79
25.11
9,900
Oct 16, 2025
2.48 Dividend 

Oct 16, 2025
47.65
48.29
45.45
45.54
25.53
11,200
Oct 15, 2025
50.25
51.93
49.98
50.11
26.70
26,800
Oct 14, 2025
48.09
49.27
47.58
49.27
26.25
4,200
Oct 13, 2025
49.82
50.61
49.74
49.89
26.59
1,300
Oct 10, 2025
57.31
57.31
49.17
49.17
26.20
5,600
Oct 9, 2025
54.73
55.71
53.92
55.19
29.41
1,800
Oct 8, 2025
53.80
55.22
53.57
54.59
29.09
5,800
Oct 7, 2025
55.40
56.18
53.86
54.22
28.89
2,300
Oct 6, 2025
54.84
54.84
53.04
53.74
28.64
4,200
Oct 3, 2025
53.49
55.16
52.59
52.90
28.19
5,100
Oct 2, 2025
49.98
54.18
49.60
53.99
28.77
16,600
Oct 1, 2025
50.05
50.30
48.09
48.09
25.63
2,900
Sep 30, 2025
50.05
50.05
49.21
49.21
26.22
800
