Date
Open
High
Low
Close 

Adj Close 

Volume
Jun 5, 2026
20.60
21.83
20.58
21.72
21.72
20,100
Jun 4, 2026
0.193 Dividend 

Jun 4, 2026
21.05
21.05
20.72
20.86
20.86
11,100
Jun 3, 2026
21.05
21.10
20.65
20.94
20.75
11,800
Jun 2, 2026
21.15
21.19
20.88
20.94
20.75
11,800
Jun 1, 2026
20.72
21.15
20.72
21.15
20.95
17,900
May 29, 2026
20.38
20.70
20.33
20.50
20.31
12,500
May 28, 2026
0.194 Dividend 

May 28, 2026
20.64
20.64
20.24
20.25
20.07
8,500
May 27, 2026
20.41
20.69
20.30
20.49
20.11
28,400
May 26, 2026
20.61
21.03
20.61
20.74
20.35
30,900
May 22, 2026
21.00
21.19
20.79
21.02
20.63
30,200
May 21, 2026
0.212 Dividend 

May 21, 2026
21.05
21.40
20.99
21.28
20.88
17,200
May 20, 2026
21.99
21.99
21.50
21.50
20.89
18,200
May 19, 2026
22.00
22.25
21.90
21.90
21.28
16,900
May 18, 2026
21.62
21.87
21.44
21.70
21.09
17,300
May 15, 2026
21.04
21.29
21.04
21.29
20.69
15,300
May 14, 2026
0.202 Dividend 

May 14, 2026
20.42
20.54
20.20
20.52
19.94
8,900
May 13, 2026
21.00
21.30
20.32
20.64
19.86
20,100
May 12, 2026
20.59
21.73
20.59
21.18
20.38
22,100
May 11, 2026
21.82
22.00
20.51
20.65
19.87
31,600
May 8, 2026
22.13
22.13
21.36
21.53
20.71
36,700
May 7, 2026
0.237 Dividend 

May 7, 2026
22.85
22.85
22.20
22.46
21.61
16,400
May 6, 2026
23.81
23.89
23.25
23.47
22.35
21,700
May 5, 2026
23.29
23.94
23.24
23.94
22.80
18,900
May 4, 2026
23.82
24.10
23.63
23.81
22.68
15,600
May 1, 2026
24.31
24.37
23.42
23.76
22.64
27,000
Apr 30, 2026
0.244 Dividend 

Apr 30, 2026
24.51
24.91
24.21
24.31
23.16
16,600
Apr 29, 2026
24.80
25.07
24.80
24.94
23.53
10,100
Apr 28, 2026
24.53
24.74
24.36
24.72
23.31
8,900
Apr 27, 2026
25.00
25.21
24.46
24.55
23.15
22,800
Apr 24, 2026
24.68
24.82
24.40
24.63
23.23
14,600
Apr 23, 2026
0.235 Dividend 

Apr 23, 2026
24.85
24.90
24.18
24.72
23.31
33,600
Apr 22, 2026
23.91
24.20
23.87
24.19
22.59
15,600
Apr 21, 2026
23.77
24.23
23.77
24.16
22.57
17,500
Apr 20, 2026
23.25
23.98
23.20
23.90
22.32
13,300
Apr 17, 2026
23.74
23.78
22.87
23.45
21.90
48,500
Apr 16, 2026
0.306 Dividend 

Apr 16, 2026
23.53
24.53
23.53
24.03
22.44
40,500
Apr 15, 2026
26.31
26.31
23.90
24.12
22.24
81,400
Apr 14, 2026
26.46
26.73
26.00
26.19
24.15
42,900
Apr 13, 2026
26.98
27.35
26.90
27.10
24.99
38,800
Apr 10, 2026
27.50
27.71
27.38
27.39
25.26
18,900
Apr 9, 2026
0.326 Dividend 

Apr 9, 2026
27.69
27.92
27.32
27.50
25.36
26,400
Apr 8, 2026
26.96
28.14
26.96
28.07
25.59
29,100
Apr 7, 2026
27.69
28.34
27.69
27.93
25.46
19,000
Apr 6, 2026
27.38
27.88
26.90
27.65
25.20
25,600
Apr 2, 2026
0.331 Dividend 

Apr 2, 2026
26.88
27.31
26.73
27.23
24.82
27,200
Apr 1, 2026
26.84
26.84
26.37
26.46
23.81
35,100
Mar 31, 2026
27.53
27.53
26.81
26.93
24.24
44,300
Mar 30, 2026
26.97
27.95
26.97
27.80
25.02
29,200
Mar 27, 2026
27.03
27.56
27.03
27.43
24.69
34,100
Mar 26, 2026
0.388 Dividend 

Mar 26, 2026
26.40
26.95
26.25
26.95
24.26
28,200
Mar 25, 2026
26.55
26.67
25.92
26.65
23.64
45,300
Mar 24, 2026
27.18
27.18
26.51
26.77
23.74
13,100
Mar 23, 2026
27.28
27.28
26.60
26.87
23.83
36,600
Mar 20, 2026
27.01
27.73
27.01
27.57
24.46
37,200
Mar 19, 2026
0.303 Dividend 

Mar 19, 2026
26.91
27.14
26.90
27.00
23.95
25,400
Mar 18, 2026
26.39
26.92
26.26
26.87
23.56
58,100
Mar 17, 2026
26.68
26.68
26.43
26.66
23.38
35,000
Mar 16, 2026
26.61
26.66
26.16
26.63
23.36
36,600
Mar 13, 2026
26.05
26.85
26.05
26.78
23.48
24,200
Mar 12, 2026
0.26 Dividend 

Mar 12, 2026
25.85
26.44
25.85
26.44
23.19
26,600
Mar 11, 2026
26.20
26.20
25.50
26.02
22.59
31,700
Mar 10, 2026
26.20
26.48
26.07
26.47
22.98
22,100
Mar 9, 2026
26.91
27.24
26.36
26.42
22.94
50,600
Mar 6, 2026
26.40
26.55
26.30
26.53
23.03
16,400
Mar 5, 2026
0.295 Dividend 

Mar 5, 2026
26.16
26.21
25.80
25.94
22.52
18,200
Mar 4, 2026
26.48
26.51
25.99
26.14
22.44
20,400
Mar 3, 2026
26.70
27.08
26.70
26.78
22.99
14,400
Mar 2, 2026
26.60
26.79
26.14
26.17
22.46
46,400
Feb 27, 2026
26.42
26.42
26.07
26.22
22.51
32,300
Feb 26, 2026
0.504 Dividend 

Feb 26, 2026
25.54
26.05
25.52
25.84
22.18
44,800
Feb 25, 2026
26.10
26.10
25.65
25.87
21.77
46,700
Feb 24, 2026
26.63
26.67
26.10
26.16
22.02
40,400
Feb 23, 2026
26.23
26.86
26.23
26.63
22.41
21,100
Feb 20, 2026
26.00
26.18
25.85
26.05
21.93
11,600
Feb 19, 2026
0.264 Dividend 

Feb 19, 2026
26.01
26.21
25.83
25.94
21.83
9,700
Feb 18, 2026
26.24
26.31
26.00
26.24
21.86
20,300
Feb 17, 2026
25.91
26.64
25.91
26.15
21.79
91,000
Feb 13, 2026
25.94
26.11
25.47
25.82
21.51
19,400
Feb 12, 2026
0.302 Dividend 

Feb 12, 2026
25.14
25.96
24.88
25.80
21.50
24,600
Feb 11, 2026
25.60
25.84
25.06
25.45
20.96
29,400
Feb 10, 2026
26.04
26.04
25.58
25.64
21.11
19,900
Feb 9, 2026
26.32
26.56
25.92
26.10
21.49
20,200
Feb 6, 2026
27.01
27.02
26.23
26.51
21.83
36,600
Feb 5, 2026
0.252 Dividend 

Feb 5, 2026
27.30
27.44
26.87
27.03
22.25
48,200
Feb 4, 2026
26.43
27.19
26.27
27.01
22.03
96,700
Feb 3, 2026
26.11
26.60
26.04
26.29
21.44
72,200
Feb 2, 2026
26.40
26.50
25.99
26.25
21.41
22,200
Jan 30, 2026
26.05
26.08
25.30
25.79
21.04
46,800
Jan 29, 2026
0.225 Dividend 

Jan 29, 2026
25.18
26.40
25.18
26.39
21.52
37,200
Jan 28, 2026
25.65
25.98
25.60
25.98
21.01
22,500
Jan 27, 2026
25.67
25.87
25.65
25.87
20.92
19,100
Jan 26, 2026
25.26
25.68
25.26
25.68
20.76
19,400
Jan 23, 2026
24.94
25.17
24.83
25.03
20.24
20,400
Jan 22, 2026
0.312 Dividend 

Jan 22, 2026
25.65
25.72
24.91
24.91
20.14
27,600
Jan 21, 2026
26.43
26.52
25.77
26.13
20.88
40,800
Jan 20, 2026
26.10
26.58
26.10
26.52
21.19
29,500
Jan 16, 2026
25.53
25.90
25.40
25.80
20.61
13,100
Jan 15, 2026
0.242 Dividend 

Jan 15, 2026
25.64
25.72
25.45
25.72
20.55
12,300
Jan 14, 2026
25.75
26.04
25.70
25.86
20.47
10,200
Jan 13, 2026
25.29
25.57
25.29
25.54
20.21
9,600
Jan 12, 2026
25.62
25.80
25.22
25.39
20.09
16,700
Jan 9, 2026
25.97
26.25
25.33
25.51
20.19
27,900
Jan 8, 2026
0.233 Dividend 

Jan 8, 2026
26.23
26.25
25.95
25.95
20.54
23,800
Jan 7, 2026
26.32
26.36
26.12
26.33
20.65
10,000
Jan 6, 2026
25.86
26.41
25.86
26.33
20.65
25,900
Jan 5, 2026
25.94
25.94
25.35
25.69
20.15
37,900
Jan 2, 2026
0.241 Dividend 

Jan 2, 2026
25.25
26.24
25.25
26.16
20.52
42,300
Dec 31, 2025
25.50
25.89
25.50
25.89
20.12
25,200
Dec 30, 2025
25.33
25.65
25.27
25.57
19.87
30,900
Dec 29, 2025
25.06
25.46
25.06
25.38
19.72
38,900
Dec 26, 2025
0.236 Dividend 

Dec 26, 2025
24.33
24.90
24.25
24.90
19.35
15,900
Dec 24, 2025
24.44
24.90
24.36
24.57
18.91
9,700
Dec 23, 2025
24.21
24.59
24.17
24.59
18.93
10,700
Dec 22, 2025
24.34
24.43
23.82
24.31
18.71
21,500
Dec 19, 2025
24.30
24.83
24.24
24.63
18.96
11,600
Dec 18, 2025
0.226 Dividend 

Dec 18, 2025
24.70
25.03
24.17
24.47
18.83
28,900
Dec 17, 2025
24.38
25.57
24.18
25.56
19.50
30,800
Dec 16, 2025
25.28
25.75
24.33
24.35
18.58
47,700
Dec 15, 2025
25.47
25.47
24.84
25.19
19.22
55,000
Dec 12, 2025
26.50
26.70
25.80
25.95
19.80
39,400
Dec 11, 2025
0.091 Dividend 

Dec 11, 2025
26.41
26.76
26.41
26.51
20.22
37,800
Dec 10, 2025
26.69
26.73
26.02
26.66
20.27
28,900
Dec 9, 2025
27.01
27.01
26.30
26.67
20.28
16,300
Dec 8, 2025
26.53
27.02
26.53
26.84
20.41
35,400
Dec 5, 2025
26.03
26.25
25.90
26.05
19.81
50,700
Dec 4, 2025
0.333 Dividend 

Dec 4, 2025
26.39
26.48
26.07
26.11
19.85
20,700
Dec 3, 2025
27.70
27.70
26.77
26.83
20.14
68,200
Dec 2, 2025
1:10 Stock Splits 

Dec 2, 2025
27.83
28.26
27.55
27.89
20.94
39,000
Dec 1, 2025
28.00
28.12
27.60
27.80
20.87
99,940
Nov 28, 2025
0.45 Dividend 

Nov 28, 2025
28.40
28.40
27.60
27.90
20.95
28,220
Nov 26, 2025
28.70
29.03
28.50
28.50
21.06
47,720
Nov 25, 2025
29.10
29.65
28.80
28.90
21.36
44,660
Nov 24, 2025
30.10
30.10
28.60
29.00
21.43
106,200
Nov 21, 2025
29.80
30.50
29.80
30.40
22.46
78,070
Nov 20, 2025
0.59 Dividend 

Nov 20, 2025
29.30
30.40
28.25
30.20
22.32
123,950
Nov 19, 2025
30.10
30.50
29.80
30.50
22.10
68,670
Nov 18, 2025
30.10
30.65
29.95
30.30
21.96
64,340
Nov 17, 2025
30.30
30.40
29.10
29.70
21.52
59,100
Nov 14, 2025
30.80
31.18
29.65
30.10
21.81
70,510
Nov 13, 2025
0.56 Dividend 

Nov 13, 2025
29.40
30.50
29.20
30.20
21.89
81,850
Nov 12, 2025
28.60
29.60
28.60
29.40
20.90
37,940
Nov 11, 2025
28.50
29.20
28.50
28.80
20.47
17,140
Nov 10, 2025
28.70
29.10
28.20
28.50
20.26
47,160
Nov 7, 2025
29.00
29.60
28.85
29.20
20.76
49,640
Nov 6, 2025
0.33 Dividend 

Nov 6, 2025
28.00
29.06
27.55
28.90
20.54
44,540
Nov 5, 2025
28.70
29.10
27.95
28.00
19.67
47,350
Nov 4, 2025
28.40
29.00
28.11
29.00
20.37
62,620
Nov 3, 2025
28.20
28.50
27.40
27.60
19.39
54,500
Oct 31, 2025
29.00
29.00
28.15
28.20
19.81
59,990
Oct 30, 2025
0.44 Dividend 

Oct 30, 2025
28.20
29.20
28.20
29.00
20.37
49,070
Oct 29, 2025
28.20
28.66
27.96
28.20
19.50
66,790
Oct 28, 2025
28.10
28.80
27.90
28.20
19.50
77,840
Oct 27, 2025
29.30
29.50
28.30
28.70
19.85
88,530
Oct 24, 2025
28.90
29.90
28.70
29.80
20.61
73,500
Oct 23, 2025
0.4 Dividend 

Oct 23, 2025
30.50
30.65
28.70
28.80
19.92
96,210
Oct 22, 2025
29.20
30.06
29.15
29.60
20.19
74,020
Oct 21, 2025
28.90
29.30
28.80
29.20
19.92
36,400
Oct 20, 2025
29.40
29.40
28.89
29.00
19.78
33,730
Oct 17, 2025
30.20
30.25
29.31
29.40
20.06
50,350
Oct 16, 2025
0.88 Dividend 

Oct 16, 2025
29.70
30.40
29.40
30.10
20.53
56,270
Oct 15, 2025
30.50
30.90
30.10
30.50
20.21
38,940
Oct 14, 2025
31.10
31.20
30.50
30.80
20.41
30,250
Oct 13, 2025
31.00
31.10
30.20
30.40
20.14
51,730
Oct 10, 2025
30.30
31.45
29.90
31.10
20.60
63,390
Oct 9, 2025
30.50
30.80
30.20
30.30
20.07
32,160
Oct 8, 2025
30.00
30.61
29.90
30.00
19.88
36,590
Oct 7, 2025
29.30
30.25
29.15
30.20
20.01
42,590
Oct 6, 2025
30.00
30.00
29.00
29.10
19.28
57,950
Oct 3, 2025
30.00
31.00
29.80
30.50
20.21
68,840
Oct 2, 2025
1.24 Dividend 

Oct 2, 2025
28.70
30.30
28.45
30.20
20.01
80,290
Oct 1, 2025
31.80
31.80
30.04
30.20
19.19
76,570
Sep 30, 2025
31.40
31.79
31.10
31.10
19.76
25,990
Sep 29, 2025
31.10
31.40
30.84
31.20
19.82
38,100
Sep 26, 2025
32.00
32.30
31.10
31.30
19.88
55,530
Sep 25, 2025
31.80
32.30
31.60
32.20
20.46
25,850
Sep 24, 2025
31.60
31.70
30.90
31.00
19.69
21,340
Sep 23, 2025
31.40
32.00
31.20
31.80
20.20
22,050
Sep 22, 2025
31.70
31.70
30.90
31.50
20.01
38,180
Sep 19, 2025
32.50
32.50
31.61
31.90
20.27
18,240
Sep 18, 2025
31.40
32.45
31.35
32.30
20.52
22,040
Sep 17, 2025
32.40
32.60
31.60
31.70
20.14
33,880
Sep 16, 2025
32.50
32.60
31.85
32.00
20.33
30,400
Sep 15, 2025
31.70
33.30
31.70
32.70
20.77
137,670
Sep 12, 2025
36.00
36.10
33.85
33.90
21.54
57,190
Sep 11, 2025
37.80
37.90
36.20
36.50
23.19
29,190
Sep 10, 2025
37.70
38.20
37.20
38.10
24.21
28,220
Sep 9, 2025
38.10
38.35
37.80
38.10
24.21
14,350
Sep 8, 2025
37.40
38.25
37.00
38.20
24.27
24,070
Sep 5, 2025
38.00
38.30
37.12
37.90
24.08
63,850
Sep 4, 2025
1.62 Dividend 

Sep 4, 2025
39.10
39.55
38.80
38.80
24.65
31,890
Sep 3, 2025
41.30
41.47
39.90
41.00
25.02
52,390
Sep 2, 2025
41.30
41.60
41.10
41.40
25.26
39,010
Aug 29, 2025
40.30
41.20
39.90
41.00
25.02
18,440
Aug 28, 2025
39.50
40.60
39.20
40.00
24.41
48,550
Aug 27, 2025
39.20
39.60
39.00
39.50
24.10
17,230
Aug 26, 2025
39.80
40.11
39.30
39.30
23.98
22,560
Aug 25, 2025
40.50
40.95
39.55
39.80
24.29
19,260
Aug 22, 2025
42.20
42.35
40.40
40.40
24.65
27,610
Aug 21, 2025
42.20
42.40
41.90
42.30
25.81
17,020
Aug 20, 2025
41.30
42.50
41.30
41.90
25.57
22,820
Aug 19, 2025
40.70
41.50
40.30
41.30
25.20
22,110
Aug 18, 2025
41.00
41.20
40.70
40.70
24.84
24,520
Aug 15, 2025
40.50
41.40
40.30
41.20
25.14
13,770
Aug 14, 2025
40.50
41.10
40.00
40.50
24.71
26,760
Aug 13, 2025
39.80
40.20
39.00
40.20
24.53
23,880
Aug 12, 2025
39.60
40.80
39.60
39.90
24.35
25,270
Aug 11, 2025
40.80
40.80
39.30
40.10
24.47
50,600
Aug 8, 2025
42.30
42.30
40.50
41.20
25.14
77,770
Aug 7, 2025
1.95 Dividend 

Aug 7, 2025
42.60
42.80
42.00
42.00
25.63
39,830
Aug 6, 2025
46.40
46.40
44.20
44.40
25.90
77,640
Aug 5, 2025
45.80
46.20
45.26
45.80
26.72
45,920
Aug 4, 2025
45.40
46.40
45.34
45.60
26.60
39,860
Aug 1, 2025
46.50
46.90
45.90
46.50
27.13
45,480
Jul 31, 2025
45.00
46.20
44.70
46.10
26.89
29,410
Jul 30, 2025
44.40
45.70
44.20
44.70
26.08
19,640
Jul 29, 2025
43.50
44.80
43.50
44.40
25.90
20,610
Jul 28, 2025
44.40
45.00
43.40
43.90
25.61
31,110
Jul 25, 2025
46.40
46.40
43.95
44.90
26.19
66,140
Jul 24, 2025
45.20
46.60
45.20
46.20
26.95
91,410
Jul 23, 2025
43.30
43.40
42.60
43.00
25.09
44,030
Jul 22, 2025
43.50
44.11
42.70
43.00
25.09
23,390
Jul 21, 2025
43.10
43.60
42.50
43.50
25.38
34,000
Jul 18, 2025
44.40
44.40
43.10
43.30
25.26
39,280
Jul 17, 2025
44.00
44.65
43.90
44.60
26.02
19,300
Jul 16, 2025
45.10
45.37
43.90
44.00
25.67
47,520
Jul 15, 2025
43.90
44.90
43.58
44.90
26.19
69,560
Jul 14, 2025
44.50
45.25
44.00
44.60
26.02
50,100
Jul 11, 2025
45.30
46.10
45.00
45.10
26.31
56,950
Jul 10, 2025
2.16 Dividend 

Jul 10, 2025
47.40
47.40
45.30
45.50
26.54
89,180
Jul 9, 2025
49.60
50.10
49.05
49.80
27.79
83,780
Jul 8, 2025
49.70
49.95
48.40
49.40
27.57
80,440
Jul 7, 2025
50.00
50.50
49.60
50.00
27.90
87,600
Jul 3, 2025
47.30
47.60
46.80
47.30
26.40
21,270
Jul 2, 2025
47.80
48.30
46.91
47.30
26.40
27,140
Jul 1, 2025
49.00
49.30
48.20
48.40
27.01
49,880
Jun 30, 2025
47.00
47.30
46.50
47.30
26.40
17,760
Jun 27, 2025
46.30
47.80
46.20
46.70
26.06
30,980
Jun 26, 2025
46.50
46.70
45.60
46.28
25.83
17,040
Jun 25, 2025
44.00
46.76
43.95
46.10
25.73
32,810
Jun 24, 2025
42.10
44.30
42.10
43.90
24.50
27,010
Jun 23, 2025
46.00
46.00
42.20
43.00
24.00
58,410
Jun 20, 2025
45.70
47.00
45.10
46.40
25.90
18,840
Jun 18, 2025
46.90
46.90
45.40
46.30
25.84
24,690
Jun 17, 2025
45.70
46.80
45.30
46.60
26.01
23,520
Jun 16, 2025
44.50
45.70
44.50
45.30
25.28
40,480
Jun 13, 2025
46.50
46.75
44.80
45.40
25.34
40,790
Jun 12, 2025
2.53 Dividend 

Jun 12, 2025
46.00
46.60
44.65
46.40
25.90
46,900
Jun 11, 2025
47.10
48.50
46.60
48.00
25.38
72,580
Jun 10, 2025
50.00
50.21
47.72
48.00
25.38
55,960
Jun 9, 2025
53.50
54.00
50.40
50.40
26.65
83,530
Jun 6, 2025
51.60
52.40
50.70
51.90
27.44
56,700
Jun 5, 2025
49.60
53.82
49.60
52.40
27.70
85,020
Jun 4, 2025
47.90
49.00
47.90
48.70
25.75
20,240
Jun 3, 2025
48.10
48.10
46.95
48.00
25.38
18,990
Jun 2, 2025
48.20
48.60
47.40
48.60
25.69
26,180
May 30, 2025
47.30
48.10
45.90
47.90
25.32
30,910
May 29, 2025
45.70
46.69
45.40
46.50
24.58
23,610
May 28, 2025
45.80
46.70
45.80
46.70
24.69
30,100
May 27, 2025
47.50
47.50
45.80
45.80
24.21
41,340
May 23, 2025
48.80
48.90
48.00
48.40
25.59
35,940
May 22, 2025
48.70
49.40
47.40
48.20
25.48
19,310
May 21, 2025
47.40
49.00
47.30
48.70
25.75
38,050
May 20, 2025
47.40
47.90
46.50
47.50
25.11
65,710
May 19, 2025
48.30
48.70
47.70
47.70
25.22
64,880
May 16, 2025
47.40
47.69
46.60
46.70
24.69
52,110
May 15, 2025
3.15 Dividend 

May 15, 2025
47.50
48.50
47.00
47.00
24.85
89,480
May 14, 2025
51.00
51.40
49.60
50.20
24.87
118,450
May 13, 2025
54.40
54.70
51.22
51.80
25.67
107,920
May 12, 2025
55.00
55.80
54.00
54.90
27.20
151,250
May 9, 2025
60.20
60.30
56.50
58.50
28.99
77,940
May 8, 2025
62.30
62.30
59.70
61.00
30.23
37,000
May 7, 2025
62.40
63.40
62.00
63.40
31.42
17,890
May 6, 2025
62.90
62.95
61.90
62.90
31.17
14,660
May 5, 2025
60.50
62.40
60.50
61.20
30.32
28,530
May 2, 2025
60.60
61.40
58.70
60.40
29.93
25,720
May 1, 2025
61.00
61.30
59.30
61.30
30.37
13,920
Apr 30, 2025
60.80
62.60
60.40
60.80
30.13
36,190
Apr 29, 2025
60.80
61.10
58.60
59.50
29.48
29,820
Apr 28, 2025
59.00
62.16
58.20
61.10
30.28
27,610
Apr 25, 2025
65.70
65.80
59.42
60.70
30.08
43,410
Apr 24, 2025
68.00
68.00
65.80
65.80
32.60
21,300
Apr 23, 2025
66.50
70.00
65.60
68.30
33.84
67,960
Apr 22, 2025
72.00
72.90
69.10
70.30
34.83
43,530
Apr 21, 2025
72.10
74.10
72.10
72.30
35.83
96,770
Apr 17, 2025
5.62 Dividend 

Apr 17, 2025
69.70
70.90
69.40
70.60
34.98
45,670
Apr 16, 2025
74.30
76.98
73.15
76.00
34.87
126,070
Apr 15, 2025
73.30
73.70
71.10
72.70
33.36
45,190
Apr 14, 2025
71.60
73.78
70.00
72.20
33.13
43,550
Apr 11, 2025
72.00
73.80
70.60
72.00
33.04
26,510
Apr 10, 2025
68.50
74.50
68.50
72.40
33.22
37,870
Apr 9, 2025
77.90
77.90
65.00
66.50
30.51
50,660
Apr 8, 2025
72.40
78.80
71.70
77.20
35.42
34,100
Apr 7, 2025
77.90
79.50
70.71
75.30
34.55
43,090
Apr 4, 2025
71.90
73.90
70.34
73.00
33.50
57,080
Apr 3, 2025
69.30
70.20
66.50
68.80
31.57
26,420
Apr 2, 2025
71.20
71.34
64.75
65.80
30.19
24,690
Apr 1, 2025
69.90
70.04
66.20
68.30
31.34
24,340
Mar 31, 2025
72.30
72.62
69.70
70.60
32.40
33,050
Mar 28, 2025
65.40
69.50
65.40
69.50
31.89
22,580
Mar 27, 2025
67.00
67.00
62.00
66.00
30.29
15,780
Mar 26, 2025
63.70
67.39
63.70
66.20
30.38
22,240
Mar 25, 2025
63.20
66.80
62.00
62.00
28.45
30,790
Mar 24, 2025
70.30
71.00
64.51
64.70
29.69
68,430
Mar 21, 2025
76.70
76.70
73.00
73.70
33.82
46,100
Mar 20, 2025
6.46 Dividend 

Mar 20, 2025
77.20
77.20
75.70
75.90
34.83
47,360
Mar 19, 2025
83.40
83.40
81.18
82.60
34.94
95,470
Mar 18, 2025
84.00
84.20
82.70
83.60
35.36
39,690
Mar 17, 2025
79.80
82.50
79.60
82.20
34.77
47,760
Mar 14, 2025
79.60
80.60
77.60
78.00
32.99
25,890
Mar 13, 2025
78.50
82.22
78.50
80.00
33.84
26,620
Mar 12, 2025
78.00
79.97
77.10
77.70
32.87
33,070
Mar 11, 2025
83.50
84.00
80.50
82.30
34.81
34,950
Mar 10, 2025
77.00
83.80
77.00
83.70
35.40
55,630
Mar 7, 2025
75.80
77.50
74.61
75.60
31.98
17,770
Mar 6, 2025
72.60
75.60
72.60
75.00
31.72
19,910
Mar 5, 2025
72.90
73.50
71.00
72.10
30.50
7,670
Mar 4, 2025
72.60
74.50
70.10
72.90
30.84
31,590
Mar 3, 2025
67.90
71.80
66.91
70.70
29.90
18,670
Feb 28, 2025
71.20
71.90
69.20
69.20
29.27
15,670
Feb 27, 2025
69.70
71.00
68.51
70.50
29.82
19,210
Feb 26, 2025
67.50
69.80
66.54
69.20
29.27
17,460
Feb 25, 2025
64.20
68.50
64.20
67.60
28.59
54,150
Feb 24, 2025
62.90
65.00
62.70
63.80
26.99
43,350
Feb 21, 2025
61.20
63.90
61.20
62.90
26.61
55,570
Feb 20, 2025
3.81 Dividend 

Feb 20, 2025
61.10
62.35
60.60
61.70
26.10
18,010
Feb 19, 2025
66.10
66.10
63.50
64.60
25.71
96,320
Feb 18, 2025
65.10
65.90
64.60
65.40
26.03
43,790
Feb 14, 2025
64.00
66.00
63.80
65.10
25.91
17,440
Feb 13, 2025
66.30
66.70
64.40
64.90
25.83
24,240
Feb 12, 2025
68.80
68.80
66.00
67.50
26.87
9,390
Feb 11, 2025
66.80
68.80
65.80
67.80
26.99
40,250
Feb 10, 2025
65.20
66.20
64.50
65.90
26.23
22,100
Feb 7, 2025
63.40
64.20
62.52
64.20
25.55
11,760
Feb 6, 2025
63.40
64.00
62.50
62.50
24.88
11,060
Feb 5, 2025
61.70
62.70
61.36
62.70
24.96
9,960
Feb 4, 2025
60.90
62.00
60.00
60.00
23.88
4,700
Feb 3, 2025
61.10
62.40
60.80
60.80
24.20
19,560
Jan 31, 2025
60.00
60.50
57.50
60.50
24.08
16,870
Jan 30, 2025
58.60
61.20
57.80
60.20
23.96
14,410
Jan 29, 2025
60.30
60.60
59.30
60.00
23.88
11,720
Jan 28, 2025
58.90
60.60
58.30
58.30
23.21
17,550
Jan 27, 2025
59.10
60.30
58.40
58.50
23.28
32,900
Jan 24, 2025
57.80
58.60
57.00
57.20
22.77
22,010
Jan 23, 2025
2.86 Dividend 

Jan 23, 2025
56.90
58.20
56.70
57.60
22.93
26,540
Jan 22, 2025
60.00
60.30
58.50
59.60
22.58
22,650
Jan 21, 2025
58.80
61.00
58.50
59.90
22.70
26,860
Jan 17, 2025
60.20
60.20
57.10
59.50
22.55
34,340
Jan 16, 2025
59.60
61.00
59.40
60.70
23.00
13,060
Jan 15, 2025
61.00
61.40
58.00
58.70
22.24
15,940
Jan 14, 2025
60.00
62.90
59.00
62.00
23.49
12,760
Jan 13, 2025
64.00
64.50
61.00
61.00
23.11
11,710
Jan 10, 2025
63.50
64.15
62.30
63.00
23.87
9,670
Jan 8, 2025
63.00
63.30
61.60
63.00
23.87
6,070
Jan 7, 2025
61.60
63.40
60.50
63.40
24.02
7,910
Jan 6, 2025
59.60
61.80
58.50
60.70
23.00
21,620
Jan 3, 2025
63.60
64.30
60.50
60.60
22.96
14,370
Jan 2, 2025
62.60
65.00
62.60
64.20
24.33
19,410
Dec 31, 2024
60.30
61.90
59.99
61.30
23.23
15,320
Dec 30, 2024
60.30
60.90
59.80
60.70
23.00
17,330
Dec 27, 2024
3.71 Dividend 

Dec 27, 2024
58.00
59.90
57.50
59.00
22.36
22,430
Dec 26, 2024
60.40
60.90
59.22
60.80
21.63
19,470
Dec 24, 2024
62.40
62.80
59.30
60.30
21.46
12,880
Dec 23, 2024
63.20
64.50
62.57
63.60
22.63
15,700
Dec 20, 2024
63.80
64.50
61.00
64.50
22.95
17,140
Dec 19, 2024
61.10
63.70
60.40
62.70
22.31
13,210
Dec 18, 2024
59.90
62.60
57.70
62.60
22.27
19,670
Dec 17, 2024
59.40
60.70
57.70
59.10
21.03
19,970
Dec 16, 2024
62.70
62.99
60.00
61.40
21.85
28,160
Dec 13, 2024
64.70
65.95
63.20
63.60
22.63
11,370
Dec 12, 2024
65.20
66.20
64.26
64.90
23.09
11,660
Dec 11, 2024
67.00
67.58
64.90
66.30
23.59
18,760
Dec 10, 2024
70.00
70.00
66.80
68.00
24.19
13,990
Dec 9, 2024
69.50
71.60
68.00
71.40
25.40
18,910
Dec 6, 2024
71.90
72.90
70.00
70.00
24.91
13,000
Dec 5, 2024
74.20
74.50
71.90
74.50
26.51
9,740
Dec 4, 2024
75.00
76.70
74.20
74.20
26.40
7,770
Dec 3, 2024
75.70
76.90
75.00
75.00
26.69
13,320
Dec 2, 2024
76.40
76.40
74.30
75.20
26.76
19,880
Nov 29, 2024
3.75 Dividend 

Nov 29, 2024
78.30
79.10
77.00
77.00
27.40
17,280
Nov 27, 2024
82.00
83.98
81.20
83.30
28.30
27,510
Nov 26, 2024
81.90
82.20
80.00
82.10
27.90
15,550
Nov 25, 2024
78.10
81.80
77.40
81.80
27.79
24,470
Nov 22, 2024
82.00
82.10
78.20
79.50
27.01
21,000
Nov 21, 2024
81.30
82.50
79.79
81.70
27.76
18,110
Nov 20, 2024
80.50
82.90
79.80
81.10
27.56
8,460
Nov 19, 2024
82.00
82.80
79.90
80.70
27.42
11,290
Nov 18, 2024
81.10
83.30
79.52
81.40
27.66
16,760
Nov 15, 2024
89.30
89.30
84.31
86.00
29.22
8,690
Nov 14, 2024
84.20
87.00
83.60
87.00
29.56
9,120
Nov 13, 2024
83.40
85.10
80.70
84.20
28.61
7,990
Nov 12, 2024
82.10
84.90
80.50
83.80
28.47
21,250
Nov 11, 2024
80.80
82.20
77.38
78.50
26.67
40,490
Nov 8, 2024
93.40
94.20
84.00
87.50
29.73
31,200
Nov 7, 2024
98.00
98.10
93.50
96.10
32.65
28,570
Nov 6, 2024
99.30
101.62
96.64
97.40
33.10
31,720
Nov 5, 2024
112.90
114.00
110.70
111.70
37.95
8,130
Nov 4, 2024
113.00
116.08
113.00
114.70
38.97
33,020
Nov 1, 2024
111.10
113.90
111.10
112.00
38.06
22,680
Oct 31, 2024
4.49 Dividend 

Oct 31, 2024
111.00
112.40
109.60
111.70
37.95
19,330
Oct 30, 2024
114.10
114.90
112.50
114.60
37.41
27,150
Oct 29, 2024
113.20
114.90
112.00
114.10
37.25
25,940
Oct 28, 2024
110.50
113.70
108.72
111.70
36.47
36,970
Oct 25, 2024
115.90
116.10
110.10
110.65
36.12
32,790
Oct 24, 2024
124.40
124.40
113.00
115.70
37.77
51,850
Oct 23, 2024
134.70
137.00
134.50
136.40
44.53
12,440
Oct 22, 2024
134.50
136.20
134.50
135.40
44.21
9,160
Oct 21, 2024
134.00
136.10
133.85
135.00
44.07
8,490
Oct 18, 2024
132.50
133.83
132.50
133.30
43.52
4,010
Oct 17, 2024
132.10
134.40
132.10
133.60
43.62
3,610
Oct 16, 2024
133.30
133.70
132.40
133.70
43.65
3,910
Oct 15, 2024
132.80
134.05
131.50
133.90
43.72
3,150
Oct 14, 2024
131.10
134.98
130.04
133.80
43.68
8,930
Oct 11, 2024
131.00
134.15
130.30
132.40
43.23
17,890
Oct 10, 2024
124.40
128.70
124.40
126.70
41.36
7,530
Oct 9, 2024
125.00
126.10
123.90
126.10
41.17
4,850
Oct 8, 2024
123.50
125.80
123.50
124.20
40.55
12,800
Oct 7, 2024
122.60
125.40
122.31
125.30
40.91
12,230
Oct 4, 2024
121.20
123.30
121.10
121.60
39.70
16,930
Oct 3, 2024
9.8 Dividend 

Oct 3, 2024
122.70
124.90
121.05
124.00
40.48
11,760
Oct 2, 2024
131.90
133.10
130.20
131.20
39.63
28,370
Oct 1, 2024
125.80
130.00
125.00
127.40
38.49
16,550
Sep 30, 2024
129.00
129.00
124.50
125.72
37.98
8,660
Sep 27, 2024
130.70
130.70
126.00
126.00
38.06
8,170
Sep 26, 2024
127.80
129.68
125.20
129.30
39.06
7,500
Sep 25, 2024
129.40
129.40
127.50
128.00
38.67
5,660
Sep 24, 2024
130.00
130.70
127.10
128.70
38.88
6,690
Sep 23, 2024
135.00
135.00
130.20
131.10
39.60
7,340
Sep 20, 2024
134.90
135.60
132.40
135.50
40.93
4,450
Sep 19, 2024
138.00
138.00
131.70
132.70
40.09
7,540
Sep 18, 2024
140.05
140.70
137.01
140.70
42.50
1,220
Sep 17, 2024
137.60
139.91
136.60
139.50
42.14
2,120
Sep 16, 2024
139.00
140.55
138.98
139.61
42.18
2,280
Sep 13, 2024
137.50
140.00
136.90
138.01
41.69
1,980
Sep 12, 2024
138.70
140.20
137.40
137.90
41.66
2,820
Sep 11, 2024
141.20
143.20
138.40
138.80
41.93
2,520
Sep 10, 2024
145.10
145.10
139.01
139.70
42.20
3,140
Sep 9, 2024
142.50
143.00
140.80
143.00
43.20
3,990
Sep 6, 2024
9.88 Dividend 

Sep 6, 2024
135.10
142.70
134.98
142.20
42.96
5,640
Sep 5, 2024
152.40
152.40
142.80
146.20
41.18
10,730
Sep 4, 2024
159.40
159.40
150.80
152.97
43.09
4,890
Sep 3, 2024
155.70
157.50
151.60
157.00
44.22
2,770
Aug 30, 2024
157.40
157.83
155.00
155.00
43.66
1,780
Aug 29, 2024
153.60
157.60
152.70
156.50
44.08
2,710
Aug 28, 2024
155.00
157.49
154.80
156.50
44.08
3,590
Aug 27, 2024
154.00
155.50
152.70
155.35
43.76
6,000
Aug 26, 2024
148.40
154.00
148.40
153.00
43.10
2,780
Aug 23, 2024
152.70
152.70
149.30
149.78
42.19
3,910
Aug 22, 2024
148.50
154.00
147.60
154.00
43.38
2,780
Aug 21, 2024
148.00
149.50
147.30
147.90
41.66
2,320
Aug 20, 2024
146.60
149.40
145.00
148.10
41.72
4,380
Aug 19, 2024
150.00
151.00
147.30
147.98
41.68
3,240
Aug 16, 2024
153.70
153.70
148.10
150.40
42.36
2,730
Aug 15, 2024
158.00
158.00
150.40
152.52
42.96
5,150
Aug 14, 2024
156.00
162.50
156.00
161.23
45.41
2,400
Aug 13, 2024
163.60
163.60
156.00
157.10
44.25
4,140
Aug 12, 2024
163.60
163.88
160.00
162.90
45.89
5,020
Aug 9, 2024
164.80
164.80
159.70
160.50
45.21
4,370
Aug 8, 2024
158.30
163.20
158.30
160.40
45.18
4,260
Aug 7, 2024
8.47 Dividend 

Aug 7, 2024
157.50
162.80
156.94
162.50
45.77
4,420
Aug 6, 2024
170.00
170.00
165.20
166.50
44.51
7,730
Aug 5, 2024
176.20
176.70
163.81
166.80
44.59
7,600
Aug 2, 2024
158.80
162.50
157.70
162.35
43.40
3,350
Aug 1, 2024
148.00
158.50
148.00
157.20
42.03
4,890
Jul 31, 2024
148.80
150.17
146.89
148.30
39.65
5,350
Jul 30, 2024
149.30
155.40
148.57
155.00
41.44
3,350
Jul 29, 2024
153.10
153.10
146.60
148.60
39.73
5,270
Jul 26, 2024
154.40
155.00
153.70
154.65
41.35
5,770
Jul 25, 2024
154.70
154.70
150.80
153.75
41.10
6,350
Jul 24, 2024
147.50
154.30
147.50
154.00
41.17
11,320
Jul 23, 2024
134.10
139.70
134.10
139.50
37.29
5,170
Jul 22, 2024
139.20
140.00
135.00
137.00
36.63
4,330
Jul 19, 2024
138.00
142.40
137.50
141.92
37.94
4,250
Jul 18, 2024
137.40
138.00
133.39
137.04
36.64
1,440
Jul 17, 2024
133.80
137.40
132.00
136.40
36.47
2,780
Jul 16, 2024
132.50
136.52
131.40
133.70
35.74
4,360
Jul 15, 2024
134.10
134.80
128.20
134.80
36.04
7,380
Jul 12, 2024
141.20
141.20
134.40
135.71
36.28
6,530
Jul 11, 2024
127.50
138.60
124.70
138.60
37.05
8,140
Jul 10, 2024
129.50
130.60
125.70
127.50
34.09
8,540
Jul 9, 2024
134.50
134.50
129.03
129.65
34.66
5,670
Jul 8, 2024
132.60
134.80
130.71
132.56
35.44
8,440
Jul 5, 2024
8.15 Dividend 

Jul 5, 2024
131.80
137.90
131.80
132.00
35.29
7,720
Jul 3, 2024
149.00
150.40
143.00
143.80
36.27
7,880
Jul 2, 2024
165.40
165.40
152.00
152.00
38.33
9,530
Jul 1, 2024
181.00
181.00
169.50
171.54
43.26
6,050
Jun 28, 2024
180.40
183.40
176.90
181.25
45.71
4,020
Jun 27, 2024
183.90
184.00
180.90
181.07
45.67
3,890
Jun 26, 2024
192.40
192.40
181.00
181.94
45.88
8,190
Jun 25, 2024
194.40
195.20
190.80
191.50
48.30
4,020
Jun 24, 2024
194.20
194.90
189.75
194.90
49.15
3,820
Jun 21, 2024
195.80
195.90
193.21
193.60
48.83
2,660
Jun 20, 2024
192.50
196.00
191.93
195.49
49.30
4,400
Jun 18, 2024
192.20
193.40
191.13
191.84
48.38
3,000
Jun 17, 2024
198.00
198.00
188.00
188.77
47.61
7,870
Jun 14, 2024
194.20
197.10
190.00
196.94
49.67
2,560
Jun 13, 2024
187.70
193.30
183.30
192.80
48.62
9,360
Jun 12, 2024
201.50
202.70
194.40
196.83
49.64
10,310
Jun 11, 2024
204.00
204.90
200.70
202.72
51.13
3,270
Jun 10, 2024
201.60
203.30
197.60
200.70
50.62
4,690
Jun 7, 2024
200.70
200.70
196.00
197.69
49.86
1,920
Jun 6, 2024
9.54 Dividend 

Jun 6, 2024
199.70
201.80
195.14
196.67
49.60
3,000
Jun 5, 2024
211.10
211.10
207.80
209.22
50.36
1,860
Jun 4, 2024
203.10
208.40
203.10
208.10
50.09
1,170
Jun 3, 2024
205.30
207.40
201.53
206.41
49.68
960
May 31, 2024
204.20
207.40
202.40
204.22
49.15
1,030
May 30, 2024
203.70
204.61
199.20
202.73
48.80
360
May 29, 2024
206.00
206.00
203.90
204.33
49.18
360
May 28, 2024
205.10
205.60
203.70
203.85
49.07
620
May 24, 2024
205.00
205.00
201.00
201.60
48.52
820
May 23, 2024
194.50
205.70
194.50
205.45
49.45
960
May 22, 2024
197.90
201.40
197.90
200.21
48.19
580
May 21, 2024
201.80
201.80
193.50
193.51
46.58
1,400
May 20, 2024
203.00
204.80
202.60
204.09
49.12
420
May 17, 2024
210.80
210.80
198.60
201.57
48.52
1,290
May 16, 2024
206.50
206.90
203.90
204.35
49.19
570
May 15, 2024
201.00
206.70
201.00
204.85
49.31
1,890
May 14, 2024
204.40
204.40
199.45
201.01
48.38
1,340
May 13, 2024
213.60
213.60
203.90
206.96
49.81
1,140
May 10, 2024
210.70
210.70
208.80
209.78
50.49
1,570
May 9, 2024
201.10
208.88
201.10
208.85
50.27
3,570
May 8, 2024
208.10
208.30
206.30
206.55
49.72
1,740
May 7, 2024
201.50
204.39
201.50
203.90
49.08
570
May 6, 2024
220.60
220.60
196.30
197.80
47.61
590
May 3, 2024
199.42
201.30
198.00
200.54
48.27
570
May 2, 2024
202.80
203.90
200.00
200.87
48.35
600
