Date
Open
High
Low
Close 

Adj Close 

Volume
Jun 5, 2026
49.88
49.88
49.77
49.78
49.78
810,800
Jun 4, 2026
49.88
49.88
49.86
49.88
49.88
650,200
Jun 3, 2026
49.84
49.86
49.84
49.86
49.86
481,000
Jun 2, 2026
49.85
49.86
49.83
49.85
49.85
485,500
Jun 1, 2026
49.84
49.84
49.83
49.83
49.83
584,700
May 29, 2026
49.84
49.84
49.82
49.82
49.82
516,800
May 28, 2026
49.83
49.84
49.82
49.82
49.82
598,300
May 27, 2026
49.83
49.84
49.81
49.83
49.83
639,300
May 26, 2026
49.80
49.83
49.80
49.81
49.81
523,500
May 22, 2026
49.78
49.80
49.78
49.79
49.79
471,300
May 21, 2026
49.79
49.80
49.77
49.80
49.80
401,300
May 20, 2026
49.74
49.79
49.74
49.79
49.79
431,100
May 19, 2026
49.76
49.77
49.73
49.76
49.76
535,700
May 18, 2026
49.74
49.76
49.73
49.76
49.76
689,300
May 15, 2026
49.77
49.77
49.71
49.74
49.74
811,700
May 14, 2026
49.75
49.75
49.73
49.75
49.75
598,800
May 13, 2026
0.195 Dividend 

May 13, 2026
49.76
49.76
49.72
49.73
49.73
869,000
May 12, 2026
49.92
49.93
49.90
49.92
49.73
764,400
May 11, 2026
49.92
49.93
49.89
49.92
49.73
682,700
May 8, 2026
49.92
49.92
49.89
49.92
49.73
574,400
May 7, 2026
49.91
49.91
49.88
49.89
49.70
577,600
May 6, 2026
49.90
49.90
49.87
49.89
49.70
680,400
May 5, 2026
49.88
49.91
49.87
49.88
49.69
627,500
May 4, 2026
49.88
49.88
49.85
49.87
49.68
421,800
May 1, 2026
49.85
49.86
49.84
49.86
49.67
691,800
Apr 30, 2026
49.84
49.85
49.82
49.85
49.66
473,200
Apr 29, 2026
49.85
49.85
49.82
49.82
49.63
492,900
Apr 28, 2026
49.83
49.84
49.81
49.84
49.65
457,400
Apr 27, 2026
49.82
49.83
49.81
49.83
49.63
438,600
Apr 24, 2026
49.79
49.82
49.79
49.80
49.61
282,400
Apr 23, 2026
49.80
49.80
49.76
49.79
49.60
348,900
Apr 22, 2026
49.78
49.79
49.76
49.79
49.60
425,400
Apr 21, 2026
49.77
49.78
49.75
49.75
49.56
472,700
Apr 20, 2026
49.78
49.78
49.75
49.77
49.58
569,900
Apr 17, 2026
49.76
49.77
49.75
49.76
49.57
858,800
Apr 16, 2026
49.75
49.75
49.72
49.74
49.55
611,200
Apr 15, 2026
0.195 Dividend 

Apr 15, 2026
49.74
49.75
49.72
49.74
49.55
1,053,800
Apr 14, 2026
49.91
49.93
49.90
49.92
49.53
618,200
Apr 13, 2026
49.87
49.92
49.87
49.90
49.51
491,300
Apr 10, 2026
49.88
49.90
49.88
49.89
49.50
287,200
Apr 9, 2026
49.88
49.88
49.85
49.86
49.47
353,000
Apr 8, 2026
49.84
49.87
49.84
49.86
49.47
331,500
Apr 7, 2026
49.83
49.83
49.80
49.83
49.44
338,800
Apr 6, 2026
49.81
49.84
49.81
49.84
49.45
327,100
Apr 2, 2026
49.79
49.80
49.76
49.79
49.41
319,000
Apr 1, 2026
49.78
49.79
49.75
49.78
49.39
336,600
Mar 31, 2026
49.74
49.78
49.72
49.78
49.39
359,800
Mar 30, 2026
49.63
49.70
49.63
49.69
49.30
739,400
Mar 27, 2026
49.67
49.69
49.63
49.64
49.25
397,500
Mar 26, 2026
49.68
49.70
49.67
49.68
49.29
326,000
Mar 25, 2026
49.66
49.71
49.66
49.71
49.32
157,300
Mar 24, 2026
49.66
49.69
49.65
49.67
49.28
304,700
Mar 23, 2026
49.61
49.69
49.61
49.68
49.29
343,000
Mar 20, 2026
49.64
49.66
49.56
49.59
49.20
394,500
Mar 19, 2026
49.61
49.65
49.60
49.65
49.26
375,400
Mar 18, 2026
49.69
49.69
49.63
49.63
49.24
390,200
Mar 17, 2026
49.65
49.69
49.64
49.66
49.27
262,000
Mar 16, 2026
49.57
49.64
49.57
49.64
49.25
338,800
Mar 13, 2026
49.58
49.60
49.55
49.57
49.18
388,500
Mar 12, 2026
49.60
49.60
49.56
49.57
49.18
345,400
Mar 11, 2026
0.194 Dividend 

Mar 11, 2026
49.59
49.61
49.55
49.58
49.19
353,200
Mar 10, 2026
49.75
49.78
49.74
49.74
49.16
285,200
Mar 9, 2026
49.68
49.74
49.64
49.74
49.16
321,200
Mar 6, 2026
49.74
49.74
49.67
49.69
49.11
392,200
Mar 5, 2026
49.74
49.74
49.68
49.72
49.14
331,000
Mar 4, 2026
49.70
49.73
49.69
49.73
49.15
269,300
Mar 3, 2026
49.66
49.70
49.61
49.70
49.12
293,800
Mar 2, 2026
49.67
49.71
49.67
49.69
49.11
379,900
Feb 27, 2026
49.69
49.73
49.66
49.69
49.11
335,300
Feb 26, 2026
49.67
49.71
49.67
49.69
49.11
242,100
Feb 25, 2026
49.67
49.69
49.66
49.69
49.11
160,500
Feb 24, 2026
49.69
49.69
49.65
49.66
49.08
211,900
Feb 23, 2026
49.65
49.66
49.63
49.65
49.07
281,000
Feb 20, 2026
49.64
49.67
49.63
49.64
49.06
262,200
Feb 19, 2026
49.63
49.64
49.60
49.63
49.05
241,700
Feb 18, 2026
49.61
49.63
49.61
49.62
49.04
205,300
Feb 17, 2026
49.58
49.60
49.57
49.59
49.01
286,300
Feb 13, 2026
49.60
49.61
49.55
49.56
48.98
432,900
Feb 12, 2026
49.57
49.59
49.55
49.58
49.00
485,200
Feb 11, 2026
0.199 Dividend 

Feb 11, 2026
49.61
49.61
49.56
49.58
49.00
594,900
Feb 10, 2026
49.74
49.77
49.74
49.77
48.99
325,700
Feb 9, 2026
49.71
49.75
49.71
49.74
48.96
312,000
Feb 6, 2026
49.71
49.76
49.70
49.74
48.96
335,100
Feb 5, 2026
49.71
49.71
49.67
49.71
48.93
358,900
Feb 4, 2026
49.68
49.72
49.67
49.72
48.94
344,100
Feb 3, 2026
49.69
49.72
49.68
49.69
48.91
324,200
Feb 2, 2026
49.71
49.71
49.69
49.71
48.93
308,000
Jan 30, 2026
49.65
49.71
49.65
49.69
48.91
341,000
Jan 29, 2026
49.67
49.68
49.65
49.66
48.88
290,800
Jan 28, 2026
49.67
49.68
49.65
49.65
48.87
259,200
Jan 27, 2026
49.66
49.68
49.65
49.65
48.87
289,200
Jan 26, 2026
49.65
49.66
49.63
49.64
48.86
210,500
Jan 23, 2026
49.68
49.68
49.62
49.63
48.85
272,900
Jan 22, 2026
49.64
49.67
49.62
49.66
48.88
291,000
Jan 21, 2026
49.60
49.63
49.58
49.63
48.85
274,200
Jan 20, 2026
49.59
49.62
49.55
49.57
48.80
358,000
Jan 16, 2026
49.61
49.61
49.59
49.59
48.82
320,900
Jan 15, 2026
49.57
49.60
49.57
49.60
48.82
402,100
Jan 14, 2026
0.199 Dividend 

Jan 14, 2026
49.61
49.62
49.57
49.59
48.82
404,300
Jan 13, 2026
49.79
49.80
49.77
49.77
48.80
455,900
Jan 12, 2026
49.76
49.78
49.76
49.77
48.80
266,700
Jan 9, 2026
49.77
49.78
49.75
49.77
48.80
236,700
Jan 8, 2026
49.77
49.77
49.75
49.76
48.78
458,000
Jan 7, 2026
49.75
49.77
49.74
49.77
48.80
356,700
Jan 6, 2026
49.72
49.76
49.72
49.75
48.78
266,100
Jan 5, 2026
49.72
49.74
49.69
49.72
48.75
304,600
Jan 2, 2026
49.75
49.75
49.71
49.72
48.74
300,500
Dec 31, 2025
49.73
49.73
49.70
49.73
48.76
240,600
Dec 30, 2025
49.73
49.73
49.69
49.71
48.74
248,400
Dec 29, 2025
49.69
49.71
49.68
49.70
48.73
197,300
Dec 26, 2025
49.69
49.70
49.68
49.68
48.71
377,400
Dec 24, 2025
0.199 Dividend 

Dec 24, 2025
49.69
49.72
49.67
49.69
48.72
406,400
Dec 23, 2025
49.90
49.90
49.84
49.84
48.67
588,800
Dec 22, 2025
49.87
49.87
49.86
49.87
48.70
165,500
Dec 19, 2025
49.84
49.88
49.84
49.85
48.68
270,900
Dec 18, 2025
49.83
49.85
49.82
49.84
48.67
171,500
Dec 17, 2025
49.83
49.85
49.81
49.82
48.65
181,800
Dec 16, 2025
49.84
49.84
49.81
49.84
48.67
167,200
Dec 15, 2025
49.81
49.84
49.80
49.81
48.64
180,800
Dec 12, 2025
49.80
49.83
49.79
49.81
48.64
188,500
Dec 11, 2025
49.79
49.82
49.79
49.81
48.64
201,700
Dec 10, 2025
49.79
49.80
49.78
49.79
48.62
127,100
Dec 9, 2025
49.82
49.82
49.77
49.78
48.61
416,300
Dec 8, 2025
49.82
49.82
49.77
49.79
48.62
291,200
Dec 5, 2025
49.74
49.79
49.74
49.76
48.59
191,100
Dec 4, 2025
49.77
49.78
49.75
49.76
48.59
163,100
Dec 3, 2025
49.70
49.77
49.70
49.77
48.60
144,200
Dec 2, 2025
49.72
49.74
49.71
49.74
48.57
287,100
Dec 1, 2025
49.75
49.77
49.70
49.71
48.54
413,700
Nov 28, 2025
49.69
49.74
49.69
49.72
48.56
156,000
Nov 26, 2025
0.205 Dividend 

Nov 26, 2025
49.75
49.77
49.68
49.72
48.55
405,800
Nov 25, 2025
49.84
49.90
49.83
49.89
48.52
283,000
Nov 24, 2025
49.75
49.86
49.75
49.85
48.48
203,000
Nov 21, 2025
49.83
49.85
49.79
49.84
48.47
192,900
Nov 20, 2025
49.87
49.87
49.79
49.79
48.43
208,400
Nov 19, 2025
49.87
49.87
49.80
49.83
48.46
178,100
Nov 18, 2025
49.83
49.83
49.76
49.82
48.45
246,400
Nov 17, 2025
49.84
49.85
49.80
49.80
48.43
269,200
Nov 14, 2025
49.78
49.85
49.77
49.83
48.46
211,000
Nov 13, 2025
49.83
49.84
49.80
49.80
48.43
171,100
Nov 12, 2025
49.87
49.87
49.81
49.82
48.45
181,500
Nov 11, 2025
49.75
49.84
49.75
49.81
48.44
139,900
Nov 10, 2025
49.70
49.80
49.70
49.79
48.42
133,700
Nov 7, 2025
49.80
49.81
49.72
49.75
48.38
334,700
Nov 6, 2025
49.77
49.79
49.75
49.78
48.41
240,500
Nov 5, 2025
49.78
49.78
49.75
49.76
48.39
181,500
Nov 4, 2025
49.83
49.83
49.71
49.77
48.40
279,300
Nov 3, 2025
49.74
49.76
49.73
49.76
48.39
198,100
Oct 31, 2025
49.72
49.75
49.72
49.75
48.38
253,500
Oct 30, 2025
49.70
49.74
49.69
49.74
48.37
370,500
Oct 29, 2025
49.70
49.74
49.63
49.64
48.28
258,500
Oct 28, 2025
49.72
49.74
49.69
49.70
48.33
240,100
Oct 27, 2025
49.67
49.71
49.67
49.70
48.33
202,000
Oct 24, 2025
49.76
49.76
49.67
49.67
48.30
229,300
Oct 23, 2025
49.65
49.69
49.65
49.68
48.31
257,400
Oct 22, 2025
0.209 Dividend 

Oct 22, 2025
49.68
49.69
49.63
49.63
48.27
273,800
Oct 21, 2025
49.88
49.89
49.85
49.85
48.28
202,500
Oct 20, 2025
49.86
49.89
49.84
49.88
48.31
242,000
Oct 17, 2025
49.79
49.84
49.78
49.84
48.27
243,200
Oct 16, 2025
49.90
49.90
49.77
49.78
48.21
299,000
Oct 15, 2025
49.65
49.83
49.65
49.71
48.14
191,200
Oct 14, 2025
49.80
49.80
49.73
49.80
48.23
206,500
Oct 13, 2025
49.70
49.80
49.70
49.80
48.23
198,000
Oct 10, 2025
49.80
49.80
49.72
49.73
48.16
214,300
Oct 9, 2025
49.79
49.79
49.76
49.76
48.19
118,000
Oct 8, 2025
49.78
49.78
49.76
49.78
48.21
210,000
Oct 7, 2025
49.77
49.80
49.74
49.80
48.23
153,700
Oct 6, 2025
49.78
49.78
49.75
49.75
48.18
177,100
Oct 3, 2025
49.74
49.75
49.73
49.74
48.17
293,300
Oct 2, 2025
49.74
49.74
49.72
49.72
48.15
216,400
Oct 1, 2025
49.72
49.74
49.71
49.71
48.14
279,600
Sep 30, 2025
49.73
49.74
49.71
49.72
48.15
220,500
Sep 29, 2025
49.69
49.73
49.69
49.73
48.16
118,700
Sep 26, 2025
49.72
49.72
49.68
49.68
48.11
187,800
Sep 25, 2025
49.69
49.70
49.67
49.68
48.11
145,400
Sep 24, 2025
0.212 Dividend 

Sep 24, 2025
49.70
49.71
49.67
49.69
48.12
200,100
Sep 23, 2025
49.90
49.90
49.87
49.88
48.10
130,800
Sep 22, 2025
49.87
49.88
49.86
49.87
48.09
153,600
Sep 19, 2025
49.87
49.87
49.84
49.86
48.08
134,900
Sep 18, 2025
49.85
49.86
49.83
49.86
48.08
182,500
Sep 17, 2025
49.83
49.85
49.83
49.84
48.06
178,200
Sep 16, 2025
49.84
49.85
49.83
49.85
48.07
142,500
Sep 15, 2025
49.80
49.84
49.80
49.82
48.04
125,100
Sep 12, 2025
49.82
49.83
49.80
49.82
48.04
68,000
Sep 11, 2025
49.78
49.82
49.78
49.81
48.03
61,500
Sep 10, 2025
49.77
49.82
49.77
49.80
48.02
336,200
Sep 9, 2025
49.77
49.80
49.76
49.79
48.01
84,700
Sep 8, 2025
49.76
49.80
49.75
49.75
47.98
114,400
Sep 5, 2025
49.76
49.80
49.76
49.76
47.98
130,500
Sep 4, 2025
49.73
49.78
49.73
49.75
47.97
83,500
Sep 3, 2025
49.75
49.77
49.70
49.77
47.99
146,100
Sep 2, 2025
49.73
49.74
49.70
49.70
47.93
229,900
Aug 29, 2025
49.72
49.75
49.69
49.72
47.95
227,200
Aug 28, 2025
49.71
49.72
49.71
49.71
47.94
72,800
Aug 27, 2025
49.72
49.72
49.67
49.68
47.91
170,600
Aug 26, 2025
49.70
49.73
49.69
49.70
47.93
266,400
Aug 25, 2025
49.77
49.77
49.69
49.73
47.96
168,000
Aug 22, 2025
49.65
49.72
49.65
49.72
47.95
206,800
Aug 21, 2025
49.68
49.70
49.67
49.68
47.91
170,000
Aug 20, 2025
0.212 Dividend 

Aug 20, 2025
49.75
49.75
49.65
49.69
47.92
287,700
Aug 19, 2025
49.90
49.90
49.86
49.89
47.91
189,300
Aug 18, 2025
49.85
49.89
49.83
49.89
47.91
142,000
Aug 15, 2025
49.86
49.86
49.83
49.85
47.87
125,500
Aug 14, 2025
49.82
49.88
49.82
49.83
47.85
137,400
Aug 13, 2025
49.86
49.86
49.82
49.82
47.84
101,500
Aug 12, 2025
49.84
49.85
49.82
49.82
47.84
115,100
Aug 11, 2025
49.81
49.84
49.80
49.82
47.84
133,400
Aug 8, 2025
49.80
49.83
49.78
49.83
47.85
180,100
Aug 7, 2025
49.85
49.85
49.78
49.78
47.80
152,500
Aug 6, 2025
49.79
49.82
49.79
49.80
47.82
182,600
Aug 5, 2025
49.81
49.81
49.77
49.77
47.79
164,300
Aug 4, 2025
49.76
49.79
49.72
49.79
47.81
169,700
Aug 1, 2025
49.75
49.76
49.67
49.71
47.73
232,400
Jul 31, 2025
49.76
49.80
49.74
49.76
47.78
131,200
Jul 30, 2025
49.75
49.75
49.72
49.75
47.77
92,900
Jul 29, 2025
49.74
49.75
49.73
49.74
47.76
89,300
Jul 28, 2025
49.79
49.79
49.72
49.74
47.76
143,000
Jul 25, 2025
49.71
49.80
49.70
49.73
47.75
254,500
Jul 24, 2025
49.73
49.73
49.69
49.69
47.72
92,400
Jul 23, 2025
0.212 Dividend 

Jul 23, 2025
49.70
49.76
49.65
49.68
47.71
135,800
Jul 22, 2025
49.89
49.93
49.87
49.90
47.71
94,300
Jul 21, 2025
49.86
49.91
49.86
49.87
47.68
125,500
Jul 18, 2025
49.84
49.88
49.83
49.86
47.67
102,100
Jul 17, 2025
49.87
49.87
49.84
49.85
47.66
113,300
Jul 16, 2025
49.88
49.89
49.85
49.88
47.69
164,500
Jul 15, 2025
49.86
49.88
49.83
49.84
47.65
149,000
Jul 14, 2025
49.83
49.86
49.82
49.84
47.65
122,000
Jul 11, 2025
49.80
49.86
49.80
49.81
47.63
147,900
Jul 10, 2025
49.81
49.84
49.80
49.80
47.62
71,100
Jul 9, 2025
49.80
49.85
49.80
49.82
47.64
95,900
Jul 8, 2025
49.85
49.86
49.80
49.86
47.67
113,400
Jul 7, 2025
49.78
49.82
49.76
49.80
47.62
229,200
Jul 3, 2025
49.74
49.80
49.74
49.76
47.58
103,800
Jul 2, 2025
49.75
49.79
49.73
49.78
47.60
173,100
Jul 1, 2025
49.72
49.77
49.71
49.73
47.55
152,000
Jun 30, 2025
49.74
49.76
49.73
49.73
47.55
145,400
Jun 27, 2025
49.73
49.76
49.71
49.76
47.58
252,200
Jun 26, 2025
49.70
49.75
49.70
49.71
47.53
138,000
Jun 25, 2025
0.215 Dividend 

Jun 25, 2025
49.74
49.81
49.70
49.76
47.58
214,700
Jun 24, 2025
49.89
49.94
49.88
49.94
47.54
157,000
Jun 23, 2025
49.87
49.89
49.85
49.89
47.50
80,500
Jun 20, 2025
49.86
49.89
49.85
49.87
47.48
105,300
Jun 18, 2025
49.87
49.89
49.84
49.89
47.50
69,700
Jun 17, 2025
49.85
49.87
49.80
49.87
47.48
102,800
Jun 16, 2025
49.81
49.87
49.76
49.87
47.48
94,300
Jun 13, 2025
49.75
49.85
49.75
49.82
47.43
143,200
Jun 12, 2025
49.78
49.86
49.78
49.82
47.43
105,200
Jun 11, 2025
49.86
49.86
49.76
49.76
47.37
124,600
Jun 10, 2025
49.74
49.84
49.74
49.78
47.39
114,800
Jun 9, 2025
49.83
49.84
49.76
49.77
47.38
122,600
Jun 6, 2025
49.79
49.81
49.76
49.79
47.41
81,300
