Date
Open
High
Low
Close 

Adj Close 

Volume

31,475
May 22, 2026
22.39
23.35
22.39
23.35
23.35
24,900
May 21, 2026
0.313 Dividend 

May 21, 2026
22.01
22.59
22.00
22.27
22.27
31,700
May 20, 2026
22.50
23.34
21.66
22.99
22.68
50,600
May 19, 2026
23.17
23.20
21.78
22.33
22.02
44,900
May 18, 2026
24.99
24.99
23.18
23.31
22.99
25,200
May 15, 2026
23.53
24.30
23.24
23.69
23.37
25,000
May 14, 2026
0.505 Dividend 

May 14, 2026
24.43
24.48
23.99
24.33
24.00
37,200
May 13, 2026
26.36
26.36
24.68
24.93
24.10
68,400
May 12, 2026
26.80
26.80
26.10
26.20
25.32
20,300
May 11, 2026
27.11
27.32
26.34
26.75
25.85
95,700
May 8, 2026
27.81
28.00
27.35
27.52
26.60
36,700
May 7, 2026
0.448 Dividend 

May 7, 2026
27.27
27.71
27.24
27.56
26.63
22,200
May 6, 2026
28.00
28.14
27.25
27.69
26.33
47,800
May 5, 2026
26.91
27.82
26.91
27.06
25.73
37,400
May 4, 2026
27.24
27.24
26.43
26.91
25.59
41,300
May 1, 2026
28.07
28.07
26.84
27.10
25.77
48,100
Apr 30, 2026
0.64 Dividend 

Apr 30, 2026
29.17
29.17
26.54
28.00
26.62
49,900
Apr 29, 2026
28.95
29.23
28.26
28.44
26.43
55,800
Apr 28, 2026
28.56
29.04
28.19
28.88
26.84
20,200
Apr 27, 2026
29.29
29.29
28.63
29.09
27.04
18,900
Apr 24, 2026
29.09
29.10
28.28
28.91
26.87
31,200
Apr 23, 2026
0.649 Dividend 

Apr 23, 2026
29.34
29.34
28.50
28.78
26.74
34,700
Apr 22, 2026
29.71
30.16
29.47
30.15
27.42
89,800
Apr 21, 2026
29.60
29.90
29.03
29.14
26.49
22,800
Apr 20, 2026
28.36
29.31
28.23
29.30
26.64
31,700
Apr 17, 2026
26.94
28.99
26.94
28.44
25.87
40,300
Apr 16, 2026
0.543 Dividend 

Apr 16, 2026
27.40
27.40
26.50
26.79
24.36
26,300
Apr 15, 2026
28.43
28.90
27.89
27.89
24.87
50,600
Apr 14, 2026
27.50
28.80
27.50
28.10
25.06
21,900
Apr 13, 2026
25.69
27.02
25.65
27.02
24.09
17,700
Apr 10, 2026
25.60
25.83
25.32
25.74
22.95
12,100
Apr 9, 2026
0.334 Dividend 

Apr 9, 2026
25.39
25.56
24.75
25.35
22.60
8,800
Apr 8, 2026
26.39
26.68
26.00
26.27
23.13
11,900
Apr 7, 2026
24.71
25.09
24.47
25.07
22.07
4,200
Apr 6, 2026
24.33
25.00
24.33
25.00
22.01
23,500
Apr 2, 2026
0.293 Dividend 

Apr 2, 2026
23.83
24.86
23.70
24.67
21.72
11,700
Apr 1, 2026
25.25
25.25
23.76
24.72
21.50
15,200
Mar 31, 2026
23.80
24.90
23.21
24.81
21.58
11,400
Mar 30, 2026
24.00
24.19
22.07
23.28
20.25
24,100
Mar 27, 2026
23.95
24.27
23.80
24.01
20.89
11,200
Mar 26, 2026
0.301 Dividend 

Mar 26, 2026
23.87
24.07
23.56
24.07
20.94
1,500
Mar 25, 2026
24.74
24.86
24.42
24.75
21.27
5,400
Mar 24, 2026
23.99
24.48
23.61
24.16
20.76
10,000
Mar 23, 2026
23.48
24.67
23.48
24.16
20.76
23,900
Mar 20, 2026
23.56
23.63
22.92
23.10
19.85
14,100
Mar 19, 2026
0.36 Dividend 

Mar 19, 2026
23.28
23.99
22.57
23.87
20.51
13,900
Mar 18, 2026
25.48
25.48
24.00
24.07
20.38
9,200
Mar 17, 2026
25.07
25.75
25.07
25.37
21.47
32,600
Mar 16, 2026
24.82
25.55
24.82
25.07
21.22
11,900
Mar 13, 2026
24.29
24.60
23.79
24.43
20.68
11,200
Mar 12, 2026
0.278 Dividend 

Mar 12, 2026
25.07
25.07
23.94
23.94
20.26
11,000
Mar 11, 2026
26.04
26.71
25.32
25.43
21.29
16,200
Mar 10, 2026
26.68
26.81
25.88
26.25
21.98
12,800
Mar 9, 2026
25.34
26.63
25.05
26.63
22.29
8,000
Mar 6, 2026
26.03
26.41
25.73
25.91
21.69
12,700
Mar 5, 2026
0.343 Dividend 

Mar 5, 2026
25.40
26.99
25.40
26.84
22.47
12,100
Mar 4, 2026
26.79
26.97
26.17
26.17
21.62
11,800
Mar 3, 2026
26.30
26.60
24.59
26.36
21.78
12,600
Mar 2, 2026
26.56
27.09
26.32
26.89
22.22
15,100
Feb 27, 2026
28.09
28.39
26.52
27.62
22.82
454,600
Feb 26, 2026
0.308 Dividend 

Feb 26, 2026
27.51
28.76
27.51
28.66
23.68
48,200
Feb 25, 2026
27.28
28.21
27.28
28.00
22.88
39,000
Feb 24, 2026
27.51
28.36
27.38
27.58
22.54
32,600
Feb 23, 2026
27.89
28.08
26.54
27.54
22.50
89,900
Feb 20, 2026
27.37
28.50
26.81
28.10
22.96
22,100
Feb 19, 2026
0.274 Dividend 

Feb 19, 2026
28.12
28.99
26.45
27.60
22.55
54,500
Feb 18, 2026
28.31
30.09
28.31
29.74
24.08
45,400
Feb 17, 2026
28.00
28.97
27.85
28.97
23.45
34,000
Feb 13, 2026
28.32
29.12
27.92
28.62
23.17
34,900
Feb 12, 2026
0.286 Dividend 

Feb 12, 2026
30.06
30.40
27.51
28.51
23.08
36,600
Feb 11, 2026
32.50
32.50
29.11
30.35
24.34
47,900
Feb 10, 2026
34.00
34.15
32.35
32.41
25.99
48,800
Feb 9, 2026
33.29
33.92
32.55
33.61
26.95
80,500
Feb 6, 2026
32.14
33.78
32.14
32.70
26.23
94,200
Feb 5, 2026
0.284 Dividend 

Feb 5, 2026
31.67
32.44
30.22
31.75
25.46
54,400
Feb 4, 2026
33.75
33.85
31.00
33.05
26.28
67,100
Feb 3, 2026
33.97
34.49
33.09
34.32
27.29
22,300
Feb 2, 2026
32.64
34.65
32.64
33.83
26.90
28,500
Jan 30, 2026
35.06
35.10
33.06
33.24
26.43
48,900
Jan 29, 2026
0.463 Dividend 

Jan 29, 2026
36.15
36.73
34.24
35.44
28.18
42,800
Jan 28, 2026
39.61
39.71
31.56
34.22
26.84
212,900
Jan 27, 2026
38.97
40.17
38.89
39.71
31.15
57,700
Jan 26, 2026
39.36
40.07
39.15
39.39
30.90
55,300
Jan 23, 2026
39.50
40.25
38.70
39.39
30.90
39,400
Jan 22, 2026
0.236 Dividend 

Jan 22, 2026
38.76
39.72
38.76
39.66
31.11
31,400
Jan 21, 2026
37.67
38.72
37.67
38.47
29.99
21,100
Jan 20, 2026
36.99
38.20
36.64
37.53
29.26
49,800
Jan 16, 2026
39.05
39.20
37.45
37.45
29.19
19,300
Jan 15, 2026
0.313 Dividend 

Jan 15, 2026
38.78
39.59
38.71
39.09
30.47
19,500
Jan 14, 2026
39.50
40.00
38.50
39.20
30.31
22,800
Jan 13, 2026
39.75
39.89
38.78
39.83
30.80
30,200
Jan 12, 2026
38.69
39.75
38.69
39.18
30.30
45,800
Jan 9, 2026
37.97
39.32
37.97
39.11
30.24
24,400
Jan 8, 2026
0.311 Dividend 

Jan 8, 2026
38.70
38.74
36.95
37.90
29.31
29,500
Jan 7, 2026
38.00
38.89
38.00
38.85
29.80
35,200
Jan 6, 2026
37.22
38.12
37.10
38.12
29.24
18,000
Jan 5, 2026
35.00
37.41
34.96
37.06
28.43
71,400
Jan 2, 2026
0.332 Dividend 

Jan 2, 2026
36.80
36.80
34.16
34.86
26.74
97,800
Dec 31, 2025
37.48
37.52
36.87
36.87
28.03
45,700
Dec 30, 2025
37.93
38.02
37.48
37.48
28.49
29,600
Dec 29, 2025
37.90
38.22
37.60
38.04
28.92
48,800
Dec 26, 2025
0.451 Dividend 

Dec 26, 2025
38.53
38.78
38.00
38.10
28.96
42,300
Dec 24, 2025
38.47
39.00
38.36
38.92
29.24
82,300
Dec 23, 2025
38.06
38.72
37.50
38.49
28.92
85,800
Dec 22, 2025
39.73
39.87
38.02
38.16
28.67
287,600
Dec 19, 2025
40.65
41.20
39.58
39.64
29.79
104,400
Dec 18, 2025
0.987 Dividend 

Dec 18, 2025
39.08
40.67
39.08
40.38
30.34
99,500
Dec 17, 2025
41.35
41.52
40.20
40.34
29.57
332,100
Dec 16, 2025
40.28
41.40
40.28
41.12
30.14
66,900
Dec 15, 2025
41.45
41.74
39.94
40.28
29.53
74,200
Dec 12, 2025
42.22
42.78
40.64
40.86
29.95
71,800
Dec 11, 2025
0.884 Dividend 

Dec 11, 2025
42.00
42.25
41.01
42.25
30.97
72,200
Dec 10, 2025
41.66
43.18
41.37
42.67
30.63
180,600
Dec 9, 2025
40.52
41.77
40.06
41.73
29.96
60,200
Dec 8, 2025
40.00
41.69
38.80
40.71
29.22
83,200
Dec 5, 2025
37.16
37.60
36.75
37.18
26.69
46,600
Dec 4, 2025
0.886 Dividend 

Dec 4, 2025
37.50
37.50
36.01
36.92
26.50
18,500
Dec 3, 2025
36.16
38.20
36.16
37.40
26.21
53,500
Dec 2, 2025
35.96
37.37
35.74
36.66
25.69
27,500
Dec 1, 2025
35.28
36.45
35.28
35.95
25.19
40,000
Nov 28, 2025
0.411 Dividend 

Nov 28, 2025
34.52
35.84
34.46
35.70
25.02
17,100
Nov 26, 2025
34.88
35.40
34.58
35.00
24.24
22,600
Nov 25, 2025
32.68
34.38
32.68
34.31
23.76
21,700
Nov 24, 2025
31.50
33.08
31.50
32.76
22.69
94,000
Nov 21, 2025
31.41
32.34
30.68
30.99
21.46
50,500
Nov 20, 2025
0.568 Dividend 

Nov 20, 2025
33.36
33.36
31.00
31.54
21.84
48,400
Nov 19, 2025
32.81
33.33
32.45
33.10
22.53
21,800
Nov 18, 2025
31.81
32.82
31.45
32.03
21.80
12,200
Nov 17, 2025
31.75
33.47
31.75
32.46
22.10
27,000
Nov 14, 2025
31.29
33.20
31.02
32.20
21.92
25,800
Nov 13, 2025
0.432 Dividend 

Nov 13, 2025
32.48
32.67
32.03
32.39
22.05
31,200
Nov 12, 2025
33.80
34.84
33.30
33.30
22.37
17,300
Nov 11, 2025
33.18
33.52
32.79
33.45
22.47
18,300
Nov 10, 2025
31.82
33.30
31.82
32.89
22.10
26,700
Nov 7, 2025
29.55
31.77
29.55
31.55
21.20
24,400
Nov 6, 2025
0.381 Dividend 

Nov 6, 2025
32.05
32.28
30.21
30.45
20.46
45,300
Nov 5, 2025
32.45
33.65
32.43
32.45
21.55
19,400
Nov 4, 2025
33.03
33.54
32.42
32.45
21.55
27,500
Nov 3, 2025
32.13
34.13
31.93
33.87
22.49
34,600
Oct 31, 2025
32.11
32.28
31.42
31.98
21.23
51,500
Oct 30, 2025
0.726 Dividend 

Oct 30, 2025
32.93
33.86
31.65
31.86
21.15
67,400
Oct 29, 2025
37.56
37.90
36.32
36.94
24.05
64,100
Oct 28, 2025
37.76
38.22
37.12
37.23
24.23
43,300
Oct 27, 2025
36.46
37.38
36.30
36.40
23.69
193,500
Oct 24, 2025
35.40
36.69
35.40
36.51
23.77
68,500
Oct 23, 2025
0.408 Dividend 

Oct 23, 2025
32.86
35.59
32.86
35.59
23.17
24,200
Oct 22, 2025
37.18
37.18
32.83
34.46
22.17
36,700
Oct 21, 2025
36.02
37.29
36.02
36.85
23.70
24,100
Oct 20, 2025
35.36
35.62
34.21
35.49
22.83
100,600
Oct 17, 2025
35.97
36.41
34.15
35.14
22.60
48,200
Oct 16, 2025
1.332 Dividend 

Oct 16, 2025
36.54
37.51
35.87
36.16
23.26
39,300
Oct 15, 2025
38.50
38.79
37.81
38.43
23.86
105,900
Oct 14, 2025
35.50
37.76
35.38
37.54
23.31
43,600
Oct 13, 2025
36.76
37.06
35.86
36.80
22.85
38,600
Oct 10, 2025
38.50
38.99
35.41
35.86
22.27
57,800
Oct 9, 2025
39.15
39.15
37.50
38.90
24.15
31,100
Oct 8, 2025
40.04
40.10
38.88
38.98
24.20
31,000
Oct 7, 2025
39.70
40.25
39.00
39.89
24.77
22,900
Oct 6, 2025
40.84
40.84
39.48
39.69
24.65
45,300
Oct 3, 2025
42.18
42.18
40.02
40.34
25.05
34,700
Oct 2, 2025
42.40
42.40
41.69
41.87
26.00
14,300
Oct 1, 2025
41.22
42.33
40.61
41.95
26.05
35,800
Sep 30, 2025
41.36
42.00
40.05
40.29
25.02
14,800
Sep 29, 2025
39.92
41.83
39.92
41.79
25.95
35,200
Sep 26, 2025
39.62
39.90
39.00
39.68
24.64
17,000
Sep 25, 2025
39.33
40.49
38.50
39.78
24.70
35,500
Sep 24, 2025
40.29
40.67
39.75
40.04
24.86
38,700
Sep 23, 2025
41.45
41.76
40.33
40.33
25.04
23,400
Sep 22, 2025
41.44
41.55
40.90
41.34
25.67
55,900
Sep 19, 2025
39.84
41.59
39.84
41.47
25.75
112,200
Sep 18, 2025
1.902 Dividend 

Sep 18, 2025
41.00
41.85
40.13
40.15
24.93
84,700
Sep 17, 2025
41.40
42.52
41.30
42.32
25.10
131,700
Sep 16, 2025
41.45
41.45
40.70
41.23
24.45
53,600
Sep 15, 2025
41.19
41.59
40.74
41.29
24.49
76,600
Sep 12, 2025
40.18
41.62
39.75
40.99
24.31
41,500
Sep 11, 2025
41.45
41.45
40.00
40.20
23.84
21,500
Sep 10, 2025
42.29
42.30
40.75
41.03
24.33
31,100
Sep 9, 2025
41.70
41.90
41.40
41.70
24.73
13,700
Sep 8, 2025
41.54
42.06
41.13
41.70
24.73
10,800
Sep 5, 2025
41.05
42.19
40.30
41.35
24.52
17,600
Sep 4, 2025
40.44
41.58
40.26
41.35
24.52
21,700
Sep 3, 2025
41.22
41.49
40.42
40.73
24.15
15,200
Sep 2, 2025
40.80
41.21
39.97
41.09
24.37
25,800
Aug 29, 2025
42.00
42.00
40.99
41.60
24.67
20,200
Aug 28, 2025
41.15
41.80
41.15
41.68
24.72
8,400
Aug 27, 2025
41.14
41.43
41.00
41.00
24.31
20,000
Aug 26, 2025
40.31
41.27
40.08
41.27
24.47
29,000
Aug 25, 2025
39.88
40.89
39.68
40.36
23.93
55,300
Aug 22, 2025
37.95
40.45
37.95
40.12
23.79
104,700
Aug 21, 2025
2.559 Dividend 

Aug 21, 2025
37.65
38.72
37.64
38.33
22.73
54,800
Aug 20, 2025
39.64
41.24
38.70
41.00
22.80
155,100
Aug 19, 2025
42.83
42.94
41.23
41.54
23.10
32,700
Aug 18, 2025
42.15
43.15
42.01
42.65
23.71
128,900
Aug 15, 2025
41.49
41.90
40.76
41.82
23.25
15,900
Aug 14, 2025
41.70
41.73
40.88
40.91
22.75
12,300
Aug 13, 2025
41.77
41.97
41.01
41.90
23.30
18,500
Aug 12, 2025
41.73
42.22
40.30
41.16
22.89
28,300
Aug 11, 2025
41.74
41.74
40.67
41.19
22.90
31,800
Aug 8, 2025
42.28
42.28
40.77
41.57
23.11
29,100
Aug 7, 2025
43.33
43.33
41.99
42.60
23.69
10,800
Aug 6, 2025
41.83
42.40
41.16
42.29
23.51
15,300
Aug 5, 2025
43.09
43.78
41.19
41.82
23.25
45,700
Aug 4, 2025
43.69
44.00
42.05
42.87
23.84
44,800
Aug 1, 2025
44.81
45.16
43.26
43.82
24.36
45,400
Jul 31, 2025
43.48
47.18
43.48
45.74
25.43
248,600
Jul 30, 2025
40.80
41.26
40.02
40.59
22.57
95,200
Jul 29, 2025
40.88
41.50
39.90
40.73
22.64
30,100
Jul 28, 2025
40.44
41.17
40.44
40.72
22.64
60,100
Jul 25, 2025
40.40
41.05
40.01
40.70
22.63
267,100
Jul 24, 2025
2.047 Dividend 

Jul 24, 2025
41.08
41.33
39.75
39.79
22.12
59,100
Jul 23, 2025
42.79
43.60
42.38
43.37
22.98
95,900
Jul 22, 2025
43.46
43.69
42.12
43.46
23.02
51,800
Jul 21, 2025
44.20
44.20
43.14
43.46
23.02
108,500
Jul 18, 2025
44.02
44.38
42.75
43.82
23.21
74,100
Jul 17, 2025
44.53
45.02
43.64
43.95
23.28
37,700
Jul 16, 2025
43.84
44.85
43.84
44.53
23.59
46,700
Jul 15, 2025
43.59
43.99
42.72
43.99
23.30
36,900
Jul 14, 2025
43.31
44.47
43.27
43.59
23.09
45,700
Jul 11, 2025
43.07
44.17
43.05
43.11
22.84
35,000
Jul 10, 2025
44.18
44.65
43.33
43.33
22.96
28,300
Jul 9, 2025
43.71
44.26
43.11
44.10
23.36
18,200
Jul 8, 2025
44.74
45.25
43.01
43.49
23.04
49,000
Jul 7, 2025
43.67
44.75
43.54
44.65
23.65
65,800
Jul 3, 2025
42.85
43.80
42.85
43.64
23.12
49,600
Jul 2, 2025
42.61
43.67
42.61
43.17
22.87
81,400
Jul 1, 2025
42.22
43.23
42.14
42.65
22.59
121,700
Jun 30, 2025
41.10
42.67
41.10
42.48
22.50
203,900
Jun 27, 2025
39.58
41.20
39.58
40.78
21.60
142,900
Jun 26, 2025
1.708 Dividend 

Jun 26, 2025
40.71
40.98
39.51
39.55
20.95
133,600
Jun 25, 2025
43.51
43.59
42.01
42.65
21.69
299,100
Jun 24, 2025
44.50
44.50
43.13
43.51
22.13
224,600
Jun 23, 2025
42.67
43.31
41.81
42.80
21.77
295,400
Jun 20, 2025
42.23
43.02
41.68
42.70
21.72
111,400
Jun 18, 2025
39.90
41.74
39.80
41.74
21.23
51,600
Jun 17, 2025
39.54
40.27
39.39
40.20
20.44
41,100
Jun 16, 2025
41.58
41.58
38.86
39.56
20.12
100,400
Jun 13, 2025
41.52
42.28
40.23
40.49
20.59
111,500
Jun 12, 2025
45.38
45.45
43.09
43.21
21.97
79,500
Jun 11, 2025
45.73
45.92
44.92
45.77
23.28
36,200
Jun 10, 2025
46.50
46.50
44.60
45.30
23.04
33,900
Jun 9, 2025
45.00
45.88
44.20
45.43
23.10
60,400
Jun 6, 2025
46.49
46.55
45.31
45.45
23.11
46,600
Jun 5, 2025
46.05
46.30
45.28
45.63
23.21
54,100
Jun 4, 2025
45.05
46.00
44.88
45.95
23.37
88,900
Jun 3, 2025
44.76
45.44
44.61
45.18
22.98
123,600
Jun 2, 2025
43.63
44.60
42.97
44.23
22.49
148,300
May 30, 2025
42.98
44.00
42.98
43.75
22.25
141,700
May 29, 2025
4.566 Dividend 

May 29, 2025
43.73
43.83
43.00
43.22
21.98
117,000
May 28, 2025
47.92
48.32
47.56
48.16
22.17
577,800
May 27, 2025
47.37
47.46
46.50
47.46
21.85
152,100
May 23, 2025
45.40
46.64
45.25
46.38
21.35
55,700
May 22, 2025
44.56
46.04
44.56
46.04
21.19
29,100
May 21, 2025
44.51
45.25
44.32
44.52
20.49
24,700
May 20, 2025
45.64
45.92
44.73
45.86
21.11
17,400
May 19, 2025
45.23
45.97
44.51
45.85
21.11
130,600
May 16, 2025
45.74
45.87
44.47
45.23
20.82
16,100
May 15, 2025
47.96
47.96
44.22
44.76
20.60
25,200
May 14, 2025
44.85
46.30
44.85
45.61
21.00
17,900
May 13, 2025
42.83
44.87
42.83
44.10
20.30
30,600
May 12, 2025
42.91
42.92
41.62
42.83
19.72
23,900
May 9, 2025
43.12
43.63
41.26
41.26
18.99
38,700
May 8, 2025
41.66
44.15
41.44
43.39
19.97
75,000
May 7, 2025
39.18
39.70
38.97
39.20
18.05
52,000
May 6, 2025
38.53
39.45
38.52
39.15
18.02
48,500
May 5, 2025
38.70
39.42
38.33
39.15
18.02
270,000
May 2, 2025
38.70
39.06
38.41
38.76
17.84
201,500
May 1, 2025
2.682 Dividend 

May 1, 2025
38.49
39.16
37.81
38.41
17.68
68,800
Apr 30, 2025
39.40
40.49
38.35
40.47
17.40
231,400
Apr 29, 2025
39.95
40.35
39.28
40.29
17.32
201,100
Apr 28, 2025
39.72
40.17
39.13
39.77
17.09
193,200
Apr 25, 2025
39.30
39.47
39.02
39.35
16.91
223,800
Apr 24, 2025
38.48
39.25
37.65
39.25
16.87
45,300
Apr 23, 2025
37.51
38.09
36.83
37.67
16.19
34,400
Apr 22, 2025
35.18
37.30
35.18
36.49
15.68
14,800
Apr 21, 2025
36.46
36.46
33.69
33.89
14.57
69,700
Apr 17, 2025
35.92
36.61
35.54
36.13
15.53
21,500
Apr 16, 2025
35.70
35.81
34.35
35.47
15.25
31,700
Apr 15, 2025
35.41
36.28
35.19
35.90
15.43
41,400
Apr 14, 2025
35.72
35.72
33.59
34.60
14.87
32,400
Apr 11, 2025
33.67
34.59
32.62
34.59
14.87
21,300
Apr 10, 2025
33.82
33.82
31.41
33.64
14.46
22,000
Apr 9, 2025
27.68
34.76
27.68
34.48
14.82
46,600
Apr 8, 2025
30.22
32.27
28.88
29.61
12.73
77,800
Apr 7, 2025
24.83
30.55
24.83
28.25
12.14
159,400
Apr 4, 2025
27.64
28.80
26.19
27.34
11.75
96,300
Apr 3, 2025
2.968 Dividend 

Apr 3, 2025
33.21
34.51
29.63
30.46
13.09
116,100
Apr 2, 2025
38.40
40.24
37.73
40.05
15.94
299,800
Apr 1, 2025
38.50
38.50
37.17
38.44
15.30
66,400
Mar 31, 2025
36.40
38.41
35.78
37.98
15.12
79,000
Mar 28, 2025
37.30
37.41
36.06
37.30
14.84
61,600
Mar 27, 2025
37.32
38.25
35.94
37.41
14.89
39,300
Mar 26, 2025
39.42
39.42
36.78
37.33
14.86
24,900
Mar 25, 2025
39.59
39.72
38.61
39.42
15.69
34,500
Mar 24, 2025
36.83
39.23
36.67
38.75
15.42
787,500
Mar 21, 2025
33.50
35.74
33.04
35.36
14.07
22,400
Mar 20, 2025
34.29
35.65
33.84
34.73
13.82
48,700
Mar 19, 2025
32.00
33.60
31.41
33.50
13.33
15,600
Mar 18, 2025
34.27
34.27
31.88
32.00
12.73
22,000
Mar 17, 2025
34.00
35.00
33.71
34.59
13.76
29,300
Mar 14, 2025
32.88
34.15
32.47
34.14
13.59
23,300
Mar 13, 2025
33.60
33.60
30.81
31.22
12.42
14,100
Mar 12, 2025
34.00
35.11
33.30
33.65
13.39
23,700
Mar 11, 2025
32.19
32.90
31.59
32.37
12.88
16,500
Mar 10, 2025
33.38
34.17
31.25
32.11
12.78
48,000
Mar 7, 2025
34.34
35.87
32.54
35.47
14.12
86,600
Mar 6, 2025
3.915 Dividend 

Mar 6, 2025
39.64
40.49
36.13
36.13
14.38
76,000
Mar 5, 2025
46.00
46.00
43.29
45.52
16.56
224,600
Mar 4, 2025
44.12
46.18
41.07
44.91
16.34
17,400
Mar 3, 2025
48.87
48.90
45.50
45.69
16.62
9,600
Feb 28, 2025
46.46
48.48
46.46
48.48
17.64
2,600
Feb 27, 2025
48.58
48.76
46.45
46.45
16.90
33,900
Feb 26, 2025
47.31
48.60
47.31
48.22
17.54
4,300
Feb 25, 2025
45.50
45.93
44.51
45.93
16.71
7,500
Feb 24, 2025
46.03
46.45
43.60
44.96
16.36
6,900
Feb 21, 2025
48.64
48.64
46.56
46.56
16.94
3,000
Feb 20, 2025
56.15
56.15
48.51
51.28
18.65
61,500
Feb 19, 2025
57.63
58.08
56.60
56.60
20.59
8,900
Feb 18, 2025
57.58
58.17
56.78
56.95
20.72
3,000
Feb 14, 2025
55.12
56.90
55.12
56.90
20.70
3,800
Feb 13, 2025
54.03
54.88
53.87
54.88
19.96
2,600
Feb 12, 2025
53.43
54.22
53.40
53.98
19.63
1,900
Feb 11, 2025
54.00
54.60
54.00
54.60
19.86
500
Feb 10, 2025
52.44
54.26
52.44
54.14
19.69
2,300
Feb 7, 2025
52.45
53.51
52.45
53.51
19.46
2,700
Feb 6, 2025
51.85
52.91
51.85
52.91
19.25
2,900
Feb 5, 2025
51.83
52.05
51.41
51.77
18.83
2,000
Feb 4, 2025
51.47
51.98
51.47
51.70
18.81
11,600
Feb 3, 2025
47.50
51.25
47.50
51.12
18.59
7,400
Jan 31, 2025
50.92
51.44
50.59
50.59
18.40
4,300
