Date
Open
High
Low
Close 

Adj Close 

Volume
Jun 5, 2026
13.85
13.85
12.55
13.28
13.28
4,800
Jun 4, 2026
14.15
14.40
13.95
14.34
14.34
7,200
Jun 3, 2026
15.44
15.44
14.55
14.57
14.57
5,800
Jun 2, 2026
0.107 Dividend 

Jun 2, 2026
16.31
16.40
15.38
15.38
15.38
5,800
Jun 1, 2026
14.99
16.19
14.99
15.98
15.87
17,800
May 29, 2026
14.21
14.42
13.47
14.41
14.31
15,000
May 28, 2026
14.10
14.34
13.66
14.05
13.96
11,400
May 27, 2026
0.092 Dividend 

May 27, 2026
13.74
13.74
13.15
13.67
13.58
18,700
May 26, 2026
14.11
14.18
13.90
13.91
13.73
4,700
May 22, 2026
14.05
14.10
13.77
13.80
13.61
7,600
May 21, 2026
13.59
14.00
13.52
13.98
13.79
3,400
May 20, 2026
13.21
13.39
12.93
13.17
13.00
16,000
May 19, 2026
0.09 Dividend 

May 19, 2026
12.96
13.10
12.36
12.97
12.79
11,900
May 18, 2026
13.97
13.97
12.98
13.58
13.31
16,800
May 15, 2026
14.21
14.24
13.90
14.04
13.76
8,500
May 14, 2026
14.40
15.05
14.33
14.74
14.45
5,700
May 13, 2026
14.35
14.52
13.95
14.42
14.13
3,600
May 12, 2026
0.123 Dividend 

May 12, 2026
14.44
14.44
13.06
13.94
13.67
15,700
May 11, 2026
14.70
15.73
14.70
15.11
14.69
14,000
May 8, 2026
15.42
15.89
14.71
14.96
14.55
25,300
May 7, 2026
16.99
17.02
16.41
16.63
16.17
15,200
May 6, 2026
16.81
17.41
16.81
17.41
16.93
3,500
May 5, 2026
0.107 Dividend 

May 5, 2026
16.16
16.56
16.13
16.47
16.01
3,500
May 4, 2026
15.89
16.60
15.89
16.34
15.78
6,500
May 1, 2026
15.03
15.81
15.00
15.56
15.02
6,400
Apr 30, 2026
15.33
15.33
14.64
14.64
14.14
8,800
Apr 29, 2026
14.25
15.05
14.25
14.97
14.46
6,800
Apr 28, 2026
0.097 Dividend 

Apr 28, 2026
13.49
14.20
13.49
13.85
13.38
7,000
Apr 27, 2026
14.39
14.70
13.97
14.70
14.10
5,500
Apr 24, 2026
15.76
15.76
14.08
14.37
13.79
9,600
Apr 23, 2026
15.83
15.92
15.19
15.34
14.71
4,500
Apr 22, 2026
15.43
15.99
15.39
15.79
15.15
7,900
Apr 21, 2026
0.106 Dividend 

Apr 21, 2026
15.30
15.40
14.96
14.96
14.36
1,700
Apr 20, 2026
15.18
15.27
14.50
15.27
14.55
6,800
Apr 17, 2026
15.44
15.44
15.18
15.20
14.48
10,500
Apr 16, 2026
15.44
15.44
15.12
15.39
14.66
10,400
Apr 15, 2026
15.36
15.42
15.02
15.31
14.59
7,200
Apr 14, 2026
0.104 Dividend 

Apr 14, 2026
14.96
15.32
14.94
15.13
14.42
8,300
Apr 13, 2026
14.05
14.85
14.00
14.65
13.86
12,600
Apr 10, 2026
13.28
14.11
13.28
13.81
13.07
10,200
Apr 9, 2026
12.79
13.18
12.54
12.95
12.25
6,000
Apr 8, 2026
12.97
12.97
12.49
12.64
11.96
4,000
Apr 7, 2026
0.082 Dividend 

Apr 7, 2026
11.88
12.21
11.88
12.21
11.55
1,000
Apr 6, 2026
11.79
11.92
11.79
11.80
11.09
2,300
Apr 2, 2026
11.04
11.89
10.76
11.89
11.17
7,500
Apr 1, 2026
11.46
11.53
11.31
11.45
10.76
2,700
Mar 31, 2026
0.069 Dividend 

Mar 31, 2026
10.86
11.35
10.71
11.35
10.66
8,900
Mar 30, 2026
11.00
11.00
9.81
10.14
9.46
19,200
Mar 27, 2026
11.67
11.67
10.68
10.94
10.21
16,400
Mar 26, 2026
12.63
12.63
11.86
11.86
11.07
5,200
Mar 25, 2026
12.32
12.69
12.32
12.65
11.81
4,800
Mar 24, 2026
0.08 Dividend 

Mar 24, 2026
12.09
12.16
11.80
12.10
11.29
4,100
Mar 23, 2026
11.92
12.39
11.85
12.01
11.13
8,800
Mar 20, 2026
11.94
11.99
11.52
11.87
11.00
2,600
Mar 19, 2026
11.65
11.83
11.58
11.79
10.93
3,200
Mar 18, 2026
11.77
12.25
11.77
12.00
11.12
8,200
Mar 17, 2026
0.094 Dividend 

Mar 17, 2026
12.04
12.17
11.88
11.89
11.02
9,800
Mar 16, 2026
12.30
12.43
11.93
12.41
11.41
7,200
Mar 13, 2026
11.77
11.92
11.70
11.75
10.81
800
Mar 12, 2026
11.76
11.76
11.59
11.59
10.66
1,600
Mar 11, 2026
11.41
11.84
11.35
11.76
10.82
10,500
Mar 10, 2026
0.097 Dividend 

Mar 10, 2026
10.88
11.01
10.88
10.94
10.07
14,400
Mar 9, 2026
10.59
11.01
10.58
10.99
10.02
13,600
Mar 6, 2026
10.67
11.35
10.63
10.65
9.71
12,200
Mar 5, 2026
11.20
11.42
10.71
10.93
9.96
10,500
Mar 4, 2026
11.29
11.60
11.10
11.52
10.50
13,900
Mar 3, 2026
0.104 Dividend 

Mar 3, 2026
10.99
10.99
10.25
10.78
9.83
11,800
Mar 2, 2026
11.39
11.49
11.31
11.49
10.38
13,100
Feb 27, 2026
12.05
12.18
11.17
11.69
10.56
10,500
Feb 26, 2026
14.74
14.84
14.46
14.65
13.23
3,400
Feb 25, 2026
15.05
15.24
14.62
14.62
13.21
6,600
Feb 24, 2026
0.113 Dividend 

Feb 24, 2026
13.94
14.81
13.94
14.81
13.38
18,600
Feb 23, 2026
13.25
14.14
13.25
13.90
12.46
10,200
Feb 20, 2026
14.91
14.91
13.19
14.06
12.60
41,700
Feb 19, 2026
14.98
15.45
14.98
15.45
13.84
4,100
Feb 18, 2026
0.134 Dividend 

Feb 18, 2026
14.22
15.31
14.14
15.05
13.49
3,100
Feb 17, 2026
14.47
14.77
14.12
14.40
12.79
3,600
Feb 13, 2026
15.05
15.55
15.05
15.18
13.47
5,000
Feb 12, 2026
14.91
15.15
14.91
15.15
13.45
1,400
Feb 11, 2026
14.86
15.09
14.86
15.09
13.40
1,300
Feb 10, 2026
0.141 Dividend 

Feb 10, 2026
15.02
15.11
14.93
15.07
13.38
1,500
Feb 9, 2026
14.61
15.33
14.61
15.33
13.48
2,200
Feb 6, 2026
12.66
14.50
12.66
14.43
12.70
5,800
Feb 5, 2026
13.07
13.15
12.11
12.15
10.68
10,000
Feb 4, 2026
15.11
15.11
13.42
13.42
11.81
2,100
Feb 3, 2026
0.102 Dividend 

Feb 3, 2026
14.83
14.83
13.80
14.83
13.05
2,500
Feb 2, 2026
15.36
15.36
14.71
14.71
12.85
6,100
Jan 30, 2026
16.10
16.10
15.39
15.39
13.45
1,400
Jan 29, 2026
16.82
16.82
15.87
16.19
14.14
5,600
Jan 28, 2026
17.17
17.23
16.63
16.88
14.75
7,300
Jan 27, 2026
0.119 Dividend 

Jan 27, 2026
16.52
17.41
16.52
17.14
14.97
18,000
Jan 26, 2026
16.40
17.05
15.96
15.96
13.84
7,100
Jan 23, 2026
14.73
15.35
14.73
15.11
13.10
1,900
Jan 22, 2026
16.16
16.16
15.07
15.07
13.06
1,500
Jan 21, 2026
0.111 Dividend 

Jan 21, 2026
14.97
15.46
14.19
15.41
13.36
8,600
Jan 20, 2026
15.89
16.08
15.49
15.86
13.65
5,800
Jan 16, 2026
16.00
16.83
15.99
16.72
14.40
5,500
Jan 15, 2026
16.06
16.20
15.80
15.80
13.60
1,800
Jan 14, 2026
15.28
15.50
14.95
15.21
13.10
2,600
Jan 13, 2026
0.099 Dividend 

Jan 13, 2026
15.13
15.21
14.81
14.85
12.79
2,400
Jan 12, 2026
13.64
15.50
13.64
15.24
13.04
6,900
Jan 9, 2026
13.84
13.84
13.68
13.77
11.78
2,400
Jan 8, 2026
13.53
13.53
13.40
13.40
11.46
1,000
Jan 7, 2026
13.18
13.65
13.18
13.39
11.45
3,200
Jan 6, 2026
0.092 Dividend 

Jan 6, 2026
13.55
13.55
12.87
13.41
11.47
1,500
Jan 5, 2026
14.08
14.08
13.40
13.40
11.38
2,100
Jan 2, 2026
13.05
13.84
13.05
13.66
11.61
5,000
Dec 31, 2025
12.35
12.50
12.30
12.50
10.62
1,900
Dec 30, 2025
0.126 Dividend 

Dec 30, 2025
13.11
13.25
12.96
12.96
11.01
2,500
Dec 29, 2025
13.49
13.49
13.27
13.27
11.16
1,900
Dec 26, 2025
13.67
13.67
13.46
13.50
11.36
3,300
Dec 24, 2025
13.83
13.83
13.77
13.77
11.59
700
Dec 23, 2025
0.147 Dividend 

Dec 23, 2025
14.21
14.21
13.85
13.93
11.72
5,800
Dec 22, 2025
14.78
14.80
14.54
14.57
12.13
3,900
Dec 19, 2025
12.70
14.45
12.70
14.45
12.04
9,500
Dec 18, 2025
12.32
12.42
12.16
12.21
10.17
4,000
Dec 17, 2025
12.05
12.09
11.51
11.51
9.59
9,600
Dec 16, 2025
0.096 Dividend 

Dec 16, 2025
12.72
12.72
12.33
12.63
10.52
10,300
Dec 15, 2025
14.77
14.77
13.34
13.44
11.12
4,300
Dec 12, 2025
15.99
15.99
14.40
14.77
12.21
3,500
Dec 11, 2025
15.47
16.34
15.15
16.25
13.44
3,100
Dec 10, 2025
15.87
16.37
15.84
16.25
13.44
5,000
Dec 9, 2025
0.101 Dividend 

Dec 9, 2025
15.80
16.59
15.80
16.57
13.70
9,500
Dec 8, 2025
15.54
15.95
15.31
15.95
13.11
9,600
Dec 5, 2025
15.74
16.33
15.74
16.25
13.35
1,900
Dec 4, 2025
15.16
15.97
15.07
15.90
13.07
2,900
Dec 3, 2025
14.35
15.13
14.35
15.13
12.43
2,000
Dec 2, 2025
0.097 Dividend 

Dec 2, 2025
14.85
15.39
14.62
14.62
12.01
2,800
Dec 1, 2025
13.78
14.83
13.78
14.83
12.11
5,400
Nov 28, 2025
14.47
14.48
14.11
14.11
11.52
2,500
Nov 26, 2025
14.32
14.44
14.15
14.29
11.66
3,200
Nov 25, 2025
0.097 Dividend 

Nov 25, 2025
12.82
13.75
12.82
13.75
11.22
3,300
Nov 24, 2025
13.98
14.15
13.84
14.15
11.48
4,700
Nov 21, 2025
13.38
13.76
12.79
13.70
11.11
4,200
Nov 20, 2025
15.50
15.57
13.18
13.18
10.68
4,900
Nov 19, 2025
14.33
14.37
13.90
14.26
11.56
5,600
Nov 18, 2025
0.098 Dividend 

Nov 18, 2025
13.73
14.23
13.73
14.23
11.54
1,300
Nov 17, 2025
14.42
14.63
13.81
14.32
11.53
2,900
Nov 14, 2025
14.48
15.06
14.48
14.66
11.81
3,200
Nov 13, 2025
15.44
15.53
14.76
14.81
11.92
3,200
Nov 12, 2025
17.69
17.69
16.43
16.43
13.23
4,200
Nov 11, 2025
19.03
19.14
17.06
17.06
13.73
11,400
Nov 10, 2025
21.37
21.37
20.19
20.46
16.47
6,400
Nov 7, 2025
19.80
20.15
19.54
20.13
16.21
2,800
Nov 6, 2025
22.70
22.70
20.42
20.69
16.66
1,400
Nov 5, 2025
23.06
23.06
22.22
22.38
18.02
2,800
Nov 4, 2025
24.00
24.00
22.79
22.79
18.35
4,300
