Date
Open
High
Low
Close 

Adj Close 

Volume
Jun 5, 2026
32.60
32.67
32.32
32.32
32.32
4,200
Jun 4, 2026
32.79
32.79
32.58
32.64
32.64
2,200
Jun 3, 2026
32.28
32.60
32.28
32.38
32.38
6,400
Jun 2, 2026
32.15
32.37
32.15
32.37
32.37
2,800
Jun 1, 2026
32.57
32.57
32.20
32.23
32.23
6,800
May 29, 2026
32.89
32.89
32.53
32.53
32.53
4,000
May 28, 2026
32.51
32.75
32.51
32.63
32.63
3,300
May 27, 2026
32.58
32.68
32.56
32.56
32.56
2,700
May 26, 2026
32.67
32.86
32.60
32.66
32.66
9,000
May 22, 2026
32.41
32.88
32.41
32.78
32.78
5,700
May 21, 2026
32.28
32.28
32.00
32.21
32.21
8,200
May 20, 2026
32.23
32.23
32.02
32.14
32.14
4,100
May 19, 2026
32.07
32.21
31.88
32.13
32.13
7,400
May 18, 2026
31.93
32.05
31.81
32.05
32.05
4,100
May 15, 2026
31.88
31.88
31.76
31.76
31.76
2,100
May 14, 2026
31.95
31.98
31.83
31.83
31.83
2,600
May 13, 2026
31.59
31.79
31.59
31.79
31.79
2,000
May 12, 2026
31.72
31.86
31.69
31.84
31.84
2,000
May 11, 2026
31.80
31.94
31.73
31.82
31.82
2,600
May 8, 2026
31.71
31.72
31.71
31.72
31.72
1,100
May 7, 2026
31.90
31.90
31.47
31.64
31.64
2,900
May 6, 2026
31.89
31.89
31.66
31.79
31.79
5,100
May 5, 2026
31.46
31.77
31.46
31.76
31.76
2,700
May 4, 2026
31.75
31.79
31.51
31.58
31.58
6,300
May 1, 2026
31.96
31.99
31.86
31.93
31.93
6,200
Apr 30, 2026
31.71
32.10
31.71
32.10
32.10
2,400
Apr 29, 2026
31.35
31.49
31.35
31.49
31.49
1,500
Apr 28, 2026
31.44
31.47
31.40
31.40
31.40
2,100
Apr 27, 2026
31.53
31.56
31.23
31.23
31.23
6,000
Apr 24, 2026
31.84
31.84
31.29
31.32
31.32
11,800
Apr 23, 2026
31.37
31.57
31.37
31.51
31.51
18,600
Apr 22, 2026
31.26
31.31
31.07
31.08
31.08
1,700
Apr 21, 2026
31.23
31.23
31.08
31.09
31.09
1,400
Apr 20, 2026
31.26
31.30
31.07
31.12
31.12
1,800
Apr 17, 2026
30.97
31.26
30.97
31.23
31.23
5,500
Apr 16, 2026
30.96
31.06
30.95
31.01
31.01
3,000
Apr 15, 2026
30.76
30.86
30.71
30.86
30.86
2,400
Apr 14, 2026
31.11
31.11
30.81
30.89
30.89
3,700
Apr 13, 2026
30.99
30.99
30.78
30.97
30.97
3,100
Apr 10, 2026
31.07
31.07
30.77
30.81
30.81
5,800
Apr 9, 2026
31.00
31.18
31.00
31.14
31.14
1,600
Apr 8, 2026
30.86
31.09
30.76
31.09
31.09
1,900
Apr 7, 2026
30.86
30.91
30.79
30.80
30.80
1,300
Apr 6, 2026
30.96
30.96
30.75
30.86
30.86
2,800
Apr 2, 2026
30.67
30.81
30.67
30.81
30.81
1,800
Apr 1, 2026
30.66
30.89
30.66
30.80
30.80
4,200
Mar 31, 2026
30.88
33.04
30.80
30.90
30.90
13,700
Mar 30, 2026
31.05
31.05
30.73
30.76
30.76
10,300
Mar 27, 2026
30.81
30.94
30.70
30.70
30.70
3,800
Mar 26, 2026
31.01
31.06
30.84
30.84
30.84
8,700
Mar 25, 2026
31.05
31.05
30.74
30.80
30.80
3,300
Mar 24, 2026
30.56
30.80
30.56
30.62
30.62
10,300
Mar 23, 2026
30.73
30.74
30.45
30.58
30.58
4,600
Mar 20, 2026
30.72
30.74
30.33
30.33
30.33
19,800
Mar 19, 2026
30.54
30.62
30.49
30.56
30.56
8,000
Mar 18, 2026
31.00
31.00
30.59
30.59
30.59
3,400
Mar 17, 2026
31.07
31.09
30.91
30.91
30.91
2,500
Mar 16, 2026
31.06
31.06
30.83
30.87
30.87
3,500
Mar 13, 2026
31.00
31.00
30.76
30.79
30.79
3,900
Mar 12, 2026
30.86
31.03
30.82
30.82
30.82
6,600
