Jun 5, 2026
38.96
40.38
38.96
40.21
40.21
11,700
Jun 4, 2026
0.327 Dividend 

Jun 4, 2026
39.44
39.44
38.47
38.47
38.47
1,700
Jun 3, 2026
38.62
39.38
38.62
39.28
38.95
4,100
Jun 2, 2026
36.85
38.30
36.79
38.18
37.86
23,000
Jun 1, 2026
39.63
39.63
37.75
37.96
37.64
4,000
May 29, 2026
39.14
39.65
38.92
39.65
39.32
1,700
May 28, 2026
0.326 Dividend 

May 28, 2026
39.46
39.46
39.15
39.15
38.82
2,300
May 27, 2026
39.63
39.85
39.56
39.62
38.97
5,200
May 26, 2026
39.18
39.60
39.18
39.30
38.65
4,000
May 22, 2026
38.40
39.23
38.40
39.10
38.45
6,800
May 21, 2026
0.27 Dividend 

May 21, 2026
37.71
38.53
37.71
38.49
37.85
1,400
May 20, 2026
38.39
38.39
37.74
38.13
37.23
6,200
May 19, 2026
38.36
38.68
37.86
38.53
37.63
3,900
May 18, 2026
37.92
38.45
37.10
38.21
37.32
7,100
May 15, 2026
37.54
37.72
36.80
37.72
36.83
6,200
May 14, 2026
0.26 Dividend 

May 14, 2026
36.99
37.02
36.09
36.20
35.35
7,800
May 13, 2026
38.50
38.50
37.82
38.09
36.94
4,800
May 12, 2026
39.09
39.61
38.63
39.03
37.85
4,600
May 11, 2026
39.72
39.72
38.74
39.13
37.95
5,800
May 8, 2026
39.03
40.00
39.03
39.90
38.70
3,700
May 7, 2026
0.281 Dividend 

May 7, 2026
41.26
41.26
40.06
40.51
39.29
8,500
May 6, 2026
42.07
42.28
41.47
41.51
39.99
7,800
May 5, 2026
43.39
43.63
43.17
43.41
41.82
1,900
May 4, 2026
42.59
43.50
42.59
43.16
41.58
4,800
May 1, 2026
42.73
43.17
39.07
43.04
41.47
4,100
Apr 30, 2026
0.277 Dividend 

Apr 30, 2026
41.09
42.65
41.09
42.60
41.04
5,400
Apr 29, 2026
40.51
41.34
40.51
41.15
39.38
5,700
Apr 28, 2026
40.73
41.15
40.13
40.31
38.57
9,000
Apr 27, 2026
41.08
41.20
39.64
39.72
38.01
9,000
Apr 24, 2026
42.42
42.42
40.68
41.29
39.51
6,800
Apr 23, 2026
0.332 Dividend 

Apr 23, 2026
42.42
42.93
42.07
42.93
41.07
5,400
Apr 22, 2026
43.04
43.04
42.63
42.75
40.59
5,500
Apr 21, 2026
42.99
43.10
42.72
43.01
40.83
7,200
Apr 20, 2026
43.17
43.51
42.61
42.72
40.56
9,900
Apr 17, 2026
43.29
43.29
42.51
42.63
40.47
5,000
Apr 16, 2026
0.366 Dividend 

Apr 16, 2026
43.71
43.73
43.28
43.48
41.28
5,800
Apr 15, 2026
44.11
44.27
43.38
43.61
41.06
8,500
Apr 14, 2026
45.65
45.65
44.13
44.13
41.55
8,300
Apr 13, 2026
46.30
46.34
45.84
45.96
43.26
4,600
Apr 10, 2026
46.82
46.85
45.60
46.02
43.33
12,600
Apr 9, 2026
0.433 Dividend 

Apr 9, 2026
47.97
47.97
47.10
47.23
44.46
4,600
Apr 8, 2026
47.74
48.59
47.50
48.19
44.96
19,000
Apr 7, 2026
49.77
50.00
49.19
49.19
45.90
3,300
Apr 6, 2026
49.39
49.58
49.19
49.24
45.94
8,900
Apr 2, 2026
0.447 Dividend 

Apr 2, 2026
50.16
50.23
48.81
49.19
45.89
6,500
Apr 1, 2026
49.75
50.13
49.40
49.89
46.13
17,400
Mar 31, 2026
51.11
51.11
50.10
50.18
46.40
11,900
Mar 30, 2026
51.33
51.92
51.21
51.81
47.91
15,600
Mar 27, 2026
51.00
51.41
50.81
51.26
47.40
28,200
Mar 26, 2026
0.544 Dividend 

Mar 26, 2026
49.99
50.76
49.99
50.76
46.94
3,300
Mar 25, 2026
50.68
50.68
49.55
49.85
45.59
7,100
Mar 24, 2026
50.55
50.68
50.55
50.68
46.35
1,200
Mar 23, 2026
50.05
50.59
49.78
50.39
46.08
28,600
Mar 20, 2026
50.32
50.76
50.32
50.58
46.25
19,600
Mar 19, 2026
0.451 Dividend 

Mar 19, 2026
50.04
50.49
49.96
50.16
45.87
6,300
Mar 18, 2026
49.97
50.17
49.81
50.17
45.47
1,700
Mar 17, 2026
49.35
49.76
49.35
49.76
45.09
2,900
Mar 16, 2026
48.90
49.59
48.50
49.48
44.84
5,800
Mar 13, 2026
48.91
50.35
48.91
50.21
45.51
7,900
Mar 12, 2026
0.464 Dividend 

Mar 12, 2026
49.03
49.22
49.03
49.22
44.61
2,000
Mar 11, 2026
49.01
49.15
48.69
49.01
44.00
4,000
Mar 10, 2026
49.60
49.69
48.97
49.25
44.22
5,200
Mar 9, 2026
51.10
51.10
49.76
49.76
44.67
4,700
Mar 6, 2026
49.83
50.83
49.44
50.83
45.63
5,100
Mar 5, 2026
0.488 Dividend 

Mar 5, 2026
50.08
50.08
49.15
49.33
44.29
3,000
Mar 4, 2026
50.08
50.08
49.50
49.68
44.16
3,000
Mar 3, 2026
50.49
50.86
50.40
50.41
44.81
2,500
Mar 2, 2026
50.42
50.63
49.67
49.70
44.18
4,700
Feb 27, 2026
50.37
51.62
50.37
51.30
45.60
7,700
Feb 26, 2026
0.376 Dividend 

Feb 26, 2026
49.10
50.06
49.01
50.06
44.50
7,500
Feb 25, 2026
47.94
47.94
47.31
47.77
42.13
5,500
Feb 24, 2026
48.92
48.92
48.33
48.33
42.62
2,800
Feb 23, 2026
48.22
48.87
48.18
48.74
42.99
6,400
Feb 20, 2026
48.99
49.09
48.99
49.09
43.29
2,200
Feb 19, 2026
0.379 Dividend 

Feb 19, 2026
48.95
49.36
48.95
49.36
43.53
1,300
Feb 18, 2026
49.42
49.60
49.08
49.46
43.29
4,600
Feb 17, 2026
49.98
51.00
49.85
49.95
43.72
10,500
Feb 13, 2026
49.71
50.39
49.71
50.34
44.06
5,600
Feb 12, 2026
0.357 Dividend 

Feb 12, 2026
48.49
49.56
48.42
49.56
43.38
6,500
Feb 11, 2026
48.90
49.28
48.65
49.13
42.69
8,300
Feb 10, 2026
48.91
49.58
48.90
49.57
43.07
3,900
Feb 9, 2026
50.39
50.39
48.50
49.00
42.57
9,500
Feb 6, 2026
52.46
52.46
50.31
50.32
43.72
11,500
Feb 5, 2026
0.354 Dividend 

Feb 5, 2026
52.70
53.01
52.33
53.01
46.05
9,400
Feb 4, 2026
52.53
53.30
52.48
53.00
45.74
3,800
Feb 3, 2026
51.31
52.65
51.31
52.24
45.08
9,500
Feb 2, 2026
50.56
51.16
50.35
51.11
44.11
3,400
Jan 30, 2026
49.76
50.22
49.61
50.08
43.22
5,400
Jan 29, 2026
0.379 Dividend 

Jan 29, 2026
49.53
51.23
49.53
49.69
42.89
4,800
Jan 28, 2026
50.26
50.37
50.14
50.14
42.95
2,900
Jan 27, 2026
51.13
51.13
50.50
50.91
43.60
2,900
Jan 26, 2026
51.14
51.20
50.89
51.06
43.73
6,300
Jan 23, 2026
50.76
51.07
50.61
51.03
43.71
2,800
Jan 22, 2026
0.352 Dividend 

Jan 22, 2026
50.84
51.35
50.84
51.31
43.94
1,800
Jan 21, 2026
52.70
52.70
51.70
51.85
44.11
3,100
Jan 20, 2026
52.21
52.65
51.87
52.65
44.79
5,600
Jan 16, 2026
50.01
50.96
50.01
50.96
43.35
2,300
Jan 15, 2026
0.363 Dividend 

Jan 15, 2026
50.90
51.04
50.37
51.04
43.42
1,800
Jan 14, 2026
51.96
52.51
51.96
52.42
44.28
3,200
Jan 13, 2026
51.60
51.97
51.58
51.58
43.57
1,700
Jan 12, 2026
51.47
51.72
51.27
51.60
43.59
5,300
Jan 9, 2026
51.47
51.68
51.39
51.42
43.44
5,800
Jan 8, 2026
0.376 Dividend 

Jan 8, 2026
50.51
51.50
50.51
51.39
43.41
5,700
Jan 7, 2026
50.96
51.12
50.50
50.71
42.52
4,100
Jan 6, 2026
50.04
51.07
49.87
51.07
42.82
4,800
Jan 5, 2026
49.61
51.00
49.61
50.84
42.63
4,200
Jan 2, 2026
0.395 Dividend 

Jan 2, 2026
50.79
50.79
45.89
50.60
42.43
9,800
Dec 31, 2025
50.54
51.29
50.44
51.29
42.67
9,100
Dec 30, 2025
50.90
51.21
50.88
51.13
42.55
7,200
Dec 29, 2025
51.07
51.37
51.00
51.02
42.45
4,500
Dec 26, 2025
0.398 Dividend 

Dec 26, 2025
50.67
50.67
49.79
50.30
41.85
6,100
Dec 24, 2025
51.20
51.41
51.17
51.23
42.30
3,700
Dec 23, 2025
52.20
52.20
50.96
50.96
42.07
7,900
Dec 22, 2025
52.53
52.72
52.23
52.51
43.35
5,700
Dec 19, 2025
54.17
54.17
53.08
53.22
43.94
9,400
Dec 18, 2025
0.684 Dividend 

Dec 18, 2025
54.95
55.00
54.61
54.88
45.31
8,100
Dec 17, 2025
55.84
56.42
55.67
56.15
45.79
12,800
Dec 16, 2025
55.29
55.57
54.98
55.10
44.94
4,600
Dec 15, 2025
55.12
55.48
54.93
55.33
45.12
4,700
Dec 12, 2025
54.74
55.37
54.63
55.31
45.11
5,500
Dec 11, 2025
0.497 Dividend 

Dec 11, 2025
54.76
54.76
54.23
54.24
44.24
2,800
Dec 10, 2025
53.43
54.06
53.43
53.81
43.47
2,800
Dec 9, 2025
52.81
53.62
52.81
53.48
43.21
2,900
Dec 8, 2025
53.76
53.99
52.65
53.43
43.17
11,400
Dec 5, 2025
53.22
54.28
53.22
54.02
43.65
16,100
Dec 4, 2025
0.755 Dividend 

Dec 4, 2025
54.10
54.10
53.34
53.63
43.33
7,400
Dec 3, 2025
54.76
55.38
54.76
55.16
43.96
7,500
Dec 2, 2025
1:10 Stock Splits 

Dec 2, 2025
54.03
54.95
53.57
54.76
43.64
5,200
Dec 1, 2025
56.00
56.48
55.10
55.20
43.99
8,600
Nov 28, 2025
1.24 Dividend 

Nov 28, 2025
54.80
55.90
54.80
55.90
44.55
6,390
Nov 26, 2025
56.10
56.25
55.30
56.10
43.72
12,620
Nov 25, 2025
56.70
57.60
56.30
56.30
43.88
10,760
Nov 24, 2025
56.20
56.37
55.05
55.10
42.94
8,210
Nov 21, 2025
54.50
55.90
54.50
55.85
43.52
12,900
Nov 20, 2025
0.54 Dividend 

Nov 20, 2025
50.40
55.10
50.40
55.00
42.86
17,560
Nov 19, 2025
54.70
54.70
53.00
53.20
41.04
25,160
Nov 18, 2025
54.60
55.00
54.07
54.90
42.35
9,960
Nov 17, 2025
53.70
54.10
53.06
53.60
41.35
8,900
Nov 14, 2025
54.60
54.80
52.65
53.00
40.88
13,040
Nov 13, 2025
0.87 Dividend 

Nov 13, 2025
52.10
54.00
52.10
53.50
41.27
11,880
Nov 12, 2025
52.10
53.10
52.00
52.60
39.90
7,610
Nov 11, 2025
51.30
52.95
51.30
52.45
39.79
6,120
Nov 10, 2025
52.60
52.60
50.65
51.00
38.69
9,440
Nov 7, 2025
54.70
55.10
53.40
53.60
40.66
15,020
Nov 6, 2025
0.44 Dividend 

Nov 6, 2025
52.90
53.50
52.32
53.10
40.28
6,890
Nov 5, 2025
52.50
53.20
51.90
52.90
39.80
3,850
Nov 4, 2025
52.10
52.50
51.40
52.30
39.35
9,180
Nov 3, 2025
51.20
51.20
50.00
51.10
38.44
4,370
Oct 31, 2025
50.60
51.80
50.60
51.60
38.82
4,190
Oct 30, 2025
0.47 Dividend 

Oct 30, 2025
50.60
51.90
50.60
51.60
38.82
7,320
Oct 29, 2025
50.80
51.55
49.80
50.90
37.94
13,810
Oct 28, 2025
55.30
55.30
52.20
52.90
39.43
8,690
Oct 27, 2025
56.50
56.50
55.30
55.90
41.67
9,770
Oct 24, 2025
57.40
57.40
56.60
56.70
42.26
9,450
Oct 23, 2025
0.43 Dividend 

Oct 23, 2025
58.50
58.50
57.79
58.40
43.53
3,410
Oct 22, 2025
58.70
59.40
57.90
58.60
43.36
11,590
Oct 21, 2025
57.70
58.70
57.70
58.20
43.06
6,820
Oct 20, 2025
57.60
58.20
57.49
57.90
42.84
3,360
Oct 17, 2025
58.00
58.20
57.50
57.50
42.55
4,850
Oct 16, 2025
0.59 Dividend 

Oct 16, 2025
58.00
58.10
57.31
58.00
42.92
7,430
Oct 15, 2025
58.40
59.00
57.90
58.80
43.07
4,410
Oct 14, 2025
57.90
58.70
57.88
58.65
42.96
8,500
Oct 13, 2025
57.50
57.60
56.70
57.50
42.12
10,320
Oct 10, 2025
55.50
58.30
55.30
57.90
42.41
16,780
Oct 9, 2025
1.64 Dividend 

Oct 9, 2025
56.20
56.38
55.30
56.20
41.17
16,900
Oct 8, 2025
58.80
59.19
58.60
58.60
41.72
15,600
Oct 7, 2025
59.90
59.90
58.60
59.70
42.51
10,050
Oct 6, 2025
59.00
59.67
59.00
59.20
42.15
8,450
Oct 3, 2025
58.10
59.30
58.10
58.50
41.65
2,870
Oct 2, 2025
58.10
58.45
57.70
58.40
41.58
21,590
Oct 1, 2025
59.30
59.80
58.60
58.70
41.79
3,640
Sep 30, 2025
60.60
60.60
58.85
59.20
42.15
9,240
Sep 29, 2025
60.70
60.80
59.70
60.30
42.93
19,070
Sep 26, 2025
61.60
62.20
61.40
61.40
43.72
2,860
Sep 25, 2025
62.40
62.60
60.80
61.70
43.93
4,030
Sep 24, 2025
60.80
61.90
60.80
61.70
43.93
3,490
Sep 23, 2025
59.80
61.40
59.80
61.00
43.43
4,610
Sep 22, 2025
62.10
62.10
59.30
60.50
43.08
6,280
Sep 19, 2025
62.00
62.00
61.00
61.70
43.93
2,960
Sep 18, 2025
61.50
62.10
61.14
61.40
43.72
5,060
Sep 17, 2025
62.50
62.70
62.10
62.40
44.43
9,820
Sep 16, 2025
60.90
61.80
60.90
61.80
44.00
6,150
Sep 15, 2025
60.90
61.59
60.60
60.90
43.36
4,980
Sep 12, 2025
60.20
61.00
60.20
60.50
43.08
8,670
Sep 11, 2025
2.87 Dividend 

Sep 11, 2025
60.10
60.90
59.90
60.60
43.15
7,980
Sep 10, 2025
64.40
64.40
62.95
63.90
43.45
30,580
Sep 9, 2025
66.70
67.10
66.00
66.00
44.88
10,350
Sep 8, 2025
67.20
67.20
65.80
66.80
45.43
8,300
Sep 5, 2025
66.20
67.50
66.20
66.87
45.47
6,080
Sep 4, 2025
65.70
66.07
65.40
65.60
44.61
4,100
Sep 3, 2025
65.00
66.28
65.00
65.60
44.61
8,330
Sep 2, 2025
65.80
66.60
65.40
65.40
44.47
15,650
Aug 29, 2025
64.50
65.40
64.50
65.30
44.41
8,260
Aug 28, 2025
62.50
64.30
62.00
63.10
42.91
5,480
Aug 27, 2025
62.77
63.09
62.40
62.70
42.64
5,950
Aug 26, 2025
62.90
63.20
62.30
62.40
42.43
5,580
Aug 25, 2025
63.60
63.83
62.40
62.80
42.71
10,550
Aug 22, 2025
65.30
65.80
63.30
63.80
43.39
6,200
Aug 21, 2025
64.20
64.90
64.00
64.40
43.79
4,830
Aug 20, 2025
64.70
66.25
64.70
64.70
44.00
20,180
Aug 19, 2025
63.50
64.70
63.25
64.70
44.00
11,300
Aug 18, 2025
63.70
63.70
62.89
63.00
42.84
13,420
Aug 15, 2025
63.30
64.00
63.10
63.60
43.25
3,940
Aug 14, 2025
1.79 Dividend 

Aug 14, 2025
63.30
63.90
62.65
63.10
42.91
7,630
Aug 13, 2025
64.40
65.40
64.20
64.70
42.78
9,700
Aug 12, 2025
64.70
65.00
64.25
64.40
42.58
5,770
Aug 11, 2025
64.80
64.80
64.00
64.60
42.71
5,980
Aug 8, 2025
64.80
64.80
63.90
64.30
42.52
3,990
Aug 7, 2025
64.80
65.40
63.70
64.90
42.91
10,500
Aug 6, 2025
66.10
66.30
65.10
65.40
43.24
4,750
Aug 5, 2025
65.50
66.40
64.90
65.80
43.51
5,130
Aug 4, 2025
66.70
66.85
65.00
65.10
43.04
6,200
Aug 1, 2025
67.40
67.99
66.60
67.40
44.57
9,880
Jul 31, 2025
65.00
66.90
64.50
66.20
43.77
5,920
Jul 30, 2025
66.60
66.60
65.70
65.89
43.57
4,870
Jul 29, 2025
66.60
67.09
65.80
66.80
44.17
3,730
Jul 28, 2025
67.30
67.30
66.72
66.72
44.12
6,160
Jul 25, 2025
67.60
67.70
67.13
67.50
44.63
3,560
Jul 24, 2025
67.50
68.30
67.50
67.50
44.63
4,140
Jul 23, 2025
68.90
69.10
68.30
69.00
45.62
6,110
Jul 22, 2025
68.10
69.50
68.10
69.00
45.62
11,360
Jul 21, 2025
67.40
68.00
67.40
67.50
44.63
9,390
Jul 18, 2025
67.10
67.90
67.02
67.61
44.70
15,930
Jul 17, 2025
1.72 Dividend 

Jul 17, 2025
67.50
68.00
66.90
67.10
44.37
14,820
Jul 16, 2025
70.30
70.80
69.50
69.70
44.95
16,370
Jul 15, 2025
70.20
70.70
69.30
70.20
45.27
26,350
Jul 14, 2025
72.70
73.60
72.00
72.90
47.01
18,710
Jul 11, 2025
73.30
73.30
71.20
72.90
47.01
7,860
Jul 10, 2025
72.80
74.19
72.50
72.60
46.82
5,420
Jul 9, 2025
74.10
74.10
72.40
73.20
47.21
8,290
Jul 8, 2025
74.90
75.20
74.30
74.35
47.95
3,380
Jul 7, 2025
75.30
75.40
74.69
75.20
48.50
3,670
Jul 3, 2025
75.50
75.50
73.70
74.68
48.16
2,890
Jul 2, 2025
76.00
76.40
75.00
75.30
48.56
1,680
Jul 1, 2025
75.10
77.00
75.10
76.60
49.40
2,930
Jun 30, 2025
73.80
75.47
73.80
74.50
48.04
5,310
Jun 27, 2025
75.10
75.70
74.30
74.60
48.11
4,020
Jun 26, 2025
75.50
76.66
75.10
75.60
48.75
11,760
Jun 25, 2025
79.80
79.80
76.50
76.70
49.46
4,940
Jun 24, 2025
80.80
81.10
79.80
79.80
51.46
3,550
Jun 23, 2025
81.80
82.40
81.60
81.60
52.62
3,490
Jun 20, 2025
2.92 Dividend 

Jun 20, 2025
80.40
82.40
80.40
81.70
52.69
19,340
Jun 18, 2025
84.90
85.00
83.90
83.90
52.22
13,720
Jun 17, 2025
84.20
84.60
84.00
84.38
52.52
3,430
Jun 16, 2025
84.20
84.60
83.50
84.40
52.53
17,290
Jun 13, 2025
85.30
85.40
84.49
85.30
53.09
8,850
Jun 12, 2025
85.00
85.00
83.60
83.90
52.22
4,040
Jun 11, 2025
84.50
85.00
83.78
84.50
52.60
3,030
Jun 10, 2025
84.90
85.07
84.14
84.30
52.47
2,020
Jun 9, 2025
84.80
84.85
83.50
84.80
52.78
2,220
Jun 6, 2025
85.40
85.40
83.80
84.86
52.82
2,890
Jun 5, 2025
84.70
86.30
83.40
86.00
53.53
4,630
Jun 4, 2025
84.60
86.00
84.50
84.60
52.66
4,080
Jun 3, 2025
87.00
87.00
84.40
85.20
53.03
5,030
Jun 2, 2025
87.30
88.10
86.70
86.80
54.03
2,380
May 30, 2025
85.30
88.40
85.30
86.90
54.09
6,260
May 29, 2025
84.00
86.30
83.10
85.90
53.47
8,880
May 28, 2025
87.10
88.20
86.70
87.90
54.71
5,840
May 27, 2025
87.80
88.55
87.50
87.90
54.71
5,450
May 23, 2025
89.20
90.20
89.00
89.60
55.77
12,480
May 22, 2025
3.53 Dividend 

May 22, 2025
88.90
89.39
88.00
88.70
55.21
7,390
May 21, 2025
92.20
93.40
89.40
92.80
55.57
14,380
May 20, 2025
91.70
92.20
91.30
91.55
54.82
19,320
May 19, 2025
93.30
93.30
90.70
90.90
54.43
24,820
May 16, 2025
91.20
91.60
90.10
90.90
54.43
9,930
May 15, 2025
91.00
92.30
89.93
90.60
54.25
4,830
May 14, 2025
93.30
93.30
90.50
90.50
54.19
6,590
May 13, 2025
100.00
100.00
93.30
94.90
56.82
9,890
May 12, 2025
102.50
103.30
101.10
101.40
60.71
8,250
May 9, 2025
105.10
107.00
105.00
106.00
63.47
1,210
May 8, 2025
104.30
106.50
104.25
105.70
63.29
2,770
May 7, 2025
108.00
109.70
105.00
105.00
62.87
1,620
May 6, 2025
110.50
110.50
107.80
107.80
64.55
1,360
May 5, 2025
108.50
109.00
107.60
108.50
64.97
3,750
May 2, 2025
107.20
108.34
106.40
107.10
64.13
2,890
May 1, 2025
109.10
110.00
106.80
110.00
65.86
4,560
Apr 30, 2025
116.90
116.90
112.20
112.70
67.48
2,140
Apr 29, 2025
112.60
112.60
110.96
112.20
67.18
1,500
Apr 28, 2025
110.50
113.71
110.50
112.00
67.06
5,220
Apr 25, 2025
114.50
114.50
109.45
110.00
65.86
7,030
Apr 24, 2025
6.19 Dividend 

Apr 24, 2025
118.20
118.20
113.57
114.60
68.62
8,170
Apr 23, 2025
123.40
125.80
121.50
124.50
70.84
11,060
Apr 22, 2025
129.20
130.00
127.70
128.63
73.19
8,680
Apr 21, 2025
130.10
131.50
128.95
130.60
74.31
11,190
Apr 17, 2025
124.00
127.70
124.00
127.10
72.32
3,830
Apr 16, 2025
122.10
126.40
120.79
123.70
70.38
4,610
Apr 15, 2025
115.50
116.95
113.90
115.10
65.49
3,140
Apr 14, 2025
113.40
117.83
113.40
117.00
66.57
2,660
Apr 11, 2025
118.20
118.43
115.61
116.00
66.00
2,660
Apr 10, 2025
114.30
123.25
113.80
118.40
67.37
6,440
Apr 9, 2025
130.20
130.50
108.50
108.50
61.74
10,580
Apr 8, 2025
122.40
134.50
120.70
132.49
75.39
8,080
Apr 7, 2025
141.50
141.70
126.43
129.60
73.74
11,750
Apr 4, 2025
130.50
135.46
130.50
133.30
75.85
12,290
Apr 3, 2025
129.80
130.00
128.00
129.80
73.86
10,120
Apr 2, 2025
127.00
127.00
123.00
124.70
70.95
2,180
Apr 1, 2025
125.90
127.10
124.50
124.50
70.84
2,860
Mar 31, 2025
128.30
129.30
125.50
125.50
71.41
11,440
Mar 28, 2025
124.90
124.90
123.50
124.60
70.90
10,640
Mar 27, 2025
5.85 Dividend 

Mar 27, 2025
123.50
124.90
123.00
124.50
70.84
7,770
Mar 26, 2025
126.70
129.90
125.89
129.40
70.30
9,890
Mar 25, 2025
123.50
125.60
123.30
123.50
67.09
8,420
Mar 24, 2025
125.50
125.50
122.10
123.70
67.20
8,360
Mar 21, 2025
125.77
127.20
125.77
126.40
68.67
1,810
Mar 20, 2025
127.00
127.00
123.80
124.80
67.80
4,210
Mar 19, 2025
126.50
126.60
122.70
126.30
68.62
1,770
Mar 18, 2025
125.00
127.52
124.40
127.50
69.27
2,570
Mar 17, 2025
120.20
124.40
119.00
123.20
66.93
4,470
Mar 14, 2025
124.25
124.25
121.20
121.20
65.84
2,280
Mar 13, 2025
124.90
128.45
124.60
126.65
68.81
4,330
Mar 12, 2025
126.40
129.10
125.90
126.30
68.62
6,260
Mar 11, 2025
133.40
135.70
129.00
132.90
72.20
7,950
Mar 10, 2025
132.20
134.50
129.96
133.40
72.47
23,190
Mar 7, 2025
129.00
132.60
127.91
128.99
70.08
5,330
Mar 6, 2025
126.00
130.50
125.40
130.00
70.63
7,190
Mar 5, 2025
124.20
126.21
122.77
123.40
67.04
3,340
Mar 4, 2025
129.10
129.89
121.70
125.20
68.02
15,230
Mar 3, 2025
119.50
128.40
119.50
126.90
68.94
7,690
Feb 28, 2025
122.60
123.90
119.86
119.90
65.14
12,940
Feb 27, 2025
5.85 Dividend 

Feb 27, 2025
111.40
121.50
110.98
121.50
66.01
14,060
Feb 26, 2025
119.80
120.10
116.50
118.30
61.09
7,760
Feb 25, 2025
118.60
123.30
118.60
121.80
62.90
9,260
Feb 24, 2025
115.90
119.70
114.30
119.70
61.81
7,220
Feb 21, 2025
112.80
116.99
112.70
116.30
60.06
2,910
Feb 20, 2025
113.60
115.20
113.17
113.40
58.56
3,900
Feb 19, 2025
114.30
114.53
112.30
113.90
58.82
2,110
Feb 18, 2025
111.20
113.90
110.80
113.00
58.35
4,970
Feb 14, 2025
116.50
116.50
113.00
113.50
58.61
6,230
Feb 13, 2025
118.30
118.69
115.60
116.19
60.00
2,300
Feb 12, 2025
120.50
120.50
118.90
119.70
61.81
1,710
Feb 11, 2025
118.60
119.20
116.80
117.99
60.93
2,320
Feb 10, 2025
119.80
119.80
116.10
116.90
60.37
7,100
Feb 7, 2025
121.50
122.79
120.10
120.30
62.12
2,770
Feb 6, 2025
123.50
124.70
121.75
121.75
62.87
2,930
Feb 5, 2025
127.30
128.60
124.70
124.90
64.50
4,430
Feb 4, 2025
131.10
131.10
128.80
130.61
67.45
6,220
Feb 3, 2025
133.40
134.30
130.60
131.40
67.86
9,960
Jan 31, 2025
126.20
130.70
124.10
130.00
67.13
11,820
Jan 30, 2025
5.03 Dividend 

Jan 30, 2025
128.00
131.90
126.10
127.20
65.69
7,440
Jan 29, 2025
130.10
135.25
129.73
131.80
65.46
12,500
Jan 28, 2025
134.00
140.30
127.20
127.50
63.33
17,210
Jan 27, 2025
133.10
140.30
130.10
139.60
69.34
29,900
Jan 24, 2025
118.50
122.19
118.00
121.20
60.20
4,090
Jan 23, 2025
119.50
121.00
119.00
119.10
59.16
2,970
Jan 22, 2025
122.10
122.10
118.10
118.30
58.76
4,480
Jan 21, 2025
125.80
127.00
123.40
124.50
61.84
5,660
Jan 17, 2025
126.80
127.40
125.50
126.50
62.83
3,350
Jan 16, 2025
125.50
128.20
125.50
128.00
63.58
4,130
Jan 15, 2025
127.00
127.70
126.01
126.70
62.93
3,590
Jan 14, 2025
125.00
128.70
125.00
127.70
63.43
2,450
Jan 13, 2025
128.30
129.50
127.10
127.30
63.23
6,170
Jan 10, 2025
125.20
126.80
124.50
125.70
62.44
3,400
Jan 8, 2025
121.90
123.80
120.35
122.60
60.90
5,490
Jan 7, 2025
114.90
122.10
114.90
121.90
60.55
10,860
Jan 6, 2025
118.20
118.20
115.00
117.10
58.16
11,520
Jan 3, 2025
5.06 Dividend 

Jan 3, 2025
123.00
123.60
120.00
120.10
59.65
8,080
Jan 2, 2025
130.60
130.80
129.00
129.60
61.86
10,190
Dec 31, 2024
129.20
131.00
129.00
130.40
62.24
5,720
Dec 30, 2024
131.00
131.00
127.48
129.30
61.72
4,830
Dec 27, 2024
128.78
130.30
128.78
129.20
61.67
3,530
Dec 26, 2024
127.60
128.40
126.60
126.70
60.47
1,860
Dec 24, 2024
126.50
127.00
125.13
126.95
60.59
2,390
Dec 23, 2024
131.20
131.20
127.45
127.45
60.83
3,190
Dec 20, 2024
137.20
137.30
131.20
132.08
63.04
1,850
Dec 19, 2024
134.10
136.30
131.70
135.10
64.48
1,730
Dec 18, 2024
133.00
136.99
129.80
136.30
65.06
4,830
Dec 17, 2024
135.90
138.00
135.64
135.90
64.87
3,450
Dec 16, 2024
133.60
136.13
133.60
135.30
64.58
4,880
Dec 13, 2024
130.20
134.40
130.20
133.42
63.68
2,570
Dec 12, 2024
131.60
132.07
130.60
131.26
62.65
1,250
Dec 11, 2024
131.62
131.74
129.20
129.40
61.76
1,830
Dec 10, 2024
130.20
132.70
129.50
131.90
62.96
4,600
Dec 9, 2024
131.00
131.00
129.60
130.20
62.15
5,460
Dec 6, 2024
127.00
129.70
126.75
128.64
61.40
5,480
Dec 5, 2024
6.37 Dividend 

Dec 5, 2024
126.90
127.50
125.90
126.60
60.43
6,370
Dec 4, 2024
136.90
137.50
132.87
133.50
60.68
16,610
Dec 3, 2024
140.00
140.00
137.44
137.50
62.50
6,630
Dec 2, 2024
140.00
140.09
137.00
139.50
63.41
8,780
Nov 29, 2024
141.00
141.00
138.22
139.30
63.32
2,780
Nov 27, 2024
141.50
143.30
141.39
141.60
64.36
2,860
Nov 26, 2024
139.80
140.90
139.50
140.40
63.82
1,570
Nov 25, 2024
137.60
140.20
137.50
139.94
63.61
4,170
Nov 22, 2024
135.90
138.40
135.30
137.70
62.59
4,030
Nov 21, 2024
133.30
139.49
130.00
135.30
61.50
6,870
Nov 20, 2024
133.70
136.30
133.70
134.40
61.09
3,500
Nov 19, 2024
136.70
136.70
133.20
133.90
60.86
3,040
Nov 18, 2024
137.90
140.00
136.90
137.60
62.54
3,840
Nov 15, 2024
134.40
138.40
134.40
136.40
62.00
3,660
Nov 14, 2024
133.70
134.43
132.20
133.20
60.54
2,820
Nov 13, 2024
131.90
134.40
131.90
133.60
60.73
5,850
Nov 12, 2024
134.30
134.30
131.64
132.80
60.36
3,370
Nov 11, 2024
132.00
135.44
131.87
134.10
60.95
4,540
Nov 8, 2024
131.50
133.50
130.40
132.90
60.41
9,170
Nov 7, 2024
6.13 Dividend 

Nov 7, 2024
133.00
133.59
131.10
131.10
59.59
14,170
Nov 6, 2024
141.70
143.40
138.80
141.00
61.30
19,500
Nov 5, 2024
149.00
149.00
145.50
146.90
63.87
5,840
Nov 4, 2024
149.10
149.60
146.90
149.20
64.87
4,560
Nov 1, 2024
150.00
150.30
148.40
150.01
65.22
3,980
Oct 31, 2024
150.10
151.46
150.10
151.40
65.82
2,900
Oct 30, 2024
147.70
149.90
147.70
148.40
64.52
2,300
Oct 29, 2024
147.00
148.08
146.51
147.40
64.09
1,560
Oct 28, 2024
146.50
147.90
146.40
147.80
64.26
2,980
Oct 25, 2024
148.80
148.80
145.50
146.60
63.74
4,250
Oct 24, 2024
149.30
149.45
147.91
148.10
64.39
860
Oct 23, 2024
147.70
150.50
147.70
148.70
64.65
4,510
Oct 22, 2024
147.40
147.40
145.52
145.90
63.43
2,540
Oct 21, 2024
151.30
151.30
146.00
146.00
63.48
6,560
Oct 18, 2024
149.10
150.50
149.10
150.00
65.22
2,010
Oct 17, 2024
149.50
151.00
148.10
150.79
65.56
2,650
Oct 16, 2024
154.50
156.00
151.80
152.90
66.48
7,860
Oct 15, 2024
150.30
157.50
149.61
156.00
67.82
9,900
Oct 14, 2024
151.00
151.50
148.50
149.60
65.04
9,060
Oct 11, 2024
153.20
153.60
152.10
153.20
66.61
7,340
Oct 10, 2024
6.86 Dividend 

Oct 10, 2024
154.00
155.50
152.50
153.30
66.65
7,790
Oct 9, 2024
160.10
161.70
158.80
160.60
66.84
17,120
Oct 8, 2024
165.50
165.50
160.66
161.60
67.26
12,130
Oct 7, 2024
171.20
171.20
164.00
167.00
69.51
13,600
Oct 4, 2024
170.70
173.80
168.90
170.10
70.80
8,070
Oct 3, 2024
175.20
175.20
170.80
172.30
71.71
4,000
Oct 2, 2024
178.00
178.00
175.50
176.30
73.38
9,190
Oct 1, 2024
173.80
177.70
172.30
177.70
73.96
5,680
Sep 30, 2024
176.00
176.00
172.85
174.10
72.46
4,390
Sep 27, 2024
171.20
174.30
171.20
173.25
72.11
2,250
Sep 26, 2024
167.80
173.00
165.50
170.40
70.92
4,420
Sep 25, 2024
172.60
172.60
168.90
170.80
71.09
3,490
Sep 24, 2024
181.40
181.80
173.21
174.90
72.79
3,760
Sep 23, 2024
181.20
181.90
180.00
180.74
75.22
5,580
Sep 20, 2024
177.51
180.60
176.60
180.00
74.92
2,760
Sep 19, 2024
178.90
178.90
174.80
176.70
73.54
5,430
Sep 18, 2024
179.60
182.00
177.50
182.00
75.75
1,900
Sep 17, 2024
177.10
180.40
176.50
178.80
74.42
1,560
Sep 16, 2024
176.10
179.49
176.00
178.16
74.15
2,730
Sep 13, 2024
174.50
176.00
173.90
174.61
72.67
2,800
Sep 12, 2024
178.50
179.20
171.80
174.30
72.54
3,590
Sep 11, 2024
190.50
193.30
177.80
177.80
74.00
3,960
Sep 10, 2024
193.40
196.70
190.80
192.86
80.27
3,360
Sep 9, 2024
197.20
198.60
193.70
195.10
81.20
4,240
Sep 6, 2024
12.17 Dividend 

Sep 6, 2024
193.00
200.90
193.00
198.50
82.62
3,300
Sep 5, 2024
207.10
207.10
205.50
205.80
80.59
4,980
Sep 4, 2024
206.80
207.60
205.00
206.30
80.78
2,580
Sep 3, 2024
202.30
205.80
202.30
205.40
80.43
2,360
Aug 30, 2024
196.96
199.60
193.40
198.00
77.53
1,720
Aug 29, 2024
190.50
198.00
187.80
196.70
77.03
3,790
Aug 28, 2024
184.90
189.10
184.80
185.50
72.64
4,530
Aug 27, 2024
188.40
188.40
184.35
184.80
72.37
5,620
Aug 26, 2024
184.70
187.85
183.80
186.50
73.03
2,740
Aug 23, 2024
188.60
188.60
184.06
184.06
72.08
1,310
Aug 22, 2024
183.20
189.68
182.10
189.68
74.28
780
Aug 21, 2024
186.30
186.30
183.68
184.13
72.10
520
Aug 20, 2024
184.10
186.10
182.50
185.23
72.53
910
Aug 19, 2024
186.30
187.40
182.44
182.44
71.44
1,240
Aug 16, 2024
190.10
190.10
185.60
187.02
73.23
1,380
Aug 15, 2024
195.00
195.00
187.00
188.50
73.81
1,720
Aug 14, 2024
196.60
202.30
195.60
196.85
77.08
3,510
Aug 13, 2024
207.00
207.00
200.61
200.61
78.56
1,310
Aug 12, 2024
216.60
216.60
209.70
211.49
82.82
2,360
Aug 9, 2024
218.00
219.90
215.90
218.28
85.48
1,220
Aug 8, 2024
222.90
226.30
216.80
217.82
85.30
2,550
Aug 7, 2024
213.10
225.21
211.80
225.21
88.19
1,620
Aug 6, 2024
217.40
223.00
212.40
217.10
85.01
3,120
Aug 5, 2024
233.30
242.62
218.30
223.41
87.48
3,090
Aug 2, 2024
213.30
216.70
213.30
215.29
84.30
3,950
Aug 1, 2024
206.50
214.00
205.71
213.60
83.64
1,300
Jul 31, 2024
208.80
210.50
206.55
208.10
81.49
1,390
Jul 30, 2024
210.80
213.80
210.32
213.40
83.56
2,310
Jul 29, 2024
210.00
210.80
207.50
210.24
82.33
1,640
Jul 26, 2024
207.20
210.10
206.20
209.60
82.08
2,160
Jul 25, 2024
208.30
210.00
205.60
207.40
81.22
2,120
Jul 24, 2024
204.10
207.59
203.60
206.94
81.04
2,310
