Date
Open
High
Low
Close 

Adj Close 

Volume

May 22, 2026
9.66
9.91
9.66
9.81
9.81
4,700
May 21, 2026
0.068 Dividend 

May 21, 2026
9.78
9.92
9.75
9.85
9.85
5,600
May 20, 2026
10.03
10.03
9.93
9.95
9.89
2,100
May 19, 2026
9.95
9.95
9.79
9.81
9.75
5,200
May 18, 2026
10.00
10.00
9.88
9.92
9.85
3,200
May 15, 2026
10.00
10.02
9.77
9.81
9.74
9,200
May 14, 2026
0.087 Dividend 

May 14, 2026
10.04
10.07
10.04
10.07
10.00
1,700
May 13, 2026
10.08
10.14
10.04
10.10
9.95
2,400
May 12, 2026
10.09
10.20
10.02
10.20
10.05
3,400
May 11, 2026
10.40
10.40
10.03
10.05
9.89
11,600
May 8, 2026
10.59
10.59
10.32
10.34
10.18
9,300
May 7, 2026
0.063 Dividend 

May 7, 2026
10.48
10.52
10.37
10.40
10.24
8,100
May 6, 2026
10.50
10.51
10.34
10.48
10.25
23,800
May 5, 2026
9.94
9.94
9.79
9.79
9.59
11,000
May 4, 2026
10.04
10.04
9.92
9.94
9.72
3,300
May 1, 2026
10.03
10.14
10.00
10.06
9.84
18,900
Apr 30, 2026
0.082 Dividend 

Apr 30, 2026
10.00
10.09
9.98
10.09
9.87
1,400
Apr 29, 2026
9.92
9.94
9.90
9.94
9.65
2,900
Apr 28, 2026
9.99
9.99
9.91
9.96
9.67
8,600
Apr 27, 2026
10.00
10.13
10.00
10.02
9.73
10,400
Apr 24, 2026
10.06
10.07
10.01
10.04
9.74
12,800
Apr 23, 2026
0.07 Dividend 

Apr 23, 2026
10.24
10.24
10.05
10.13
9.83
7,100
Apr 22, 2026
10.40
10.40
10.28
10.29
9.92
1,900
Apr 21, 2026
10.41
10.43
10.24
10.25
9.88
3,200
Apr 20, 2026
10.40
10.45
10.40
10.42
10.04
3,200
Apr 17, 2026
10.26
10.40
10.26
10.39
10.02
3,300
Apr 16, 2026
0.061 Dividend 

Apr 16, 2026
10.21
10.25
10.20
10.25
9.88
3,100
Apr 15, 2026
10.25
10.26
10.20
10.26
9.83
6,700
Apr 14, 2026
10.20
10.27
10.20
10.24
9.81
7,600
Apr 13, 2026
9.90
10.15
9.90
10.15
9.72
2,300
Apr 10, 2026
10.02
10.04
9.97
9.98
9.57
4,700
Apr 9, 2026
0.06 Dividend 

Apr 9, 2026
10.08
10.08
9.94
10.02
9.60
4,100
Apr 8, 2026
9.98
10.05
9.98
10.04
9.56
5,300
Apr 7, 2026
9.85
9.89
9.77
9.80
9.33
1,000
Apr 6, 2026
9.76
9.87
9.76
9.83
9.37
3,200
Apr 2, 2026
0.042 Dividend 

Apr 2, 2026
9.81
9.88
9.73
9.88
9.42
1,400
Apr 1, 2026
9.92
9.96
9.88
9.88
9.37
3,700
Mar 31, 2026
9.75
9.86
9.72
9.86
9.35
1,300
Mar 30, 2026
9.60
9.72
9.60
9.69
9.19
4,600
Mar 27, 2026
9.66
9.66
9.53
9.53
9.04
4,300
Mar 26, 2026
0.051 Dividend 

Mar 26, 2026
9.81
9.81
9.69
9.69
9.19
7,100
Mar 25, 2026
9.90
9.90
9.87
9.87
9.31
1,600
Mar 24, 2026
10.03
10.03
9.90
9.90
9.34
3,100
Mar 23, 2026
10.10
10.23
10.03
10.03
9.46
24,200
Mar 20, 2026
10.22
10.22
10.07
10.13
9.55
4,400
Mar 19, 2026
0.056 Dividend 

Mar 19, 2026
10.08
10.20
10.08
10.15
9.58
6,000
Mar 18, 2026
10.26
10.30
10.19
10.23
9.60
2,900
Mar 17, 2026
10.15
10.32
10.15
10.26
9.62
4,200
Mar 16, 2026
10.15
10.22
10.11
10.11
9.49
8,200
Mar 13, 2026
10.26
10.27
10.17
10.17
9.54
7,700
Mar 12, 2026
0.058 Dividend 

Mar 12, 2026
10.28
10.28
10.19
10.21
9.58
5,700
Mar 11, 2026
10.40
10.40
10.35
10.36
9.67
1,800
Mar 10, 2026
10.35
10.48
10.34
10.41
9.71
2,100
Mar 9, 2026
10.15
10.39
10.15
10.39
9.70
4,800
Mar 6, 2026
10.41
10.41
10.27
10.40
9.70
10,300
Mar 5, 2026
0.077 Dividend 

Mar 5, 2026
10.56
10.56
10.41
10.50
9.80
14,800
Mar 4, 2026
10.67
10.69
10.61
10.62
9.84
9,100
Mar 3, 2026
10.75
10.76
10.53
10.64
9.86
48,300
Mar 2, 2026
10.77
10.87
10.77
10.85
10.05
9,700
Feb 27, 2026
10.78
11.06
10.78
10.98
10.17
1,099,200
Feb 26, 2026
0.068 Dividend 

Feb 26, 2026
11.02
11.02
10.97
10.97
10.16
900
Feb 25, 2026
10.97
10.99
10.93
10.98
10.11
2,300
Feb 24, 2026
10.95
11.07
10.95
11.04
10.17
9,800
Feb 23, 2026
10.90
10.92
10.78
10.84
9.98
110,900
Feb 20, 2026
10.97
11.00
10.94
10.98
10.11
7,100
Feb 19, 2026
0.076 Dividend 

Feb 19, 2026
11.10
11.10
10.98
11.01
10.14
1,500
Feb 18, 2026
10.92
11.22
10.92
11.16
10.21
8,800
Feb 17, 2026
10.97
11.19
10.97
11.04
10.09
5,200
Feb 13, 2026
10.59
11.05
10.59
11.03
10.09
6,600
Feb 12, 2026
0.072 Dividend 

Feb 12, 2026
11.13
11.13
10.69
10.77
9.85
12,900
Feb 11, 2026
11.65
11.65
11.40
11.41
10.36
7,300
Feb 10, 2026
11.46
11.59
11.40
11.51
10.46
5,600
Feb 9, 2026
11.32
11.37
11.31
11.32
10.29
2,300
Feb 6, 2026
11.00
11.45
11.00
11.44
10.39
7,300
Feb 5, 2026
0.053 Dividend 

Feb 5, 2026
11.39
11.39
11.11
11.15
10.13
15,400
Feb 4, 2026
11.04
11.50
11.03
11.41
10.32
7,600
Feb 3, 2026
11.14
11.14
10.89
11.11
10.04
20,100
Feb 2, 2026
11.29
11.53
11.08
11.35
10.27
70,400
Jan 30, 2026
11.60
11.83
11.60
11.81
10.68
19,100
Jan 29, 2026
0.05 Dividend 

Jan 29, 2026
11.56
11.69
11.47
11.69
10.58
31,600
Jan 28, 2026
11.63
11.72
11.56
11.59
10.43
9,000
Jan 27, 2026
11.80
11.80
11.65
11.69
10.52
3,900
Jan 26, 2026
11.65
11.80
11.65
11.73
10.56
8,700
Jan 23, 2026
11.86
11.86
11.70
11.71
10.55
11,400
Jan 22, 2026
0.051 Dividend 

Jan 22, 2026
11.94
11.97
11.89
11.91
10.73
10,400
Jan 21, 2026
11.83
11.93
11.73
11.90
10.67
6,300
Jan 20, 2026
11.59
11.70
11.54
11.62
10.42
74,200
Jan 16, 2026
12.10
12.10
11.75
11.78
10.56
9,200
Jan 15, 2026
0.052 Dividend 

Jan 15, 2026
11.97
12.01
11.84
12.01
10.77
21,500
Jan 14, 2026
11.97
11.99
11.92
11.97
10.69
9,600
Jan 13, 2026
11.92
11.95
11.82
11.95
10.67
5,000
Jan 12, 2026
12.09
12.11
11.92
11.92
10.64
11,400
Jan 9, 2026
12.11
12.18
12.05
12.18
10.87
11,100
Jan 8, 2026
0.045 Dividend 

Jan 8, 2026
11.91
12.07
11.91
12.05
10.76
3,400
Jan 7, 2026
12.09
12.14
11.96
12.04
10.71
17,300
Jan 6, 2026
12.12
12.16
11.99
12.16
10.81
22,000
Jan 5, 2026
11.76
12.27
11.76
12.11
10.77
9,300
Jan 2, 2026
0.09 Dividend 

Jan 2, 2026
11.95
11.98
11.85
11.87
10.56
11,000
Dec 31, 2025
12.17
12.23
12.12
12.15
10.73
8,800
Dec 30, 2025
12.18
12.25
12.18
12.21
10.78
13,000
Dec 29, 2025
12.13
12.19
12.11
12.18
10.75
12,100
Dec 26, 2025
0.071 Dividend 

Dec 26, 2025
12.11
12.16
12.10
12.13
10.70
4,500
Dec 24, 2025
12.16
12.25
12.16
12.25
10.75
2,500
Dec 23, 2025
12.11
12.14
12.07
12.11
10.63
2,900
Dec 22, 2025
11.97
12.09
11.97
12.04
10.57
87,700
Dec 19, 2025
12.03
12.15
11.98
11.98
10.51
8,200
Dec 18, 2025
0.094 Dividend 

Dec 18, 2025
12.05
12.13
12.00
12.03
10.56
4,700
Dec 17, 2025
12.11
12.11
12.03
12.03
10.47
7,200
Dec 16, 2025
11.99
12.20
11.99
12.20
10.62
35,600
Dec 15, 2025
12.17
12.17
12.00
12.00
10.45
10,900
Dec 12, 2025
12.10
12.17
12.04
12.04
10.49
13,000
Dec 11, 2025
0.078 Dividend 

Dec 11, 2025
11.78
12.05
11.78
12.05
10.49
19,600
Dec 10, 2025
11.66
11.97
11.66
11.87
10.27
6,600
Dec 9, 2025
11.76
11.76
11.68
11.71
10.13
8,800
Dec 8, 2025
11.54
11.78
11.54
11.76
10.18
16,700
Dec 5, 2025
11.61
11.61
11.55
11.61
10.04
13,000
Dec 4, 2025
0.142 Dividend 

Dec 4, 2025
11.67
11.67
11.53
11.56
10.00
11,900
Dec 3, 2025
11.69
11.75
11.66
11.73
10.03
13,800
Dec 2, 2025
11.82
11.82
11.69
11.71
10.01
14,800
Dec 1, 2025
11.51
11.82
11.51
11.81
10.10
10,600
Nov 28, 2025
0.094 Dividend 

Nov 28, 2025
11.51
11.62
11.51
11.60
9.91
6,200
Nov 26, 2025
11.60
11.68
11.60
11.63
9.86
6,000
Nov 25, 2025
11.56
11.67
11.54
11.59
9.82
17,200
Nov 24, 2025
11.64
11.67
11.45
11.45
9.71
211,000
Nov 21, 2025
11.55
11.74
11.54
11.68
9.90
10,800
Nov 20, 2025
0.066 Dividend 

Nov 20, 2025
11.81
11.81
11.51
11.54
9.78
21,200
Nov 19, 2025
11.88
12.05
11.74
11.78
9.93
10,300
Nov 18, 2025
11.85
12.00
11.85
11.90
10.03
7,200
Nov 17, 2025
11.88
11.99
11.85
11.92
10.05
16,600
Nov 14, 2025
12.01
12.10
11.84
11.89
10.02
19,100
Nov 13, 2025
0.066 Dividend 

Nov 13, 2025
12.35
12.35
11.80
12.03
10.14
61,700
Nov 12, 2025
12.71
12.94
12.70
12.94
10.85
27,900
Nov 11, 2025
12.61
12.71
12.54
12.71
10.66
4,500
Nov 10, 2025
12.31
12.48
12.31
12.45
10.44
5,600
Nov 7, 2025
12.24
12.39
12.24
12.32
10.33
13,700
Nov 6, 2025
0.075 Dividend 

Nov 6, 2025
12.33
12.39
12.16
12.34
10.35
11,700
Nov 5, 2025
12.46
12.50
12.40
12.44
10.37
11,800
Nov 4, 2025
12.39
12.48
12.39
12.46
10.39
6,600
Nov 3, 2025
12.52
12.54
12.45
12.47
10.40
12,300
Oct 31, 2025
12.47
12.56
12.47
12.55
10.46
27,700
Oct 30, 2025
0.089 Dividend 

Oct 30, 2025
12.39
12.61
12.34
12.52
10.44
6,000
Oct 29, 2025
12.50
12.51
12.36
12.38
10.25
5,800
Oct 28, 2025
12.51
12.58
12.51
12.53
10.37
7,800
Oct 27, 2025
12.52
12.57
12.52
12.57
10.41
44,300
Oct 24, 2025
12.61
12.61
12.52
12.52
10.36
14,600
Oct 23, 2025
0.096 Dividend 

Oct 23, 2025
12.62
12.65
12.47
12.65
10.47
14,100
Oct 22, 2025
12.69
12.76
12.65
12.65
10.39
10,700
Oct 21, 2025
12.58
12.74
12.58
12.73
10.46
5,100
Oct 20, 2025
12.46
12.58
12.46
12.53
10.29
298,100
Oct 17, 2025
12.30
12.47
12.27
12.44
10.22
63,200
Oct 16, 2025
0.174 Dividend 

Oct 16, 2025
12.45
12.51
12.24
12.33
10.13
4,400
Oct 15, 2025
12.72
12.73
12.62
12.69
10.28
3,600
Oct 14, 2025
12.45
12.64
12.45
12.61
10.21
5,100
Oct 13, 2025
12.53
12.58
12.49
12.54
10.16
5,500
Oct 10, 2025
12.52
12.73
12.40
12.41
10.05
12,900
Oct 9, 2025
12.73
12.73
12.57
12.57
10.19
5,000
Oct 8, 2025
12.70
12.74
12.63
12.64
10.24
30,300
Oct 7, 2025
12.72
12.75
12.65
12.71
10.29
4,100
Oct 6, 2025
12.71
12.77
12.59
12.77
10.35
7,300
Oct 3, 2025
12.64
12.73
12.63
12.68
10.27
10,100
Oct 2, 2025
12.68
12.68
12.52
12.65
10.25
11,700
Oct 1, 2025
12.73
12.93
12.67
12.67
10.26
7,200
Sep 30, 2025
12.81
12.85
12.77
12.85
10.41
3,600
Sep 29, 2025
12.67
12.87
12.67
12.81
10.38
13,600
Sep 26, 2025
12.73
12.76
12.66
12.70
10.29
7,100
Sep 25, 2025
0.217 Dividend 

Sep 25, 2025
12.69
12.76
12.64
12.64
10.24
7,700
Sep 24, 2025
12.84
12.99
12.84
12.94
10.31
18,500
Sep 23, 2025
12.89
12.96
12.79
12.81
10.20
11,500
Sep 22, 2025
12.75
12.92
12.75
12.80
10.20
55,500
Sep 19, 2025
13.05
13.05
12.78
12.94
10.31
19,400
Sep 18, 2025
13.10
13.11
13.01
13.06
10.41
11,800
Sep 17, 2025
13.04
13.20
13.04
13.17
10.49
13,800
Sep 16, 2025
13.15
13.15
13.04
13.09
10.43
3,200
Sep 15, 2025
13.15
13.18
13.06
13.11
10.44
13,500
Sep 12, 2025
13.06
13.21
13.06
13.09
10.43
5,400
Sep 11, 2025
13.08
13.21
13.04
13.21
10.52
3,400
Sep 10, 2025
13.25
13.25
13.03
13.07
10.41
4,700
Sep 9, 2025
13.45
13.45
13.23
13.23
10.54
14,000
Sep 8, 2025
13.33
13.41
13.31
13.39
10.67
8,900
Sep 5, 2025
13.42
13.42
13.27
13.32
10.61
5,600
Sep 4, 2025
13.26
13.43
13.25
13.37
10.65
6,700
Sep 3, 2025
13.21
13.30
13.15
13.16
10.48
5,600
Sep 2, 2025
13.32
13.32
13.08
13.28
10.58
14,000
Aug 29, 2025
13.20
13.36
13.17
13.36
10.64
9,800
Aug 28, 2025
0.336 Dividend 

Aug 28, 2025
13.33
13.33
13.13
13.23
10.54
14,200
Aug 27, 2025
13.56
13.66
13.56
13.66
10.61
26,700
Aug 26, 2025
13.65
13.65
13.52
13.57
10.54
11,300
Aug 25, 2025
13.68
13.70
13.56
13.58
10.55
33,300
Aug 22, 2025
13.62
13.80
13.62
13.74
10.68
56,900
Aug 21, 2025
13.56
13.57
13.43
13.55
10.53
13,800
Aug 20, 2025
13.49
13.59
13.47
13.58
10.55
28,500
Aug 19, 2025
13.54
13.55
13.43
13.49
10.48
12,700
Aug 18, 2025
13.48
13.55
13.47
13.47
10.47
138,900
Aug 15, 2025
13.36
13.51
13.34
13.34
10.36
22,100
Aug 14, 2025
13.47
13.53
13.31
13.45
10.45
5,700
Aug 13, 2025
13.25
13.55
13.25
13.51
10.50
8,200
Aug 12, 2025
13.23
13.28
13.13
13.27
10.31
7,000
Aug 11, 2025
13.12
13.15
13.01
13.11
10.18
12,300
Aug 8, 2025
13.17
13.17
13.06
13.06
10.15
10,300
Aug 7, 2025
13.36
13.36
13.04
13.14
10.21
12,800
Aug 6, 2025
13.53
13.53
13.05
13.36
10.38
21,800
Aug 5, 2025
13.63
13.68
13.55
13.63
10.59
9,400
Aug 4, 2025
13.59
13.70
13.59
13.65
10.61
13,800
Aug 1, 2025
13.59
13.59
13.33
13.48
10.47
15,300
Jul 31, 2025
0.274 Dividend 

Jul 31, 2025
13.76
13.81
13.67
13.69
10.63
26,000
Jul 30, 2025
14.07
14.10
13.97
14.03
10.69
17,500
Jul 29, 2025
14.25
14.25
14.01
14.10
10.74
20,800
Jul 28, 2025
14.20
14.23
14.08
14.11
10.75
17,200
Jul 25, 2025
14.26
14.26
14.15
14.23
10.84
9,900
Jul 24, 2025
14.41
14.41
14.26
14.30
10.89
13,000
Jul 23, 2025
14.27
14.37
14.26
14.32
10.91
18,200
Jul 22, 2025
14.20
14.23
14.19
14.22
10.83
17,900
Jul 21, 2025
14.23
14.30
14.15
14.21
10.82
114,200
Jul 18, 2025
14.20
14.23
14.14
14.21
10.83
7,000
Jul 17, 2025
14.06
14.29
14.06
14.29
10.89
8,700
Jul 16, 2025
14.07
14.07
13.99
14.04
10.70
5,200
Jul 15, 2025
14.10
14.10
13.94
13.96
10.64
10,600
Jul 14, 2025
13.98
14.13
13.98
14.07
10.72
13,200
Jul 11, 2025
14.12
14.12
14.02
14.05
10.70
38,200
Jul 10, 2025
14.14
14.21
14.14
14.19
10.81
15,000
Jul 9, 2025
14.38
14.38
14.11
14.13
10.77
18,100
Jul 8, 2025
14.37
14.40
14.24
14.32
10.91
19,300
Jul 7, 2025
14.44
14.50
14.30
14.33
10.92
21,000
Jul 3, 2025
0.416 Dividend 

Jul 3, 2025
14.38
14.48
14.35
14.48
11.03
22,100
Jul 2, 2025
14.80
14.84
14.76
14.80
10.96
42,700
Jul 1, 2025
14.90
14.90
14.75
14.86
11.00
13,000
Jun 30, 2025
14.99
14.99
14.79
14.88
11.02
26,600
Jun 27, 2025
14.71
14.80
14.67
14.74
10.91
39,500
Jun 26, 2025
14.60
14.70
14.54
14.67
10.86
8,000
Jun 25, 2025
14.47
14.53
14.43
14.52
10.75
8,400
Jun 24, 2025
14.48
14.48
14.42
14.47
10.71
5,700
Jun 23, 2025
14.26
14.34
14.14
14.30
10.59
143,200
Jun 20, 2025
14.50
14.50
14.27
14.30
10.59
8,300
Jun 18, 2025
14.32
14.35
14.18
14.30
10.59
3,900
Jun 17, 2025
14.37
14.45
14.32
14.32
10.60
6,300
Jun 16, 2025
14.27
14.52
14.27
14.46
10.71
14,500
Jun 13, 2025
14.17
14.35
14.17
14.35
10.62
9,800
Jun 12, 2025
14.46
14.46
14.30
14.39
10.65
10,400
Jun 11, 2025
14.46
14.49
14.35
14.42
10.68
18,000
Jun 10, 2025
14.18
14.54
14.18
14.37
10.64
24,200
Jun 9, 2025
14.05
14.21
14.02
14.14
10.47
31,700
Jun 6, 2025
14.05
14.05
13.86
14.05
10.40
29,800
Jun 5, 2025
0.559 Dividend 

Jun 5, 2025
13.89
14.01
13.75
13.86
10.26
30,500
Jun 4, 2025
14.65
14.65
14.48
14.50
10.32
39,900
Jun 3, 2025
14.73
14.73
14.46
14.59
10.39
19,000
Jun 2, 2025
14.40
14.54
14.36
14.46
10.29
14,100
May 30, 2025
14.36
14.51
14.33
14.51
10.33
17,000
May 29, 2025
14.35
14.36
14.18
14.36
10.22
5,000
May 28, 2025
14.32
14.37
14.25
14.37
10.23
4,400
May 27, 2025
14.27
14.37
14.14
14.32
10.19
7,000
May 23, 2025
14.00
14.11
13.98
14.03
9.99
15,000
May 22, 2025
14.08
14.27
14.08
14.21
10.11
4,400
May 21, 2025
14.36
14.42
14.11
14.11
10.04
10,400
May 20, 2025
14.42
14.42
14.33
14.33
10.20
9,300
May 19, 2025
14.38
14.39
14.28
14.28
10.16
84,700
May 16, 2025
14.30
14.40
14.19
14.39
10.24
3,800
May 15, 2025
14.31
14.31
14.24
14.30
10.18
6,900
May 14, 2025
14.05
14.34
14.05
14.34
10.21
10,400
May 13, 2025
14.15
14.25
14.11
14.19
10.10
9,800
May 12, 2025
14.11
14.13
13.96
14.09
10.03
16,400
May 9, 2025
13.77
13.90
13.69
13.90
9.89
15,900
May 8, 2025
0.529 Dividend 

May 8, 2025
13.81
13.83
13.65
13.73
9.78
20,200
May 7, 2025
13.74
14.05
13.74
14.01
9.60
44,100
May 6, 2025
12.97
13.09
12.92
13.09
8.97
6,100
May 5, 2025
12.98
13.10
12.80
13.02
8.92
15,600
May 2, 2025
13.00
13.19
13.00
13.11
8.98
9,900
May 1, 2025
12.92
12.93
12.83
12.90
8.84
4,900
Apr 30, 2025
12.81
12.91
12.68
12.90
8.84
5,000
Apr 29, 2025
12.78
12.92
12.76
12.86
8.81
4,200
Apr 28, 2025
12.77
12.77
12.73
12.73
8.72
5,400
Apr 25, 2025
12.64
12.75
12.63
12.75
8.73
5,400
Apr 24, 2025
12.49
12.68
12.49
12.68
8.68
3,400
Apr 23, 2025
12.59
12.65
12.43
12.43
8.51
3,400
Apr 22, 2025
12.35
12.45
12.35
12.38
8.48
3,700
Apr 21, 2025
12.22
12.22
12.11
12.20
8.36
12,000
Apr 17, 2025
12.18
12.28
12.11
12.22
8.37
2,100
Apr 16, 2025
12.18
12.18
11.93
12.00
8.22
7,200
Apr 15, 2025
12.20
12.38
12.20
12.28
8.41
2,900
Apr 14, 2025
12.22
12.36
12.17
12.25
8.39
8,100
Apr 11, 2025
12.20
12.20
12.00
12.12
8.30
8,500
Apr 10, 2025
0.325 Dividend 

Apr 10, 2025
12.32
12.46
12.05
12.11
8.30
19,700
Apr 9, 2025
12.03
13.07
11.96
12.94
8.64
50,400
Apr 8, 2025
12.50
12.56
11.96
11.96
7.99
7,800
Apr 7, 2025
11.85
12.55
11.71
12.16
8.12
14,100
Apr 4, 2025
12.61
12.64
12.10
12.18
8.13
17,400
Apr 3, 2025
13.85
13.85
12.91
12.91
8.62
21,100
Apr 2, 2025
14.27
14.27
14.17
14.24
9.51
3,000
Apr 1, 2025
14.15
14.25
14.10
14.19
9.47
4,000
Mar 31, 2025
13.98
14.30
13.95
14.19
9.48
3,500
Mar 28, 2025
14.59
14.59
14.16
14.22
9.50
2,300
Mar 27, 2025
14.48
14.56
14.48
14.52
9.70
1,700
Mar 26, 2025
14.60
14.79
14.44
14.48
9.67
3,700
Mar 25, 2025
14.40
14.54
14.40
14.54
9.71
2,100
Mar 24, 2025
14.38
14.43
14.29
14.40
9.62
31,100
Mar 21, 2025
14.11
14.37
14.11
14.34
9.58
1,800
Mar 20, 2025
14.34
14.34
14.24
14.24
9.51
1,100
Mar 19, 2025
14.36
14.40
14.34
14.37
9.60
3,100
Mar 18, 2025
14.15
14.25
14.15
14.25
9.51
1,500
Mar 17, 2025
14.13
14.33
14.13
14.25
9.52
12,700
Mar 14, 2025
13.90
14.19
13.90
14.13
9.44
10,900
Mar 13, 2025
0.288 Dividend 

Mar 13, 2025
14.16
14.16
13.82
14.02
9.36
12,300
Mar 12, 2025
14.59
14.59
14.18
14.50
9.49
12,400
Mar 11, 2025
14.75
14.75
14.31
14.34
9.38
28,400
Mar 10, 2025
15.15
15.15
14.92
15.09
9.87
37,600
Mar 7, 2025
15.34
15.43
15.12
15.42
10.09
9,800
Mar 6, 2025
15.76
15.84
15.36
15.43
10.10
19,200
Mar 5, 2025
16.05
16.05
15.76
15.89
10.40
16,000
Mar 4, 2025
16.24
16.24
15.79
15.87
10.39
35,300
Mar 3, 2025
16.30
16.61
16.22
16.32
10.68
12,500
Feb 28, 2025
16.35
16.43
16.31
16.43
10.76
8,900
Feb 27, 2025
16.19
16.36
16.14
16.18
10.59
7,100
Feb 26, 2025
15.85
16.30
15.85
16.14
10.56
9,900
Feb 25, 2025
16.14
16.18
15.90
16.09
10.53
13,000
Feb 24, 2025
15.89
16.17
15.85
16.10
10.54
157,100
Feb 21, 2025
16.24
16.25
15.71
15.84
10.37
21,600
Feb 20, 2025
16.10
16.15
15.91
16.15
10.57
8,500
Feb 19, 2025
15.95
16.15
15.95
16.08
10.52
7,700
Feb 18, 2025
16.06
16.06
15.82
15.93
10.43
19,800
Feb 14, 2025
15.97
16.07
15.94
16.07
10.52
14,200
Feb 13, 2025
0.457 Dividend 

Feb 13, 2025
16.07
16.07
15.78
15.94
10.43
35,000
Feb 12, 2025
16.22
16.38
16.18
16.36
10.41
13,500
Feb 11, 2025
16.20
16.29
16.14
16.29
10.36
9,800
Feb 10, 2025
16.47
16.53
16.28
16.28
10.36
22,000
Feb 7, 2025
16.76
17.56
16.50
16.51
10.51
17,900
Feb 6, 2025
16.46
16.71
16.30
16.68
10.61
13,300
Feb 5, 2025
16.87
17.20
16.41
16.43
10.45
16,700
Feb 4, 2025
16.70
16.70
16.60
16.69
10.62
7,200
Feb 3, 2025
16.33
16.77
16.33
16.70
10.62
11,200
Jan 31, 2025
16.64
16.73
16.59
16.63
10.58
10,200
Jan 30, 2025
16.75
16.83
16.63
16.67
10.61
15,200
Jan 29, 2025
16.66
16.77
16.57
16.59
10.56
21,900
Jan 28, 2025
16.40
16.57
16.40
16.50
10.50
7,300
Jan 27, 2025
16.43
16.69
16.24
16.67
10.61
25,300
Jan 24, 2025
16.39
16.70
16.25
16.43
10.45
13,400
Jan 23, 2025
16.15
16.40
16.15
16.34
10.40
20,800
Jan 22, 2025
16.15
16.23
16.13
16.23
10.33
8,800
Jan 21, 2025
15.98
16.26
15.94
16.12
10.26
85,200
Jan 17, 2025
15.99
16.08
15.88
15.95
10.15
37,400
Jan 16, 2025
0.278 Dividend 

Jan 16, 2025
16.22
16.22
15.88
15.99
10.17
7,700
Jan 15, 2025
16.44
16.58
16.40
16.53
10.34
11,100
Jan 14, 2025
16.43
16.49
16.32
16.35
10.23
12,100
Jan 13, 2025
16.14
16.42
16.14
16.38
10.25
20,700
Jan 10, 2025
16.68
16.68
16.33
16.38
10.25
16,300
Jan 8, 2025
16.67
16.69
16.43
16.56
10.36
5,100
Jan 7, 2025
16.90
16.90
16.77
16.79
10.50
7,100
Jan 6, 2025
16.81
16.90
16.68
16.80
10.51
11,300
Jan 3, 2025
16.77
16.77
16.54
16.77
10.49
2,900
Jan 2, 2025
16.44
16.83
16.44
16.62
10.40
17,400
Dec 31, 2024
16.78
16.79
16.62
16.79
10.50
9,500
Dec 30, 2024
16.66
16.82
16.51
16.67
10.42
11,700
Dec 27, 2024
16.94
16.94
16.66
16.86
10.55
13,200
Dec 26, 2024
16.81
16.98
16.81
16.91
10.58
36,100
Dec 24, 2024
16.92
16.98
16.63
16.98
10.62
14,400
Dec 23, 2024
16.63
16.88
16.54
16.88
10.56
186,100
Dec 20, 2024
16.69
16.88
16.38
16.73
10.46
17,600
Dec 19, 2024
0.362 Dividend 

Dec 19, 2024
16.69
16.87
16.63
16.63
10.40
20,400
Dec 18, 2024
17.35
17.56
16.96
17.05
10.44
26,500
Dec 17, 2024
17.10
17.38
17.00
17.26
10.56
20,200
Dec 16, 2024
17.13
17.23
17.03
17.06
10.44
20,600
Dec 13, 2024
17.35
17.40
17.18
17.21
10.54
8,100
Dec 12, 2024
17.26
17.40
17.26
17.39
10.65
6,300
Dec 11, 2024
17.38
17.39
17.27
17.35
10.62
15,800
Dec 10, 2024
17.40
17.40
17.17
17.38
10.64
13,800
Dec 9, 2024
17.60
17.68
17.20
17.37
10.63
16,400
Dec 6, 2024
17.57
17.68
17.50
17.59
10.77
13,400
Dec 5, 2024
17.59
17.64
17.47
17.55
10.75
8,200
Dec 4, 2024
17.67
17.67
17.43
17.62
10.79
8,700
Dec 3, 2024
17.68
17.68
17.43
17.57
10.75
4,400
Dec 2, 2024
17.92
17.92
17.56
17.74
10.86
12,100
Nov 29, 2024
17.91
17.91
17.57
17.73
10.85
9,400
Nov 27, 2024
17.66
17.75
17.52
17.75
10.87
8,800
Nov 26, 2024
17.61
17.61
17.45
17.50
10.71
20,800
Nov 25, 2024
17.54
17.63
17.41
17.63
10.79
12,900
Nov 22, 2024
17.17
17.57
17.03
17.41
10.66
16,400
Nov 21, 2024
0.7 Dividend 

Nov 21, 2024
17.45
17.50
17.25
17.48
10.70
32,200
Nov 20, 2024
17.86
18.03
17.66
18.03
10.61
24,400
Nov 19, 2024
17.84
17.87
17.59
17.87
10.52
10,900
Nov 18, 2024
18.08
18.12
17.83
17.83
10.49
152,000
Nov 15, 2024
17.79
18.12
17.74
18.07
10.63
30,800
Nov 14, 2024
17.43
18.09
17.25
17.27
10.16
32,000
Nov 13, 2024
16.49
16.77
16.47
16.72
9.84
11,900
Nov 12, 2024
16.49
16.51
16.28
16.46
9.69
10,100
Nov 11, 2024
16.25
16.45
16.22
16.44
9.67
7,000
Nov 8, 2024
16.21
16.30
16.21
16.25
9.57
4,200
Nov 7, 2024
16.23
16.28
16.18
16.24
9.56
9,800
Nov 6, 2024
16.29
16.29
16.12
16.20
9.53
20,200
Nov 5, 2024
15.86
15.94
15.86
15.90
9.36
4,000
Nov 4, 2024
15.64
15.82
15.64
15.71
9.24
5,000
Nov 1, 2024
15.80
15.93
15.80
15.83
9.32
8,600
Oct 31, 2024
15.69
15.85
15.67
15.82
9.31
9,900
Oct 30, 2024
15.74
15.84
15.67
15.67
9.22
9,100
Oct 29, 2024
15.63
15.87
15.63
15.77
9.28
16,200
Oct 28, 2024
15.63
15.85
15.63
15.80
9.30
18,800
Oct 25, 2024
15.61
15.93
15.61
15.62
9.19
12,000
Oct 24, 2024
0.515 Dividend 

Oct 24, 2024
16.00
16.00
15.65
15.70
9.24
10,000
Oct 23, 2024
16.32
16.46
16.30
16.32
9.30
8,500
Oct 22, 2024
16.41
16.45
16.36
16.39
9.34
7,100
Oct 21, 2024
16.70
16.70
16.26
16.29
9.28
65,000
Oct 18, 2024
16.35
16.45
16.35
16.41
9.35
27,300
Oct 17, 2024
16.27
16.40
16.27
16.36
9.32
7,600
Oct 16, 2024
16.06
16.38
16.06
16.38
9.34
5,400
Oct 15, 2024
16.16
16.32
16.12
16.12
9.19
5,400
Oct 14, 2024
16.19
16.27
16.11
16.25
9.26
10,000
Oct 11, 2024
16.00
16.14
16.00
16.14
9.20
4,500
Oct 10, 2024
15.86
16.02
15.86
15.96
9.10
4,400
Oct 9, 2024
15.74
16.10
15.74
16.07
9.16
5,000
Oct 8, 2024
15.76
16.00
15.75
15.97
9.10
8,600
Oct 7, 2024
16.26
16.26
15.72
15.82
9.02
12,000
Oct 4, 2024
16.12
16.24
16.03
16.24
9.26
14,100
Oct 3, 2024
16.07
16.21
15.96
16.10
9.18
8,000
Oct 2, 2024
16.05
16.12
15.98
16.07
9.16
16,100
Oct 1, 2024
16.16
16.16
15.93
16.05
9.15
8,000
Sep 30, 2024
16.51
16.51
16.15
16.37
9.33
5,800
Sep 27, 2024
16.35
16.35
16.10
16.26
9.26
5,000
Sep 26, 2024
16.15
16.15
16.04
16.15
9.20
2,600
Sep 25, 2024
15.92
16.02
15.89
15.95
9.09
8,900
Sep 24, 2024
15.84
15.95
15.84
15.95
9.09
3,900
Sep 23, 2024
16.00
16.00
15.73
15.80
9.00
78,200
Sep 20, 2024
15.93
15.97
15.82
15.89
9.05
10,000
Sep 19, 2024
15.99
16.01
15.89
15.92
9.07
24,700
Sep 18, 2024
15.93
15.99
15.90
15.95
9.09
5,000
Sep 17, 2024
15.70
15.94
15.70
15.90
9.06
5,000
Sep 16, 2024
15.65
15.85
15.65
15.81
9.01
4,200
Sep 13, 2024
15.53
15.69
15.47
15.66
8.92
9,400
Sep 12, 2024
15.40
15.45
15.34
15.43
8.80
6,900
Sep 11, 2024
15.04
15.32
15.01
15.30
8.72
7,200
Sep 10, 2024
15.32
15.39
15.21
15.31
8.72
10,200
Sep 9, 2024
15.47
15.47
15.15
15.32
8.73
15,500
Sep 6, 2024
0.464 Dividend 

Sep 6, 2024
15.35
15.35
15.15
15.20
8.66
3,600
Sep 5, 2024
15.96
15.96
15.72
15.79
8.73
4,300
Sep 4, 2024
15.89
15.93
15.80
15.81
8.75
5,200
Sep 3, 2024
15.96
15.99
15.70
15.89
8.79
7,800
Aug 30, 2024
15.78
15.94
15.78
15.94
8.82
8,900
Aug 29, 2024
15.87
15.94
15.82
15.85
8.76
3,500
Aug 28, 2024
15.99
15.99
15.69
15.92
8.81
5,000
Aug 27, 2024
15.97
15.97
15.89
15.92
8.81
4,400
Aug 26, 2024
15.90
16.00
15.89
15.94
8.82
6,600
Aug 23, 2024
15.81
15.89
15.76
15.89
8.79
2,400
Aug 22, 2024
15.94
15.94
15.78
15.81
8.75
3,000
Aug 21, 2024
15.83
15.83
15.69
15.83
8.76
3,300
Aug 20, 2024
15.80
15.80
15.61
15.71
8.69
18,000
Aug 19, 2024
15.47
15.86
15.47
15.75
8.71
20,100
Aug 16, 2024
15.71
15.71
15.55
15.59
8.62
5,700
Aug 15, 2024
15.70
15.76
15.51
15.60
8.63
4,200
Aug 14, 2024
15.75
15.75
15.38
15.47
8.56
7,900
Aug 13, 2024
15.15
15.34
15.15
15.28
8.45
5,400
Aug 12, 2024
15.28
15.34
15.25
15.31
8.47
6,800
Aug 9, 2024
15.18
15.26
15.08
15.26
8.44
6,400
Aug 8, 2024
15.40
15.40
14.95
15.17
8.39
17,000
Aug 7, 2024
0.393 Dividend 

Aug 7, 2024
16.01
16.01
15.27
15.41
8.52
17,800
Aug 6, 2024
16.28
16.52
16.06
16.27
8.78
10,700
Aug 5, 2024
15.77
16.14
15.77
15.92
8.59
15,200
Aug 2, 2024
16.45
16.45
16.03
16.17
8.73
8,500
Aug 1, 2024
16.67
16.69
16.62
16.65
8.99
7,100
Jul 31, 2024
16.63
16.72
16.63
16.67
9.00
9,800
Jul 30, 2024
16.60
16.61
16.49
16.61
8.97
8,100
Jul 29, 2024
16.34
16.54
16.30
16.48
8.89
16,500
Jul 26, 2024
16.05
16.28
16.05
16.15
8.72
8,800
Jul 25, 2024
16.07
16.21
16.01
16.05
8.66
6,300
Jul 24, 2024
16.28
16.28
16.09
16.11
8.70
10,500
Jul 23, 2024
16.50
16.52
16.14
16.35
8.82
32,000
Jul 22, 2024
16.96
17.11
16.77
16.85
9.10
15,700
Jul 19, 2024
17.22
17.22
17.03
17.07
9.21
73,800
Jul 18, 2024
17.40
17.45
17.22
17.22
9.29
12,500
Jul 17, 2024
17.37
17.57
17.23
17.38
9.38
19,200
Jul 16, 2024
17.17
17.58
17.17
17.51
9.45
17,400
Jul 15, 2024
17.42
17.42
17.22
17.28
9.33
21,900
Jul 12, 2024
17.15
17.39
17.15
17.34
9.36
8,100
Jul 11, 2024
17.13
17.34
17.13
17.30
9.34
20,400
Jul 10, 2024
17.11
17.24
17.11
17.20
9.28
17,800
Jul 9, 2024
17.17
17.32
17.07
17.26
9.32
38,800
Jul 8, 2024
17.20
17.38
17.20
17.26
9.32
9,400
Jul 5, 2024
0.365 Dividend 

Jul 5, 2024
17.45
17.52
17.23
17.29
9.33
22,900
Jul 3, 2024
17.47
17.75
17.47
17.73
9.37
11,100
Jul 2, 2024
17.50
17.64
17.44
17.64
9.33
23,700
Jul 1, 2024
17.60
17.83
17.56
17.60
9.30
13,400
Jun 28, 2024
18.35
18.35
17.65
17.71
9.36
12,500
Jun 27, 2024
18.02
18.30
18.02
18.26
9.65
13,900
Jun 26, 2024
18.34
18.34
18.06
18.23
9.64
7,500
Jun 25, 2024
18.07
18.26
18.07
18.22
9.63
5,400
Jun 24, 2024
18.20
18.24
18.15
18.16
9.60
5,500
Jun 21, 2024
18.08
18.21
18.08
18.20
9.62
20,200
Jun 20, 2024
17.86
18.12
17.86
17.99
9.51
18,800
Jun 18, 2024
17.83
18.00
17.83
17.88
9.45
54,900
Jun 17, 2024
17.77
18.02
17.77
17.96
9.49
16,400
Jun 14, 2024
17.82
17.87
17.66
17.76
9.39
17,400
Jun 13, 2024
17.90
17.90
17.69
17.74
9.38
18,900
Jun 12, 2024
18.03
18.03
17.90
17.92
9.47
8,400
Jun 11, 2024
17.96
18.17
17.90
17.91
9.47
10,800
Jun 10, 2024
17.94
18.18
17.88
18.17
9.61
11,400
Jun 7, 2024
17.94
18.06
17.86
18.00
9.51
29,400
Jun 6, 2024
0.442 Dividend 

Jun 6, 2024
18.11
18.11
17.92
17.94
9.49
15,300
Jun 5, 2024
18.68
18.68
18.27
18.41
9.50
22,500
Jun 4, 2024
18.69
18.73
18.51
18.67
9.63
11,500
Jun 3, 2024
18.89
18.89
18.56
18.67
9.63
25,300
May 31, 2024
18.49
18.62
18.45
18.62
9.61
10,800
May 30, 2024
18.29
18.47
18.29
18.32
9.45
11,300
May 29, 2024
18.40
18.40
18.24
18.24
9.41
21,500
May 28, 2024
18.41
18.50
18.25
18.39
9.49
17,300
May 24, 2024
18.20
18.35
18.13
18.28
9.43
4,100
May 23, 2024
18.45
18.45
18.03
18.13
9.35
19,500
May 22, 2024
18.54
18.63
18.47
18.55
9.57
13,700
May 21, 2024
18.51
18.59
18.42
18.54
9.57
13,500
May 20, 2024
18.54
18.54
18.44
18.51
9.55
72,600
May 17, 2024
18.55
18.62
18.47
18.53
9.56
8,000
May 16, 2024
18.45
18.60
18.45
18.54
9.57
23,200
May 15, 2024
18.67
18.67
18.15
18.45
9.52
37,300
May 14, 2024
18.94
18.94
18.73
18.87
9.74
10,600
May 13, 2024
18.94
18.97
18.81
18.95
9.78
13,000
May 10, 2024
19.00
19.00
18.75
18.83
9.72
15,300
May 9, 2024
18.92
18.93
18.70
18.90
9.75
15,500
May 8, 2024
18.89
18.95
18.70
18.81
9.71
18,900
May 7, 2024
19.49
19.49
18.55
18.79
9.70
73,000
May 6, 2024
0.706 Dividend 

May 6, 2024
20.30
20.45
20.18
20.45
10.55
14,200
May 3, 2024
20.70
20.81
20.55
20.66
10.30
25,600
May 2, 2024
20.30
20.54
20.30
20.53
10.23
4,100
May 1, 2024
20.29
20.35
20.16
20.17
10.05
13,500
Apr 30, 2024
20.44
20.46
20.19
20.26
10.10
10,900
Apr 29, 2024
20.59
20.59
20.32
20.48
10.21
3,100
Apr 26, 2024
20.45
20.48
20.35
20.41
10.17
4,200
Apr 25, 2024
20.34
20.46
20.11
20.42
10.18
6,700
Apr 24, 2024
20.26
20.50
20.26
20.50
10.22
13,100
Apr 23, 2024
20.44
20.50
20.40
20.44
10.19
3,900
Apr 22, 2024
20.30
20.38
20.17
20.20
10.07
27,300
Apr 19, 2024
20.20
20.25
20.11
20.25
10.09
11,500
Apr 18, 2024
20.43
20.54
20.25
20.25
10.09
5,100
Apr 17, 2024
20.52
20.52
20.33
20.49
10.21
3,600
Apr 16, 2024
20.28
20.60
20.25
20.51
10.22
6,800
Apr 15, 2024
20.42
20.63
20.29
20.34
10.14
27,300
Apr 12, 2024
20.94
20.94
20.43
20.45
10.19
17,200
Apr 11, 2024
21.12
21.21
20.91
21.05
10.49
7,800
Apr 10, 2024
21.09
21.09
20.91
21.04
10.48
8,800
Apr 9, 2024
21.23
21.23
21.05
21.13
10.53
7,100
Apr 8, 2024
21.29
21.29
20.97
21.05
10.49
13,700
Apr 5, 2024
20.87
21.22
20.87
21.15
10.54
6,600
Apr 4, 2024
0.68 Dividend 

Apr 4, 2024
21.54
21.54
20.85
20.98
10.46
13,100
Apr 3, 2024
22.69
22.69
21.82
21.94
10.59
27,800
Apr 2, 2024
22.07
22.61
22.07
22.55
10.89
9,300
Apr 1, 2024
22.52
22.53
22.23
22.40
10.82
19,600
Mar 28, 2024
22.54
22.61
22.43
22.53
10.88
13,500
Mar 27, 2024
22.51
22.56
22.45
22.53
10.88
13,200
Mar 26, 2024
22.54
22.54
22.35
22.42
10.83
17,500
Mar 25, 2024
22.19
22.48
22.19
22.48
10.86
17,000
Mar 22, 2024
22.07
22.15
22.00
22.07
10.66
7,600
Mar 21, 2024
22.00
22.10
21.92
22.07
10.66
9,500
Mar 20, 2024
21.94
22.03
21.86
22.00
10.62
10,200
Mar 19, 2024
21.75
21.91
21.60
21.86
10.56
18,900
Mar 18, 2024
21.54
21.79
21.51
21.72
10.49
11,300
Mar 15, 2024
21.40
21.59
21.39
21.52
10.39
10,400
Mar 14, 2024
21.28
21.35
20.98
21.35
10.31
11,100
Mar 13, 2024
21.63
21.63
21.44
21.50
10.38
5,500
Mar 12, 2024
21.40
21.53
21.35
21.52
10.39
6,000
Mar 11, 2024
21.23
21.45
21.20
21.40
10.33
5,900
Mar 8, 2024
21.17
21.22
21.00
21.09
10.18
14,200
Mar 7, 2024
21.09
21.14
20.84
21.14
10.21
6,300
Mar 6, 2024
0.772 Dividend 

Mar 6, 2024
21.61
21.61
20.87
21.02
10.15
43,100
Mar 5, 2024
22.37
22.37
22.19
22.20
10.35
5,200
Mar 4, 2024
22.42
22.42
22.13
22.30
10.39
11,100
Mar 1, 2024
22.18
22.24
22.02
22.06
10.28
9,200
Feb 29, 2024
22.03
22.06
21.97
22.02
10.26
3,300
Feb 28, 2024
21.82
22.03
21.82
21.96
10.24
4,700
Feb 27, 2024
21.73
21.86
21.66
21.86
10.19
14,500
Feb 26, 2024
21.66
21.78
21.56
21.75
10.14
7,100
Feb 23, 2024
21.58
21.72
21.26
21.72
10.12
7,000
Feb 22, 2024
21.70
21.70
21.56
21.57
10.06
4,800
Feb 21, 2024
22.01
22.01
21.50
21.55
10.04
15,600
Feb 20, 2024
22.34
22.34
21.93
22.12
10.31
6,200
Feb 16, 2024
22.48
22.48
22.24
22.24
10.37
10,900
Feb 15, 2024
22.36
22.42
22.25
22.34
10.41
8,700
Feb 14, 2024
21.85
22.25
21.85
22.25
10.37
8,900
Feb 13, 2024
22.33
22.33
21.58
21.99
10.25
17,200
Feb 12, 2024
21.59
22.01
21.55
21.68
10.11
19,300
Feb 9, 2024
22.03
22.03
21.40
21.52
10.03
26,900
Feb 8, 2024
22.00
22.39
22.00
22.33
10.41
25,200
Feb 7, 2024
0.305 Dividend 

Feb 7, 2024
21.26
21.38
21.13
21.27
9.92
13,000
Feb 6, 2024
22.14
22.14
21.23
21.68
9.96
19,300
Feb 5, 2024
21.50
21.50
21.25
21.29
9.78
10,400
Feb 2, 2024
21.50
21.50
21.13
21.50
9.88
3,900
Feb 1, 2024
21.16
21.27
21.10
21.23
9.76
7,000
Jan 31, 2024
20.91
21.22
20.91
20.91
9.61
4,900
Jan 30, 2024
21.23
21.27
21.15
21.23
9.76
14,100
Jan 29, 2024
20.93
21.21
20.88
21.21
9.75
14,900
Jan 26, 2024
20.78
20.99
20.78
20.94
9.62
11,100
Jan 25, 2024
20.52
20.78
20.52
20.76
9.54
8,300
Jan 24, 2024
20.59
20.67
20.50
20.52
9.43
3,700
Jan 23, 2024
20.69
20.69
20.48
20.50
9.42
6,000
Jan 22, 2024
20.50
20.73
20.42
20.66
9.50
10,800
Jan 19, 2024
20.20
20.36
20.20
20.32
9.34
6,100
Jan 18, 2024
20.06
20.31
20.06
20.28
9.32
20,300
Jan 17, 2024
20.22
20.25
19.92
19.99
9.19
12,900
Jan 16, 2024
20.29
20.33
19.94
20.32
9.34
14,800
Jan 12, 2024
19.95
20.11
19.88
20.06
9.22
18,000
Jan 11, 2024
19.82
19.89
19.70
19.84
9.12
15,100
Jan 10, 2024
19.84
19.93
19.80
19.82
9.11
6,900
Jan 9, 2024
20.01
20.33
19.91
19.91
9.15
13,100
Jan 8, 2024
20.19
20.33
20.16
20.22
9.29
10,800
Jan 5, 2024
0.564 Dividend 

Jan 5, 2024
20.20
20.20
19.97
20.07
9.22
13,500
Jan 4, 2024
20.75
20.78
20.42
20.60
9.21
13,000
Jan 3, 2024
20.55
20.82
20.55
20.79
9.29
10,900
Jan 2, 2024
20.48
20.71
20.41
20.54
9.18
15,500
Dec 29, 2023
20.51
20.51
20.39
20.51
9.17
13,000
Dec 28, 2023
20.50
20.51
20.43
20.47
9.15
6,600
Dec 27, 2023
20.50
20.52
20.41
20.42
9.13
13,500
Dec 26, 2023
20.64
20.64
20.50
20.58
9.20
12,300
Dec 22, 2023
20.68
20.74
20.51
20.54
9.18
11,900
Dec 21, 2023
20.66
20.72
20.52
20.72
9.26
9,400
Dec 20, 2023
21.23
21.23
20.60
20.62
9.22
9,600
Dec 19, 2023
20.99
21.11
20.90
21.11
9.44
6,800
Dec 18, 2023
20.90
21.26
20.90
20.92
9.35
7,700
Dec 15, 2023
21.00
21.06
20.89
20.97
9.37
6,900
Dec 14, 2023
20.80
21.15
20.80
21.00
9.39
23,400
Dec 13, 2023
20.49
20.84
20.34
20.78
9.29
13,600
Dec 12, 2023
20.58
20.64
20.36
20.47
9.15
6,800
Dec 11, 2023
20.61
20.80
20.60
20.66
9.23
10,900
Dec 8, 2023
20.36
20.80
20.27
20.77
9.28
7,800
Dec 7, 2023
0.423 Dividend 

Dec 7, 2023
20.52
20.75
20.35
20.66
9.23
17,800
Dec 6, 2023
20.80
21.02
20.65
20.83
9.12
25,100
Dec 5, 2023
20.94
20.94
20.51
20.66
9.05
30,500
Dec 4, 2023
20.90
20.99
20.79
20.99
9.19
19,300
Dec 1, 2023
20.95
21.01
20.85
20.94
9.17
11,400
Nov 30, 2023
21.01
21.05
20.95
20.97
9.18
15,600
Nov 29, 2023
21.05
21.17
20.83
21.12
9.25
21,600
Nov 28, 2023
21.39
21.43
21.02
21.02
9.20
28,300
Nov 27, 2023
21.67
21.67
21.47
21.53
9.43
14,100
Nov 24, 2023
21.63
21.71
21.61
21.67
9.49
11,600
Nov 22, 2023
21.20
21.59
21.20
21.54
9.43
11,500
Nov 21, 2023
21.41
21.66
21.29
21.34
9.34
7,300
Nov 20, 2023
21.24
21.51
21.24
21.45
9.39
7,400
Nov 17, 2023
21.39
21.41
21.20
21.23
9.29
18,900
Nov 16, 2023
21.20
21.31
21.16
21.24
9.30
19,000
Nov 15, 2023
21.24
21.25
21.16
21.19
9.28
27,800
Nov 14, 2023
20.87
21.06
20.87
21.01
9.20
14,600
Nov 13, 2023
20.41
20.73
20.33
20.70
9.07
6,000
Nov 10, 2023
20.41
20.46
20.41
20.46
8.96
13,700
Nov 9, 2023
20.04
20.47
20.04
20.46
8.96
24,400
Nov 8, 2023
0.723 Dividend 

Nov 8, 2023
19.96
19.96
19.62
19.71
8.63
37,900
Nov 7, 2023
20.42
20.44
20.33
20.41
8.62
51,500
Nov 6, 2023
20.55
20.55
20.30
20.37
8.60
6,800
Nov 3, 2023
20.43
20.43
20.34
20.40
8.61
4,700
Nov 2, 2023
20.30
20.30
20.28
20.28
8.57
1,400
Nov 1, 2023
19.98
19.98
19.83
19.91
8.41
1,300
Oct 31, 2023
19.86
20.00
19.83
19.99
8.45
1,600
Oct 30, 2023
19.57
19.84
19.56
19.80
8.36
3,100
Oct 27, 2023
19.70
19.81
19.47
19.47
8.23
3,100
Oct 26, 2023
19.71
19.73
19.55
19.56
8.26
5,700
Oct 25, 2023
20.15
20.17
19.71
19.72
8.33
10,000
Oct 24, 2023
20.48
20.49
20.13
20.19
8.53
7,100
Oct 23, 2023
19.86
20.34
19.86
20.29
8.57
3,300
Oct 20, 2023
20.14
20.29
20.14
20.19
8.53
1,900
Oct 19, 2023
20.44
20.58
20.27
20.27
8.56
6,200
Oct 18, 2023
20.50
20.77
20.50
20.53
8.67
5,000
Oct 17, 2023
20.69
20.75
20.64
20.72
8.75
5,600
Oct 16, 2023
20.37
20.70
20.37
20.67
8.73
4,600
Oct 13, 2023
20.43
20.43
20.24
20.43
8.63
4,900
Oct 12, 2023
20.44
20.44
20.37
20.38
8.61
1,800
Oct 11, 2023
20.49
20.49
20.30
20.39
8.61
7,900
Oct 10, 2023
20.14
20.44
20.00
20.40
8.61
6,800
Oct 9, 2023
20.15
20.33
20.04
20.31
8.58
4,800
Oct 6, 2023
0.264 Dividend 

Oct 6, 2023
19.50
20.06
19.50
20.02
8.46
6,800
Oct 5, 2023
19.40
19.82
19.40
19.76
8.23
10,200
Oct 4, 2023
19.42
19.46
19.29
19.45
8.11
3,500
Oct 3, 2023
19.91
19.91
19.47
19.48
8.12
2,900
Oct 2, 2023
19.83
19.92
19.74
19.92
8.30
3,300
Sep 29, 2023
19.76
19.80
19.61
19.80
8.25
4,900
Sep 28, 2023
19.55
19.62
19.47
19.58
8.16
7,100
Sep 27, 2023
19.70
19.70
19.32
19.51
8.13
3,500
Sep 26, 2023
19.62
19.62
19.52
19.57
8.15
2,900
Sep 25, 2023
19.86
19.86
19.66
19.77
8.24
3,000
Sep 22, 2023
20.18
20.18
19.81
19.81
8.26
5,400
Sep 21, 2023
20.07
20.23
20.07
20.12
8.39
5,900
Sep 20, 2023
19.96
20.19
19.96
20.06
8.36
7,900
Sep 19, 2023
20.16
20.16
19.90
19.93
8.30
6,500
Sep 18, 2023
20.28
20.33
20.25
20.29
8.46
28,100
Sep 15, 2023
20.25
20.36
20.23
20.30
8.46
6,700
Sep 14, 2023
20.20
20.31
20.11
20.23
8.43
5,400
Sep 13, 2023
20.18
20.23
20.16
20.16
8.40
2,700
Sep 12, 2023
20.29
20.29
20.12
20.13
8.39
5,300
Sep 11, 2023
19.99
20.07
19.79
19.97
8.32
12,300
Sep 8, 2023
19.57
19.81
19.50
19.79
8.25
11,000
Sep 7, 2023
19.68
19.68
19.47
19.59
8.16
21,300
Sep 6, 2023
19.72
19.74
19.58
19.67
8.20
10,100
Sep 5, 2023
19.91
20.00
19.75
19.75
8.23
13,300
Sep 1, 2023
20.15
20.15
19.70
19.83
8.27
18,000
Aug 31, 2023
20.62
20.62
20.30
20.30
8.46
16,100
Aug 30, 2023
20.50
20.52
20.33
20.42
8.51
5,600
Aug 29, 2023
20.38
20.47
20.28
20.47
8.53
4,400
Aug 28, 2023
20.40
20.45
20.25
20.38
8.49
13,800
Aug 25, 2023
20.15
20.22
20.06
20.16
8.40
12,600
