Date
Open
High
Low
Close 

Adj Close 

Volume
May 26, 2026
19.50
19.57
19.37
19.45
19.45
256,102
May 22, 2026
19.56
19.60
19.43
19.54
19.54
171,600
May 21, 2026
19.43
19.57
19.34
19.51
19.51
154,200
May 20, 2026
19.33
19.50
19.33
19.49
19.49
264,300
May 19, 2026
19.28
19.39
19.18
19.30
19.30
143,300
May 18, 2026
19.10
19.31
19.10
19.30
19.30
194,500
May 15, 2026
19.22
19.22
19.04
19.06
19.06
781,200
May 14, 2026
19.21
19.26
19.15
19.21
19.21
109,900
May 13, 2026
19.24
19.24
19.07
19.13
19.13
155,000
May 12, 2026
19.20
19.36
19.07
19.30
19.30
456,000
May 11, 2026
19.36
19.39
19.16
19.17
19.17
186,300
May 8, 2026
19.32
19.44
19.26
19.32
19.32
218,500
May 7, 2026
19.22
19.35
19.12
19.28
19.28
204,300
May 6, 2026
19.34
19.36
19.21
19.25
19.25
203,600
May 5, 2026
0.106 Dividend 

May 5, 2026
19.27
19.38
19.15
19.32
19.32
117,900
May 4, 2026
19.48
19.48
19.28
19.32
19.21
171,100
May 1, 2026
19.55
19.55
19.44
19.51
19.40
114,300
Apr 30, 2026
19.22
19.53
19.20
19.53
19.42
187,000
Apr 29, 2026
19.29
19.31
19.11
19.18
19.07
243,300
Apr 28, 2026
19.34
19.36
19.20
19.28
19.17
175,200
Apr 27, 2026
19.15
19.26
19.15
19.20
19.09
193,100
Apr 24, 2026
19.14
19.17
19.05
19.11
19.01
147,400
Apr 23, 2026
19.12
19.19
19.07
19.18
19.07
240,600
Apr 22, 2026
19.12
19.18
18.98
19.01
18.91
198,100
Apr 21, 2026
19.25
19.26
19.05
19.09
18.99
265,300
Apr 20, 2026
19.26
19.34
19.20
19.25
19.14
204,800
Apr 17, 2026
19.22
19.37
19.15
19.32
19.21
297,600
Apr 16, 2026
19.08
19.22
19.07
19.22
19.11
152,900
Apr 15, 2026
19.12
19.15
19.06
19.10
19.00
269,700
Apr 14, 2026
19.15
19.16
19.03
19.15
19.04
194,000
Apr 13, 2026
19.24
19.24
19.09
19.18
19.07
188,400
Apr 10, 2026
19.26
19.29
19.18
19.24
19.13
266,400
Apr 9, 2026
19.15
19.31
19.13
19.26
19.15
293,600
Apr 8, 2026
19.10
19.22
18.98
19.21
19.10
834,600
Apr 7, 2026
19.01
19.09
18.99
19.03
18.93
318,200
Apr 6, 2026
0.108 Dividend 

Apr 6, 2026
18.97
19.05
18.90
19.03
18.93
165,000
Apr 2, 2026
18.93
19.11
18.88
19.11
18.90
208,300
Apr 1, 2026
18.89
18.96
18.75
18.93
18.72
364,000
Mar 31, 2026
18.97
19.03
18.82
18.90
18.69
349,000
Mar 30, 2026
18.98
18.99
18.79
18.87
18.66
492,000
Mar 27, 2026
18.96
19.05
18.80
18.85
18.64
268,100
Mar 26, 2026
18.92
19.14
18.92
18.97
18.76
216,600
Mar 25, 2026
19.04
19.04
18.89
18.97
18.76
371,100
Mar 24, 2026
18.79
19.10
18.75
18.97
18.76
217,900
Mar 23, 2026
18.70
18.96
18.67
18.81
18.60
850,300
Mar 20, 2026
19.00
19.04
18.57
18.63
18.42
199,300
Mar 19, 2026
18.91
19.10
18.88
19.02
18.81
270,800
Mar 18, 2026
19.09
19.10
18.95
18.97
18.76
294,800
Mar 17, 2026
19.16
19.27
19.16
19.17
18.96
231,600
Mar 16, 2026
19.06
19.13
19.04
19.07
18.86
345,700
Mar 13, 2026
19.07
19.10
18.90
18.93
18.72
195,300
Mar 12, 2026
19.05
19.17
18.96
18.96
18.75
263,300
Mar 11, 2026
19.18
19.18
19.05
19.12
18.91
273,000
Mar 10, 2026
19.20
19.39
19.11
19.19
18.98
658,300
Mar 9, 2026
19.25
19.30
19.02
19.25
19.04
383,800
Mar 6, 2026
19.26
19.35
19.15
19.34
19.13
299,700
Mar 5, 2026
19.43
19.43
19.23
19.35
19.14
466,900
Mar 4, 2026
0.105 Dividend 

Mar 4, 2026
19.50
19.53
19.31
19.48
19.26
454,700
Mar 3, 2026
19.52
19.67
19.29
19.60
19.28
805,700
Mar 2, 2026
19.60
19.76
19.50
19.71
19.39
315,900
Feb 27, 2026
19.60
19.70
19.60
19.62
19.30
185,600
Feb 26, 2026
19.59
19.66
19.55
19.60
19.28
334,800
Feb 25, 2026
19.64
19.64
19.39
19.57
19.25
217,900
Feb 24, 2026
19.57
19.62
19.52
19.59
19.27
202,200
Feb 23, 2026
19.54
19.67
19.46
19.55
19.23
234,000
Feb 20, 2026
19.42
19.57
19.38
19.55
19.23
192,300
Feb 19, 2026
19.42
19.51
19.36
19.41
19.09
258,200
Feb 18, 2026
19.58
19.58
19.41
19.44
19.12
312,700
Feb 17, 2026
19.62
19.69
19.37
19.53
19.21
247,500
Feb 13, 2026
19.38
19.58
19.37
19.55
19.23
192,800
Feb 12, 2026
19.48
19.57
19.30
19.38
19.06
508,500
Feb 11, 2026
19.24
19.45
19.24
19.45
19.13
221,300
Feb 10, 2026
19.05
19.25
19.04
19.20
18.89
235,300
Feb 9, 2026
19.06
19.06
18.88
19.05
18.74
371,800
Feb 6, 2026
19.02
19.19
19.02
19.09
18.78
250,500
Feb 5, 2026
18.87
19.03
18.87
19.00
18.69
357,100
Feb 4, 2026
0.102 Dividend 

Feb 4, 2026
18.83
18.98
18.83
18.93
18.62
281,900
Feb 3, 2026
18.64
18.86
18.60
18.86
18.45
294,100
Feb 2, 2026
18.54
18.65
18.45
18.61
18.21
279,400
Jan 30, 2026
18.45
18.56
18.31
18.56
18.16
175,800
Jan 29, 2026
18.36
18.47
18.29
18.44
18.04
390,800
Jan 28, 2026
18.38
18.45
18.26
18.27
17.87
240,400
Jan 27, 2026
18.29
18.38
18.28
18.38
17.98
177,600
Jan 26, 2026
18.25
18.29
18.15
18.25
17.85
239,400
Jan 23, 2026
18.26
18.26
18.12
18.17
17.78
178,400
Jan 22, 2026
18.27
18.33
18.19
18.21
17.81
260,800
Jan 21, 2026
18.10
18.26
18.07
18.25
17.85
169,300
Jan 20, 2026
18.08
18.09
17.96
18.03
17.64
501,900
Jan 16, 2026
18.16
18.18
18.08
18.17
17.78
238,700
Jan 15, 2026
18.10
18.24
18.03
18.18
17.79
339,900
Jan 14, 2026
17.89
18.14
17.87
18.09
17.70
381,200
Jan 13, 2026
17.81
17.93
17.77
17.84
17.45
547,900
Jan 12, 2026
17.76
17.81
17.68
17.79
17.40
2,013,000
Jan 9, 2026
17.75
17.80
17.68
17.71
17.33
571,100
Jan 8, 2026
17.47
17.74
17.45
17.70
17.32
285,800
Jan 7, 2026
17.52
17.55
17.41
17.44
17.06
194,700
Jan 6, 2026
17.44
17.53
17.44
17.48
17.10
362,800
Jan 5, 2026
17.47
17.49
17.28
17.46
17.08
275,700
Jan 2, 2026
17.34
17.49
17.23
17.45
17.07
229,900
Dec 31, 2025
17.39
17.39
17.31
17.32
16.94
152,700
Dec 30, 2025
0.104 Dividend 

Dec 30, 2025
17.38
17.41
17.35
17.40
17.02
210,300
Dec 29, 2025
17.41
17.50
17.41
17.48
17.00
255,900
Dec 26, 2025
17.43
17.44
17.37
17.41
16.93
146,500
Dec 24, 2025
17.36
17.45
17.34
17.45
16.97
125,800
Dec 23, 2025
17.39
17.43
17.34
17.35
16.87
162,000
Dec 22, 2025
17.43
17.45
17.38
17.41
16.93
253,100
Dec 19, 2025
17.53
17.53
17.37
17.39
16.91
297,300
Dec 18, 2025
17.61
17.63
17.52
17.56
17.08
135,600
Dec 17, 2025
17.56
17.60
17.50
17.59
17.11
164,300
Dec 16, 2025
17.60
17.62
17.46
17.52
17.04
172,200
Dec 15, 2025
17.65
17.65
17.55
17.63
17.14
200,400
Dec 12, 2025
17.62
17.69
17.58
17.60
17.12
296,400
Dec 11, 2025
17.56
17.63
17.55
17.58
17.10
594,600
Dec 10, 2025
17.49
17.62
17.46
17.58
17.10
280,000
Dec 9, 2025
17.48
17.56
17.46
17.48
17.00
434,200
Dec 8, 2025
17.57
17.57
17.46
17.48
17.00
169,800
Dec 5, 2025
17.56
17.64
17.53
17.54
17.06
235,300
Dec 4, 2025
17.64
17.67
17.53
17.55
17.07
219,600
Dec 3, 2025
0.104 Dividend 

Dec 3, 2025
17.64
17.73
17.55
17.65
17.16
222,700
Dec 2, 2025
17.77
17.81
17.63
17.66
17.07
269,100
Dec 1, 2025
17.78
17.84
17.77
17.79
17.20
228,300
Nov 28, 2025
17.78
17.85
17.76
17.85
17.26
166,400
Nov 26, 2025
17.67
17.83
17.66
17.75
17.16
300,100
Nov 25, 2025
17.52
17.68
17.50
17.64
17.05
277,700
Nov 24, 2025
17.42
17.47
17.33
17.46
16.88
147,200
Nov 21, 2025
17.24
17.48
17.23
17.42
16.84
386,100
Nov 20, 2025
17.42
17.47
17.18
17.18
16.61
316,800
Nov 19, 2025
17.45
17.46
17.30
17.33
16.75
141,300
Nov 18, 2025
17.35
17.53
17.32
17.45
16.87
154,500
Nov 17, 2025
17.49
17.54
17.33
17.34
16.76
950,200
Nov 14, 2025
17.45
17.53
17.32
17.50
16.92
200,200
Nov 13, 2025
17.48
17.57
17.43
17.45
16.87
206,700
Nov 12, 2025
17.56
17.56
17.47
17.50
16.92
170,600
Nov 11, 2025
17.38
17.57
17.37
17.56
16.98
249,900
Nov 10, 2025
17.36
17.38
17.25
17.34
16.76
208,000
Nov 7, 2025
17.12
17.29
17.12
17.29
16.71
291,200
Nov 6, 2025
17.07
17.23
17.07
17.13
16.56
352,100
Nov 5, 2025
0.106 Dividend 

Nov 5, 2025
17.01
17.15
17.01
17.11
16.54
343,400
Nov 4, 2025
17.05
17.10
17.00
17.09
16.42
203,800
Nov 3, 2025
17.09
17.14
16.93
17.14
16.47
189,700
Oct 31, 2025
17.01
17.14
16.96
17.13
16.46
174,800
Oct 30, 2025
17.07
17.12
16.99
17.00
16.33
199,700
Oct 29, 2025
17.37
17.38
17.06
17.12
16.45
311,500
Oct 28, 2025
17.39
17.40
17.26
17.36
16.68
200,400
Oct 27, 2025
17.45
17.45
17.38
17.45
16.76
219,500
Oct 24, 2025
17.42
17.47
17.37
17.41
16.73
194,600
Oct 23, 2025
17.35
17.44
17.28
17.34
16.66
213,600
Oct 22, 2025
17.15
17.26
17.11
17.23
16.55
258,200
Oct 21, 2025
17.26
17.26
17.11
17.16
16.49
263,100
Oct 20, 2025
17.21
17.30
17.17
17.24
16.56
184,200
Oct 17, 2025
17.08
17.19
17.06
17.19
16.51
175,300
Oct 16, 2025
17.19
17.23
17.02
17.08
16.41
206,200
Oct 15, 2025
17.12
17.27
17.08
17.19
16.51
926,100
Oct 14, 2025
16.87
17.10
16.86
17.05
16.38
255,200
Oct 13, 2025
16.93
16.98
16.89
16.97
16.30
285,400
Oct 10, 2025
17.15
17.18
16.84
16.85
16.19
465,000
Oct 9, 2025
17.30
17.35
17.10
17.14
16.47
294,200
Oct 8, 2025
17.39
17.39
17.26
17.31
16.63
450,800
Oct 7, 2025
17.43
17.44
17.30
17.37
16.69
322,900
Oct 6, 2025
17.61
17.61
17.41
17.44
16.76
267,300
Oct 3, 2025
0.108 Dividend 

Oct 3, 2025
17.61
17.69
17.59
17.63
16.94
194,300
Oct 2, 2025
17.79
17.79
17.61
17.67
16.87
196,000
Oct 1, 2025
17.71
17.82
17.71
17.78
16.98
202,600
Sep 30, 2025
17.59
17.69
17.55
17.69
16.89
196,000
Sep 29, 2025
17.72
17.73
17.52
17.58
16.79
189,400
Sep 26, 2025
17.62
17.75
17.61
17.69
16.89
128,000
Sep 25, 2025
17.68
17.69
17.53
17.58
16.79
149,000
Sep 24, 2025
17.69
17.73
17.66
17.68
16.88
131,400
Sep 23, 2025
17.54
17.69
17.54
17.69
16.89
196,800
Sep 22, 2025
17.52
17.57
17.48
17.51
16.72
195,400
Sep 19, 2025
17.78
17.78
17.55
17.58
16.79
116,300
Sep 18, 2025
17.74
17.78
17.64
17.76
16.96
134,700
Sep 17, 2025
17.69
17.90
17.65
17.73
16.93
140,200
Sep 16, 2025
17.69
17.74
17.62
17.62
16.82
171,000
Sep 15, 2025
17.77
17.80
17.69
17.69
16.89
147,200
Sep 12, 2025
17.81
17.82
17.73
17.73
16.93
99,400
Sep 11, 2025
17.65
17.83
17.61
17.83
17.03
203,300
Sep 10, 2025
17.64
17.66
17.56
17.65
16.85
181,800
Sep 9, 2025
17.69
17.69
17.60
17.66
16.86
120,200
Sep 8, 2025
17.72
17.75
17.59
17.65
16.85
169,100
Sep 5, 2025
17.73
17.83
17.63
17.78
16.98
170,100
Sep 4, 2025
0.108 Dividend 

Sep 4, 2025
17.68
17.74
17.62
17.69
16.89
274,300
Sep 3, 2025
17.75
17.82
17.68
17.74
16.84
144,900
Sep 2, 2025
17.89
17.97
17.77
17.80
16.89
200,200
Aug 29, 2025
17.89
17.98
17.89
17.96
17.04
371,400
Aug 28, 2025
17.95
17.95
17.77
17.89
16.98
174,300
Aug 27, 2025
17.81
17.91
17.79
17.90
16.99
137,500
Aug 26, 2025
17.84
17.84
17.74
17.79
16.88
562,000
Aug 25, 2025
17.96
17.98
17.82
17.84
16.93
119,200
Aug 22, 2025
17.81
18.03
17.78
17.98
17.06
218,900
Aug 21, 2025
17.67
17.76
17.63
17.75
16.85
75,000
Aug 20, 2025
17.65
17.76
17.65
17.69
16.79
115,300
Aug 19, 2025
17.55
17.67
17.53
17.59
16.69
134,400
Aug 18, 2025
17.60
17.62
17.54
17.54
16.65
206,600
Aug 15, 2025
17.65
17.66
17.55
17.59
16.69
81,600
Aug 14, 2025
17.70
17.75
17.56
17.64
16.74
190,600
Aug 13, 2025
17.62
17.76
17.56
17.74
16.84
238,900
Aug 12, 2025
17.42
17.57
17.38
17.56
16.67
143,300
Aug 11, 2025
17.41
17.48
17.31
17.34
16.46
143,200
Aug 8, 2025
17.39
17.48
17.35
17.36
16.48
197,400
Aug 7, 2025
17.41
17.45
17.31
17.40
16.51
401,200
Aug 6, 2025
17.47
17.54
17.35
17.35
16.47
140,700
Aug 5, 2025
0.108 Dividend 

Aug 5, 2025
17.50
17.50
17.37
17.47
16.58
147,200
Aug 4, 2025
17.49
17.58
17.48
17.53
16.53
247,400
Aug 1, 2025
17.59
17.59
17.42
17.46
16.47
178,500
Jul 31, 2025
17.60
17.70
17.52
17.60
16.60
172,500
Jul 30, 2025
17.84
17.84
17.58
17.66
16.66
124,400
Jul 29, 2025
17.77
17.83
17.70
17.82
16.81
193,500
Jul 28, 2025
17.83
17.83
17.71
17.71
16.70
188,000
Jul 25, 2025
17.85
17.91
17.74
17.84
16.83
104,800
Jul 24, 2025
18.04
18.04
17.82
17.82
16.81
157,100
Jul 23, 2025
18.00
18.11
17.98
18.11
17.08
165,500
Jul 22, 2025
17.73
17.96
17.68
17.95
16.93
104,600
Jul 21, 2025
17.75
17.76
17.65
17.69
16.69
128,400
Jul 18, 2025
17.79
17.80
17.67
17.69
16.69
483,800
Jul 17, 2025
17.71
17.76
17.65
17.74
16.73
156,900
Jul 16, 2025
17.73
17.73
17.57
17.68
16.68
131,600
Jul 15, 2025
17.94
17.95
17.65
17.66
16.66
124,600
Jul 14, 2025
17.90
17.95
17.80
17.91
16.89
118,400
Jul 11, 2025
17.92
17.98
17.82
17.93
16.91
159,200
Jul 10, 2025
17.81
18.00
17.77
17.94
16.92
138,000
Jul 9, 2025
17.87
17.87
17.75
17.80
16.79
108,600
Jul 8, 2025
17.76
17.90
17.70
17.86
16.85
136,800
Jul 7, 2025
17.83
17.91
17.68
17.76
16.75
226,400
Jul 3, 2025
0.11 Dividend 

Jul 3, 2025
17.80
17.89
17.80
17.85
16.84
119,900
Jul 2, 2025
17.77
17.94
17.73
17.91
16.79
201,300
Jul 1, 2025
17.55
17.87
17.55
17.73
16.62
200,800
Jun 30, 2025
17.58
17.61
17.49
17.58
16.48
198,300
Jun 27, 2025
17.64
17.72
17.51
17.57
16.47
167,300
Jun 26, 2025
17.56
17.64
17.55
17.63
16.53
129,000
Jun 25, 2025
17.72
17.72
17.47
17.51
16.41
174,200
Jun 24, 2025
17.77
17.85
17.74
17.78
16.67
105,800
Jun 23, 2025
17.66
17.80
17.62
17.74
16.63
87,900
Jun 20, 2025
17.75
17.78
17.65
17.67
16.56
120,900
Jun 18, 2025
17.74
17.78
17.68
17.68
16.57
64,400
Jun 17, 2025
17.72
17.79
17.68
17.68
16.57
81,500
Jun 16, 2025
17.78
17.85
17.71
17.72
16.61
235,200
Jun 13, 2025
17.87
17.87
17.72
17.76
16.65
83,100
Jun 12, 2025
17.78
17.88
17.73
17.88
16.76
137,500
Jun 11, 2025
17.86
17.87
17.77
17.83
16.71
259,000
Jun 10, 2025
17.78
17.87
17.75
17.80
16.69
140,300
Jun 9, 2025
17.65
17.79
17.62
17.70
16.59
173,100
Jun 6, 2025
17.54
17.63
17.51
17.58
16.48
174,500
Jun 5, 2025
17.52
17.52
17.40
17.47
16.38
147,400
Jun 4, 2025
0.11 Dividend 

Jun 4, 2025
17.70
17.70
17.46
17.49
16.40
240,400
Jun 3, 2025
17.64
17.80
17.58
17.75
16.54
102,200
Jun 2, 2025
17.64
17.70
17.50
17.65
16.44
264,300
May 30, 2025
17.54
17.69
17.54
17.63
16.42
85,300
May 29, 2025
17.58
17.60
17.46
17.60
16.40
100,600
May 28, 2025
17.65
17.65
17.48
17.52
16.32
84,700
May 27, 2025
17.54
17.66
17.47
17.65
16.44
119,900
