Date
Open
High
Low
Close 

Adj Close 

Volume
May 26, 2026
21.87
21.89
21.75
21.77
21.77
47,712
May 22, 2026
21.80
21.82
21.78
21.79
21.79
33,700
May 21, 2026
21.72
21.78
21.62
21.73
21.73
72,000
May 20, 2026
21.59
21.72
21.51
21.72
21.72
43,900
May 19, 2026
21.51
21.61
21.51
21.55
21.55
36,500
May 18, 2026
0.149 Dividend 

May 18, 2026
21.51
21.62
21.51
21.59
21.59
54,400
May 15, 2026
21.72
21.84
21.71
21.75
21.60
88,400
May 14, 2026
21.75
21.83
21.75
21.82
21.67
54,000
May 13, 2026
21.73
21.73
21.62
21.67
21.52
63,300
May 12, 2026
21.65
21.76
21.58
21.76
21.61
53,400
May 11, 2026
21.60
21.70
21.57
21.65
21.50
83,300
May 8, 2026
21.66
21.71
21.57
21.60
21.46
57,900
May 7, 2026
21.70
21.75
21.61
21.67
21.52
61,500
May 6, 2026
21.59
21.67
21.58
21.65
21.50
101,700
May 5, 2026
21.44
21.50
21.39
21.47
21.32
77,600
May 4, 2026
21.50
21.59
21.40
21.41
21.26
41,800
May 1, 2026
21.57
21.68
21.57
21.60
21.45
50,300
Apr 30, 2026
21.32
21.55
21.32
21.52
21.37
47,400
Apr 29, 2026
21.39
21.40
21.19
21.29
21.14
77,700
Apr 28, 2026
21.39
21.43
21.27
21.35
21.20
173,600
Apr 27, 2026
21.33
21.43
21.33
21.38
21.23
47,500
Apr 24, 2026
21.35
21.38
21.25
21.33
21.18
90,500
Apr 23, 2026
21.45
21.45
21.15
21.34
21.19
152,500
Apr 22, 2026
21.45
21.50
21.41
21.48
21.33
49,800
Apr 21, 2026
21.50
21.54
21.38
21.39
21.24
78,700
Apr 20, 2026
0.131 Dividend 

Apr 20, 2026
21.54
21.54
21.32
21.44
21.29
94,800
Apr 17, 2026
21.47
21.75
21.34
21.59
21.31
131,200
Apr 16, 2026
21.41
21.41
21.18
21.24
20.97
125,600
Apr 15, 2026
21.43
21.45
21.23
21.29
21.02
98,200
Apr 14, 2026
21.46
21.46
21.36
21.38
21.10
66,200
Apr 13, 2026
21.34
21.36
21.24
21.36
21.08
126,000
Apr 10, 2026
21.42
21.42
21.36
21.36
21.08
83,400
Apr 9, 2026
21.30
21.42
21.28
21.37
21.09
44,000
Apr 8, 2026
21.38
21.41
21.25
21.32
21.05
96,100
Apr 7, 2026
21.15
21.15
21.00
21.09
20.82
57,000
Apr 6, 2026
21.14
21.24
21.04
21.17
20.90
51,900
Apr 2, 2026
20.95
21.17
20.95
21.12
20.85
60,100
Apr 1, 2026
21.21
21.21
21.10
21.12
20.85
43,100
Mar 31, 2026
20.78
21.11
20.78
21.04
20.77
86,900
Mar 30, 2026
20.75
20.90
20.65
20.69
20.42
75,300
Mar 27, 2026
20.85
20.85
20.65
20.65
20.38
58,600
Mar 26, 2026
20.96
21.02
20.84
20.88
20.61
48,300
Mar 25, 2026
21.10
21.10
20.96
20.99
20.72
65,900
Mar 24, 2026
20.87
20.98
20.76
20.90
20.63
92,200
Mar 23, 2026
0.209 Dividend 

Mar 23, 2026
21.04
21.07
20.90
20.96
20.69
93,800
Mar 20, 2026
21.14
21.14
20.89
21.00
20.52
175,200
Mar 19, 2026
21.16
21.24
21.04
21.16
20.68
75,200
Mar 18, 2026
21.46
21.52
21.22
21.24
20.76
60,400
Mar 17, 2026
21.63
21.74
21.56
21.56
21.07
32,000
Mar 16, 2026
21.46
21.66
21.46
21.58
21.09
51,600
Mar 13, 2026
21.59
21.66
21.38
21.40
20.91
34,500
Mar 12, 2026
21.52
21.56
21.45
21.45
20.96
48,300
Mar 11, 2026
21.94
21.99
21.71
21.80
21.30
30,800
Mar 10, 2026
21.99
22.11
21.79
21.90
21.40
69,300
Mar 9, 2026
21.58
21.95
21.43
21.92
21.42
79,500
Mar 6, 2026
21.71
21.81
21.56
21.73
21.24
102,700
Mar 5, 2026
22.18
22.18
21.84
22.00
21.50
107,000
Mar 4, 2026
22.20
22.30
22.12
22.29
21.78
36,100
Mar 3, 2026
21.91
22.20
21.82
22.09
21.59
102,700
Mar 2, 2026
22.12
22.40
22.12
22.36
21.85
62,500
Feb 27, 2026
22.28
22.35
22.20
22.33
21.82
56,700
Feb 26, 2026
22.53
22.60
22.44
22.49
21.98
93,800
Feb 25, 2026
22.38
22.51
22.38
22.51
22.00
38,600
Feb 24, 2026
22.30
22.43
22.25
22.42
21.91
41,000
Feb 23, 2026
0.109 Dividend 

Feb 23, 2026
22.54
22.54
22.28
22.30
21.79
70,200
Feb 20, 2026
22.50
22.64
22.48
22.61
21.99
66,700
Feb 19, 2026
22.43
22.55
22.43
22.51
21.89
42,300
Feb 18, 2026
22.58
22.63
22.34
22.51
21.89
213,300
Feb 17, 2026
22.50
22.61
22.35
22.48
21.86
187,200
Feb 13, 2026
22.41
22.50
22.31
22.41
21.80
53,600
Feb 12, 2026
22.59
22.59
22.39
22.39
21.78
100,000
Feb 11, 2026
22.57
22.57
22.43
22.49
21.87
86,400
Feb 10, 2026
22.53
22.57
22.42
22.43
21.82
84,500
Feb 9, 2026
22.50
22.52
22.38
22.48
21.86
63,100
Feb 6, 2026
22.14
22.48
22.14
22.45
21.83
102,900
Feb 5, 2026
22.25
22.25
22.11
22.12
21.51
61,400
Feb 4, 2026
22.23
22.34
22.17
22.28
21.67
68,900
Feb 3, 2026
22.41
22.41
22.14
22.26
21.65
59,700
Feb 2, 2026
22.07
22.37
22.06
22.33
21.72
68,400
Jan 30, 2026
22.10
22.23
22.05
22.19
21.58
49,900
Jan 29, 2026
22.06
22.21
22.06
22.20
21.59
56,400
Jan 28, 2026
22.16
22.23
22.13
22.18
21.57
63,300
Jan 27, 2026
22.23
22.26
22.11
22.17
21.56
80,100
Jan 26, 2026
22.14
22.31
22.12
22.27
21.66
58,400
Jan 23, 2026
22.21
22.25
22.14
22.18
21.57
37,800
Jan 22, 2026
22.14
22.30
22.14
22.21
21.60
43,100
Jan 21, 2026
21.99
22.17
21.92
22.13
21.52
70,900
Jan 20, 2026
0.169 Dividend 

Jan 20, 2026
22.08
22.08
21.89
21.94
21.34
102,100
Jan 16, 2026
22.39
22.48
22.30
22.37
21.60
44,300
Jan 15, 2026
22.42
22.42
22.36
22.40
21.62
52,000
Jan 14, 2026
22.36
22.39
22.32
22.39
21.61
48,900
Jan 13, 2026
22.36
22.36
22.30
22.35
21.57
83,200
Jan 12, 2026
22.37
22.41
22.30
22.40
21.62
60,900
Jan 9, 2026
22.34
22.39
22.29
22.38
21.60
43,600
Jan 8, 2026
22.30
22.36
22.24
22.29
21.52
77,700
Jan 7, 2026
22.37
22.37
22.30
22.31
21.53
51,000
Jan 6, 2026
22.22
22.40
22.22
22.34
21.56
138,700
Jan 5, 2026
22.16
22.24
22.16
22.21
21.44
53,100
Jan 2, 2026
22.11
22.12
22.03
22.09
21.32
41,900
Dec 31, 2025
22.12
22.12
21.98
22.00
21.24
63,100
Dec 30, 2025
0.471 Dividend 

Dec 30, 2025
22.21
22.21
22.09
22.13
21.36
84,100
Dec 29, 2025
22.55
22.61
22.55
22.57
21.33
72,500
Dec 26, 2025
22.55
22.62
22.55
22.57
21.33
49,900
Dec 24, 2025
22.55
22.63
22.53
22.59
21.35
17,100
Dec 23, 2025
22.46
22.63
22.46
22.59
21.35
125,300
Dec 22, 2025
0.117 Dividend 

Dec 22, 2025
22.58
22.62
22.53
22.58
21.34
152,000
Dec 19, 2025
22.60
22.72
22.57
22.63
21.28
127,400
Dec 18, 2025
22.53
22.63
22.50
22.57
21.22
85,200
Dec 17, 2025
22.64
22.75
22.56
22.58
21.23
127,400
Dec 16, 2025
22.52
22.64
22.50
22.58
21.23
72,600
Dec 15, 2025
22.51
22.68
22.51
22.56
21.21
152,800
Dec 12, 2025
22.66
22.67
22.56
22.60
21.25
136,800
Dec 11, 2025
22.60
22.68
22.46
22.59
21.24
333,500
Dec 10, 2025
22.50
22.60
22.46
22.54
21.19
55,800
Dec 9, 2025
22.60
22.60
22.47
22.50
21.15
55,500
Dec 8, 2025
22.57
22.61
22.52
22.54
21.19
67,300
Dec 5, 2025
22.52
22.62
22.48
22.51
21.16
62,400
Dec 4, 2025
22.46
22.51
22.41
22.49
21.15
49,400
Dec 3, 2025
22.50
22.56
22.44
22.49
21.15
66,800
Dec 2, 2025
22.43
22.50
22.30
22.43
21.09
80,500
Dec 1, 2025
22.33
22.44
22.33
22.41
21.07
32,200
Nov 28, 2025
22.39
22.43
22.21
22.39
21.05
35,400
Nov 26, 2025
22.32
22.43
22.32
22.40
21.06
41,800
Nov 25, 2025
22.23
22.39
22.23
22.32
20.99
61,800
Nov 24, 2025
0.223 Dividend 

Nov 24, 2025
22.27
22.33
22.07
22.23
20.90
71,600
Nov 21, 2025
22.16
22.50
22.10
22.41
20.86
60,800
Nov 20, 2025
22.25
22.25
22.05
22.08
20.55
33,500
Nov 19, 2025
22.08
22.16
22.05
22.14
20.61
21,500
Nov 18, 2025
22.10
22.22
22.00
22.08
20.55
56,000
Nov 17, 2025
22.27
22.27
22.12
22.15
20.62
59,700
Nov 14, 2025
22.20
22.24
22.10
22.17
20.64
61,300
Nov 13, 2025
22.26
22.27
22.17
22.17
20.64
37,200
Nov 12, 2025
22.27
22.33
22.20
22.21
20.67
66,200
Nov 11, 2025
22.15
22.28
22.15
22.19
20.66
31,300
Nov 10, 2025
22.12
22.20
22.09
22.10
20.57
27,800
Nov 7, 2025
22.10
22.16
22.02
22.10
20.57
31,100
Nov 6, 2025
22.17
22.17
22.03
22.07
20.54
52,700
Nov 5, 2025
22.09
22.17
22.04
22.11
20.58
28,700
Nov 4, 2025
21.91
22.12
21.91
22.06
20.53
44,600
Nov 3, 2025
22.15
22.17
22.07
22.09
20.56
29,000
Oct 31, 2025
22.02
22.13
22.02
22.09
20.56
47,600
Oct 30, 2025
22.04
22.15
22.04
22.09
20.56
31,100
Oct 29, 2025
22.14
22.14
22.05
22.10
20.57
48,700
Oct 28, 2025
22.12
22.12
22.02
22.08
20.55
14,100
Oct 27, 2025
22.10
22.12
22.00
22.09
20.56
55,400
Oct 24, 2025
22.08
22.08
21.96
22.06
20.53
40,500
Oct 23, 2025
21.94
21.97
21.87
21.97
20.45
32,200
Oct 22, 2025
21.93
21.94
21.87
21.92
20.40
25,900
Oct 21, 2025
21.94
21.96
21.87
21.89
20.38
35,000
Oct 20, 2025
0.22 Dividend 

Oct 20, 2025
21.92
21.94
21.80
21.93
20.41
26,000
Oct 17, 2025
21.86
21.98
21.86
21.98
20.26
26,700
Oct 16, 2025
21.93
22.00
21.79
21.81
20.10
32,100
Oct 15, 2025
21.96
22.05
21.88
21.91
20.19
51,100
Oct 14, 2025
21.82
21.98
21.66
21.91
20.19
70,600
Oct 13, 2025
21.86
21.92
21.80
21.84
20.13
51,100
Oct 10, 2025
21.94
22.03
21.62
21.62
19.92
44,400
Oct 9, 2025
22.05
22.05
21.91
21.91
20.19
26,200
Oct 8, 2025
22.03
22.03
21.96
22.00
20.27
25,300
Oct 7, 2025
21.95
22.04
21.94
22.00
20.27
32,700
Oct 6, 2025
22.04
22.07
21.94
22.03
20.30
28,500
Oct 3, 2025
21.88
22.00
21.88
21.99
20.26
46,400
Oct 2, 2025
21.78
21.91
21.78
21.86
20.14
25,700
Oct 1, 2025
21.88
21.88
21.83
21.84
20.13
24,600
Sep 30, 2025
21.89
21.91
21.76
21.85
20.14
30,400
Sep 29, 2025
21.93
21.93
21.78
21.87
20.15
23,100
Sep 26, 2025
21.84
21.86
21.74
21.84
20.13
17,800
Sep 25, 2025
21.76
21.76
21.63
21.74
20.03
37,600
Sep 24, 2025
21.73
21.87
21.70
21.72
20.02
35,700
Sep 23, 2025
21.82
21.87
21.72
21.78
20.07
26,300
Sep 22, 2025
0.129 Dividend 

Sep 22, 2025
21.72
21.83
21.71
21.80
20.09
39,800
Sep 19, 2025
21.93
21.98
21.87
21.89
20.05
33,800
Sep 18, 2025
21.89
21.93
21.85
21.93
20.09
58,900
Sep 17, 2025
21.90
21.93
21.81
21.89
20.05
36,500
Sep 16, 2025
21.86
21.93
21.85
21.87
20.04
17,300
Sep 15, 2025
21.90
21.92
21.85
21.86
20.03
24,200
Sep 12, 2025
21.89
21.93
21.81
21.90
20.06
70,300
Sep 11, 2025
21.85
21.89
21.83
21.83
20.00
24,600
Sep 10, 2025
21.85
21.88
21.80
21.80
19.97
26,800
Sep 9, 2025
21.86
21.91
21.77
21.85
20.01
34,400
Sep 8, 2025
21.83
21.86
21.77
21.86
20.03
42,700
Sep 5, 2025
21.83
21.84
21.72
21.75
19.93
37,900
Sep 4, 2025
21.73
21.82
21.70
21.82
19.99
57,300
Sep 3, 2025
21.75
21.78
21.65
21.73
19.91
45,600
Sep 2, 2025
21.68
21.76
21.61
21.74
19.92
21,700
Aug 29, 2025
21.84
21.84
21.68
21.79
19.96
41,200
Aug 28, 2025
21.83
21.83
21.70
21.79
19.96
50,200
Aug 27, 2025
21.68
21.80
21.67
21.78
19.95
14,500
Aug 26, 2025
21.58
21.76
21.58
21.70
19.88
45,300
Aug 25, 2025
21.68
21.75
21.62
21.63
19.82
64,600
Aug 22, 2025
21.64
21.81
21.62
21.75
19.93
57,300
Aug 21, 2025
21.50
21.59
21.50
21.57
19.76
21,700
Aug 20, 2025
21.59
21.63
21.53
21.53
19.72
36,300
Aug 19, 2025
21.50
21.68
21.50
21.57
19.76
24,800
Aug 18, 2025
0.159 Dividend 

Aug 18, 2025
21.57
21.63
21.50
21.58
19.77
319,700
Aug 15, 2025
21.92
21.92
21.73
21.75
19.78
41,200
Aug 14, 2025
21.79
21.88
21.77
21.88
19.90
26,200
Aug 13, 2025
21.78
21.81
21.74
21.81
19.83
38,900
Aug 12, 2025
21.62
21.80
21.62
21.70
19.73
46,100
Aug 11, 2025
21.64
21.65
21.50
21.58
19.63
38,300
Aug 8, 2025
21.49
21.65
21.49
21.55
19.60
47,700
Aug 7, 2025
21.60
21.61
21.42
21.50
19.55
31,800
Aug 6, 2025
21.47
21.63
21.47
21.52
19.57
76,500
Aug 5, 2025
21.44
21.55
21.44
21.48
19.53
20,700
Aug 4, 2025
21.41
21.56
21.36
21.50
19.55
27,800
Aug 1, 2025
21.43
21.43
21.21
21.34
19.41
49,600
Jul 31, 2025
21.60
21.66
21.50
21.54
19.59
41,000
Jul 30, 2025
21.62
21.65
21.50
21.56
19.61
40,800
Jul 29, 2025
21.68
21.81
21.55
21.60
19.64
79,800
Jul 28, 2025
21.57
21.68
21.57
21.60
19.64
75,100
Jul 25, 2025
21.55
21.68
21.55
21.59
19.63
64,300
Jul 24, 2025
21.56
21.67
21.52
21.56
19.61
89,100
Jul 23, 2025
21.52
21.66
21.52
21.56
19.61
42,900
Jul 22, 2025
21.41
21.50
21.41
21.47
19.53
46,100
Jul 21, 2025
0.134 Dividend 

Jul 21, 2025
21.51
21.81
21.38
21.50
19.55
46,000
Jul 18, 2025
21.71
21.79
21.53
21.65
19.57
88,900
Jul 17, 2025
21.72
21.76
21.67
21.67
19.58
54,300
Jul 16, 2025
21.61
21.78
21.61
21.67
19.58
58,500
Jul 15, 2025
21.71
21.77
21.63
21.72
19.63
61,100
Jul 14, 2025
21.72
21.75
21.61
21.68
19.59
108,000
Jul 11, 2025
21.57
21.78
21.57
21.71
19.62
48,100
Jul 10, 2025
21.78
21.78
21.64
21.64
19.56
43,800
Jul 9, 2025
21.65
21.72
21.58
21.68
19.59
131,000
Jul 8, 2025
21.66
21.74
21.64
21.65
19.57
40,100
Jul 7, 2025
21.67
21.76
21.65
21.72
19.63
47,100
Jul 3, 2025
21.83
21.83
21.70
21.72
19.63
40,200
Jul 2, 2025
21.75
21.75
21.65
21.70
19.61
72,600
Jul 1, 2025
21.76
21.76
21.60
21.69
19.60
87,700
Jun 30, 2025
21.77
21.77
21.58
21.68
19.59
107,000
Jun 27, 2025
21.63
21.69
21.55
21.65
19.57
60,100
Jun 26, 2025
21.55
21.62
21.55
21.62
19.54
26,400
Jun 25, 2025
21.50
21.56
21.47
21.55
19.48
29,500
Jun 24, 2025
21.50
21.51
21.40
21.51
19.44
30,100
Jun 23, 2025
0.156 Dividend 

Jun 23, 2025
21.29
21.44
21.24
21.36
19.30
69,400
Jun 20, 2025
21.50
21.59
21.35
21.48
19.27
41,400
Jun 18, 2025
21.39
21.55
21.36
21.44
19.24
46,900
Jun 17, 2025
21.56
21.61
21.37
21.37
19.17
32,400
Jun 16, 2025
21.58
21.75
21.49
21.70
19.47
33,200
Jun 13, 2025
21.47
21.59
21.34
21.40
19.20
19,400
Jun 12, 2025
21.65
21.67
21.56
21.67
19.44
10,500
Jun 11, 2025
21.69
21.69
21.54
21.58
19.36
22,900
Jun 10, 2025
21.50
21.59
21.50
21.58
19.36
31,600
Jun 9, 2025
21.44
21.59
21.43
21.53
19.32
60,200
Jun 6, 2025
21.42
21.54
21.42
21.49
19.28
34,200
Jun 5, 2025
21.49
21.49
21.32
21.36
19.17
25,000
Jun 4, 2025
21.48
21.48
21.37
21.43
19.23
29,700
Jun 3, 2025
21.38
21.45
21.31
21.38
19.18
28,200
Jun 2, 2025
21.32
21.38
21.14
21.38
19.18
30,000
May 30, 2025
21.30
21.36
21.18
21.32
19.13
44,500
May 29, 2025
21.34
21.35
21.15
21.31
19.12
27,500
May 28, 2025
21.30
21.34
21.20
21.26
19.07
45,800
May 27, 2025
21.16
21.30
21.13
21.25
19.07
40,400
