Date
Open
High
Low
Close 

Adj Close 

Volume
Jun 5, 2026
17.26
17.26
16.91
16.98
16.98
3,500
Jun 4, 2026
0.214 Dividend 

Jun 4, 2026
17.26
17.48
17.07
17.19
17.19
7,900
Jun 3, 2026
17.18
17.30
17.12
17.30
17.09
14,700
Jun 2, 2026
17.44
17.53
17.35
17.38
17.16
11,300
Jun 1, 2026
18.08
18.14
16.90
17.87
17.65
14,400
May 29, 2026
17.01
17.12
16.30
16.99
16.78
8,300
May 28, 2026
0.321 Dividend 

May 28, 2026
17.44
17.44
16.85
16.85
16.64
14,000
May 27, 2026
17.08
17.75
17.07
17.72
17.18
29,100
May 26, 2026
16.89
17.27
16.86
16.86
16.35
15,200
May 22, 2026
17.84
17.94
17.25
17.56
17.03
9,600
May 21, 2026
0.295 Dividend 

May 21, 2026
17.21
17.78
17.15
17.66
17.12
7,300
May 20, 2026
17.63
17.86
17.63
17.70
16.88
6,200
May 19, 2026
17.99
18.20
17.89
17.89
17.06
3,800
May 18, 2026
17.56
18.02
17.56
17.99
17.15
1,900
May 15, 2026
17.48
17.64
17.48
17.61
16.79
1,200
May 14, 2026
0.272 Dividend 

May 14, 2026
17.45
17.79
17.31
17.74
16.92
2,100
May 13, 2026
17.66
18.18
17.32
17.92
16.83
2,300
May 12, 2026
17.55
18.22
17.55
17.66
16.58
2,700
May 11, 2026
18.04
18.04
17.36
17.53
16.46
4,700
May 8, 2026
18.61
18.76
18.19
18.22
17.11
5,500
May 7, 2026
0.241 Dividend 

May 7, 2026
18.13
18.38
18.13
18.38
17.26
1,200
May 6, 2026
18.09
18.27
17.86
17.86
16.55
8,500
May 5, 2026
17.68
18.00
17.59
18.00
16.68
1,700
May 4, 2026
17.55
17.74
17.55
17.69
16.38
2,600
May 1, 2026
17.43
18.00
17.21
17.42
16.14
2,200
Apr 30, 2026
0.201 Dividend 

Apr 30, 2026
17.33
17.40
17.26
17.40
16.12
1,200
Apr 29, 2026
17.48
17.48
17.48
17.48
16.01
500
Apr 28, 2026
16.78
17.67
16.61
17.34
15.88
3,400
Apr 27, 2026
15.76
17.35
15.76
16.77
15.36
4,700
Apr 24, 2026
15.00
15.82
15.00
15.82
14.48
1,600
Apr 23, 2026
0.125 Dividend 

Apr 23, 2026
15.46
15.46
15.09
15.26
13.98
1,400
Apr 22, 2026
16.13
16.13
15.54
15.56
14.14
2,600
Apr 21, 2026
16.17
16.17
15.80
15.90
14.44
2,200
Apr 20, 2026
15.54
15.87
15.54
15.87
14.42
1,200
Apr 17, 2026
16.56
16.61
15.85
15.85
14.40
107,200
Apr 16, 2026
0.185 Dividend 

Apr 16, 2026
16.55
16.55
16.33
16.47
14.96
1,900
Apr 15, 2026
16.35
16.74
16.35
16.63
14.94
4,200
Apr 14, 2026
16.31
16.41
16.31
16.41
14.74
700
Apr 13, 2026
16.08
16.23
15.84
16.23
14.58
1,000
Apr 10, 2026
16.33
16.33
15.99
16.12
14.48
4,200
Apr 9, 2026
0.162 Dividend 

Apr 9, 2026
16.77
16.77
16.07
16.07
14.43
3,300
Apr 8, 2026
17.12
17.24
17.01
17.19
15.30
1,900
Apr 7, 2026
16.62
16.63
16.58
16.63
14.80
900
Apr 6, 2026
16.58
16.64
16.49
16.57
14.74
10,700
Apr 2, 2026
0.119 Dividend 

Apr 2, 2026
16.20
16.68
16.20
16.61
14.78
28,300
Apr 1, 2026
16.45
16.51
16.42
16.48
14.56
1,000
Mar 31, 2026
16.08
16.25
16.08
16.25
14.36
2,200
Mar 30, 2026
15.89
15.93
15.68
15.93
14.08
2,300
Mar 27, 2026
15.76
15.77
15.68
15.74
13.90
2,200
Mar 26, 2026
0.183 Dividend 

Mar 26, 2026
16.23
16.28
15.92
16.07
14.20
6,600
Mar 25, 2026
17.94
17.94
16.32
16.35
14.28
26,500
Mar 24, 2026
17.88
17.88
17.62
17.74
15.49
5,400
Mar 23, 2026
18.62
18.99
18.14
18.14
15.85
6,100
Mar 20, 2026
18.22
18.32
17.89
17.96
15.69
2,600
Mar 19, 2026
0.26 Dividend 

Mar 19, 2026
18.87
18.91
18.56
18.70
16.34
4,700
Mar 18, 2026
19.22
19.61
19.22
19.26
16.60
4,700
Mar 17, 2026
19.23
19.28
19.01
19.22
16.56
1,000
Mar 16, 2026
18.95
19.18
18.95
18.95
16.33
3,600
Mar 13, 2026
19.50
19.68
19.43
19.45
16.76
9,800
Mar 12, 2026
0.188 Dividend 

Mar 12, 2026
19.50
19.61
19.37
19.37
16.69
21,100
Mar 11, 2026
19.13
19.43
19.10
19.43
16.58
2,100
Mar 10, 2026
19.31
19.31
19.11
19.25
16.43
700
Mar 9, 2026
18.74
19.27
18.61
19.27
16.45
15,800
Mar 6, 2026
19.06
19.17
18.45
19.11
16.31
19,800
Mar 5, 2026
0.271 Dividend 

Mar 5, 2026
19.73
19.73
18.82
18.82
16.06
57,400
Mar 4, 2026
19.24
19.58
19.11
19.46
16.38
100,000
Mar 3, 2026
18.50
19.37
18.50
19.14
16.11
8,300
Mar 2, 2026
20.22
20.49
20.06
20.48
17.23
4,500
Feb 27, 2026
20.07
20.38
20.07
20.29
17.07
625,400
Feb 26, 2026
0.273 Dividend 

Feb 26, 2026
19.95
19.97
19.90
19.95
16.79
7,500
Feb 25, 2026
19.93
20.07
19.88
20.06
16.65
3,000
Feb 24, 2026
19.59
19.73
19.37
19.73
16.38
2,500
Feb 23, 2026
19.72
19.72
19.00
19.40
16.10
134,700
Feb 20, 2026
19.83
19.83
19.49
19.71
16.36
2,200
Feb 19, 2026
0.227 Dividend 

Feb 19, 2026
20.27
20.27
19.70
19.83
16.46
5,600
Feb 18, 2026
20.42
20.44
20.34
20.34
16.70
4,900
Feb 17, 2026
19.60
20.00
19.05
20.00
16.41
8,900
Feb 13, 2026
17.17
20.13
17.17
19.40
15.92
21,200
Feb 12, 2026
0.224 Dividend 

Feb 12, 2026
22.84
22.84
21.79
21.82
17.91
2,800
Feb 11, 2026
22.98
23.02
22.62
22.91
18.62
4,500
Feb 10, 2026
23.75
23.92
23.50
23.51
19.11
3,200
Feb 9, 2026
23.09
23.86
23.09
23.59
19.17
3,900
Feb 6, 2026
23.14
23.56
23.11
23.25
18.90
5,900
Feb 5, 2026
0.213 Dividend 

Feb 5, 2026
23.74
23.74
22.43
22.43
18.23
6,000
Feb 4, 2026
24.43
24.60
23.77
23.95
19.29
4,000
Feb 3, 2026
24.17
24.17
22.89
23.64
19.04
3,900
Feb 2, 2026
24.33
24.55
24.03
24.11
19.42
3,600
Jan 30, 2026
25.79
25.79
23.95
24.14
19.45
5,100
Jan 29, 2026
0.244 Dividend 

Jan 29, 2026
26.14
26.42
25.73
26.20
21.11
8,000
Jan 28, 2026
26.69
27.12
26.50
26.64
21.26
7,700
Jan 27, 2026
26.96
26.96
26.56
26.56
21.20
3,300
Jan 26, 2026
26.36
27.03
26.36
26.92
21.48
13,400
Jan 23, 2026
26.67
26.79
26.32
26.35
21.03
3,300
Jan 22, 2026
0.258 Dividend 

Jan 22, 2026
27.73
28.10
27.15
27.70
22.11
2,000
Jan 21, 2026
28.19
28.30
27.93
27.93
22.09
1,700
Jan 20, 2026
27.94
28.57
27.52
28.57
22.59
39,400
Jan 16, 2026
30.93
30.93
28.62
28.62
22.63
7,800
Jan 15, 2026
0.177 Dividend 

Jan 15, 2026
30.85
31.14
30.75
31.14
24.63
9,900
Jan 14, 2026
29.95
30.43
29.95
30.16
23.71
7,400
Jan 13, 2026
30.24
30.24
29.94
29.94
23.54
5,500
Jan 12, 2026
30.43
31.15
30.27
30.62
24.07
6,300
Jan 9, 2026
31.22
31.26
30.81
30.81
24.22
1,900
Jan 8, 2026
0.29 Dividend 

Jan 8, 2026
30.85
31.58
30.85
31.45
24.73
2,500
Jan 7, 2026
30.99
31.14
30.48
31.14
24.25
9,100
Jan 6, 2026
32.36
32.36
31.08
31.08
24.21
26,800
Jan 5, 2026
31.51
32.15
31.50
31.98
24.91
6,400
Jan 2, 2026
0.301 Dividend 

Jan 2, 2026
31.06
35.20
31.00
31.52
24.55
4,400
Dec 31, 2025
31.25
31.35
31.05
31.05
23.95
1,500
Dec 30, 2025
31.09
31.17
31.03
31.17
24.04
5,700
Dec 29, 2025
31.00
31.10
30.75
30.97
23.89
3,000
Dec 26, 2025
0.334 Dividend 

Dec 26, 2025
30.76
31.11
30.76
31.11
23.99
2,500
Dec 24, 2025
31.03
31.10
31.03
31.10
23.73
1,300
Dec 23, 2025
30.82
31.17
30.71
31.17
23.78
4,000
Dec 22, 2025
31.25
31.69
31.25
31.35
23.92
37,000
Dec 19, 2025
31.17
31.19
30.75
30.98
23.64
9,100
Dec 18, 2025
0.433 Dividend 

Dec 18, 2025
31.11
31.46
30.90
31.06
23.70
7,500
Dec 17, 2025
31.93
32.41
31.40
31.40
23.63
6,100
Dec 16, 2025
31.78
31.93
31.68
31.92
24.02
15,000
Dec 15, 2025
32.22
32.57
31.80
32.54
24.48
3,800
Dec 12, 2025
32.80
32.96
32.48
32.48
24.44
22,100
Dec 11, 2025
0.389 Dividend 

Dec 11, 2025
32.40
32.56
32.14
32.32
24.32
14,900
Dec 10, 2025
32.60
32.69
32.19
32.47
24.14
17,400
Dec 9, 2025
33.03
33.03
32.61
32.73
24.33
2,600
Dec 8, 2025
32.01
32.99
32.00
32.99
24.53
5,300
Dec 5, 2025
32.94
33.20
31.81
31.92
23.73
4,000
Dec 4, 2025
0.674 Dividend 

Dec 4, 2025
32.50
32.97
32.04
32.83
24.41
6,000
Dec 3, 2025
32.48
33.12
32.48
33.06
24.08
35,100
Dec 2, 2025
32.45
32.67
32.33
32.40
23.60
26,700
Dec 1, 2025
31.82
32.95
31.78
32.52
23.68
30,300
Nov 28, 2025
0.558 Dividend 

Nov 28, 2025
32.01
32.20
31.95
32.06
23.35
3,000
Nov 26, 2025
31.79
32.44
31.79
31.95
22.86
13,400
Nov 25, 2025
30.39
31.79
30.39
31.79
22.75
8,300
Nov 24, 2025
31.22
31.22
30.06
30.41
21.76
14,200
Nov 21, 2025
30.77
30.97
30.40
30.90
22.11
3,100
Nov 20, 2025
0.548 Dividend 

Nov 20, 2025
30.30
30.42
29.52
29.94
21.42
4,700
Nov 19, 2025
30.76
30.77
30.42
30.45
21.40
5,400
Nov 18, 2025
30.12
30.60
29.94
30.60
21.50
1,800
Nov 17, 2025
30.65
30.74
30.10
30.10
21.15
4,200
Nov 14, 2025
30.29
30.65
30.24
30.65
21.54
2,700
Nov 13, 2025
0.456 Dividend 

Nov 13, 2025
31.24
31.24
30.47
30.53
21.45
6,700
Nov 12, 2025
32.05
32.24
31.73
31.99
22.16
5,700
Nov 11, 2025
31.42
31.45
31.21
31.45
21.79
3,400
Nov 10, 2025
31.75
31.81
31.45
31.49
21.81
5,800
Nov 7, 2025
27.56
31.63
27.56
31.60
21.89
16,600
Nov 6, 2025
0.365 Dividend 

Nov 6, 2025
30.09
30.11
29.38
29.50
20.43
6,800
Nov 5, 2025
30.50
30.50
29.58
29.58
20.24
10,300
Nov 4, 2025
31.28
31.30
30.17
30.21
20.67
12,000
Nov 3, 2025
31.97
32.45
31.95
32.04
21.92
4,900
Oct 31, 2025
31.40
31.99
31.33
31.99
21.88
3,200
Oct 30, 2025
0.333 Dividend 

Oct 30, 2025
31.77
32.24
31.36
31.54
21.58
27,500
Oct 29, 2025
32.79
33.84
32.49
32.49
22.00
8,600
Oct 28, 2025
33.58
33.84
32.24
33.12
22.43
31,500
Oct 27, 2025
35.04
35.21
34.18
34.75
23.53
14,000
Oct 24, 2025
36.32
36.46
34.71
34.76
23.54
16,700
Oct 23, 2025
0.702 Dividend 

Oct 23, 2025
36.32
36.64
35.91
36.32
24.59
51,300
Oct 22, 2025
37.04
37.44
36.48
36.93
24.53
59,000
Oct 21, 2025
35.53
36.05
35.53
36.03
23.93
3,300
Oct 20, 2025
37.04
37.04
35.98
35.98
23.90
96,000
Oct 17, 2025
36.63
37.13
36.44
36.44
24.21
8,500
Oct 16, 2025
1.535 Dividend 

Oct 16, 2025
37.45
37.69
36.87
37.22
24.72
19,500
Oct 15, 2025
38.92
39.04
38.67
38.90
24.82
10,900
Oct 14, 2025
37.39
38.16
36.96
37.92
24.20
6,000
Oct 13, 2025
36.26
37.28
36.24
37.28
23.78
20,100
Oct 10, 2025
37.78
37.80
36.26
36.26
23.14
10,900
Oct 9, 2025
37.90
38.58
37.50
38.58
24.61
3,200
Oct 8, 2025
36.96
37.64
36.18
37.64
24.01
7,300
Oct 7, 2025
38.78
38.78
36.58
36.60
23.35
6,400
Oct 6, 2025
39.46
39.85
38.77
38.77
24.74
3,400
Oct 3, 2025
39.17
39.59
39.10
39.10
24.95
1,700
Oct 2, 2025
39.00
39.88
38.51
38.70
24.70
4,800
Oct 1, 2025
40.51
41.73
38.70
38.70
24.69
9,600
Sep 30, 2025
42.87
42.87
41.00
41.15
26.26
8,700
Sep 29, 2025
45.80
46.50
45.80
46.21
29.49
3,200
Sep 26, 2025
46.78
46.78
46.20
46.20
29.48
500
Sep 25, 2025
46.49
46.71
46.35
46.71
29.81
1,400
Sep 24, 2025
46.83
46.94
46.34
46.34
29.57
9,700
Sep 23, 2025
48.05
48.30
47.10
47.14
30.08
42,400
Sep 22, 2025
47.22
48.25
47.22
48.13
30.71
683,600
Sep 19, 2025
47.45
47.85
47.27
47.65
30.40
7,800
Sep 18, 2025
1.565 Dividend 

Sep 18, 2025
46.67
47.56
46.67
47.56
30.35
6,000
Sep 17, 2025
48.70
48.88
48.19
48.49
29.94
11,500
Sep 16, 2025
49.44
49.44
48.31
48.70
30.07
5,500
Sep 15, 2025
49.80
49.80
48.70
48.72
30.08
6,500
Sep 12, 2025
50.00
50.37
49.24
50.01
30.88
4,300
Sep 11, 2025
51.15
51.80
50.87
51.80
31.98
2,600
Sep 10, 2025
51.71
51.71
51.38
51.39
31.73
1,300
Sep 9, 2025
51.55
51.73
51.36
51.73
31.94
1,400
Sep 8, 2025
51.82
51.98
51.62
51.98
32.10
1,300
Sep 5, 2025
52.70
52.70
51.96
52.11
32.18
2,000
Sep 4, 2025
51.70
52.99
51.26
52.95
32.69
3,300
Sep 3, 2025
53.63
53.63
53.15
53.15
32.82
1,900
Sep 2, 2025
52.80
53.32
52.80
53.32
32.93
1,600
Aug 29, 2025
53.40
53.40
52.76
53.26
32.89
2,800
Aug 28, 2025
52.98
53.47
52.98
53.44
33.00
1,700
Aug 27, 2025
53.53
53.53
52.77
52.81
32.61
4,000
Aug 26, 2025
52.39
52.86
52.39
52.83
32.62
4,300
Aug 25, 2025
51.85
52.19
51.69
52.12
32.18
5,100
Aug 22, 2025
51.75
52.27
47.27
52.23
32.25
5,600
Aug 21, 2025
2.194 Dividend 

Aug 21, 2025
50.60
51.55
50.34
51.38
31.72
5,800
Aug 20, 2025
52.35
53.21
52.34
53.13
31.45
11,300
Aug 19, 2025
52.10
52.90
52.10
52.41
31.03
3,500
Aug 18, 2025
52.98
53.95
52.98
53.10
31.43
2,300
Aug 15, 2025
52.66
52.86
52.49
52.69
31.19
3,100
Aug 14, 2025
50.86
52.08
50.86
51.57
30.53
2,500
Aug 13, 2025
51.35
51.35
50.75
51.01
30.20
2,200
Aug 12, 2025
50.89
50.92
50.65
50.92
30.15
3,000
Aug 11, 2025
50.82
50.82
50.22
50.30
29.78
2,300
Aug 8, 2025
51.00
51.91
50.42
50.42
29.85
2,400
Aug 7, 2025
52.35
53.21
51.51
52.97
31.35
2,100
Aug 6, 2025
51.88
52.61
51.88
52.19
30.90
1,400
Aug 5, 2025
51.35
51.84
51.32
51.84
30.69
1,500
Aug 4, 2025
51.23
51.84
51.23
51.84
30.69
1,100
Aug 1, 2025
51.99
51.99
50.13
50.69
30.01
1,600
Jul 31, 2025
52.50
52.50
51.59
51.80
30.66
2,300
Jul 30, 2025
50.80
52.27
50.49
52.27
30.94
3,800
Jul 29, 2025
51.00
51.00
50.42
50.42
29.85
800
Jul 28, 2025
52.00
52.00
50.90
51.04
30.22
4,900
Jul 25, 2025
51.43
51.66
51.29
51.60
30.54
3,400
Jul 24, 2025
51.37
51.37
50.59
51.01
30.20
6,100
Jul 23, 2025
51.55
51.55
51.10
51.39
30.42
12,300
Jul 22, 2025
51.30
51.49
51.00
51.31
30.37
31,400
Jul 21, 2025
49.95
51.20
49.95
51.03
30.21
2,700
Jul 18, 2025
50.26
50.51
50.00
50.43
29.85
2,900
Jul 17, 2025
50.62
50.98
50.43
50.57
29.94
1,600
Jul 16, 2025
50.81
50.81
49.42
49.87
29.52
2,000
Jul 15, 2025
50.25
50.62
50.09
50.09
29.65
2,900
