Date
Open
High
Low
Close 

Adj Close 

Volume
Jun 5, 2026
28.61
28.61
27.75
27.75
27.75
10,200
Jun 4, 2026
29.00
29.18
28.86
29.04
29.04
7,800
Jun 3, 2026
29.24
29.25
29.05
29.19
29.19
8,300
Jun 2, 2026
29.08
29.23
29.04
29.20
29.20
9,400
Jun 1, 2026
0.072 Dividend 

Jun 1, 2026
28.96
29.20
28.83
29.08
29.08
9,400
May 29, 2026
29.06
29.12
28.90
29.00
28.93
5,700
May 28, 2026
28.70
28.98
28.70
28.89
28.82
8,500
May 27, 2026
28.69
28.77
28.61
28.72
28.65
4,500
May 26, 2026
0.071 Dividend 

May 26, 2026
28.65
28.77
28.53
28.73
28.66
23,200
May 22, 2026
28.46
28.56
28.40
28.45
28.31
23,500
May 21, 2026
28.14
28.38
28.08
28.28
28.14
8,700
May 20, 2026
28.00
28.21
27.94
28.20
28.06
5,200
May 19, 2026
27.85
27.97
27.61
27.80
27.66
4,600
May 18, 2026
0.07 Dividend 

May 18, 2026
28.50
28.50
27.75
27.93
27.79
12,100
May 15, 2026
28.20
28.30
28.01
28.14
27.93
6,300
May 14, 2026
28.39
28.59
28.33
28.51
28.30
12,100
May 13, 2026
28.20
28.42
28.04
28.30
28.09
6,700
May 12, 2026
28.07
28.07
27.67
28.01
27.80
6,100
May 11, 2026
0.07 Dividend 

May 11, 2026
28.22
28.32
28.06
28.25
28.04
17,700
May 8, 2026
27.78
29.40
27.67
28.04
27.76
14,400
May 7, 2026
27.76
30.54
27.60
27.67
27.40
24,000
May 6, 2026
27.51
27.68
27.41
27.66
27.39
5,300
May 5, 2026
27.19
27.34
27.18
27.24
26.97
16,700
May 4, 2026
0.068 Dividend 

May 4, 2026
27.03
27.15
26.87
26.95
26.68
19,800
May 1, 2026
26.57
27.15
26.57
27.07
26.73
30,100
Apr 30, 2026
26.81
26.90
26.58
26.86
26.53
4,300
Apr 29, 2026
26.51
26.64
26.48
26.56
26.23
4,000
Apr 28, 2026
26.45
26.52
26.37
26.47
26.14
2,100
Apr 27, 2026
0.067 Dividend 

Apr 27, 2026
26.70
26.74
26.55
26.72
26.39
10,300
Apr 24, 2026
26.62
26.76
26.54
26.74
26.34
2,300
Apr 23, 2026
26.32
26.53
26.20
26.32
25.93
1,300
Apr 22, 2026
26.23
26.48
26.23
26.47
26.08
6,300
Apr 21, 2026
26.19
26.27
26.01
26.01
25.62
5,900
Apr 20, 2026
0.066 Dividend 

Apr 20, 2026
26.12
26.20
26.01
26.13
25.74
3,200
Apr 17, 2026
26.23
26.34
26.21
26.27
25.81
9,100
Apr 16, 2026
25.98
26.07
25.95
26.02
25.57
5,400
Apr 15, 2026
25.72
25.92
25.66
25.92
25.47
1,800
Apr 14, 2026
25.45
27.13
25.45
25.63
25.19
6,800
Apr 13, 2026
0.063 Dividend 

Apr 13, 2026
25.13
25.27
25.01
25.27
24.83
3,900
Apr 10, 2026
25.19
25.20
25.02
25.08
24.58
1,400
Apr 9, 2026
24.91
25.06
24.91
25.06
24.56
2,500
Apr 8, 2026
24.80
24.90
24.80
24.90
24.41
700
Apr 7, 2026
24.10
24.30
24.10
24.30
23.82
1,500
Apr 6, 2026
0.061 Dividend 

Apr 6, 2026
24.30
24.36
24.17
24.27
23.79
5,200
Apr 2, 2026
23.92
24.23
23.92
24.23
23.69
2,500
Apr 1, 2026
24.17
24.36
24.17
24.21
23.67
3,100
Mar 31, 2026
23.73
23.97
23.60
23.97
23.44
1,700
Mar 30, 2026
0.059 Dividend 

Mar 30, 2026
23.49
23.49
23.23
23.29
22.77
3,400
Mar 27, 2026
23.84
23.84
23.49
23.49
22.91
3,100
Mar 26, 2026
24.38
24.38
23.94
23.94
23.35
1,300
Mar 25, 2026
24.51
24.51
24.46
24.47
23.86
700
Mar 24, 2026
24.29
24.40
24.29
24.31
23.71
4,600
Mar 23, 2026
0.061 Dividend 

Mar 23, 2026
24.68
24.68
24.51
24.51
23.90
1,500
Mar 20, 2026
24.50
24.50
24.24
24.25
23.59
1,600
Mar 19, 2026
24.43
24.78
24.43
24.70
24.03
4,100
Mar 18, 2026
25.11
25.11
24.80
24.80
24.13
6,500
Mar 17, 2026
25.12
25.12
25.08
25.09
24.41
1,200
Mar 16, 2026
0.062 Dividend 

Mar 16, 2026
25.04
25.06
24.90
24.95
24.27
4,900
Mar 13, 2026
25.03
25.03
24.69
24.78
24.05
4,400
Mar 12, 2026
25.19
25.19
24.94
24.94
24.20
4,100
Mar 11, 2026
25.34
25.38
25.22
25.32
24.57
4,100
Mar 10, 2026
25.48
25.48
25.29
25.29
24.54
1,800
Mar 9, 2026
0.062 Dividend 

Mar 9, 2026
24.80
25.30
24.80
25.30
24.55
2,200
Mar 6, 2026
25.11
25.24
25.07
25.07
24.27
8,200
Mar 5, 2026
25.44
25.44
25.15
25.39
24.58
3,600
Mar 4, 2026
25.23
25.46
25.23
25.42
24.61
2,100
Mar 3, 2026
24.84
25.19
24.76
25.14
24.33
3,800
Mar 2, 2026
0.063 Dividend 

Mar 2, 2026
25.20
25.40
25.20
25.31
24.50
800
Feb 27, 2026
25.27
25.30
25.21
25.26
24.39
2,800
Feb 26, 2026
25.44
25.44
25.27
25.41
24.53
2,000
Feb 25, 2026
25.49
25.62
25.49
25.59
24.71
4,500
Feb 24, 2026
25.07
25.31
25.07
25.29
24.42
8,400
Feb 23, 2026
0.063 Dividend 

Feb 23, 2026
25.19
25.21
24.98
24.99
24.13
1,900
Feb 20, 2026
25.32
25.42
25.32
25.38
24.44
5,300
Feb 19, 2026
25.10
25.21
25.10
25.17
24.24
500
Feb 18, 2026
25.25
25.25
25.25
25.25
24.32
100
