Date
Open
High
Low
Close 

Adj Close 

Volume
May 26, 2026
26.94
26.99
26.91
26.91
26.91
3,515
May 22, 2026
26.88
26.90
26.77
26.81
26.81
5,800
May 21, 2026
26.61
26.75
26.49
26.72
26.72
4,600
May 20, 2026
26.50
26.63
26.44
26.63
26.63
5,900
May 19, 2026
26.34
26.52
26.28
26.35
26.35
4,500
May 18, 2026
0.046 Dividend 

May 18, 2026
26.58
26.64
26.06
26.48
26.48
4,600
May 15, 2026
26.55
26.71
26.55
26.58
26.53
3,500
May 14, 2026
26.77
26.83
26.70
26.81
26.76
2,900
May 13, 2026
26.60
26.67
26.40
26.65
26.60
2,300
May 12, 2026
26.54
26.54
26.32
26.47
26.42
2,600
May 11, 2026
0.046 Dividend 

May 11, 2026
26.45
26.59
26.42
26.53
26.48
10,100
May 8, 2026
26.47
26.57
26.47
26.49
26.40
6,900
May 7, 2026
26.46
26.46
26.32
26.38
26.29
6,900
May 6, 2026
26.38
26.44
26.37
26.44
26.35
1,700
May 5, 2026
26.16
26.21
26.04
26.18
26.09
8,400
May 4, 2026
0.045 Dividend 

May 4, 2026
26.07
26.14
25.89
26.00
25.91
20,200
May 1, 2026
26.16
26.20
26.05
26.10
25.96
11,400
Apr 30, 2026
25.90
26.05
25.87
26.04
25.91
6,000
Apr 29, 2026
25.75
25.75
25.62
25.71
25.58
2,100
Apr 28, 2026
25.76
25.77
25.71
25.74
25.61
1,900
Apr 27, 2026
0.045 Dividend 

Apr 27, 2026
25.83
25.90
25.81
25.88
25.75
3,600
Apr 24, 2026
25.66
25.86
25.66
25.86
25.68
700
Apr 23, 2026
25.64
25.75
25.49
25.66
25.48
1,200
Apr 22, 2026
25.68
25.75
25.67
25.75
25.57
600
Apr 21, 2026
25.69
25.69
25.48
25.48
25.30
3,200
Apr 20, 2026
0.045 Dividend 

Apr 20, 2026
25.72
25.72
25.61
25.65
25.47
2,300
Apr 17, 2026
25.57
25.75
25.57
25.74
25.52
4,600
Apr 16, 2026
25.50
25.50
25.42
25.49
25.27
1,500
Apr 15, 2026
25.28
25.48
25.22
25.48
25.26
2,900
Apr 14, 2026
25.20
25.30
25.20
25.30
25.08
2,500
Apr 13, 2026
0.043 Dividend 

Apr 13, 2026
24.69
25.03
24.63
25.03
24.81
4,600
Apr 10, 2026
24.92
24.94
24.77
24.82
24.56
2,500
Apr 9, 2026
24.76
24.91
24.76
24.89
24.63
1,300
Apr 8, 2026
24.71
24.72
24.69
24.71
24.45
1,500
Apr 7, 2026
24.16
24.16
24.02
24.14
23.89
2,800
Apr 6, 2026
0.042 Dividend 

Apr 6, 2026
24.12
24.19
24.10
24.15
23.90
2,400
Apr 2, 2026
23.76
24.08
23.76
24.08
23.79
1,800
Apr 1, 2026
23.98
24.07
23.97
24.01
23.72
3,900
Mar 31, 2026
23.54
23.91
23.54
23.91
23.62
2,500
Mar 30, 2026
0.041 Dividend 

Mar 30, 2026
23.45
23.47
23.26
23.29
23.01
2,900
Mar 27, 2026
23.60
23.64
23.40
23.40
23.08
3,900
Mar 26, 2026
24.08
24.14
23.78
23.78
23.45
1,500
Mar 25, 2026
24.31
24.31
24.19
24.19
23.86
1,900
Mar 24, 2026
24.10
24.18
24.00
24.11
23.78
3,400
Mar 23, 2026
0.042 Dividend 

Mar 23, 2026
24.31
24.45
24.17
24.21
23.88
6,300
Mar 20, 2026
24.14
24.14
23.91
23.91
23.54
2,500
Mar 19, 2026
24.20
24.36
24.16
24.29
23.91
5,200
Mar 18, 2026
24.63
24.63
24.38
24.38
24.00
4,600
Mar 17, 2026
24.73
24.73
24.66
24.66
24.28
5,700
Mar 16, 2026
0.042 Dividend 

Mar 16, 2026
24.54
24.65
24.54
24.64
24.26
8,500
Mar 13, 2026
24.62
24.62
24.38
24.38
23.96
3,700
Mar 12, 2026
24.62
24.62
24.48
24.48
24.06
1,400
Mar 11, 2026
27.30
27.52
24.74
24.81
24.38
3,300
Mar 10, 2026
24.98
24.98
24.82
24.82
24.39
1,200
Mar 9, 2026
0.042 Dividend 

Mar 9, 2026
24.62
24.86
24.62
24.86
24.43
400
Mar 6, 2026
24.67
24.82
24.67
24.68
24.21
3,600
Mar 5, 2026
25.07
25.11
24.85
25.00
24.53
1,200
Mar 4, 2026
25.18
25.18
25.13
25.17
24.69
2,600
Mar 3, 2026
24.71
25.00
24.61
25.00
24.53
2,100
Mar 2, 2026
0.043 Dividend 

Mar 2, 2026
25.02
25.24
25.02
25.16
24.68
1,700
Feb 27, 2026
25.11
25.17
25.11
25.17
24.65
1,600
Feb 26, 2026
25.32
25.32
25.18
25.31
24.79
3,300
Feb 25, 2026
25.36
25.42
25.33
25.42
24.90
3,000
Feb 24, 2026
25.05
25.23
25.05
25.22
24.70
6,500
Feb 23, 2026
0.044 Dividend 

Feb 23, 2026
25.27
25.27
24.97
24.98
24.47
3,000
Feb 20, 2026
25.24
25.31
25.24
25.28
24.72
1,900
Feb 19, 2026
25.08
25.17
25.08
25.11
24.55
800
Feb 18, 2026
25.19
25.19
25.19
25.19
24.63
100
