Date
Open
High
Low
Close 

Adj Close 

Volume
May 26, 2026
22.08
22.10
21.84
21.98
21.98
16,459
May 22, 2026
22.14
22.14
21.99
22.07
22.07
8,100
May 21, 2026
22.14
22.28
22.14
22.24
22.24
9,600
May 20, 2026
22.13
22.21
22.02
22.16
22.16
10,400
May 19, 2026
22.01
22.07
21.91
22.01
22.01
18,300
May 18, 2026
21.94
22.04
21.88
21.97
21.97
14,800
May 15, 2026
21.82
21.90
21.82
21.86
21.86
17,400
May 14, 2026
22.02
22.12
21.93
21.93
21.93
8,200
May 13, 2026
21.94
22.08
21.92
22.01
22.01
15,600
May 12, 2026
22.02
22.02
21.91
22.00
22.00
16,300
May 11, 2026
22.02
22.10
21.96
22.08
22.08
48,100
May 8, 2026
21.93
21.93
21.79
21.90
21.90
6,700
May 7, 2026
22.03
22.03
21.72
21.73
21.73
10,500
May 6, 2026
22.06
22.16
22.05
22.08
22.08
21,300
May 5, 2026
0.086 Dividend 

May 5, 2026
21.87
21.96
21.82
21.96
21.96
25,400
May 4, 2026
21.94
21.94
21.75
21.83
21.74
14,000
May 1, 2026
22.06
22.16
22.00
22.06
21.97
26,400
Apr 30, 2026
21.82
22.05
21.82
22.04
21.96
13,200
Apr 29, 2026
21.88
21.88
21.63
21.70
21.62
33,100
Apr 28, 2026
21.87
21.91
21.78
21.88
21.79
11,600
Apr 27, 2026
21.84
21.87
21.73
21.81
21.72
18,200
Apr 24, 2026
21.78
21.85
21.71
21.79
21.70
14,200
Apr 23, 2026
21.78
21.87
21.60
21.71
21.62
19,200
Apr 22, 2026
21.83
21.93
21.73
21.79
21.70
34,400
Apr 21, 2026
22.00
22.00
21.74
21.76
21.67
24,700
Apr 20, 2026
21.84
21.87
21.80
21.86
21.78
7,800
Apr 17, 2026
21.95
21.95
21.75
21.81
21.72
15,900
Apr 16, 2026
21.96
22.01
21.82
21.83
21.74
10,600
Apr 15, 2026
21.88
21.93
21.77
21.89
21.80
14,600
Apr 14, 2026
21.90
21.92
21.80
21.92
21.84
11,300
Apr 13, 2026
21.72
22.00
21.67
21.93
21.84
24,500
Apr 10, 2026
21.87
21.89
21.73
21.81
21.72
10,400
Apr 9, 2026
21.69
21.92
21.68
21.84
21.76
221,800
Apr 8, 2026
21.50
21.70
21.50
21.68
21.59
18,200
Apr 7, 2026
21.42
21.48
21.23
21.48
21.40
11,500
Apr 6, 2026
0.086 Dividend 

Apr 6, 2026
21.43
21.52
21.32
21.46
21.38
21,400
Apr 2, 2026
21.22
21.48
21.18
21.48
21.30
23,400
Apr 1, 2026
21.31
21.38
21.21
21.29
21.12
29,200
Mar 31, 2026
20.93
21.18
20.84
21.18
21.02
16,300
Mar 30, 2026
20.67
20.76
20.59
20.66
20.50
11,500
Mar 27, 2026
20.52
20.64
20.22
20.48
20.32
14,100
Mar 26, 2026
20.58
20.67
20.44
20.50
20.34
8,100
Mar 25, 2026
20.71
20.81
20.60
20.70
20.54
8,700
Mar 24, 2026
20.34
20.48
20.27
20.45
20.29
10,300
Mar 23, 2026
20.37
20.60
20.26
20.44
20.27
19,200
Mar 20, 2026
20.79
20.79
20.37
20.45
20.29
22,300
Mar 19, 2026
20.84
20.95
20.72
20.94
20.78
123,500
Mar 18, 2026
21.02
21.05
20.87
20.87
20.70
8,200
Mar 17, 2026
20.95
21.03
20.92
20.97
20.80
6,600
Mar 16, 2026
20.63
20.76
20.58
20.69
20.53
10,000
Mar 13, 2026
20.44
20.55
20.31
20.39
20.22
25,900
Mar 12, 2026
20.42
20.47
20.33
20.44
20.28
16,400
Mar 11, 2026
20.56
20.62
20.45
20.61
20.45
7,500
Mar 10, 2026
20.55
20.73
20.49
20.49
20.32
9,400
Mar 9, 2026
20.33
20.57
20.10
20.50
20.34
169,500
Mar 6, 2026
20.50
20.56
20.26
20.55
20.39
23,500
Mar 5, 2026
20.74
20.74
20.50
20.61
20.45
19,100
Mar 4, 2026
0.086 Dividend 

Mar 4, 2026
20.71
20.86
20.66
20.80
20.64
18,600
Mar 3, 2026
20.82
20.97
20.25
20.87
20.62
32,400
Mar 2, 2026
21.39
21.50
21.32
21.44
21.19
18,300
Feb 27, 2026
21.67
21.68
21.55
21.61
21.36
17,300
Feb 26, 2026
21.51
21.63
21.45
21.58
21.33
11,800
Feb 25, 2026
21.40
21.52
21.36
21.47
21.21
31,200
Feb 24, 2026
21.39
21.52
21.39
21.42
21.16
36,500
Feb 23, 2026
21.42
21.50
21.36
21.40
21.14
21,800
Feb 20, 2026
21.20
21.37
21.20
21.36
21.10
25,500
Feb 19, 2026
20.95
21.16
20.95
21.11
20.86
10,500
Feb 18, 2026
21.09
21.10
20.93
20.97
20.71
11,700
Feb 17, 2026
20.98
21.04
20.91
21.03
20.78
11,700
Feb 13, 2026
20.90
20.95
20.80
20.92
20.67
21,200
Feb 12, 2026
21.05
21.13
20.93
20.97
20.71
19,000
Feb 11, 2026
21.03
21.14
20.95
21.10
20.85
12,900
Feb 10, 2026
20.99
20.99
20.86
20.93
20.68
13,000
Feb 9, 2026
20.74
20.99
20.74
20.93
20.68
19,100
Feb 6, 2026
20.58
20.82
20.58
20.82
20.57
11,600
Feb 5, 2026
20.53
20.57
20.43
20.50
20.26
19,200
Feb 4, 2026
0.082 Dividend 

Feb 4, 2026
20.70
20.82
20.65
20.71
20.46
32,700
Feb 3, 2026
20.49
20.64
20.48
20.63
20.30
26,400
Feb 2, 2026
20.48
20.48
20.36
20.48
20.15
14,400
Jan 30, 2026
20.50
20.51
20.34
20.39
20.06
26,500
Jan 29, 2026
20.55
20.67
20.30
20.58
20.26
33,900
Jan 28, 2026
20.33
20.40
20.22
20.36
20.04
11,800
Jan 27, 2026
20.28
20.35
20.21
20.35
20.03
17,900
Jan 26, 2026
19.92
20.05
19.92
20.03
19.71
44,500
Jan 23, 2026
19.65
19.80
19.58
19.77
19.46
24,900
Jan 22, 2026
19.72
19.77
19.64
19.68
19.37
21,900
Jan 21, 2026
19.50
19.69
19.45
19.58
19.27
7,500
Jan 20, 2026
19.57
19.61
19.48
19.50
19.18
25,000
Jan 16, 2026
19.66
19.66
19.52
19.57
19.26
7,700
Jan 15, 2026
19.54
19.68
19.54
19.63
19.32
11,800
Jan 14, 2026
19.62
19.70
19.62
19.69
19.38
15,600
Jan 13, 2026
19.62
19.62
19.50
19.60
19.29
25,900
Jan 12, 2026
19.61
19.73
19.57
19.68
19.37
22,400
Jan 9, 2026
19.42
19.60
19.42
19.57
19.26
17,000
Jan 8, 2026
19.43
19.59
19.43
19.53
19.22
17,600
Jan 7, 2026
19.47
19.47
19.38
19.43
19.12
18,900
Jan 6, 2026
19.67
19.68
19.47
19.54
19.23
25,700
Jan 5, 2026
19.43
19.65
19.40
19.64
19.32
37,600
Jan 2, 2026
19.50
19.61
19.50
19.61
19.30
13,100
Dec 31, 2025
19.38
19.44
19.24
19.41
19.10
36,400
Dec 30, 2025
0.153 Dividend 

Dec 30, 2025
19.50
19.53
19.45
19.49
19.18
10,700
Dec 29, 2025
19.49
19.63
19.49
19.58
19.12
17,100
Dec 26, 2025
19.62
19.66
19.61
19.65
19.18
29,900
Dec 24, 2025
19.54
19.58
19.50
19.58
19.11
4,400
Dec 23, 2025
19.52
19.52
19.44
19.48
19.01
5,300
Dec 22, 2025
19.36
19.44
19.30
19.40
18.94
15,300
Dec 19, 2025
19.22
19.34
19.22
19.27
18.82
16,500
Dec 18, 2025
19.27
19.27
19.15
19.22
18.76
11,100
Dec 17, 2025
19.12
19.19
19.09
19.13
18.68
29,600
Dec 16, 2025
19.11
19.14
19.04
19.04
18.59
7,400
Dec 15, 2025
19.11
19.19
19.09
19.10
18.65
10,300
Dec 12, 2025
19.14
19.14
18.95
19.00
18.55
5,900
Dec 11, 2025
18.94
19.13
18.94
19.07
18.62
13,300
Dec 10, 2025
18.84
18.91
18.79
18.88
18.43
13,400
Dec 9, 2025
18.87
18.87
18.73
18.79
18.35
7,400
Dec 8, 2025
18.83
18.84
18.73
18.78
18.34
11,300
Dec 5, 2025
18.88
18.89
18.78
18.82
18.38
11,100
Dec 4, 2025
18.80
18.89
18.76
18.87
18.42
29,000
Dec 3, 2025
0.072 Dividend 

Dec 3, 2025
18.82
18.85
18.74
18.83
18.39
11,000
Dec 2, 2025
18.88
18.89
18.81
18.83
18.32
32,800
Dec 1, 2025
18.81
18.93
18.81
18.89
18.37
13,900
Nov 28, 2025
18.77
18.86
18.77
18.84
18.32
7,600
Nov 26, 2025
18.63
18.78
18.63
18.74
18.23
9,900
Nov 25, 2025
18.54
18.63
18.51
18.61
18.11
7,700
Nov 24, 2025
18.48
18.51
18.42
18.46
17.95
16,400
Nov 21, 2025
18.27
18.48
18.27
18.48
17.97
20,000
Nov 20, 2025
18.58
18.59
18.28
18.28
17.78
19,700
Nov 19, 2025
18.58
18.60
18.40
18.44
17.94
22,900
Nov 18, 2025
18.59
18.68
18.50
18.64
18.13
36,100
Nov 17, 2025
18.86
18.89
18.67
18.72
18.20
29,600
Nov 14, 2025
18.87
18.93
18.83
18.88
18.36
27,000
Nov 13, 2025
19.05
19.10
18.93
18.93
18.42
9,400
Nov 12, 2025
18.95
19.03
18.90
18.99
18.47
17,200
Nov 11, 2025
18.81
18.89
18.81
18.81
18.30
9,000
Nov 10, 2025
18.56
18.75
18.53
18.70
18.19
19,300
Nov 7, 2025
18.41
18.58
18.39
18.56
18.05
16,400
Nov 6, 2025
18.40
18.55
18.40
18.53
18.03
9,500
Nov 5, 2025
0.072 Dividend 

Nov 5, 2025
18.37
18.46
18.33
18.42
17.92
17,200
Nov 4, 2025
18.40
18.42
18.31
18.33
17.75
15,300
Nov 3, 2025
18.50
18.60
18.50
18.56
17.98
11,700
Oct 31, 2025
18.50
18.52
18.50
18.51
17.93
18,600
Oct 30, 2025
18.57
18.66
18.51
18.62
18.04
5,100
Oct 29, 2025
18.80
18.80
18.66
18.69
18.10
19,100
Oct 28, 2025
18.81
18.83
18.75
18.80
18.21
23,400
Oct 27, 2025
18.71
18.84
18.71
18.83
18.24
17,900
Oct 24, 2025
18.61
18.74
18.61
18.71
18.13
93,200
Oct 23, 2025
18.58
18.72
18.58
18.67
18.09
32,700
Oct 22, 2025
18.55
18.58
18.46
18.47
17.90
13,200
Oct 21, 2025
18.51
18.54
18.50
18.52
17.95
6,000
Oct 20, 2025
18.54
18.64
18.49
18.59
18.01
19,500
Oct 17, 2025
18.49
18.61
18.42
18.56
17.98
15,200
Oct 16, 2025
18.47
18.57
18.41
18.53
17.96
8,900
Oct 15, 2025
18.62
18.62
18.47
18.51
17.93
11,400
Oct 14, 2025
18.49
18.62
18.44
18.61
18.03
12,500
Oct 13, 2025
18.31
18.46
18.31
18.41
17.84
27,200
Oct 10, 2025
18.55
18.57
18.27
18.35
17.78
28,800
Oct 9, 2025
18.57
18.84
18.45
18.48
17.90
17,100
Oct 8, 2025
18.59
18.61
18.51
18.59
18.01
24,800
Oct 7, 2025
18.70
18.70
18.51
18.56
17.98
34,100
Oct 6, 2025
18.62
18.77
18.62
18.71
18.13
21,400
Oct 3, 2025
0.072 Dividend 

Oct 3, 2025
18.82
18.86
18.74
18.79
18.20
15,700
Oct 2, 2025
18.90
18.90
18.73
18.78
18.13
13,400
Oct 1, 2025
18.93
19.00
18.87
18.94
18.28
35,700
Sep 30, 2025
18.83
18.93
18.82
18.90
18.24
15,900
Sep 29, 2025
18.97
18.97
18.83
18.84
18.19
21,000
Sep 26, 2025
18.78
18.98
18.78
18.93
18.27
13,600
Sep 25, 2025
18.73
18.80
18.64
18.70
18.05
24,700
Sep 24, 2025
18.92
18.93
18.80
18.85
18.20
19,200
Sep 23, 2025
18.89
18.99
18.85
18.88
18.22
25,100
Sep 22, 2025
18.93
18.99
18.85
18.93
18.27
48,800
Sep 19, 2025
19.06
19.06
18.92
19.00
18.34
33,500
Sep 18, 2025
19.00
19.11
18.94
19.06
18.39
19,500
Sep 17, 2025
19.27
19.27
19.14
19.18
18.51
39,700
Sep 16, 2025
19.25
19.34
19.16
19.26
18.59
22,800
Sep 15, 2025
19.16
19.33
19.16
19.30
18.62
22,500
Sep 12, 2025
19.22
19.23
19.11
19.16
18.49
20,400
Sep 11, 2025
19.04
19.19
19.02
19.15
18.48
17,500
Sep 10, 2025
18.87
19.04
18.87
18.95
18.29
22,600
Sep 9, 2025
18.89
18.99
18.81
18.90
18.24
22,200
Sep 8, 2025
18.71
18.88
18.71
18.84
18.19
27,100
Sep 5, 2025
18.95
18.95
18.68
18.75
18.10
32,600
Sep 4, 2025
0.072 Dividend 

Sep 4, 2025
18.51
18.71
18.51
18.67
18.01
17,400
Sep 3, 2025
18.52
18.68
18.45
18.60
17.88
16,700
Sep 2, 2025
18.70
18.75
18.60
18.67
17.94
29,600
Aug 29, 2025
18.83
18.85
18.80
18.81
18.08
16,800
Aug 28, 2025
18.83
18.93
18.83
18.88
18.15
12,800
Aug 27, 2025
18.76
18.95
18.74
18.87
18.14
23,400
Aug 26, 2025
18.96
19.07
18.90
19.02
18.29
24,600
Aug 25, 2025
19.19
19.27
19.07
19.11
18.38
21,900
Aug 22, 2025
19.15
19.44
19.15
19.34
18.60
36,400
Aug 21, 2025
19.21
19.22
19.09
19.18
18.44
9,600
Aug 20, 2025
19.06
19.24
19.06
19.19
18.45
35,300
Aug 19, 2025
19.11
19.14
18.92
19.00
18.26
23,100
Aug 18, 2025
19.49
19.49
18.98
19.05
18.31
26,100
Aug 15, 2025
19.15
19.17
19.11
19.16
18.41
21,500
Aug 14, 2025
19.13
19.13
19.00
19.11
18.37
18,000
Aug 13, 2025
19.01
19.15
19.01
19.12
18.38
12,900
Aug 12, 2025
18.89
19.00
18.88
18.98
18.25
32,400
Aug 11, 2025
18.91
18.91
18.78
18.80
18.07
22,300
Aug 8, 2025
18.82
18.87
18.72
18.78
18.06
29,200
Aug 7, 2025
18.66
18.75
18.65
18.68
17.96
16,300
Aug 6, 2025
18.59
18.70
18.53
18.59
17.87
19,300
Aug 5, 2025
0.072 Dividend 

Aug 5, 2025
18.42
18.44
18.30
18.42
17.70
13,700
Aug 4, 2025
18.33
18.49
18.33
18.41
17.63
28,900
Aug 1, 2025
18.17
18.27
18.10
18.21
17.44
21,100
Jul 31, 2025
18.23
18.31
18.15
18.20
17.43
31,800
Jul 30, 2025
18.35
18.42
18.22
18.27
17.50
26,400
Jul 29, 2025
18.46
18.51
18.35
18.42
17.63
53,700
Jul 28, 2025
18.44
18.73
18.30
18.40
17.62
65,000
Jul 25, 2025
18.52
18.54
18.41
18.54
17.75
14,000
Jul 24, 2025
18.56
18.64
18.51
18.57
17.78
11,200
Jul 23, 2025
18.48
18.64
18.42
18.55
17.76
20,500
Jul 22, 2025
18.25
18.45
18.25
18.40
17.62
19,800
Jul 21, 2025
18.03
18.26
18.03
18.17
17.40
32,400
Jul 18, 2025
18.03
18.16
18.03
18.04
17.28
12,500
Jul 17, 2025
17.99
18.05
17.88
17.99
17.23
20,200
Jul 16, 2025
17.86
18.01
17.82
18.01
17.25
21,400
Jul 15, 2025
18.13
18.13
17.87
17.88
17.12
15,100
Jul 14, 2025
18.03
18.14
18.03
18.06
17.29
33,900
Jul 11, 2025
18.11
18.11
17.99
18.08
17.31
23,600
Jul 10, 2025
18.19
18.19
18.04
18.10
17.33
25,700
Jul 9, 2025
18.24
18.24
18.09
18.19
17.42
14,800
Jul 8, 2025
18.06
18.11
17.99
18.05
17.28
17,100
Jul 7, 2025
18.12
18.19
18.07
18.12
17.35
21,600
Jul 3, 2025
0.072 Dividend 

Jul 3, 2025
18.22
18.24
18.10
18.19
17.42
22,700
Jul 2, 2025
18.09
18.25
18.09
18.23
17.39
22,100
Jul 1, 2025
18.17
18.23
18.10
18.12
17.28
35,000
Jun 30, 2025
18.09
18.24
18.01
18.20
17.36
47,400
Jun 27, 2025
17.97
18.09
17.96
18.00
17.17
14,600
Jun 26, 2025
17.97
18.00
17.90
17.98
17.15
19,200
Jun 25, 2025
17.96
17.96
17.82
17.84
17.02
25,300
Jun 24, 2025
17.81
18.00
17.81
17.90
17.07
34,200
Jun 23, 2025
17.79
17.91
17.74
17.80
16.98
23,200
Jun 20, 2025
17.78
17.90
17.72
17.75
16.93
43,200
Jun 18, 2025
17.93
17.94
17.74
17.85
17.03
12,200
Jun 17, 2025
17.92
17.97
17.80
17.81
16.99
22,200
Jun 16, 2025
18.00
18.08
17.91
17.97
17.14
42,500
Jun 13, 2025
17.79
17.96
17.74
17.90
17.07
22,000
Jun 12, 2025
18.00
18.00
17.77
17.81
16.99
9,300
Jun 11, 2025
17.75
17.75
17.62
17.73
16.91
24,800
Jun 10, 2025
17.58
17.76
17.58
17.70
16.88
22,900
Jun 9, 2025
17.67
17.76
17.65
17.71
16.89
17,600
Jun 6, 2025
17.70
17.70
17.58
17.63
16.82
33,500
Jun 5, 2025
17.58
17.73
17.57
17.69
16.87
197,200
Jun 4, 2025
0.071 Dividend 

Jun 4, 2025
17.57
17.60
17.50
17.58
16.77
11,400
Jun 3, 2025
17.80
17.80
17.51
17.64
16.76
11,900
Jun 2, 2025
18.00
18.00
17.52
17.78
16.89
26,700
May 30, 2025
17.54
17.56
17.42
17.52
16.64
14,400
May 29, 2025
17.53
17.53
17.37
17.50
16.62
10,200
May 28, 2025
17.50
17.50
17.37
17.45
16.58
7,500
May 27, 2025
17.59
17.59
17.39
17.52
16.65
21,800
