Date
Open
High
Low
Close 

Adj Close 

Volume
Jun 5, 2026
10.02
10.06
9.39
9.53
9.53
329,700
Jun 4, 2026
0.072 Dividend 

Jun 4, 2026
9.97
10.19
9.97
10.03
10.03
75,700
Jun 3, 2026
9.73
10.07
9.73
10.05
9.98
100,200
Jun 2, 2026
9.73
9.83
9.67
9.68
9.61
121,100
Jun 1, 2026
10.12
10.20
9.70
9.70
9.63
339,100
May 29, 2026
10.14
10.18
10.06
10.16
10.09
114,900
May 28, 2026
0.069 Dividend 

May 28, 2026
10.25
10.26
10.14
10.16
10.09
69,900
May 27, 2026
10.00
10.31
10.00
10.26
10.12
148,500
May 26, 2026
10.00
10.06
9.96
10.05
9.91
154,200
May 22, 2026
9.95
10.04
9.95
10.01
9.87
110,800
May 21, 2026
0.079 Dividend 

May 21, 2026
9.89
10.01
9.80
9.98
9.84
109,200
May 20, 2026
9.96
10.06
9.90
10.02
9.81
206,300
May 19, 2026
10.08
10.11
9.95
9.99
9.77
113,700
May 18, 2026
10.14
10.14
10.00
10.10
9.88
115,600
May 15, 2026
10.10
10.20
10.04
10.16
9.94
113,400
May 14, 2026
0.08 Dividend 

May 14, 2026
10.12
10.18
10.10
10.12
9.90
157,600
May 13, 2026
9.94
10.21
9.93
10.17
9.87
243,200
May 12, 2026
9.90
10.02
9.86
10.02
9.73
193,100
May 11, 2026
10.07
10.07
9.92
9.92
9.63
236,200
May 8, 2026
10.14
10.15
10.02
10.07
9.77
134,500
May 7, 2026
0.083 Dividend 

May 7, 2026
10.10
10.20
10.10
10.14
9.84
188,500
May 6, 2026
10.06
10.25
9.96
10.18
9.80
174,400
May 5, 2026
10.19
10.19
9.99
10.07
9.70
254,200
May 4, 2026
10.10
10.15
10.01
10.13
9.75
150,200
May 1, 2026
10.13
10.19
10.05
10.07
9.70
201,900
Apr 30, 2026
0.19 Dividend 

Apr 30, 2026
10.40
10.40
9.92
10.13
9.75
490,600
Apr 29, 2026
11.15
11.19
11.05
11.13
10.53
104,400
Apr 28, 2026
11.19
11.24
11.09
11.15
10.55
113,700
Apr 27, 2026
11.18
11.31
11.16
11.26
10.66
75,100
Apr 24, 2026
11.04
11.28
10.91
11.22
10.62
106,200
Apr 23, 2026
0.101 Dividend 

Apr 23, 2026
11.07
11.14
10.90
10.99
10.40
131,100
Apr 22, 2026
11.31
11.34
11.24
11.32
10.62
59,600
Apr 21, 2026
11.23
11.31
11.19
11.19
10.50
309,500
Apr 20, 2026
11.39
11.39
11.20
11.23
10.54
65,700
Apr 17, 2026
11.31
11.49
11.29
11.45
10.74
81,700
Apr 16, 2026
0.081 Dividend 

Apr 16, 2026
11.31
11.32
11.20
11.31
10.61
42,200
Apr 15, 2026
11.24
11.42
11.23
11.30
10.52
73,300
Apr 14, 2026
10.95
11.26
10.95
11.22
10.45
69,100
Apr 13, 2026
10.79
10.85
10.72
10.84
10.09
59,900
Apr 10, 2026
10.85
10.87
10.68
10.78
10.04
149,500
Apr 9, 2026
0.071 Dividend 

Apr 9, 2026
10.70
10.88
10.69
10.75
10.01
115,600
Apr 8, 2026
10.47
10.85
10.38
10.63
9.83
203,300
Apr 7, 2026
10.09
10.14
9.98
10.14
9.38
60,700
Apr 6, 2026
10.14
10.23
10.09
10.09
9.33
133,500
Apr 2, 2026
0.066 Dividend 

Apr 2, 2026
9.97
10.13
9.90
10.13
9.37
279,900
Apr 1, 2026
10.19
10.38
10.14
10.19
9.36
100,100
Mar 31, 2026
9.81
10.11
9.79
10.09
9.27
91,100
Mar 30, 2026
9.62
9.69
9.54
9.67
8.89
130,400
Mar 27, 2026
9.71
9.76
9.40
9.46
8.69
175,900
Mar 26, 2026
0.068 Dividend 

Mar 26, 2026
10.45
10.45
9.78
9.85
9.05
204,000
Mar 25, 2026
10.76
10.85
10.71
10.72
9.79
84,700
Mar 24, 2026
10.80
10.80
10.67
10.70
9.77
52,000
Mar 23, 2026
10.84
10.91
10.79
10.86
9.92
110,200
Mar 20, 2026
10.88
10.88
10.59
10.71
9.78
145,000
Mar 19, 2026
0.073 Dividend 

Mar 19, 2026
11.02
11.02
10.84
10.93
9.98
124,700
Mar 18, 2026
11.17
11.24
11.11
11.15
10.11
77,700
Mar 17, 2026
11.32
11.44
11.23
11.23
10.19
107,300
Mar 16, 2026
11.35
11.40
11.24
11.32
10.27
54,200
Mar 13, 2026
11.26
11.30
10.98
11.05
10.02
168,400
Mar 12, 2026
0.075 Dividend 

Mar 12, 2026
11.64
11.64
11.45
11.47
10.40
44,300
Mar 11, 2026
11.78
11.81
11.68
11.76
10.60
39,400
Mar 10, 2026
11.70
11.81
11.67
11.71
10.56
129,000
Mar 9, 2026
11.45
11.65
11.31
11.65
10.50
129,200
Mar 6, 2026
11.60
11.65
11.43
11.57
10.43
149,100
Mar 5, 2026
0.076 Dividend 

Mar 5, 2026
11.78
11.85
11.64
11.79
10.63
111,100
Mar 4, 2026
11.77
11.96
11.77
11.89
10.65
85,800
Mar 3, 2026
11.62
11.80
11.51
11.73
10.51
128,200
Mar 2, 2026
11.45
11.78
11.45
11.72
10.50
184,300
Feb 27, 2026
11.62
11.66
11.49
11.61
10.40
1,475,500
Feb 26, 2026
0.068 Dividend 

Feb 26, 2026
11.64
11.79
11.63
11.77
10.54
149,100
Feb 25, 2026
11.59
11.77
11.59
11.75
10.46
174,200
Feb 24, 2026
11.42
11.56
11.38
11.53
10.27
87,600
Feb 23, 2026
11.70
11.77
11.48
11.49
10.23
507,300
Feb 20, 2026
11.54
11.81
11.54
11.74
10.46
130,900
Feb 19, 2026
0.081 Dividend 

Feb 19, 2026
11.51
11.62
11.51
11.59
10.32
151,600
Feb 18, 2026
11.46
11.68
11.42
11.68
10.33
96,300
Feb 17, 2026
11.54
11.63
11.42
11.57
10.23
142,700
Feb 13, 2026
11.65
11.78
11.50
11.58
10.24
96,100
Feb 12, 2026
0.078 Dividend 

Feb 12, 2026
12.10
12.17
11.66
11.76
10.40
136,800
Feb 11, 2026
12.23
12.27
11.96
12.14
10.67
108,300
Feb 10, 2026
12.31
12.31
12.15
12.15
10.67
101,800
Feb 9, 2026
12.05
12.32
11.96
12.30
10.81
169,800
Feb 6, 2026
12.06
12.13
11.74
12.00
10.54
234,700
Feb 5, 2026
0.247 Dividend 

Feb 5, 2026
11.94
12.28
11.86
12.11
10.64
211,100
Feb 4, 2026
12.65
12.65
12.31
12.31
10.60
462,500
Feb 3, 2026
13.00
13.15
12.65
12.76
10.99
188,600
Feb 2, 2026
13.11
13.24
12.96
12.98
11.18
127,900
Jan 30, 2026
13.20
13.38
13.13
13.16
11.33
174,700
Jan 29, 2026
0.063 Dividend 

Jan 29, 2026
13.27
13.56
13.06
13.48
11.61
355,700
Jan 28, 2026
12.59
12.61
12.47
12.48
10.69
149,400
Jan 27, 2026
12.60
12.61
12.45
12.53
10.73
66,200
Jan 26, 2026
12.40
12.58
12.39
12.52
10.72
113,500
Jan 23, 2026
12.08
12.44
12.08
12.30
10.54
102,900
Jan 22, 2026
0.047 Dividend 

Jan 22, 2026
11.88
12.15
11.88
12.13
10.39
77,300
Jan 21, 2026
11.57
11.78
11.47
11.72
10.00
133,100
Jan 20, 2026
11.56
11.64
11.46
11.55
9.85
309,000
Jan 16, 2026
11.86
11.91
11.79
11.80
10.07
141,700
Jan 15, 2026
0.058 Dividend 

Jan 15, 2026
11.75
11.85
11.68
11.82
10.08
132,600
Jan 14, 2026
11.98
11.98
11.75
11.75
9.98
135,000
Jan 13, 2026
12.19
12.19
11.92
12.05
10.23
130,600
Jan 12, 2026
12.32
12.36
12.20
12.20
10.36
132,600
Jan 9, 2026
12.28
12.40
12.23
12.39
10.52
152,200
Jan 8, 2026
0.064 Dividend 

Jan 8, 2026
12.30
12.30
12.11
12.27
10.42
78,300
Jan 7, 2026
12.45
12.56
12.33
12.41
10.48
182,300
Jan 6, 2026
12.54
12.66
12.45
12.57
10.62
56,200
Jan 5, 2026
12.39
12.65
12.38
12.54
10.59
83,800
Jan 2, 2026
0.061 Dividend 

Jan 2, 2026
12.65
12.65
12.27
12.37
10.45
197,200
Dec 31, 2025
12.67
12.69
12.61
12.61
10.60
144,700
Dec 30, 2025
12.57
12.79
12.57
12.72
10.69
143,300
Dec 29, 2025
12.56
12.60
12.51
12.58
10.57
189,000
Dec 26, 2025
0.075 Dividend 

Dec 26, 2025
12.70
12.73
12.61
12.62
10.61
109,000
Dec 24, 2025
12.67
12.78
12.67
12.77
10.67
31,100
Dec 23, 2025
12.62
12.74
12.62
12.71
10.62
97,000
Dec 22, 2025
12.66
12.81
12.57
12.64
10.56
232,500
Dec 19, 2025
12.68
12.76
12.64
12.64
10.56
238,100
Dec 18, 2025
0.076 Dividend 

Dec 18, 2025
12.56
12.75
12.56
12.67
10.59
98,800
Dec 17, 2025
12.65
12.72
12.56
12.56
10.43
138,200
Dec 16, 2025
12.41
12.74
12.41
12.68
10.53
153,600
Dec 15, 2025
12.46
12.60
12.39
12.50
10.38
121,100
Dec 12, 2025
12.54
12.58
12.35
12.47
10.36
117,900
Dec 11, 2025
0.107 Dividend 

Dec 11, 2025
12.40
12.63
12.39
12.61
10.47
88,900
Dec 10, 2025
12.66
12.71
12.53
12.64
10.41
178,900
Dec 9, 2025
12.85
12.85
12.72
12.75
10.50
187,900
Dec 8, 2025
12.98
13.07
12.91
12.96
10.67
104,700
Dec 5, 2025
12.96
13.03
12.91
13.03
10.73
229,000
Dec 4, 2025
0.25 Dividend 

Dec 4, 2025
13.05
13.08
12.90
12.90
10.62
198,000
Dec 3, 2025
12.97
13.03
12.93
12.96
10.47
137,900
Dec 2, 2025
12.83
13.03
12.83
12.99
10.49
160,300
Dec 1, 2025
12.86
12.98
12.86
12.94
10.45
269,200
Nov 28, 2025
0.088 Dividend 

Nov 28, 2025
12.84
13.02
12.82
13.02
10.51
97,600
Nov 26, 2025
12.90
12.92
12.84
12.86
10.31
184,900
Nov 25, 2025
12.72
12.92
12.71
12.89
10.34
242,200
Nov 24, 2025
12.38
12.65
12.38
12.61
10.11
944,600
Nov 21, 2025
12.25
12.40
12.10
12.32
9.88
330,300
Nov 20, 2025
0.09 Dividend 

Nov 20, 2025
12.42
12.53
12.11
12.20
9.79
386,300
Nov 19, 2025
12.39
12.40
12.15
12.31
9.80
199,100
Nov 18, 2025
12.35
12.55
12.19
12.46
9.92
260,700
Nov 17, 2025
12.63
12.68
12.41
12.51
9.96
185,300
Nov 14, 2025
12.48
12.73
12.37
12.64
10.06
284,500
Nov 13, 2025
0.094 Dividend 

Nov 13, 2025
12.70
12.77
12.51
12.63
10.06
222,500
Nov 12, 2025
13.06
13.06
12.69
12.72
10.05
208,000
Nov 11, 2025
13.05
13.05
12.89
13.03
10.30
217,600
Nov 10, 2025
13.05
13.12
12.94
13.08
10.34
340,300
Nov 7, 2025
12.85
12.94
12.53
12.94
10.23
292,800
Nov 6, 2025
0.131 Dividend 

Nov 6, 2025
13.22
13.22
12.87
12.91
10.20
224,700
Nov 5, 2025
13.23
13.43
13.14
13.34
10.44
217,000
Nov 4, 2025
13.28
13.42
13.14
13.15
10.29
216,500
Nov 3, 2025
13.69
13.73
13.33
13.36
10.45
343,300
Oct 31, 2025
14.00
14.00
13.51
13.59
10.63
511,600
Oct 30, 2025
0.157 Dividend 

Oct 30, 2025
14.03
14.14
13.61
13.88
10.86
870,100
Oct 29, 2025
15.63
15.69
15.39
15.57
12.06
267,800
Oct 28, 2025
15.55
15.65
15.46
15.52
12.02
84,100
Oct 27, 2025
15.48
15.61
15.48
15.51
12.01
125,100
Oct 24, 2025
15.30
15.33
15.23
15.31
11.86
97,700
Oct 23, 2025
0.137 Dividend 

Oct 23, 2025
15.25
15.35
15.22
15.24
11.81
55,400
Oct 22, 2025
15.34
15.44
15.18
15.36
11.79
126,300
Oct 21, 2025
15.37
15.40
15.28
15.33
11.77
107,100
Oct 20, 2025
15.14
15.35
15.14
15.32
11.76
595,500
Oct 17, 2025
14.94
15.12
14.92
15.12
11.61
154,900
Oct 16, 2025
0.095 Dividend 

Oct 16, 2025
15.10
15.21
14.86
15.02
11.53
91,800
Oct 15, 2025
15.15
15.28
15.05
15.19
11.59
91,500
Oct 14, 2025
14.96
15.13
14.85
15.01
11.45
114,500
Oct 13, 2025
15.11
15.18
14.99
15.14
11.55
141,300
Oct 10, 2025
15.40
15.43
14.89
14.93
11.39
385,900
Oct 9, 2025
0.307 Dividend 

Oct 9, 2025
15.19
15.42
15.06
15.42
11.76
380,800
Oct 8, 2025
15.37
15.46
15.24
15.42
11.53
164,200
Oct 7, 2025
15.39
15.41
15.19
15.33
11.46
195,400
Oct 6, 2025
15.11
15.38
14.90
15.38
11.50
352,100
Oct 3, 2025
15.60
15.60
15.25
15.26
11.41
164,900
Oct 2, 2025
15.45
15.57
15.40
15.56
11.64
144,900
Oct 1, 2025
15.50
15.50
15.23
15.39
11.51
169,300
Sep 30, 2025
15.87
15.88
15.55
15.72
11.75
92,100
Sep 29, 2025
15.95
15.98
15.80
15.89
11.88
94,800
Sep 26, 2025
15.96
15.98
15.75
15.86
11.86
79,000
Sep 25, 2025
16.01
16.09
15.88
15.96
11.93
115,400
Sep 24, 2025
16.10
16.18
16.03
16.18
12.10
84,200
Sep 23, 2025
16.31
16.34
15.99
16.06
12.01
138,200
Sep 22, 2025
16.59
16.59
16.24
16.25
12.15
407,900
Sep 19, 2025
16.50
16.58
16.30
16.46
12.31
286,900
Sep 18, 2025
16.42
16.57
16.34
16.43
12.29
133,900
Sep 17, 2025
16.41
16.46
16.19
16.34
12.22
73,300
Sep 16, 2025
16.23
16.43
16.21
16.40
12.26
132,900
Sep 15, 2025
16.05
16.33
16.02
16.19
12.11
256,300
Sep 12, 2025
15.97
16.11
15.84
16.07
12.02
217,000
Sep 11, 2025
0.455 Dividend 

Sep 11, 2025
16.08
16.09
15.95
15.99
11.96
102,300
Sep 10, 2025
16.66
16.66
16.42
16.43
11.95
164,000
Sep 9, 2025
16.49
16.63
16.46
16.61
12.08
197,300
Sep 8, 2025
16.51
16.62
16.40
16.42
11.94
118,000
Sep 5, 2025
16.33
16.45
16.28
16.45
11.96
132,200
Sep 4, 2025
16.32
16.42
16.25
16.30
11.85
133,300
Sep 3, 2025
16.08
16.12
16.02
16.12
11.72
74,100
Sep 2, 2025
15.80
16.03
15.76
16.03
11.65
109,200
Aug 29, 2025
16.21
16.22
15.99
16.08
11.69
118,200
Aug 28, 2025
16.17
16.33
16.11
16.30
11.85
80,100
Aug 27, 2025
16.31
16.31
16.13
16.20
11.78
58,600
Aug 26, 2025
16.21
16.31
16.20
16.31
11.86
54,000
Aug 25, 2025
16.28
16.32
16.22
16.28
11.84
115,200
Aug 22, 2025
15.98
16.31
15.90
16.28
11.84
133,600
Aug 21, 2025
16.07
16.07
15.87
15.98
11.62
148,100
Aug 20, 2025
16.20
16.20
15.82
16.15
11.74
319,000
Aug 19, 2025
16.56
16.56
16.20
16.23
11.80
185,800
Aug 18, 2025
16.75
16.75
16.37
16.56
12.04
543,400
Aug 15, 2025
16.99
17.05
16.91
16.95
12.32
199,900
Aug 14, 2025
0.624 Dividend 

Aug 14, 2025
16.84
16.97
16.74
16.92
12.30
173,400
Aug 13, 2025
17.59
17.64
17.45
17.48
12.26
183,100
Aug 12, 2025
17.32
17.63
17.32
17.59
12.33
234,600
Aug 11, 2025
17.24
17.33
17.18
17.20
12.06
159,900
Aug 8, 2025
17.14
17.25
17.05
17.25
12.09
118,200
Aug 7, 2025
17.33
17.34
17.07
17.11
12.00
128,000
Aug 6, 2025
17.22
17.31
17.04
17.29
12.12
125,600
Aug 5, 2025
17.37
17.46
17.09
17.11
12.00
158,100
Aug 4, 2025
17.00
17.35
17.00
17.35
12.16
176,700
Aug 1, 2025
17.03
17.08
16.70
16.82
11.79
140,700
Jul 31, 2025
17.27
17.45
17.22
17.22
12.07
870,900
Jul 30, 2025
16.15
16.15
15.89
15.94
11.18
187,600
Jul 29, 2025
16.38
16.44
16.04
16.05
11.25
126,200
Jul 28, 2025
16.30
16.50
16.29
16.38
11.48
161,200
Jul 25, 2025
16.34
16.43
16.26
16.26
11.40
1,102,400
Jul 24, 2025
16.30
16.39
16.29
16.30
11.43
91,700
Jul 23, 2025
16.11
16.26
16.10
16.23
11.38
75,600
Jul 22, 2025
16.26
16.26
16.04
16.08
11.27
105,400
Jul 21, 2025
16.07
16.29
16.07
16.27
11.41
494,600
Jul 18, 2025
16.04
16.06
15.84
16.06
11.26
223,900
Jul 17, 2025
0.499 Dividend 

Jul 17, 2025
16.12
16.12
15.92
16.00
11.22
276,300
Jul 16, 2025
16.80
16.80
16.46
16.51
11.23
420,400
Jul 15, 2025
16.96
16.96
16.65
16.65
11.32
257,300
Jul 14, 2025
16.81
16.98
16.80
16.85
11.46
195,000
Jul 11, 2025
16.95
16.95
16.62
16.81
11.43
187,700
Jul 10, 2025
17.05
17.08
16.82
16.98
11.54
218,100
Jul 9, 2025
16.85
17.07
16.85
17.03
11.58
156,400
Jul 8, 2025
16.77
16.81
16.69
16.81
11.43
68,700
Jul 7, 2025
16.69
16.89
16.67
16.72
11.37
91,300
Jul 3, 2025
16.91
16.91
16.65
16.71
11.36
51,900
Jul 2, 2025
16.69
16.75
16.60
16.62
11.30
80,100
Jul 1, 2025
17.00
17.00
16.62
16.72
11.37
106,200
Jun 30, 2025
17.03
17.13
16.95
16.98
11.54
136,200
Jun 27, 2025
16.84
16.94
16.79
16.94
11.52
105,200
Jun 26, 2025
16.58
16.80
16.58
16.75
11.39
133,000
Jun 25, 2025
16.60
16.62
16.50
16.53
11.24
76,700
Jun 24, 2025
16.45
16.60
16.45
16.60
11.29
146,000
Jun 23, 2025
16.10
16.39
16.02
16.37
11.13
396,700
Jun 20, 2025
0.536 Dividend 

Jun 20, 2025
16.40
16.44
15.97
16.07
10.93
292,100
Jun 18, 2025
16.87
16.93
16.82
16.82
11.07
148,700
Jun 17, 2025
16.87
16.96
16.82
16.85
11.09
125,500
Jun 16, 2025
16.81
16.97
16.76
16.87
11.10
177,800
Jun 13, 2025
16.62
16.74
16.49
16.54
10.89
147,900
Jun 12, 2025
16.73
16.77
16.60
16.76
11.03
84,800
Jun 11, 2025
16.92
16.99
16.71
16.73
11.01
77,800
Jun 10, 2025
16.87
16.90
16.68
16.90
11.12
69,300
Jun 9, 2025
16.80
16.91
16.72
16.73
11.01
82,800
Jun 6, 2025
16.75
16.86
16.62
16.73
11.01
441,600
