Date
Open
High
Low
Close 

Adj Close 

Volume
Jun 5, 2026
18.08
18.19
17.40
17.56
17.56
49,500
Jun 4, 2026
18.00
18.56
18.00
18.50
18.50
14,500
Jun 3, 2026
0.2 Dividend 

Jun 3, 2026
18.32
18.37
18.11
18.13
18.13
62,400
Jun 2, 2026
18.80
18.80
18.57
18.69
18.49
23,800
Jun 1, 2026
18.69
18.98
18.63
18.85
18.65
51,600
May 29, 2026
18.76
18.98
18.69
18.81
18.60
19,100
May 28, 2026
18.52
18.86
18.48
18.86
18.66
22,600
May 27, 2026
0.215 Dividend 

May 27, 2026
18.72
18.83
18.63
18.68
18.48
29,300
May 26, 2026
19.00
19.04
18.83
18.88
18.47
48,800
May 22, 2026
19.06
19.25
18.92
18.92
18.50
23,900
May 21, 2026
18.88
19.22
18.79
19.06
18.64
14,300
May 20, 2026
0.255 Dividend 

May 20, 2026
18.81
19.07
18.80
19.02
18.61
23,300
May 19, 2026
19.15
19.20
18.80
18.92
18.25
33,600
May 18, 2026
19.50
19.57
19.04
19.23
18.55
8,600
May 15, 2026
19.48
19.66
19.40
19.51
18.82
40,600
May 14, 2026
19.85
20.22
19.79
20.02
19.32
68,000
May 13, 2026
0.264 Dividend 

May 13, 2026
19.87
19.95
19.44
19.83
19.13
17,700
May 12, 2026
20.11
20.30
19.74
19.98
19.03
30,100
May 11, 2026
20.24
20.38
19.83
20.18
19.21
22,800
May 8, 2026
19.74
20.07
19.65
19.91
18.96
23,700
May 7, 2026
19.80
19.80
19.40
19.56
18.62
14,900
May 6, 2026
0.287 Dividend 

May 6, 2026
19.36
19.78
19.26
19.78
18.83
10,800
May 5, 2026
19.77
19.77
19.30
19.33
18.13
15,900
May 4, 2026
19.12
19.55
19.12
19.55
18.34
8,400
May 1, 2026
18.92
18.93
18.73
18.92
17.75
10,100
Apr 30, 2026
18.87
18.94
18.71
18.77
17.61
5,600
Apr 29, 2026
0.209 Dividend 

Apr 29, 2026
18.67
18.72
18.48
18.66
17.51
20,800
Apr 28, 2026
19.05
19.09
18.84
18.98
17.60
9,000
Apr 27, 2026
19.30
19.31
19.13
19.26
17.87
5,700
Apr 24, 2026
19.34
19.35
19.14
19.27
17.88
3,500
Apr 23, 2026
19.26
19.39
19.02
19.08
17.69
11,900
Apr 22, 2026
0.197 Dividend 

Apr 22, 2026
19.05
19.37
19.05
19.37
17.97
15,900
Apr 21, 2026
19.43
19.43
18.96
19.03
17.47
25,300
Apr 20, 2026
19.37
19.37
19.20
19.36
17.77
6,100
Apr 17, 2026
19.50
19.50
19.25
19.37
17.78
5,700
Apr 16, 2026
19.26
19.33
19.05
19.30
17.71
8,900
Apr 15, 2026
0.18 Dividend 

Apr 15, 2026
19.40
19.40
19.13
19.36
17.77
7,900
Apr 14, 2026
19.12
19.41
18.99
19.38
17.63
16,400
Apr 13, 2026
18.53
18.84
18.40
18.80
17.10
4,800
Apr 10, 2026
18.54
18.68
18.50
18.51
16.83
12,600
Apr 9, 2026
18.34
18.55
18.31
18.38
16.72
5,000
Apr 8, 2026
0.185 Dividend 

Apr 8, 2026
18.80
18.89
18.54
18.59
16.91
9,500
Apr 7, 2026
17.94
18.29
17.90
18.29
16.47
6,000
Apr 6, 2026
18.17
18.20
18.01
18.11
16.30
8,400
Apr 2, 2026
17.58
18.02
17.58
17.99
16.20
5,400
Apr 1, 2026
0.218 Dividend 

Apr 1, 2026
18.27
18.30
18.07
18.08
16.27
8,000
Mar 31, 2026
17.77
18.35
17.77
18.29
16.27
9,400
Mar 30, 2026
17.83
17.83
17.30
17.44
15.51
10,900
Mar 27, 2026
18.21
18.21
17.77
17.79
15.83
9,500
Mar 26, 2026
18.64
18.69
18.22
18.22
16.21
4,500
Mar 25, 2026
0.207 Dividend 

Mar 25, 2026
18.82
18.92
18.73
18.87
16.79
10,700
Mar 24, 2026
18.50
18.70
18.50
18.64
16.40
10,400
Mar 23, 2026
18.76
18.93
18.68
18.70
16.45
7,800
Mar 20, 2026
18.87
18.87
18.35
18.50
16.28
5,200
Mar 19, 2026
18.50
18.88
18.41
18.85
16.58
6,800
Mar 18, 2026
0.202 Dividend 

Mar 18, 2026
18.90
18.95
18.77
18.83
16.56
4,500
Mar 17, 2026
19.10
19.27
19.07
19.13
16.65
10,600
Mar 16, 2026
19.00
19.07
18.93
18.98
16.52
7,300
Mar 13, 2026
19.02
19.09
18.69
18.74
16.31
13,400
Mar 12, 2026
19.10
19.13
18.86
18.93
16.48
17,900
Mar 11, 2026
0.232 Dividend 

Mar 11, 2026
19.36
19.39
19.25
19.35
16.85
40,200
Mar 10, 2026
19.36
19.54
19.24
19.39
16.68
7,200
Mar 9, 2026
18.79
19.39
18.74
19.39
16.68
18,200
Mar 6, 2026
18.89
19.03
18.70
18.78
16.15
5,900
Mar 5, 2026
19.43
19.47
18.93
19.21
16.52
6,600
Mar 4, 2026
0.213 Dividend 

Mar 4, 2026
19.13
19.63
18.98
19.54
16.80
10,800
Mar 3, 2026
18.96
19.10
18.64
18.97
16.13
16,800
Mar 2, 2026
19.05
19.60
19.02
19.50
16.58
17,100
Feb 27, 2026
19.49
19.57
19.39
19.57
16.64
13,100
Feb 26, 2026
19.99
19.99
19.48
19.57
16.64
18,500
Feb 25, 2026
0.208 Dividend 

Feb 25, 2026
20.04
20.12
19.95
19.99
17.00
26,900
Feb 24, 2026
20.03
20.22
19.78
20.14
16.95
34,600
Feb 23, 2026
19.89
20.00
19.61
19.65
16.53
14,600
Feb 20, 2026
19.78
20.03
19.78
19.95
16.79
12,300
Feb 19, 2026
19.58
19.82
19.50
19.78
16.65
4,600
Feb 18, 2026
0.231 Dividend 

Feb 18, 2026
19.47
19.75
19.43
19.60
16.49
14,900
Feb 17, 2026
19.12
19.60
19.08
19.51
16.22
44,400
Feb 13, 2026
19.25
19.60
19.17
19.43
16.16
14,200
Feb 12, 2026
19.62
19.62
18.87
19.08
15.86
15,900
Feb 11, 2026
0.232 Dividend 

Feb 11, 2026
19.88
19.88
19.26
19.61
16.31
19,700
Feb 10, 2026
20.34
20.66
20.26
20.29
16.68
22,000
Feb 9, 2026
19.95
20.40
19.95
20.32
16.70
12,600
Feb 6, 2026
20.14
20.15
19.70
19.85
16.32
9,800
Feb 5, 2026
20.05
20.29
19.66
19.84
16.31
33,400
Feb 4, 2026
0.292 Dividend 

Feb 4, 2026
21.07
21.13
20.10
20.41
16.78
27,500
Feb 3, 2026
22.83
22.83
21.91
22.16
17.98
25,700
Feb 2, 2026
22.13
22.64
22.13
22.35
18.13
21,300
Jan 30, 2026
22.56
22.70
22.08
22.18
18.00
29,400
Jan 29, 2026
23.29
23.34
22.69
23.03
18.69
22,700
Jan 28, 2026
0.217 Dividend 

Jan 28, 2026
23.30
23.32
22.96
23.11
18.75
14,100
Jan 27, 2026
24.00
24.05
23.53
23.57
18.94
23,200
Jan 26, 2026
24.11
24.42
24.11
24.14
19.40
13,800
Jan 23, 2026
24.17
24.47
24.17
24.35
19.57
9,300
Jan 22, 2026
24.11
24.18
23.96
24.11
19.38
13,100
Jan 21, 2026
0.302 Dividend 

Jan 21, 2026
24.03
24.27
23.62
23.91
19.22
28,800
Jan 20, 2026
24.00
24.51
24.00
24.13
19.15
29,400
Jan 16, 2026
24.72
24.72
24.39
24.53
19.47
22,800
Jan 15, 2026
25.51
25.51
24.60
24.63
19.55
15,700
Jan 14, 2026
0.249 Dividend 

Jan 14, 2026
25.30
25.54
25.20
25.51
20.25
15,600
Jan 13, 2026
25.41
25.83
25.33
25.79
20.28
35,000
Jan 12, 2026
24.77
25.24
24.77
25.19
19.80
23,800
Jan 9, 2026
25.06
25.15
24.85
24.97
19.63
10,300
Jan 8, 2026
25.40
25.40
25.05
25.08
19.71
17,000
Jan 7, 2026
0.261 Dividend 

Jan 7, 2026
25.21
25.56
25.20
25.35
19.93
17,800
Jan 6, 2026
25.84
25.84
25.35
25.67
19.97
12,300
Jan 5, 2026
25.60
25.61
25.45
25.54
19.87
24,400
Jan 2, 2026
25.29
25.29
24.91
25.15
19.57
12,400
Dec 31, 2025
0.342 Dividend 

Dec 31, 2025
25.11
25.20
24.94
25.03
19.48
38,400
Dec 30, 2025
25.66
25.81
25.51
25.54
19.61
30,100
Dec 29, 2025
25.41
25.75
25.41
25.67
19.71
24,700
Dec 26, 2025
26.01
26.01
25.60
25.63
19.68
9,200
Dec 24, 2025
0.22 Dividend 

Dec 24, 2025
25.71
25.88
25.63
25.86
19.86
20,200
Dec 23, 2025
26.17
26.17
25.84
26.02
19.80
12,500
Dec 22, 2025
26.35
26.48
26.18
26.26
19.99
12,800
Dec 19, 2025
26.00
26.26
25.93
26.15
19.91
14,600
Dec 18, 2025
25.71
26.10
25.51
25.53
19.43
27,800
Dec 17, 2025
0.264 Dividend 

Dec 17, 2025
26.05
26.12
25.18
25.21
19.19
27,900
Dec 16, 2025
25.50
26.10
25.50
26.00
19.59
32,300
Dec 15, 2025
26.10
26.10
25.42
25.46
19.18
38,700
Dec 12, 2025
26.58
26.65
25.66
25.91
19.52
32,400
Dec 11, 2025
26.79
26.79
26.09
26.43
19.91
26,800
Dec 10, 2025
0.565 Dividend 

Dec 10, 2025
26.83
27.00
26.76
26.91
20.27
88,900
Dec 9, 2025
27.50
27.62
27.30
27.51
20.30
171,300
Dec 8, 2025
27.43
27.52
27.17
27.40
20.22
13,400
Dec 5, 2025
27.10
27.62
27.10
27.37
20.20
5,200
Dec 4, 2025
27.10
27.33
26.97
27.27
20.13
14,100
Dec 3, 2025
0.321 Dividend 

Dec 3, 2025
27.06
27.26
26.79
27.20
20.07
23,900
Dec 2, 2025
27.52
27.86
27.34
27.37
19.96
36,500
Dec 1, 2025
26.85
27.28
26.65
27.22
19.85
21,100
Nov 28, 2025
26.93
27.23
26.93
27.15
19.80
6,500
Nov 26, 2025
0.373 Dividend 

Nov 26, 2025
26.55
26.95
26.55
26.85
19.58
16,000
Nov 25, 2025
26.35
26.85
26.00
26.74
19.23
19,100
Nov 24, 2025
25.71
26.64
25.71
26.62
19.14
13,600
Nov 21, 2025
25.77
25.98
24.88
25.50
18.34
24,000
Nov 20, 2025
27.74
27.82
25.47
25.55
18.37
22,700
Nov 19, 2025
0.388 Dividend 

Nov 19, 2025
27.19
27.56
26.73
27.10
19.49
17,100
Nov 18, 2025
27.65
28.00
27.14
27.70
19.64
23,000
Nov 17, 2025
28.36
28.57
27.52
27.89
19.78
14,400
Nov 14, 2025
27.73
28.98
27.64
28.55
20.24
27,700
Nov 13, 2025
29.50
29.50
28.37
28.55
20.25
28,000
Nov 12, 2025
0.454 Dividend 

Nov 12, 2025
29.81
29.95
29.51
29.89
21.19
39,500
Nov 11, 2025
30.00
30.27
29.93
30.09
21.02
24,400
Nov 10, 2025
29.93
30.39
29.93
30.24
21.12
27,100
Nov 7, 2025
28.44
29.21
28.08
29.21
20.40
17,200
Nov 6, 2025
30.22
30.22
28.78
28.78
20.10
19,300
Nov 5, 2025
0.53 Dividend 

Nov 5, 2025
29.81
30.77
29.77
30.56
21.34
22,700
Nov 4, 2025
31.08
31.30
30.50
30.53
20.95
40,100
Nov 3, 2025
32.00
32.17
31.39
31.93
21.91
20,000
Oct 31, 2025
31.50
32.56
31.50
31.89
21.89
14,400
Oct 30, 2025
31.35
31.59
30.83
30.83
21.16
11,000
Oct 29, 2025
0.346 Dividend 

Oct 29, 2025
31.52
31.79
31.50
31.74
21.78
9,700
Oct 28, 2025
32.21
32.21
31.79
31.93
21.67
31,100
Oct 27, 2025
32.04
32.32
32.04
32.12
21.80
7,500
Oct 24, 2025
31.28
31.73
31.18
31.59
21.45
9,300
Oct 23, 2025
29.90
30.77
29.90
30.65
20.81
14,100
Oct 22, 2025
0.359 Dividend 

Oct 22, 2025
31.20
31.20
29.29
30.02
20.38
31,900
Oct 21, 2025
31.96
32.17
31.76
32.02
21.49
16,300
Oct 20, 2025
31.61
32.21
31.35
31.88
21.40
12,600
Oct 17, 2025
31.00
31.20
30.60
31.09
20.87
14,000
Oct 16, 2025
31.86
32.03
31.19
31.25
20.97
7,800
Oct 15, 2025
32.01
32.25
31.69
31.79
21.34
26,000
Oct 14, 2025
31.38
32.25
31.06
31.69
21.27
35,400
Oct 13, 2025
32.28
32.32
31.85
32.28
21.67
11,700
Oct 10, 2025
33.83
34.07
31.75
31.88
21.40
19,000
Oct 9, 2025
33.34
33.83
33.25
33.83
22.70
12,300
Oct 8, 2025
33.22
33.45
32.92
33.44
22.45
29,500
Oct 7, 2025
33.21
33.40
32.60
33.20
22.29
21,900
Oct 6, 2025
33.74
33.74
33.07
33.12
22.23
25,000
Oct 3, 2025
33.37
33.64
32.98
33.29
22.34
47,700
Oct 2, 2025
1.492 Dividend 

Oct 2, 2025
32.92
33.31
32.71
33.26
22.32
25,300
Oct 1, 2025
34.20
34.70
34.08
34.24
21.98
78,400
Sep 30, 2025
34.85
34.92
34.40
34.75
22.31
27,800
Sep 29, 2025
33.98
34.95
33.94
34.95
22.44
35,700
Sep 26, 2025
33.73
33.76
33.31
33.71
21.64
15,300
Sep 25, 2025
33.46
33.72
32.93
33.45
21.48
8,500
Sep 24, 2025
34.04
34.19
33.79
33.94
21.79
18,000
Sep 23, 2025
34.32
34.40
33.86
33.90
21.76
12,300
Sep 22, 2025
34.34
34.34
34.00
34.31
22.02
25,800
Sep 19, 2025
34.26
34.54
34.25
34.52
22.16
9,600
Sep 18, 2025
34.19
34.56
34.17
34.17
21.93
14,700
Sep 17, 2025
33.70
33.89
33.33
33.80
21.70
16,700
Sep 16, 2025
33.44
33.53
33.20
33.53
21.52
18,000
Sep 15, 2025
33.33
33.43
33.06
33.35
21.41
12,400
Sep 12, 2025
33.29
33.34
33.00
33.24
21.34
10,300
Sep 11, 2025
33.49
33.51
33.21
33.26
21.35
11,800
Sep 10, 2025
34.04
34.04
33.38
33.48
21.49
29,600
Sep 9, 2025
33.42
33.74
33.32
33.74
21.66
9,000
Sep 8, 2025
32.96
33.45
32.96
33.32
21.39
75,300
Sep 5, 2025
33.17
33.24
31.94
32.61
20.94
32,400
Sep 4, 2025
1.652 Dividend 

Sep 4, 2025
32.35
32.91
32.33
32.84
21.08
42,500
Sep 3, 2025
34.21
34.38
33.95
34.12
20.85
130,500
Sep 2, 2025
33.77
34.13
33.43
34.00
20.77
25,800
Aug 29, 2025
34.42
34.42
33.86
34.07
20.81
13,300
Aug 28, 2025
34.50
34.62
34.37
34.44
21.04
14,800
Aug 27, 2025
34.55
34.57
34.25
34.26
20.93
7,700
Aug 26, 2025
34.09
34.55
34.05
34.55
21.10
12,600
Aug 25, 2025
34.28
34.59
34.06
34.15
20.86
19,400
Aug 22, 2025
33.72
34.69
33.47
34.55
21.11
17,800
Aug 21, 2025
33.46
33.86
33.46
33.61
20.53
13,000
Aug 20, 2025
33.72
33.82
32.73
33.82
20.66
15,700
Aug 19, 2025
35.19
35.19
33.74
33.85
20.68
15,900
Aug 18, 2025
34.75
35.10
34.50
35.07
21.42
14,300
Aug 15, 2025
34.56
34.79
34.35
34.79
21.25
9,200
Aug 14, 2025
34.45
34.69
34.33
34.64
21.16
9,100
Aug 13, 2025
35.17
35.30
34.63
34.70
21.20
17,500
Aug 12, 2025
35.10
35.13
34.57
34.93
21.34
11,600
Aug 11, 2025
34.82
35.16
34.63
34.72
21.21
49,500
Aug 8, 2025
34.49
34.66
34.24
34.59
21.13
52,500
Aug 7, 2025
1.358 Dividend 

Aug 7, 2025
34.65
34.80
34.21
34.59
21.13
64,000
Aug 6, 2025
35.10
35.54
34.70
35.47
20.84
108,200
Aug 5, 2025
35.71
35.80
34.85
35.00
20.56
34,600
Aug 4, 2025
36.18
36.18
35.29
35.76
21.01
41,600
Aug 1, 2025
36.01
36.10
34.85
35.35
20.77
42,700
Jul 31, 2025
37.39
37.90
37.08
37.15
21.82
55,800
Jul 30, 2025
36.48
36.67
36.20
36.38
21.37
14,800
Jul 29, 2025
36.75
36.75
35.93
36.11
21.21
15,200
Jul 28, 2025
36.80
36.80
36.28
36.46
21.42
41,400
Jul 25, 2025
36.41
36.71
36.29
36.56
21.48
8,100
Jul 24, 2025
36.60
36.60
36.30
36.50
21.44
12,300
Jul 23, 2025
36.14
36.47
36.14
36.39
21.38
10,800
Jul 22, 2025
36.79
36.79
36.12
36.35
21.35
12,100
Jul 21, 2025
37.02
37.05
36.60
36.60
21.50
25,300
Jul 18, 2025
37.00
37.00
36.67
36.80
21.62
16,600
Jul 17, 2025
36.56
36.92
36.48
36.92
21.69
14,600
Jul 16, 2025
36.47
36.81
36.46
36.56
21.48
42,400
Jul 15, 2025
36.48
36.55
36.29
36.40
21.38
41,800
Jul 14, 2025
36.41
36.78
36.41
36.63
21.52
69,000
Jul 11, 2025
36.16
36.41
36.11
36.17
21.25
60,200
Jul 10, 2025
1.445 Dividend 

Jul 10, 2025
36.00
36.27
35.70
36.27
21.31
77,800
Jul 9, 2025
37.23
37.49
37.00
37.48
21.17
241,600
Jul 8, 2025
37.48
37.48
36.68
36.78
20.77
20,200
Jul 7, 2025
37.39
37.44
37.05
37.31
21.07
18,300
Jul 3, 2025
37.34
37.48
37.14
37.48
21.17
36,400
Jul 2, 2025
37.06
37.64
37.06
37.48
21.17
6,300
Jul 1, 2025
37.47
37.61
36.70
36.99
20.89
11,400
Jun 30, 2025
36.76
37.43
36.76
37.36
21.10
18,800
Jun 27, 2025
36.55
36.75
36.46
36.57
20.66
23,800
Jun 26, 2025
36.49
36.69
36.45
36.69
20.72
6,300
Jun 25, 2025
36.40
36.40
36.06
36.26
20.48
54,100
Jun 24, 2025
36.02
36.10
35.95
35.98
20.32
8,200
Jun 23, 2025
35.43
35.76
35.18
35.76
20.20
7,600
Jun 20, 2025
35.38
35.87
35.25
35.41
20.00
7,800
Jun 18, 2025
35.25
35.55
35.15
35.23
19.90
9,600
Jun 17, 2025
35.26
35.49
35.12
35.33
19.96
12,400
Jun 16, 2025
35.35
35.64
35.28
35.53
20.07
25,100
Jun 13, 2025
35.02
35.32
34.86
35.02
19.78
22,200
Jun 12, 2025
1.121 Dividend 

Jun 12, 2025
35.55
35.57
35.34
35.50
20.05
27,900
Jun 11, 2025
36.73
36.87
36.50
36.67
20.08
48,000
Jun 10, 2025
36.87
36.87
36.43
36.70
20.10
26,700
Jun 9, 2025
36.84
36.84
36.64
36.68
20.08
37,700
Jun 6, 2025
36.60
36.66
36.40
36.57
20.02
10,500
