Date
Open
High
Low
Close 

Adj Close 

Volume
May 26, 2026
45.60
45.88
45.56
45.80
45.80
359,315
May 22, 2026
45.30
45.50
45.07
45.22
45.22
338,500
May 21, 2026
44.91
45.30
44.68
45.14
45.14
224,900
May 20, 2026
44.40
44.87
44.20
44.81
44.81
136,400
May 19, 2026
44.32
44.42
43.71
44.14
44.14
200,500
May 18, 2026
44.56
44.75
43.98
44.43
44.43
220,200
May 15, 2026
44.58
45.00
44.40
44.66
44.66
208,400
May 14, 2026
44.70
45.17
44.58
45.12
45.12
176,300
May 13, 2026
44.60
44.83
44.11
44.65
44.65
180,700
May 12, 2026
44.47
44.60
44.25
44.58
44.58
207,700
May 11, 2026
44.32
44.58
44.32
44.52
44.52
207,400
May 8, 2026
44.64
44.64
44.32
44.59
44.59
218,900
May 7, 2026
44.16
44.66
44.16
44.43
44.43
179,800
May 6, 2026
43.75
44.12
43.63
44.09
44.09
176,700
May 5, 2026
43.80
43.88
43.64
43.70
43.70
130,600
May 4, 2026
43.59
43.83
43.42
43.63
43.63
160,500
May 1, 2026
43.24
43.57
43.19
43.46
43.46
152,900
Apr 30, 2026
43.14
43.21
42.60
43.08
43.08
170,700
Apr 29, 2026
42.91
42.98
42.67
42.93
42.93
117,600
Apr 28, 2026
42.88
43.06
42.69
42.98
42.98
118,700
Apr 27, 2026
43.08
43.25
42.90
43.24
43.24
182,600
Apr 24, 2026
42.80
43.09
42.65
43.00
43.00
193,800
Apr 23, 2026
42.75
42.78
42.08
42.36
42.36
294,300
Apr 22, 2026
0.904 Dividend 

Apr 22, 2026
42.63
42.84
42.43
42.82
42.82
112,700
Apr 21, 2026
43.30
43.40
43.00
43.11
42.21
205,800
Apr 20, 2026
43.38
43.44
42.85
43.19
42.28
239,200
Apr 17, 2026
43.34
43.55
43.22
43.37
42.46
238,100
Apr 16, 2026
43.10
43.32
42.76
43.21
42.30
205,500
Apr 15, 2026
42.25
42.92
42.25
42.92
42.02
174,800
Apr 14, 2026
42.00
42.21
41.99
42.18
41.30
159,700
Apr 13, 2026
41.19
41.76
41.18
41.71
40.84
204,300
Apr 10, 2026
41.00
41.19
40.85
41.11
40.25
112,700
Apr 9, 2026
41.10
41.10
40.65
41.00
40.14
197,900
Apr 8, 2026
41.71
41.72
40.90
41.07
40.21
181,700
Apr 7, 2026
40.47
40.61
40.03
40.61
39.76
126,800
Apr 6, 2026
40.46
40.77
40.40
40.58
39.73
124,500
Apr 2, 2026
39.57
40.40
39.35
40.38
39.53
173,900
Apr 1, 2026
40.03
40.50
39.95
40.22
39.38
165,700
Mar 31, 2026
38.61
39.80
38.61
39.67
38.84
173,700
Mar 30, 2026
38.88
39.01
37.90
38.13
37.33
234,700
Mar 27, 2026
39.17
39.25
38.63
38.68
37.87
306,100
Mar 26, 2026
40.38
40.38
39.44
39.49
38.66
312,200
Mar 25, 2026
0.868 Dividend 

Mar 25, 2026
40.97
41.09
40.61
40.72
39.87
128,200
Mar 24, 2026
41.78
41.90
41.16
41.37
39.65
276,400
Mar 23, 2026
41.80
42.37
41.66
41.92
40.18
235,100
Mar 20, 2026
41.92
41.92
41.03
41.28
39.57
265,300
Mar 19, 2026
41.65
42.18
41.42
41.99
40.25
148,000
Mar 18, 2026
42.33
42.53
42.06
42.06
40.31
88,500
Mar 17, 2026
42.36
42.57
42.22
42.40
40.64
95,500
Mar 16, 2026
42.34
42.59
42.26
42.27
40.52
99,800
Mar 13, 2026
42.23
42.54
41.75
41.85
40.11
108,200
Mar 12, 2026
42.56
42.68
42.04
42.16
40.41
122,900
Mar 11, 2026
42.80
43.13
42.65
42.78
41.00
113,600
Mar 10, 2026
42.44
42.74
42.25
42.39
40.63
183,500
Mar 9, 2026
41.12
42.28
41.03
42.19
40.44
126,100
Mar 6, 2026
41.83
42.19
41.45
41.55
39.83
117,400
Mar 5, 2026
41.89
42.36
41.71
42.20
40.45
151,600
Mar 4, 2026
41.49
42.22
41.42
42.03
40.29
176,800
Mar 3, 2026
40.81
41.36
40.38
41.23
39.52
154,800
Mar 2, 2026
40.78
41.71
40.66
41.62
39.89
278,500
Feb 27, 2026
41.29
41.55
41.08
41.35
39.63
160,700
Feb 26, 2026
41.87
41.87
41.08
41.62
39.89
272,600
Feb 25, 2026
0.883 Dividend 

Feb 25, 2026
41.42
41.94
41.42
41.90
40.16
239,700
Feb 24, 2026
41.60
42.16
41.25
42.06
39.47
185,600
Feb 23, 2026
42.00
42.00
41.23
41.48
38.92
174,000
Feb 20, 2026
41.78
42.41
41.68
42.24
39.64
112,900
Feb 19, 2026
41.80
42.14
41.75
41.94
39.36
97,100
Feb 18, 2026
41.63
42.26
41.45
41.94
39.36
95,500
Feb 17, 2026
41.20
41.76
40.82
41.53
38.97
175,700
Feb 13, 2026
41.49
41.90
41.01
41.61
39.05
139,700
Feb 12, 2026
42.62
42.65
41.43
41.55
38.99
193,800
Feb 11, 2026
43.00
43.13
42.23
42.60
39.97
141,100
Feb 10, 2026
43.06
43.12
42.67
42.74
40.11
131,700
Feb 9, 2026
42.20
43.08
41.97
42.82
40.18
180,400
Feb 6, 2026
41.26
42.22
41.17
42.16
39.56
216,000
Feb 5, 2026
41.49
41.88
40.87
41.20
38.66
345,400
Feb 4, 2026
42.99
42.99
41.35
41.83
39.25
429,600
Feb 3, 2026
44.25
44.26
42.98
43.50
40.82
264,400
Feb 2, 2026
43.69
44.15
43.69
43.92
41.21
203,500
Jan 30, 2026
44.00
44.31
43.56
43.80
41.10
207,200
Jan 29, 2026
44.60
44.61
43.50
44.26
41.53
359,300
Jan 28, 2026
0.955 Dividend 

Jan 28, 2026
44.82
44.94
44.51
44.59
41.84
206,000
Jan 27, 2026
45.54
45.62
45.21
45.49
41.79
145,200
Jan 26, 2026
45.10
45.48
45.10
45.22
41.54
238,800
Jan 23, 2026
44.99
45.35
44.81
45.20
41.52
231,400
Jan 22, 2026
45.38
45.38
44.86
45.16
41.49
202,100
Jan 21, 2026
44.61
44.98
44.22
44.76
41.12
217,000
Jan 20, 2026
44.85
45.11
44.47
44.54
40.92
392,600
Jan 16, 2026
45.73
45.75
45.23
45.40
41.71
189,000
Jan 15, 2026
45.64
45.76
45.31
45.37
41.68
121,100
Jan 14, 2026
45.81
45.81
45.00
45.35
41.66
192,800
Jan 13, 2026
45.95
45.99
45.70
45.95
42.21
127,200
Jan 12, 2026
45.33
45.93
45.33
45.78
42.06
148,400
Jan 9, 2026
45.21
45.66
45.09
45.64
41.93
139,500
Jan 8, 2026
45.46
45.46
44.96
45.13
41.46
213,400
Jan 7, 2026
45.39
45.69
45.30
45.49
41.79
141,300
Jan 6, 2026
45.47
45.47
45.00
45.30
41.62
177,200
Jan 5, 2026
45.55
45.64
45.30
45.46
41.76
202,000
Jan 2, 2026
45.97
46.05
44.97
45.17
41.50
154,600
Dec 31, 2025
45.87
45.98
45.53
45.55
41.85
139,200
Dec 30, 2025
45.76
45.98
45.74
45.86
42.13
126,000
Dec 29, 2025
45.62
45.83
45.54
45.81
42.08
175,600
Dec 26, 2025
45.99
46.06
45.87
45.90
42.17
224,800
Dec 24, 2025
0.984 Dividend 

Dec 24, 2025
45.89
45.99
45.76
45.99
42.25
124,100
Dec 23, 2025
46.63
46.89
46.51
46.89
42.17
279,600
Dec 22, 2025
46.83
46.83
46.47
46.63
41.94
213,900
Dec 19, 2025
45.84
46.47
45.84
46.43
41.76
152,800
Dec 18, 2025
45.50
45.80
45.35
45.60
41.01
130,600
Dec 17, 2025
45.80
45.80
44.67
44.68
40.18
248,000
Dec 16, 2025
45.40
45.80
45.33
45.70
41.10
164,800
Dec 15, 2025
46.17
46.23
45.46
45.49
40.91
182,000
Dec 12, 2025
46.61
46.67
45.74
45.96
41.34
155,600
Dec 11, 2025
46.53
46.61
46.04
46.58
41.89
94,500
Dec 10, 2025
46.51
46.74
46.38
46.66
41.97
79,200
Dec 9, 2025
46.43
46.69
46.35
46.69
41.99
60,000
Dec 8, 2025
46.52
46.64
46.25
46.44
41.77
77,600
Dec 5, 2025
46.15
46.55
46.15
46.32
41.66
84,900
Dec 4, 2025
46.14
46.26
45.98
46.19
41.54
93,800
Dec 3, 2025
46.01
46.25
45.80
46.13
41.49
130,900
Dec 2, 2025
46.16
46.57
46.12
46.35
41.69
115,800
Dec 1, 2025
45.38
45.94
45.26
45.88
41.26
152,700
Nov 28, 2025
45.67
45.88
45.54
45.88
41.26
58,100
Nov 26, 2025
45.00
45.45
44.87
45.32
40.76
172,200
Nov 25, 2025
0.959 Dividend 

Nov 25, 2025
44.40
44.72
43.76
44.69
40.19
137,000
Nov 24, 2025
44.40
45.74
44.40
45.72
40.26
139,700
Nov 21, 2025
44.01
44.54
43.01
44.00
38.74
239,400
Nov 20, 2025
46.18
46.23
43.80
43.99
38.73
249,600
Nov 19, 2025
45.35
45.88
44.66
45.16
39.76
181,000
Nov 18, 2025
45.49
45.81
44.81
45.34
39.92
201,400
Nov 17, 2025
46.07
46.44
45.39
45.75
40.28
157,800
Nov 14, 2025
45.37
46.63
45.16
46.24
40.72
223,300
Nov 13, 2025
47.39
47.39
45.96
46.27
40.74
167,000
Nov 12, 2025
47.98
47.99
47.24
47.57
41.89
118,300
Nov 11, 2025
47.92
47.94
47.45
47.68
41.98
119,300
Nov 10, 2025
47.69
48.23
47.69
48.12
42.37
224,600
Nov 7, 2025
46.56
47.03
45.86
47.03
41.41
228,400
Nov 6, 2025
48.02
48.03
46.89
47.00
41.38
193,700
Nov 5, 2025
47.54
48.06
47.30
47.89
42.17
141,100
Nov 4, 2025
47.69
48.11
47.40
47.44
41.77
262,500
Nov 3, 2025
48.50
48.69
48.35
48.42
42.63
134,700
Oct 31, 2025
48.71
48.73
48.22
48.41
42.63
103,300
Oct 30, 2025
48.37
48.53
47.89
47.94
42.21
251,700
Oct 29, 2025
1.041 Dividend 

Oct 29, 2025
48.65
48.72
48.35
48.68
42.86
183,000
Oct 28, 2025
49.48
49.68
49.31
49.54
42.70
148,100
Oct 27, 2025
49.18
49.31
49.10
49.28
42.48
186,400
Oct 24, 2025
48.36
48.63
48.35
48.54
41.85
152,400
Oct 23, 2025
47.30
47.98
47.20
47.94
41.33
120,300
Oct 22, 2025
47.93
47.96
46.71
47.32
40.79
244,100
Oct 21, 2025
48.15
48.22
47.81
48.04
41.41
152,100
Oct 20, 2025
47.81
48.22
47.80
48.02
41.39
258,300
Oct 17, 2025
47.07
47.59
46.89
47.43
40.89
127,700
Oct 16, 2025
47.56
47.87
46.95
47.17
40.66
99,000
Oct 15, 2025
47.50
47.69
46.90
47.34
40.81
101,400
Oct 14, 2025
46.83
47.33
46.38
46.95
40.47
81,700
Oct 13, 2025
47.00
47.30
46.70
47.25
40.73
96,900
Oct 10, 2025
47.46
47.65
46.28
46.39
39.99
187,000
Oct 9, 2025
47.58
47.58
47.25
47.53
40.97
88,700
Oct 8, 2025
47.30
47.56
47.30
47.56
41.00
69,400
Oct 7, 2025
47.43
47.53
47.07
47.25
40.73
114,100
Oct 6, 2025
47.49
47.54
47.10
47.28
40.76
200,700
Oct 3, 2025
47.44
47.44
46.81
47.03
40.54
113,700
Oct 2, 2025
47.51
47.51
47.08
47.34
40.81
87,800
Oct 1, 2025
46.74
47.15
46.64
47.10
40.60
102,200
Sep 30, 2025
46.82
46.85
46.51
46.85
40.39
53,500
Sep 29, 2025
46.61
46.99
46.61
46.81
40.35
120,600
Sep 26, 2025
46.31
46.44
46.00
46.44
40.03
116,300
Sep 25, 2025
46.15
46.33
45.74
46.16
39.79
186,100
Sep 24, 2025
0.997 Dividend 

Sep 24, 2025
46.77
46.77
46.32
46.52
40.10
109,100
Sep 23, 2025
47.86
47.86
47.44
47.53
40.11
151,900
Sep 22, 2025
47.76
47.92
47.67
47.73
40.28
195,400
Sep 19, 2025
47.57
47.74
47.46
47.71
40.26
106,600
Sep 18, 2025
47.30
47.59
47.19
47.45
40.04
136,100
Sep 17, 2025
47.00
47.03
46.32
46.86
39.55
125,200
Sep 16, 2025
47.08
47.09
46.94
47.04
39.70
103,700
Sep 15, 2025
46.75
46.99
46.70
46.94
39.61
101,900
Sep 12, 2025
46.50
46.75
46.48
46.67
39.39
78,100
Sep 11, 2025
46.54
46.57
46.37
46.45
39.20
76,500
Sep 10, 2025
46.79
46.79
46.31
46.37
39.13
78,000
Sep 9, 2025
46.30
46.51
46.22
46.46
39.21
86,400
Sep 8, 2025
46.20
46.36
46.15
46.30
39.07
116,100
Sep 5, 2025
46.25
46.30
45.67
46.01
38.83
116,600
Sep 4, 2025
45.56
45.96
45.43
45.96
38.79
111,100
Sep 3, 2025
45.59
45.77
45.32
45.49
38.39
106,000
Sep 2, 2025
44.90
45.30
44.53
45.24
38.18
150,200
Aug 29, 2025
45.84
45.84
45.25
45.37
38.29
145,700
Aug 28, 2025
45.77
46.00
45.58
45.97
38.80
142,600
Aug 27, 2025
0.975 Dividend 

Aug 27, 2025
45.56
45.74
45.37
45.57
38.46
114,500
Aug 26, 2025
46.30
46.52
46.17
46.46
38.39
97,300
Aug 25, 2025
46.28
46.50
46.00
46.27
38.23
102,300
Aug 22, 2025
45.60
46.55
45.45
46.38
38.32
110,900
Aug 21, 2025
45.72
45.74
45.35
45.49
37.59
102,300
Aug 20, 2025
45.93
45.94
44.82
45.72
37.78
195,900
Aug 19, 2025
46.97
46.98
46.01
46.04
38.04
131,300
Aug 18, 2025
46.90
47.03
46.77
47.00
38.83
104,900
Aug 15, 2025
47.25
47.25
46.85
47.06
38.88
79,200
Aug 14, 2025
47.00
47.20
46.89
47.13
38.94
75,200
Aug 13, 2025
47.18
47.30
46.96
47.06
38.88
86,200
Aug 12, 2025
47.01
47.14
46.76
47.09
38.91
99,600
Aug 11, 2025
46.78
47.06
46.76
46.83
38.69
97,900
Aug 8, 2025
46.52
46.75
46.44
46.69
38.58
78,300
Aug 7, 2025
46.51
46.64
46.12
46.36
38.30
90,900
Aug 6, 2025
45.70
46.27
45.69
46.27
38.23
86,100
Aug 5, 2025
45.90
46.08
45.59
45.68
37.74
70,200
Aug 4, 2025
45.39
45.70
45.28
45.64
37.71
106,600
Aug 1, 2025
45.26
45.26
44.77
44.93
37.12
169,300
Jul 31, 2025
46.18
46.18
45.50
45.60
37.68
114,800
Jul 30, 2025
45.66
45.85
45.50
45.74
37.79
123,200
Jul 29, 2025
45.90
45.98
45.52
45.58
37.66
95,100
Jul 28, 2025
45.69
45.89
45.69
45.80
37.84
110,100
Jul 25, 2025
45.50
45.71
45.41
45.57
37.65
113,700
Jul 24, 2025
45.61
45.70
45.39
45.60
37.68
143,600
Jul 23, 2025
0.971 Dividend 

Jul 23, 2025
45.41
45.52
45.16
45.52
37.61
121,600
Jul 22, 2025
46.69
46.69
45.88
46.23
37.39
166,200
Jul 21, 2025
46.51
46.75
46.40
46.62
37.71
239,800
Jul 18, 2025
46.57
46.58
46.26
46.35
37.49
153,400
Jul 17, 2025
46.33
46.45
46.12
46.39
37.52
146,400
Jul 16, 2025
46.41
46.53
45.87
46.31
37.46
183,600
Jul 15, 2025
46.20
46.33
46.18
46.18
37.35
95,100
Jul 14, 2025
46.03
46.21
45.90
46.17
37.35
124,200
Jul 11, 2025
46.00
46.09
45.81
46.03
37.23
66,900
Jul 10, 2025
45.95
46.00
45.80
45.95
37.17
97,200
Jul 9, 2025
45.70
45.94
45.70
45.88
37.11
101,400
Jul 8, 2025
45.62
45.74
45.48
45.69
36.96
159,300
Jul 7, 2025
45.49
45.51
45.32
45.40
36.72
113,900
Jul 3, 2025
45.50
45.69
45.50
45.63
36.91
62,100
Jul 2, 2025
45.17
45.35
44.96
45.34
36.67
73,200
Jul 1, 2025
45.37
45.41
44.82
45.02
36.42
138,500
Jun 30, 2025
45.56
45.65
45.45
45.52
36.82
155,900
Jun 27, 2025
45.50
45.57
45.17
45.35
36.68
155,400
Jun 26, 2025
45.25
45.42
45.10
45.40
36.72
199,500
Jun 25, 2025
0.962 Dividend 

Jun 25, 2025
45.13
45.17
44.89
45.05
36.44
139,900
Jun 24, 2025
45.45
45.94
45.45
45.87
36.32
206,400
Jun 23, 2025
44.71
45.14
44.51
45.14
35.75
178,900
Jun 20, 2025
45.12
45.19
44.51
44.69
35.39
108,400
Jun 18, 2025
44.79
45.00
44.64
44.85
35.52
118,100
Jun 17, 2025
44.91
44.97
44.64
44.71
35.41
84,900
Jun 16, 2025
44.51
44.94
44.51
44.90
35.56
128,700
Jun 13, 2025
44.30
44.60
44.14
44.27
35.06
68,500
Jun 12, 2025
44.44
44.67
44.44
44.59
35.31
77,600
Jun 11, 2025
44.66
44.79
44.45
44.52
35.26
134,100
Jun 10, 2025
44.45
44.69
44.32
44.62
35.34
97,800
Jun 9, 2025
43.96
44.40
43.96
44.35
35.12
107,500
Jun 6, 2025
44.10
44.19
43.91
44.02
34.86
97,700
Jun 5, 2025
43.96
44.23
43.24
43.44
34.40
96,300
Jun 4, 2025
43.91
43.97
43.71
43.95
34.80
103,700
Jun 3, 2025
43.51
43.95
43.37
43.82
34.70
93,700
Jun 2, 2025
42.98
43.50
42.97
43.46
34.42
127,300
May 30, 2025
43.21
43.23
42.51
43.14
34.16
112,700
May 29, 2025
43.53
43.53
42.97
43.17
34.19
214,600
May 28, 2025
0.926 Dividend 

May 28, 2025
43.34
43.39
43.09
43.14
34.16
99,000
May 27, 2025
43.70
44.18
43.60
44.13
34.21
175,200
