Date
Open
High
Low
Close 

Adj Close 

Volume

May 22, 2026
20.73
21.48
20.72
21.47
21.47
25,800
May 21, 2026
0.296 Dividend 

May 21, 2026
21.25
21.27
20.72
20.86
20.86
25,600
May 20, 2026
21.14
21.44
20.98
21.38
21.08
39,400
May 19, 2026
21.64
21.80
21.08
21.25
20.96
65,000
May 18, 2026
21.30
21.90
21.24
21.52
21.22
55,300
May 15, 2026
20.17
21.33
20.17
21.08
20.79
124,200
May 14, 2026
0.279 Dividend 

May 14, 2026
20.71
21.30
18.90
19.80
19.53
110,300
May 13, 2026
20.68
21.30
20.68
20.99
20.42
50,600
May 12, 2026
20.00
21.07
19.50
20.46
19.91
105,100
May 11, 2026
21.12
21.62
19.49
19.54
19.01
136,600
May 8, 2026
22.34
22.61
20.97
20.98
20.41
90,100
May 7, 2026
0.291 Dividend 

May 7, 2026
21.29
21.84
21.17
21.61
21.03
51,100
May 6, 2026
21.53
21.80
21.40
21.40
20.54
89,200
May 5, 2026
20.40
21.76
20.40
21.41
20.55
71,800
May 4, 2026
21.25
21.37
20.55
20.93
20.09
159,400
May 1, 2026
22.00
22.12
21.81
22.06
21.17
43,500
Apr 30, 2026
0.309 Dividend 

Apr 30, 2026
22.77
23.02
22.20
22.25
21.36
26,800
Apr 29, 2026
22.56
23.40
22.55
23.04
21.82
52,700
Apr 28, 2026
22.48
22.55
22.13
22.21
21.03
34,500
Apr 27, 2026
21.76
22.08
21.44
22.00
20.83
49,400
Apr 24, 2026
21.60
22.01
21.60
21.78
20.62
35,600
Apr 23, 2026
0.299 Dividend 

Apr 23, 2026
21.50
22.08
21.21
21.84
20.68
53,200
Apr 22, 2026
21.55
21.74
20.95
21.48
20.06
82,500
Apr 21, 2026
21.00
22.32
21.00
22.29
20.81
60,200
Apr 20, 2026
21.80
21.94
20.91
20.92
19.53
63,600
Apr 17, 2026
21.66
21.84
20.46
21.46
20.04
116,900
Apr 16, 2026
0.445 Dividend 

Apr 16, 2026
22.49
23.45
22.05
22.16
20.69
92,200
Apr 15, 2026
24.45
24.60
22.92
23.00
21.06
131,100
Apr 14, 2026
25.38
25.38
24.13
24.55
22.48
111,000
Apr 13, 2026
27.06
27.06
25.80
25.86
23.68
115,500
Apr 10, 2026
26.42
26.88
26.42
26.72
24.47
50,100
Apr 9, 2026
0.444 Dividend 

Apr 9, 2026
25.47
26.51
25.47
26.35
24.13
57,400
Apr 8, 2026
24.30
26.25
23.97
25.99
23.39
101,800
Apr 7, 2026
26.39
27.10
25.95
25.96
23.37
77,700
Apr 6, 2026
25.95
26.09
25.58
25.97
23.37
61,200
Apr 2, 2026
0.368 Dividend 

Apr 2, 2026
26.67
26.93
26.25
26.40
23.76
38,600
Apr 1, 2026
25.65
26.49
25.65
26.39
23.42
67,600
Mar 31, 2026
27.38
27.56
26.00
26.14
23.20
82,500
Mar 30, 2026
27.68
27.80
27.55
27.69
24.57
149,800
Mar 27, 2026
26.91
27.93
26.91
27.75
24.63
88,200
Mar 26, 2026
0.362 Dividend 

Mar 26, 2026
26.32
26.62
25.87
26.47
23.49
39,200
Mar 25, 2026
25.83
26.20
25.26
26.04
22.79
70,800
Mar 24, 2026
24.46
26.50
24.46
26.14
22.88
65,500
Mar 23, 2026
24.65
24.73
24.08
24.34
21.30
56,800
Mar 20, 2026
24.15
24.86
24.15
24.65
21.57
45,600
Mar 19, 2026
0.306 Dividend 

Mar 19, 2026
24.71
25.07
23.85
24.04
21.04
57,300
Mar 18, 2026
23.92
24.45
23.69
24.32
21.02
78,500
Mar 17, 2026
24.29
24.29
23.15
23.51
20.32
73,300
Mar 16, 2026
24.34
24.69
23.91
24.20
20.91
101,800
Mar 13, 2026
24.09
25.17
23.75
25.06
21.66
61,400
Mar 12, 2026
0.349 Dividend 

Mar 12, 2026
25.01
25.28
24.81
25.25
21.82
46,500
Mar 11, 2026
25.18
25.60
24.59
25.09
21.38
47,800
Mar 10, 2026
24.42
25.41
24.20
25.26
21.52
45,000
Mar 9, 2026
25.06
25.61
24.43
24.83
21.16
77,100
Mar 6, 2026
25.02
25.40
24.54
25.13
21.41
78,600
Mar 5, 2026
0.294 Dividend 

Mar 5, 2026
24.05
24.63
23.11
24.09
20.53
135,400
Mar 4, 2026
26.02
26.07
23.58
24.06
20.25
218,000
Mar 3, 2026
28.41
28.99
27.24
27.76
23.37
74,900
Mar 2, 2026
29.00
29.00
27.22
27.40
23.06
96,600
Feb 27, 2026
28.50
29.00
28.15
28.48
23.97
53,700
Feb 26, 2026
0.614 Dividend 

Feb 26, 2026
27.73
28.38
27.20
27.84
23.43
111,700
Feb 25, 2026
30.16
30.39
27.70
28.03
23.08
191,100
Feb 24, 2026
32.43
32.87
31.55
31.60
26.02
69,400
Feb 23, 2026
30.79
32.00
30.61
31.75
26.14
91,000
Feb 20, 2026
31.22
31.22
29.40
30.00
24.70
67,800
Feb 19, 2026
0.605 Dividend 

Feb 19, 2026
31.38
31.66
30.65
30.93
25.46
64,200
Feb 18, 2026
31.53
31.89
30.07
31.82
25.70
139,000
Feb 17, 2026
31.96
32.56
30.56
31.37
25.34
179,500
Feb 13, 2026
34.06
34.95
31.00
31.65
25.56
276,500
Feb 12, 2026
0.629 Dividend 

Feb 12, 2026
33.73
36.11
33.60
35.79
28.90
145,600
Feb 11, 2026
33.65
35.15
33.59
34.46
27.32
176,300
Feb 10, 2026
32.64
32.68
31.66
32.63
25.87
90,300
Feb 9, 2026
32.71
33.08
31.56
31.57
25.03
110,600
Feb 6, 2026
34.04
34.38
31.96
31.96
25.34
189,200
Feb 5, 2026
0.482 Dividend 

Feb 5, 2026
33.18
35.49
32.43
35.34
28.02
170,500
Feb 4, 2026
31.31
32.89
31.31
32.47
25.36
111,500
Feb 3, 2026
30.11
31.67
30.03
30.94
24.17
101,800
Feb 2, 2026
30.01
30.33
29.83
30.08
23.50
78,100
Jan 30, 2026
28.92
29.73
28.87
29.34
22.92
59,600
Jan 29, 2026
0.326 Dividend 

Jan 29, 2026
28.00
29.35
28.00
28.81
22.50
99,900
Jan 28, 2026
27.74
28.36
27.74
28.18
21.76
71,000
Jan 27, 2026
27.83
28.27
27.83
27.97
21.60
47,700
Jan 26, 2026
27.83
27.94
27.61
27.83
21.49
54,200
Jan 23, 2026
26.93
27.54
26.93
27.47
21.21
42,200
Jan 22, 2026
0.261 Dividend 

Jan 22, 2026
26.50
26.94
26.48
26.91
20.78
65,400
Jan 21, 2026
26.77
27.25
26.65
26.89
20.56
48,800
Jan 20, 2026
26.48
27.00
26.43
26.85
20.53
59,700
Jan 16, 2026
25.78
26.23
25.78
25.88
19.79
47,600
Jan 15, 2026
0.245 Dividend 

Jan 15, 2026
24.94
26.15
24.94
26.00
19.88
46,900
Jan 14, 2026
24.68
25.01
24.08
24.72
18.71
67,800
Jan 13, 2026
25.63
25.69
24.82
25.01
18.93
72,100
Jan 12, 2026
26.08
26.10
25.50
25.91
19.61
44,900
Jan 9, 2026
25.56
26.34
25.56
26.01
19.69
73,200
Jan 8, 2026
0.27 Dividend 

Jan 8, 2026
26.24
26.24
25.37
25.61
19.39
168,900
Jan 7, 2026
25.52
26.40
25.52
25.88
19.39
55,100
Jan 6, 2026
24.94
25.83
24.60
25.40
19.03
133,500
Jan 5, 2026
25.72
25.78
24.50
24.92
18.67
107,200
Jan 2, 2026
0.413 Dividend 

Jan 2, 2026
27.40
27.74
26.60
26.86
20.12
123,800
Dec 31, 2025
27.75
28.09
27.70
27.97
20.64
48,900
Dec 30, 2025
27.43
27.68
27.31
27.68
20.43
53,600
Dec 29, 2025
27.24
27.50
26.96
27.43
20.24
128,000
Dec 26, 2025
0.393 Dividend 

Dec 26, 2025
26.92
27.29
26.92
27.20
20.07
262,600
Dec 24, 2025
27.24
27.44
27.24
27.29
19.85
62,600
Dec 23, 2025
26.92
27.35
26.92
27.14
19.74
80,600
Dec 22, 2025
26.50
26.76
26.40
26.76
19.47
54,500
Dec 19, 2025
26.83
27.15
26.72
26.78
19.48
79,000
Dec 18, 2025
0.405 Dividend 

Dec 18, 2025
26.37
27.31
26.20
27.26
19.83
86,600
Dec 17, 2025
26.70
27.41
26.33
27.41
19.64
95,400
Dec 16, 2025
26.65
26.89
26.45
26.78
19.19
84,900
Dec 15, 2025
25.68
27.16
25.68
26.91
19.29
120,700
Dec 12, 2025
25.25
25.77
24.80
25.71
18.43
93,900
Dec 11, 2025
0.321 Dividend 

Dec 11, 2025
25.34
25.80
25.27
25.42
18.22
162,300
Dec 10, 2025
25.24
25.36
24.90
25.12
17.77
72,500
Dec 9, 2025
25.32
25.35
24.36
24.89
17.61
58,900
Dec 8, 2025
25.13
25.36
24.96
25.13
17.78
52,500
Dec 5, 2025
25.28
25.70
25.17
25.36
17.94
83,300
Dec 4, 2025
0.399 Dividend 

Dec 4, 2025
25.01
25.30
24.63
25.06
17.73
99,400
Dec 3, 2025
26.00
26.18
25.20
25.24
17.58
163,600
Dec 2, 2025
1:10 Stock Splits 

Dec 2, 2025
25.94
26.31
25.60
26.31
18.32
142,200
Dec 1, 2025
26.40
27.10
26.00
26.60
18.52
682,340
Nov 28, 2025
0.69 Dividend 

Nov 28, 2025
25.60
25.75
24.80
25.40
17.69
112,530
Nov 26, 2025
27.60
27.95
26.60
26.80
18.18
432,690
Nov 25, 2025
28.40
29.10
27.80
27.90
18.93
269,540
Nov 24, 2025
28.70
29.00
28.10
28.30
19.20
545,040
Nov 21, 2025
28.60
29.90
28.50
28.90
19.61
258,210
Nov 20, 2025
0.68 Dividend 

Nov 20, 2025
27.40
29.38
27.35
29.10
19.74
253,790
Nov 19, 2025
28.10
29.20
28.10
28.40
18.81
305,670
Nov 18, 2025
28.10
28.19
27.50
28.10
18.61
146,230
Nov 17, 2025
27.30
28.40
27.20
28.00
18.54
184,940
Nov 14, 2025
27.10
27.29
26.16
26.70
17.68
234,230
Nov 13, 2025
0.62 Dividend 

Nov 13, 2025
25.40
26.75
25.35
26.50
17.55
211,840
Nov 12, 2025
25.50
26.10
25.40
25.90
16.74
253,680
Nov 11, 2025
25.20
25.95
24.90
25.80
16.67
98,840
Nov 10, 2025
24.40
25.22
24.25
24.80
16.03
97,880
Nov 7, 2025
26.60
27.00
25.20
25.40
16.42
293,460
Nov 6, 2025
0.43 Dividend 

Nov 6, 2025
24.90
26.30
24.90
26.20
16.93
152,390
Nov 5, 2025
25.40
25.76
25.00
25.20
16.01
94,050
Nov 4, 2025
25.30
26.00
25.05
25.90
16.45
120,110
Nov 3, 2025
24.30
25.00
24.20
24.80
15.75
110,520
Oct 31, 2025
24.60
24.63
23.10
24.20
15.37
213,980
Oct 30, 2025
0.36 Dividend 

Oct 30, 2025
24.00
24.85
24.00
24.80
15.75
218,540
Oct 29, 2025
23.80
24.40
23.60
24.10
15.08
123,850
Oct 28, 2025
23.40
23.90
23.10
23.80
14.89
111,440
Oct 27, 2025
23.60
23.70
22.80
23.40
14.64
251,500
Oct 24, 2025
25.20
25.25
23.70
23.90
14.96
425,590
Oct 23, 2025
0.52 Dividend 

Oct 23, 2025
25.70
26.10
25.50
25.90
16.21
77,570
Oct 22, 2025
25.80
26.80
25.70
26.30
16.13
278,510
Oct 21, 2025
25.20
25.60
25.00
25.40
15.58
78,000
Oct 20, 2025
25.10
25.30
24.35
25.00
15.34
111,880
Oct 17, 2025
26.20
26.40
25.50
25.50
15.64
237,180
Oct 16, 2025
1.12 Dividend 

Oct 16, 2025
25.30
25.90
25.15
25.70
15.76
159,780
Oct 15, 2025
26.30
26.75
26.00
26.60
15.63
181,200
Oct 14, 2025
26.50
26.75
25.72
26.30
15.45
294,280
Oct 13, 2025
25.40
26.19
25.30
25.50
14.98
162,410
Oct 10, 2025
24.20
25.70
23.62
25.50
14.98
205,660
Oct 9, 2025
24.50
24.51
24.01
24.30
14.28
90,180
Oct 8, 2025
24.60
24.77
24.13
24.30
14.28
57,330
Oct 7, 2025
24.30
25.47
24.25
24.80
14.57
76,750
Oct 6, 2025
24.20
24.60
23.90
24.30
14.28
81,310
Oct 3, 2025
25.00
25.20
24.50
24.50
14.40
158,670
Oct 2, 2025
26.10
26.14
24.80
25.00
14.69
156,570
Oct 1, 2025
26.90
27.06
26.30
26.60
15.63
92,360
Sep 30, 2025
27.90
27.90
27.25
27.30
16.04
77,120
Sep 29, 2025
28.90
29.00
27.50
27.60
16.22
127,820
Sep 26, 2025
29.60
29.90
29.10
29.20
17.16
72,600
Sep 25, 2025
29.20
29.69
29.01
29.50
17.33
122,210
Sep 24, 2025
28.60
28.90
28.60
28.80
16.92
137,170
Sep 23, 2025
28.30
29.00
28.20
29.00
17.04
68,770
Sep 22, 2025
28.20
28.60
28.10
28.30
16.63
118,660
Sep 19, 2025
27.80
28.10
27.30
27.70
16.28
129,290
Sep 18, 2025
1.9 Dividend 

Sep 18, 2025
29.10
29.10
27.20
27.70
16.28
244,570
Sep 17, 2025
30.90
31.65
30.65
31.30
17.28
254,290
Sep 16, 2025
30.50
31.10
30.30
30.70
16.94
184,710
Sep 15, 2025
31.00
31.00
30.50
30.60
16.89
135,590
Sep 12, 2025
30.60
31.10
30.40
30.90
17.05
77,180
Sep 11, 2025
31.20
31.30
30.50
30.70
16.94
87,920
Sep 10, 2025
31.00
31.70
30.23
31.40
17.33
138,530
Sep 9, 2025
32.50
32.50
31.10
31.20
17.22
75,290
Sep 8, 2025
32.60
32.97
32.20
32.50
17.94
45,550
Sep 5, 2025
31.30
32.90
31.09
32.70
18.05
130,360
Sep 4, 2025
32.10
32.40
31.71
31.80
17.55
37,800
Sep 3, 2025
31.80
32.20
31.61
32.00
17.66
54,410
Sep 2, 2025
32.10
32.40
31.40
31.80
17.55
57,080
Aug 29, 2025
31.60
31.90
31.54
31.80
17.55
34,380
Aug 28, 2025
31.10
31.58
30.80
31.40
17.33
53,950
Aug 27, 2025
31.30
31.40
31.00
31.30
17.28
54,790
Aug 26, 2025
31.50
31.80
31.20
31.20
17.22
71,000
Aug 25, 2025
31.00
31.49
30.70
31.30
17.28
62,800
Aug 22, 2025
31.90
32.10
30.04
30.20
16.67
201,530
Aug 21, 2025
2.69 Dividend 

Aug 21, 2025
31.70
32.00
31.50
32.00
17.66
97,380
Aug 20, 2025
34.30
35.00
34.20
34.20
17.39
379,160
Aug 19, 2025
33.20
34.40
32.95
34.40
17.49
73,790
Aug 18, 2025
33.60
34.00
32.70
32.90
16.73
64,850
Aug 15, 2025
32.60
33.26
32.55
33.10
16.83
37,890
Aug 14, 2025
32.70
33.10
32.11
32.40
16.48
59,840
Aug 13, 2025
32.30
32.75
30.30
32.30
16.42
85,550
Aug 12, 2025
32.30
33.40
31.90
32.70
16.63
52,470
Aug 11, 2025
32.70
32.90
31.40
32.90
16.73
116,000
Aug 8, 2025
33.50
34.40
33.31
33.50
17.04
79,520
Aug 7, 2025
33.40
33.89
32.80
33.50
17.04
110,010
Aug 6, 2025
34.60
35.00
34.00
34.10
17.34
78,250
Aug 5, 2025
33.90
34.50
33.50
34.50
17.54
65,190
Aug 4, 2025
33.00
33.60
32.65
33.20
16.88
80,260
Aug 1, 2025
31.90
33.59
31.90
33.30
16.93
280,400
Jul 31, 2025
30.00
30.30
29.70
30.20
15.36
73,290
Jul 30, 2025
30.10
30.50
29.70
30.20
15.36
102,370
Jul 29, 2025
30.00
30.90
29.80
30.70
15.61
104,530
Jul 28, 2025
29.30
30.35
29.30
30.10
15.31
99,890
Jul 25, 2025
29.20
29.50
29.10
29.40
14.95
159,190
Jul 24, 2025
1.38 Dividend 

Jul 24, 2025
28.70
29.10
28.60
29.00
14.75
106,540
Jul 23, 2025
30.00
30.60
30.00
30.30
14.71
278,830
Jul 22, 2025
29.30
30.27
29.01
29.80
14.46
149,070
Jul 21, 2025
28.90
29.40
28.13
29.40
14.27
137,020
Jul 18, 2025
29.20
29.70
27.71
29.10
14.12
183,650
Jul 17, 2025
30.40
30.45
29.10
29.50
14.32
124,080
Jul 16, 2025
30.70
30.70
29.80
30.30
14.71
123,260
Jul 15, 2025
30.90
31.99
30.08
30.90
15.00
83,110
Jul 14, 2025
30.80
31.00
30.25
30.60
14.85
149,490
Jul 11, 2025
30.70
31.65
30.49
31.10
15.09
107,690
Jul 10, 2025
32.20
32.30
30.80
30.90
15.00
185,090
Jul 9, 2025
33.50
33.80
31.90
31.90
15.48
122,450
Jul 8, 2025
33.30
34.20
32.50
33.70
16.36
69,970
Jul 7, 2025
33.90
34.00
32.81
33.50
16.26
46,960
Jul 3, 2025
34.00
34.09
33.30
33.50
16.26
58,070
Jul 2, 2025
34.90
34.90
33.30
33.80
16.40
113,300
Jul 1, 2025
34.70
35.10
34.20
35.00
16.99
84,150
Jun 30, 2025
33.90
34.50
33.60
34.40
16.70
115,820
Jun 27, 2025
32.90
34.50
32.89
34.10
16.55
176,700
Jun 26, 2025
1.54 Dividend 

Jun 26, 2025
34.50
34.59
32.00
32.50
15.77
194,360
Jun 25, 2025
36.40
37.20
35.25
36.70
17.06
176,140
Jun 24, 2025
40.80
40.80
37.00
37.10
17.25
163,440
Jun 23, 2025
42.00
42.70
40.51
41.20
19.16
84,820
Jun 20, 2025
41.90
42.20
40.90
41.20
19.16
103,590
Jun 18, 2025
50.30
50.50
41.80
42.40
19.72
204,020
Jun 17, 2025
49.80
51.05
49.25
50.20
23.34
33,540
Jun 16, 2025
51.90
51.90
48.50
48.90
22.74
83,720
Jun 13, 2025
53.10
53.50
52.35
52.50
24.41
26,700
Jun 12, 2025
52.10
52.70
52.10
52.60
24.46
55,010
Jun 11, 2025
51.20
52.05
50.55
51.80
24.09
52,480
Jun 10, 2025
50.70
51.60
50.20
51.20
23.81
33,570
Jun 9, 2025
51.10
51.40
50.65
50.90
23.67
35,330
Jun 6, 2025
51.30
51.60
50.79
51.30
23.85
21,770
Jun 5, 2025
50.30
52.70
49.31
52.40
24.37
60,220
Jun 4, 2025
50.60
51.38
50.15
51.20
23.81
45,280
Jun 3, 2025
52.60
52.60
50.20
50.60
23.53
72,650
Jun 2, 2025
52.40
53.20
52.00
52.60
24.46
78,290
May 30, 2025
52.30
52.80
52.00
52.40
24.37
84,060
May 29, 2025
2.67 Dividend 

May 29, 2025
51.00
52.39
51.00
52.10
24.23
89,170
May 28, 2025
53.05
54.30
53.00
54.30
24.01
114,690
May 27, 2025
53.00
53.00
52.35
52.90
23.39
114,600
May 23, 2025
53.50
53.50
52.40
52.90
23.39
62,050
May 22, 2025
52.80
52.95
51.00
51.60
22.81
84,400
May 21, 2025
53.40
53.60
52.05
53.40
23.61
70,010
May 20, 2025
52.70
53.55
52.50
53.00
23.43
56,510
May 19, 2025
53.30
53.30
52.30
52.80
23.34
79,260
May 16, 2025
55.30
55.30
51.50
52.30
23.12
121,460
May 15, 2025
54.00
56.10
53.60
55.60
24.58
62,220
May 14, 2025
54.10
54.10
52.70
53.10
23.48
72,460
May 13, 2025
60.70
60.80
54.20
54.70
24.18
194,210
May 12, 2025
67.20
67.90
65.80
67.80
29.98
82,080
May 9, 2025
68.40
69.75
65.10
69.20
30.59
95,990
May 8, 2025
67.50
67.70
65.90
67.10
29.67
61,170
May 7, 2025
68.30
69.70
68.30
69.20
30.59
38,440
May 6, 2025
69.30
69.80
68.75
69.20
30.59
62,740
May 5, 2025
67.70
68.80
67.65
68.40
30.24
63,110
May 2, 2025
66.90
68.00
66.40
67.00
29.62
67,960
May 1, 2025
5.62 Dividend 

May 1, 2025
66.00
68.20
66.00
67.60
29.89
93,860
Apr 30, 2025
74.50
75.30
73.60
73.70
30.10
141,470
Apr 29, 2025
73.40
73.40
72.25
72.70
29.69
120,860
Apr 28, 2025
72.50
74.90
72.20
73.00
29.81
120,370
Apr 25, 2025
73.60
73.60
71.60
72.20
29.49
80,580
Apr 24, 2025
77.90
77.90
73.40
73.40
29.98
59,840
Apr 23, 2025
75.50
77.65
74.60
77.00
31.45
52,020
Apr 22, 2025
84.00
84.00
77.20
78.90
32.22
76,610
Apr 21, 2025
85.30
86.20
83.70
85.00
34.71
29,000
Apr 17, 2025
85.60
85.90
83.80
84.70
34.59
14,410
Apr 16, 2025
85.80
86.60
84.60
85.60
34.96
30,700
Apr 15, 2025
82.80
85.40
82.30
83.80
34.22
29,560
Apr 14, 2025
82.80
85.25
81.30
83.80
34.22
37,560
Apr 11, 2025
85.50
86.80
82.84
84.30
34.43
22,730
Apr 10, 2025
86.50
90.30
83.50
85.40
34.88
81,450
Apr 9, 2025
94.30
94.80
78.10
82.00
33.49
77,020
Apr 8, 2025
87.60
95.58
86.65
93.80
38.31
63,430
Apr 7, 2025
95.00
97.20
86.41
91.00
37.16
83,260
Apr 4, 2025
88.20
93.00
88.20
89.60
36.59
84,570
Apr 3, 2025
9.24 Dividend 

Apr 3, 2025
86.70
88.62
86.40
86.50
35.33
62,290
Apr 2, 2025
96.40
96.40
90.70
91.40
33.55
136,490
Apr 1, 2025
94.50
96.60
93.80
94.00
34.51
28,610
Mar 31, 2025
96.40
97.70
94.60
95.20
34.95
74,180
Mar 28, 2025
91.00
94.50
90.50
94.00
34.51
45,470
Mar 27, 2025
86.70
89.70
86.40
89.40
32.82
21,150
Mar 26, 2025
82.60
87.30
81.49
86.60
31.79
20,080
Mar 25, 2025
82.80
84.50
80.90
82.20
30.18
21,530
Mar 24, 2025
85.80
87.81
82.50
82.80
30.40
48,730
Mar 21, 2025
89.70
89.90
87.60
88.10
32.34
10,830
Mar 20, 2025
89.50
89.50
85.70
87.70
32.20
22,150
Mar 19, 2025
89.50
90.40
85.90
87.50
32.12
17,200
Mar 18, 2025
89.60
91.70
89.00
91.10
33.44
20,460
Mar 17, 2025
90.30
90.80
85.80
87.90
32.27
26,090
Mar 14, 2025
89.40
91.10
88.10
89.60
32.89
37,520
Mar 13, 2025
86.50
91.10
86.50
90.50
33.22
41,090
Mar 12, 2025
83.20
88.50
82.11
85.40
31.35
37,850
Mar 11, 2025
87.30
88.30
84.60
85.90
31.54
49,830
Mar 10, 2025
82.70
89.80
82.70
88.70
32.56
86,520
Mar 7, 2025
80.10
83.15
78.20
78.90
28.97
50,980
Mar 6, 2025
6.83 Dividend 

Mar 6, 2025
79.50
80.90
76.00
80.20
29.44
54,150
Mar 5, 2025
87.30
89.00
84.10
84.80
28.62
99,250
Mar 4, 2025
90.50
92.70
85.38
87.40
29.50
54,980
Mar 3, 2025
80.60
89.80
80.00
88.60
29.91
63,300
Feb 28, 2025
90.10
91.00
85.85
86.30
29.13
56,620
Feb 27, 2025
85.20
88.77
83.60
88.50
29.87
25,060
Feb 26, 2025
86.80
88.30
85.30
86.00
29.03
29,850
Feb 25, 2025
85.20
88.88
84.90
86.50
29.20
67,170
Feb 24, 2025
81.50
84.50
81.10
83.10
28.05
32,690
Feb 21, 2025
75.80
82.25
75.33
82.10
27.71
66,850
Feb 20, 2025
78.20
78.90
77.25
77.80
26.26
39,940
Feb 19, 2025
77.10
78.20
77.10
77.90
26.30
20,390
Feb 18, 2025
74.80
77.80
74.70
77.10
26.03
28,200
Feb 14, 2025
71.20
75.60
71.10
74.70
25.21
56,800
Feb 13, 2025
73.00
73.00
67.70
68.90
23.26
61,490
Feb 12, 2025
76.60
76.79
74.20
74.50
25.15
16,760
Feb 11, 2025
73.80
76.58
73.80
76.30
25.76
27,100
Feb 10, 2025
73.20
74.60
72.20
73.40
24.78
36,650
Feb 7, 2025
74.10
74.98
72.70
74.00
24.98
55,940
Feb 6, 2025
5.5 Dividend 

Feb 6, 2025
74.30
75.10
73.30
74.60
25.18
59,520
Feb 5, 2025
79.60
80.10
78.60
80.10
25.18
65,310
Feb 4, 2025
79.10
79.30
77.81
79.30
24.93
41,780
Feb 3, 2025
80.40
80.43
77.75
79.00
24.84
49,030
Jan 31, 2025
75.20
77.80
75.00
77.20
24.27
30,970
Jan 30, 2025
77.40
77.40
74.30
75.70
23.80
40,940
Jan 29, 2025
79.30
79.80
76.90
77.60
24.40
19,230
Jan 28, 2025
79.20
79.50
78.30
79.20
24.90
17,790
Jan 27, 2025
77.70
80.90
77.40
79.30
24.93
42,440
Jan 24, 2025
75.80
75.90
73.20
75.70
23.80
57,210
Jan 23, 2025
77.30
77.52
74.70
76.30
23.99
29,750
Jan 22, 2025
77.40
77.80
75.60
76.20
23.96
27,650
Jan 21, 2025
75.30
80.60
74.35
76.10
23.92
44,540
Jan 17, 2025
77.00
77.20
75.00
75.90
23.86
40,810
Jan 16, 2025
81.40
82.00
78.10
79.10
24.87
18,550
Jan 15, 2025
83.00
83.30
79.70
80.60
25.34
37,400
Jan 14, 2025
84.50
86.40
83.60
85.30
26.82
24,800
Jan 13, 2025
86.90
88.40
86.20
86.20
27.10
32,980
Jan 10, 2025
85.30
86.80
83.70
84.60
26.60
47,620
Jan 8, 2025
6.53 Dividend 

Jan 8, 2025
83.40
85.80
82.52
83.70
26.31
35,710
Jan 7, 2025
84.80
90.60
84.20
90.10
26.27
67,590
Jan 6, 2025
87.10
88.70
82.40
84.40
24.61
57,880
Jan 3, 2025
91.50
92.20
88.80
89.10
25.98
39,540
Jan 2, 2025
92.40
93.00
90.90
92.40
26.94
23,700
Dec 31, 2024
90.10
93.70
90.10
93.30
27.21
20,080
Dec 30, 2024
90.40
93.30
90.40
91.70
26.74
39,620
Dec 27, 2024
87.90
89.70
87.90
89.10
25.98
42,510
Dec 26, 2024
87.60
88.00
86.50
87.90
25.63
19,610
Dec 24, 2024
87.30
87.40
84.90
85.80
25.02
22,030
Dec 23, 2024
86.70
88.80
86.70
87.50
25.51
42,480
Dec 20, 2024
87.00
87.50
85.60
86.70
25.28
34,530
Dec 19, 2024
83.00
86.05
82.70
85.50
24.93
34,020
Dec 18, 2024
79.50
85.05
79.00
84.30
24.58
47,380
Dec 17, 2024
77.90
80.70
76.50
79.20
23.09
23,350
Dec 16, 2024
78.00
78.20
75.70
77.90
22.71
61,590
Dec 13, 2024
77.70
80.00
77.60
78.50
22.89
46,140
Dec 12, 2024
6.82 Dividend 

Dec 12, 2024
77.80
79.50
76.10
78.50
22.89
37,480
Dec 11, 2024
86.00
86.00
83.35
85.10
22.83
92,060
Dec 10, 2024
85.70
87.60
85.45
87.60
23.50
35,530
Dec 9, 2024
82.40
86.50
82.40
86.50
23.20
40,080
Dec 6, 2024
84.40
84.40
80.60
83.60
22.42
33,150
Dec 5, 2024
81.60
85.65
79.50
85.10
22.83
62,550
Dec 4, 2024
87.80
88.10
83.30
83.60
22.42
34,710
Dec 3, 2024
90.70
90.70
87.25
88.70
23.79
17,330
Dec 2, 2024
89.80
89.90
87.70
89.90
24.11
16,940
Nov 29, 2024
87.60
90.10
86.50
90.00
24.14
9,780
Nov 27, 2024
88.90
90.30
86.80
87.60
23.50
15,570
Nov 26, 2024
89.30
90.90
87.50
90.20
24.19
20,780
Nov 25, 2024
87.80
90.60
86.30
87.40
23.44
22,620
Nov 22, 2024
89.50
89.50
87.40
88.70
23.79
21,030
Nov 21, 2024
83.10
90.80
83.10
89.80
24.09
30,810
Nov 20, 2024
82.80
87.70
80.70
84.70
22.72
45,100
Nov 19, 2024
85.00
85.65
83.40
84.00
22.53
28,430
Nov 18, 2024
88.30
91.50
83.10
83.90
22.50
59,310
Nov 15, 2024
91.70
93.50
87.40
87.70
23.52
61,040
Nov 14, 2024
7.26 Dividend 

Nov 14, 2024
90.80
93.90
90.80
92.70
24.86
55,760
Nov 13, 2024
93.40
99.80
91.30
99.50
24.74
112,710
Nov 12, 2024
95.90
96.00
92.30
93.60
23.27
147,310
Nov 11, 2024
97.30
99.00
89.50
92.80
23.07
145,340
Nov 8, 2024
114.00
114.00
104.50
105.90
26.33
82,450
Nov 7, 2024
121.00
121.90
111.90
114.40
28.45
81,770
Nov 6, 2024
142.30
142.30
114.25
116.10
28.87
152,820
Nov 5, 2024
169.00
169.00
160.00
162.50
40.41
12,330
Nov 4, 2024
172.00
175.10
167.80
167.80
41.72
13,850
Nov 1, 2024
167.10
172.70
166.70
170.50
42.39
39,650
Oct 31, 2024
159.70
168.30
159.20
168.30
41.85
42,430
Oct 30, 2024
153.20
155.50
149.90
154.60
38.44
13,690
Oct 29, 2024
150.00
151.90
147.70
149.80
37.25
19,010
Oct 28, 2024
155.00
155.00
151.00
152.50
37.92
21,010
Oct 25, 2024
155.00
158.50
152.90
158.00
39.29
9,700
Oct 24, 2024
156.60
159.30
154.07
155.50
38.66
12,460
Oct 23, 2024
155.50
161.50
154.90
160.00
39.78
34,010
Oct 22, 2024
154.50
156.30
151.50
154.30
38.37
15,310
Oct 21, 2024
153.10
155.80
150.80
152.70
37.97
31,050
Oct 18, 2024
155.00
155.90
149.40
149.50
37.17
53,740
Oct 17, 2024
14.51 Dividend 

Oct 17, 2024
155.50
159.35
155.10
157.80
39.24
28,600
Oct 16, 2024
174.00
177.60
168.50
169.80
38.61
114,830
Oct 15, 2024
180.60
182.70
172.30
178.50
40.59
30,290
Oct 14, 2024
192.90
197.50
176.20
177.90
40.45
46,690
Oct 11, 2024
209.40
209.40
193.90
197.50
44.91
24,310
Oct 10, 2024
207.70
211.70
206.85
209.90
47.73
10,230
Oct 9, 2024
206.60
206.90
201.04
206.40
46.94
8,780
Oct 8, 2024
206.60
206.70
202.25
204.60
46.53
5,560
Oct 7, 2024
202.70
204.20
195.60
203.00
46.16
10,550
Oct 4, 2024
205.80
205.80
200.20
200.20
45.53
8,460
Oct 3, 2024
204.20
205.88
203.35
205.20
46.66
4,970
Oct 2, 2024
204.30
204.35
200.20
204.20
46.44
17,770
Oct 1, 2024
192.00
203.80
191.75
202.12
45.96
19,050
Sep 30, 2024
187.60
192.10
186.20
191.50
43.55
11,160
Sep 27, 2024
189.50
190.70
178.91
180.00
40.93
15,020
Sep 26, 2024
200.20
200.20
188.48
190.60
43.34
15,500
Sep 25, 2024
200.00
202.20
196.00
201.20
45.75
6,540
Sep 24, 2024
200.40
203.81
197.25
197.50
44.91
5,520
Sep 23, 2024
197.80
199.59
195.00
198.10
45.05
9,320
Sep 20, 2024
196.60
202.03
195.00
197.20
44.84
7,530
Sep 19, 2024
198.50
200.39
191.40
198.60
45.16
23,950
Sep 18, 2024
207.40
207.40
198.10
205.40
46.71
5,940
Sep 17, 2024
204.10
206.18
199.20
204.40
46.48
5,850
Sep 16, 2024
208.30
210.00
203.74
205.10
46.64
5,840
Sep 13, 2024
203.50
203.90
196.51
202.30
46.00
7,900
Sep 12, 2024
207.00
210.00
199.30
202.10
45.96
9,060
Sep 11, 2024
210.90
215.84
207.40
209.41
47.62
11,730
Sep 10, 2024
211.80
215.70
206.60
207.90
47.28
11,080
Sep 9, 2024
213.30
213.30
206.40
209.70
47.69
17,620
Sep 6, 2024
18.71 Dividend 

Sep 6, 2024
207.60
211.60
205.90
210.50
47.87
15,590
Sep 5, 2024
228.50
228.50
224.70
226.90
47.34
35,080
Sep 4, 2024
223.10
225.30
222.00
224.60
46.86
9,270
Sep 3, 2024
216.00
221.18
214.40
220.30
45.97
17,540
Aug 30, 2024
211.50
212.50
210.40
212.00
44.23
7,050
Aug 29, 2024
208.50
210.50
205.60
209.50
43.71
14,990
Aug 28, 2024
202.70
208.48
202.70
207.80
43.36
7,720
Aug 27, 2024
204.70
204.80
201.40
203.40
42.44
5,760
Aug 26, 2024
197.80
199.30
194.20
198.40
41.40
4,040
Aug 23, 2024
201.60
201.60
192.80
193.24
40.32
6,170
Aug 22, 2024
197.80
201.95
195.50
201.64
42.07
2,990
Aug 21, 2024
202.40
202.40
195.88
195.88
40.87
4,240
Aug 20, 2024
197.50
203.89
194.20
200.93
41.92
5,830
Aug 19, 2024
198.00
199.19
194.80
196.32
40.96
3,440
Aug 16, 2024
202.30
202.30
195.10
195.70
40.83
3,200
Aug 15, 2024
202.90
202.90
194.60
200.10
41.75
6,820
Aug 14, 2024
198.40
204.50
197.50
201.60
42.06
4,440
Aug 13, 2024
203.70
203.90
197.50
199.75
41.68
5,140
Aug 12, 2024
202.50
206.30
200.10
204.33
42.63
4,800
Aug 9, 2024
203.40
204.63
197.90
202.20
42.19
7,120
Aug 8, 2024
209.90
209.90
202.01
202.82
42.32
7,970
Aug 7, 2024
18.92 Dividend 

Aug 7, 2024
194.60
203.69
193.98
203.50
42.46
7,490
Aug 6, 2024
226.80
226.80
215.40
217.20
41.37
19,540
Aug 5, 2024
231.70
231.70
213.60
217.15
41.36
6,040
Aug 2, 2024
198.80
211.79
198.80
211.00
40.19
2,700
Aug 1, 2024
197.40
208.00
194.46
208.00
39.62
3,250
Jul 31, 2024
197.10
200.60
194.15
200.60
38.21
2,430
Jul 30, 2024
193.60
200.00
190.96
199.03
37.91
2,180
Jul 29, 2024
184.35
193.20
179.70
193.20
36.80
3,200
Jul 26, 2024
189.75
189.75
181.80
185.80
35.39
2,560
Jul 25, 2024
187.40
193.70
187.40
191.90
36.55
3,950
Jul 24, 2024
180.10
184.00
171.80
183.66
34.98
3,710
Jul 23, 2024
171.40
176.40
167.60
175.51
33.43
2,310
Jul 22, 2024
175.50
177.70
170.60
170.85
32.54
1,320
Jul 19, 2024
187.40
187.40
174.50
175.30
33.39
1,490
Jul 18, 2024
181.10
192.65
175.77
191.24
36.43
1,040
Jul 17, 2024
179.20
182.40
174.04
178.18
33.94
1,290
Jul 16, 2024
182.00
189.00
176.70
177.70
33.85
1,590
Jul 15, 2024
197.50
197.50
181.40
186.50
35.52
1,720
Jul 12, 2024
203.00
203.00
199.20
200.99
38.28
1,120
Jul 11, 2024
200.20
202.10
195.50
202.00
38.48
1,090
