Date
Open
High
Low
Close 

Adj Close 

Volume
May 26, 2026
17.57
17.59
17.55
17.58
17.58
7,601
May 22, 2026
17.55
17.55
17.42
17.51
17.51
22,100
May 21, 2026
0.117 Dividend 

May 21, 2026
17.51
17.52
17.45
17.51
17.51
6,500
May 20, 2026
17.53
17.61
17.52
17.61
17.50
10,800
May 19, 2026
17.50
17.50
17.46
17.50
17.38
11,000
May 18, 2026
17.56
17.58
17.52
17.56
17.44
11,200
May 15, 2026
17.59
17.60
17.57
17.57
17.46
3,100
May 14, 2026
17.69
17.70
17.66
17.66
17.55
5,100
May 13, 2026
17.65
17.68
17.65
17.68
17.56
7,400
May 12, 2026
17.64
17.67
17.64
17.67
17.55
3,700
May 11, 2026
17.74
17.75
17.71
17.71
17.59
9,200
May 8, 2026
17.73
17.75
17.73
17.74
17.63
5,500
May 7, 2026
17.77
17.78
17.68
17.69
17.57
10,600
May 6, 2026
17.75
17.76
17.73
17.76
17.65
6,600
May 5, 2026
17.68
17.68
17.64
17.65
17.53
31,400
May 4, 2026
17.66
17.66
17.61
17.62
17.50
800
May 1, 2026
17.71
17.76
17.67
17.70
17.58
14,700
Apr 30, 2026
17.62
17.68
17.60
17.67
17.56
9,900
Apr 29, 2026
17.63
17.64
17.60
17.60
17.48
2,000
Apr 28, 2026
17.65
17.67
17.64
17.66
17.54
13,100
Apr 27, 2026
17.71
17.72
17.64
17.69
17.57
80,300
Apr 24, 2026
17.72
17.73
17.70
17.71
17.59
16,900
Apr 23, 2026
17.71
17.72
17.63
17.65
17.53
6,100
Apr 22, 2026
17.71
17.71
17.66
17.66
17.54
9,500
Apr 21, 2026
17.68
17.70
17.64
17.66
17.54
12,800
Apr 20, 2026
17.71
17.72
17.70
17.71
17.59
7,700
Apr 17, 2026
17.69
17.75
17.68
17.72
17.60
23,100
Apr 16, 2026
0.118 Dividend 

Apr 16, 2026
17.62
17.64
17.62
17.64
17.52
25,700
Apr 15, 2026
17.81
17.81
17.74
17.76
17.52
5,300
Apr 14, 2026
17.68
17.74
17.68
17.74
17.50
4,100
Apr 13, 2026
17.62
17.66
17.61
17.66
17.42
1,600
Apr 10, 2026
17.64
17.64
17.58
17.58
17.35
2,500
Apr 9, 2026
17.58
17.62
17.56
17.62
17.38
9,600
Apr 8, 2026
17.62
17.62
17.55
17.59
17.36
80,600
Apr 7, 2026
17.42
17.48
17.42
17.48
17.24
12,200
Apr 6, 2026
17.47
17.48
17.41
17.48
17.24
10,200
Apr 2, 2026
17.45
17.47
17.42
17.47
17.24
14,900
Apr 1, 2026
17.46
17.49
17.46
17.47
17.23
40,800
Mar 31, 2026
17.35
17.45
17.35
17.45
17.22
10,800
Mar 30, 2026
17.34
17.38
17.31
17.33
17.11
11,100
Mar 27, 2026
17.32
17.35
17.30
17.33
17.10
51,100
Mar 26, 2026
17.30
17.51
17.30
17.39
17.16
63,600
Mar 25, 2026
17.34
17.34
17.29
17.33
17.10
5,900
Mar 24, 2026
17.40
17.40
17.36
17.40
17.16
23,400
Mar 23, 2026
17.42
17.45
17.42
17.45
17.22
7,000
Mar 20, 2026
17.39
17.42
17.37
17.39
17.15
9,700
Mar 19, 2026
0.117 Dividend 

Mar 19, 2026
17.37
17.45
17.32
17.45
17.21
37,000
Mar 18, 2026
17.56
17.58
17.52
17.55
17.20
2,400
Mar 17, 2026
17.55
17.58
17.54
17.58
17.24
3,700
Mar 16, 2026
17.56
17.56
17.50
17.54
17.19
6,800
Mar 13, 2026
17.57
17.57
17.51
17.52
17.17
19,600
Mar 12, 2026
17.61
17.61
17.55
17.55
17.20
20,300
Mar 11, 2026
17.66
17.66
17.62
17.63
17.28
3,300
Mar 10, 2026
17.72
17.72
17.66
17.66
17.31
1,600
Mar 9, 2026
17.54
17.67
17.49
17.65
17.30
19,100
Mar 6, 2026
17.61
17.67
17.61
17.61
17.27
4,400
Mar 5, 2026
17.74
17.77
17.71
17.72
17.36
59,400
Mar 4, 2026
17.74
17.82
17.74
17.81
17.46
5,500
Mar 3, 2026
17.63
17.75
17.61
17.74
17.38
7,100
Mar 2, 2026
17.68
17.79
17.68
17.75
17.40
8,800
Feb 27, 2026
17.76
17.78
17.75
17.77
17.42
9,200
Feb 26, 2026
17.84
17.84
17.82
17.83
17.47
3,500
Feb 25, 2026
17.80
17.85
17.80
17.84
17.49
15,100
Feb 24, 2026
17.75
17.78
17.75
17.76
17.41
24,700
Feb 23, 2026
17.86
17.87
17.77
17.77
17.42
18,900
Feb 20, 2026
17.82
17.86
17.82
17.84
17.49
17,700
Feb 19, 2026
0.12 Dividend 

Feb 19, 2026
17.82
17.83
17.79
17.83
17.48
11,800
Feb 18, 2026
17.93
17.96
17.92
17.95
17.48
55,900
Feb 17, 2026
17.85
17.90
17.85
17.90
17.42
2,900
Feb 13, 2026
17.88
17.92
17.88
17.90
17.43
2,100
Feb 12, 2026
17.88
17.90
17.87
17.87
17.40
3,000
Feb 11, 2026
17.97
17.97
17.93
17.94
17.47
9,700
Feb 10, 2026
18.00
18.04
17.99
17.99
17.52
13,300
Feb 9, 2026
17.93
17.99
17.93
17.99
17.51
31,400
Feb 6, 2026
17.87
17.93
17.87
17.93
17.46
22,400
Feb 5, 2026
17.86
17.86
17.82
17.83
17.35
12,900
Feb 4, 2026
17.90
17.91
17.86
17.89
17.41
11,700
Feb 3, 2026
17.93
17.95
17.85
17.89
17.41
6,000
Feb 2, 2026
17.86
17.97
17.86
17.97
17.49
11,200
Jan 30, 2026
17.94
17.94
17.88
17.90
17.43
33,700
Jan 29, 2026
17.88
17.90
17.86
17.90
17.43
6,000
Jan 28, 2026
17.95
17.96
17.91
17.94
17.46
13,100
Jan 27, 2026
17.92
17.92
17.90
17.92
17.45
4,100
Jan 26, 2026
17.88
17.89
17.87
17.89
17.41
2,500
Jan 23, 2026
17.83
17.84
17.81
17.83
17.36
2,300
Jan 22, 2026
17.95
17.95
17.92
17.92
17.45
4,300
Jan 21, 2026
17.79
17.85
17.79
17.85
17.38
395,000
Jan 20, 2026
17.85
17.85
17.76
17.76
17.29
9,800
Jan 16, 2026
17.92
17.95
17.89
17.93
17.46
20,600
Jan 15, 2026
0.121 Dividend 

Jan 15, 2026
17.95
17.99
17.95
17.97
17.49
1,800
Jan 14, 2026
18.03
18.04
18.02
18.03
17.44
7,500
Jan 13, 2026
18.07
18.07
18.01
18.03
17.44
9,100
Jan 12, 2026
18.03
18.05
18.02
18.05
17.45
9,300
Jan 9, 2026
18.03
18.03
18.02
18.02
17.43
8,300
Jan 8, 2026
18.02
18.05
18.02
18.04
17.45
16,500
Jan 7, 2026
18.05
18.05
18.03
18.03
17.44
13,200
Jan 6, 2026
18.02
18.03
18.01
18.03
17.44
27,100
Jan 5, 2026
18.04
18.04
17.96
17.99
17.40
10,500
Jan 2, 2026
17.99
17.99
17.95
17.98
17.39
18,200
Dec 31, 2025
17.99
17.99
17.97
17.97
17.38
4,900
Dec 30, 2025
18.04
18.04
17.98
18.00
17.41
78,300
Dec 29, 2025
17.99
18.02
17.99
18.01
17.42
10,300
Dec 26, 2025
17.98
17.99
17.97
17.99
17.40
24,400
Dec 24, 2025
17.99
18.00
17.98
17.99
17.40
8,200
Dec 23, 2025
17.89
17.93
17.75
17.88
17.30
11,800
Dec 22, 2025
18.00
18.00
17.98
18.00
17.40
22,800
Dec 19, 2025
17.93
17.96
17.90
17.93
17.34
30,100
Dec 18, 2025
0.121 Dividend 

Dec 18, 2025
17.97
18.00
17.94
17.98
17.39
7,200
Dec 17, 2025
18.07
18.07
18.03
18.03
17.32
9,200
Dec 16, 2025
18.07
18.08
18.06
18.07
17.35
6,600
Dec 15, 2025
18.11
18.11
18.09
18.09
17.38
4,300
Dec 12, 2025
18.13
18.13
18.09
18.10
17.39
5,700
Dec 11, 2025
18.10
18.10
18.05
18.08
17.37
20,400
Dec 10, 2025
18.06
18.10
18.05
18.09
17.38
17,600
Dec 9, 2025
18.07
18.07
18.05
18.05
17.33
5,700
Dec 8, 2025
18.06
18.07
18.03
18.03
17.32
4,100
Dec 5, 2025
18.10
18.11
18.07
18.08
17.37
11,900
Dec 4, 2025
18.09
18.09
18.07
18.08
17.36
21,100
Dec 3, 2025
18.05
18.10
18.05
18.09
17.38
21,300
Dec 2, 2025
18.05
18.05
18.01
18.05
17.33
13,300
Dec 1, 2025
18.01
18.05
18.01
18.03
17.32
16,100
Nov 28, 2025
18.05
18.05
18.04
18.05
17.34
4,800
Nov 26, 2025
18.01
18.05
18.01
18.04
17.33
6,300
Nov 25, 2025
17.97
18.01
17.95
18.01
17.30
5,800
Nov 24, 2025
17.91
18.00
17.91
17.96
17.26
6,000
Nov 21, 2025
17.87
17.92
17.76
17.90
17.20
18,100
Nov 20, 2025
0.12 Dividend 

Nov 20, 2025
18.08
18.08
17.96
17.96
17.25
18,100
Nov 19, 2025
17.97
18.01
17.95
17.98
17.16
18,200
Nov 18, 2025
17.94
17.98
17.93
17.95
17.13
12,500
Nov 17, 2025
18.03
18.04
17.94
17.97
17.14
12,800
Nov 14, 2025
18.01
18.18
18.01
18.05
17.22
24,900
Nov 13, 2025
18.12
18.14
18.04
18.05
17.22
55,400
Nov 12, 2025
18.17
18.30
18.15
18.16
17.32
43,200
Nov 11, 2025
18.10
18.16
18.10
18.16
17.33
20,300
Nov 10, 2025
18.09
18.10
18.07
18.10
17.27
20,600
Nov 7, 2025
18.01
18.02
18.00
18.00
17.18
16,000
Nov 6, 2025
18.04
18.04
17.95
18.02
17.19
33,300
Nov 5, 2025
18.03
18.05
18.03
18.04
17.22
5,800
Nov 4, 2025
17.99
18.03
17.99
18.02
17.19
10,300
Nov 3, 2025
18.04
18.05
17.98
18.04
17.21
18,600
Oct 31, 2025
18.05
18.07
18.00
18.04
17.21
15,900
Oct 30, 2025
18.08
18.08
18.05
18.05
17.23
2,700
Oct 29, 2025
18.10
18.10
18.03
18.05
17.22
8,100
Oct 28, 2025
18.09
18.11
18.09
18.10
17.27
8,500
Oct 27, 2025
18.11
18.11
18.08
18.11
17.28
39,100
Oct 24, 2025
18.08
18.11
18.04
18.08
17.25
9,600
Oct 23, 2025
18.04
18.06
18.04
18.06
17.23
4,500
Oct 22, 2025
18.07
18.07
18.03
18.04
17.21
5,700
Oct 21, 2025
18.06
18.07
18.00
18.00
17.18
13,700
Oct 20, 2025
18.02
18.05
17.96
18.04
17.21
23,700
Oct 17, 2025
18.01
18.01
17.99
18.01
17.19
14,700
Oct 16, 2025
0.121 Dividend 

Oct 16, 2025
18.04
18.04
17.98
17.99
17.17
15,100
Oct 15, 2025
18.19
18.19
18.13
18.15
17.20
6,500
Oct 14, 2025
18.13
18.19
18.12
18.13
17.18
6,200
Oct 13, 2025
18.14
18.16
18.10
18.15
17.20
23,200
Oct 10, 2025
18.11
18.12
18.10
18.12
17.17
10,800
Oct 9, 2025
18.10
18.11
18.02
18.07
17.13
66,900
Oct 8, 2025
18.07
18.10
18.06
18.09
17.15
26,200
Oct 7, 2025
18.06
18.08
18.05
18.07
17.12
13,900
Oct 6, 2025
18.05
18.08
18.02
18.05
17.11
24,300
Oct 3, 2025
18.05
18.07
18.05
18.07
17.12
16,400
Oct 2, 2025
18.04
18.05
18.04
18.05
17.11
10,100
Oct 1, 2025
18.02
18.05
18.02
18.04
17.10
11,900
Sep 30, 2025
18.02
18.03
18.01
18.03
17.09
12,700
Sep 29, 2025
18.01
18.02
18.01
18.01
17.07
19,500
Sep 26, 2025
18.01
18.03
18.00
18.01
17.07
7,400
Sep 25, 2025
18.02
18.02
17.99
18.00
17.06
13,500
Sep 24, 2025
18.04
18.04
18.01
18.02
17.08
18,100
Sep 23, 2025
17.99
18.05
17.99
18.03
17.09
4,900
Sep 22, 2025
18.02
18.02
17.95
18.00
17.06
92,400
Sep 19, 2025
18.04
18.05
18.02
18.02
17.08
19,700
Sep 18, 2025
0.121 Dividend 

Sep 18, 2025
18.02
18.07
18.01
18.02
17.08
15,900
Sep 17, 2025
18.16
18.18
18.14
18.14
17.08
17,300
Sep 16, 2025
18.16
18.17
18.14
18.17
17.11
36,500
Sep 15, 2025
18.15
18.16
18.14
18.15
17.08
67,500
Sep 12, 2025
18.12
18.13
18.10
18.12
17.06
2,800
Sep 11, 2025
18.16
18.17
18.13
18.16
17.10
14,600
Sep 10, 2025
18.16
18.18
18.14
18.14
17.08
40,700
Sep 9, 2025
18.16
18.16
18.14
18.15
17.08
2,000
Sep 8, 2025
18.16
18.17
18.13
18.15
17.09
15,500
Sep 5, 2025
18.18
18.18
18.12
18.17
17.11
17,600
Sep 4, 2025
18.14
18.16
18.14
18.14
17.08
16,200
Sep 3, 2025
18.15
18.17
18.15
18.17
17.11
9,300
Sep 2, 2025
18.15
18.15
18.09
18.13
17.07
28,400
Aug 29, 2025
18.15
18.27
18.13
18.20
17.14
4,200
Aug 28, 2025
18.12
18.15
18.12
18.15
17.09
2,900
Aug 27, 2025
18.13
18.15
18.12
18.15
17.09
9,900
Aug 26, 2025
18.12
18.13
18.11
18.13
17.07
2,600
Aug 25, 2025
18.11
18.12
18.11
18.12
17.06
1,300
Aug 22, 2025
18.11
18.14
18.10
18.13
17.07
11,000
Aug 21, 2025
18.09
18.10
18.08
18.09
17.03
23,700
Aug 20, 2025
18.12
18.13
18.09
18.10
17.04
65,700
Aug 19, 2025
18.07
18.10
18.07
18.08
17.03
11,600
Aug 18, 2025
18.08
18.08
18.07
18.08
17.02
2,700
Aug 15, 2025
18.08
18.09
18.05
18.08
17.03
11,500
Aug 14, 2025
0.122 Dividend 

Aug 14, 2025
18.08
18.10
18.06
18.06
17.00
19,800
Aug 13, 2025
18.22
18.22
18.19
18.20
17.03
14,700
Aug 12, 2025
18.18
18.18
18.18
18.18
17.01
34,200
Aug 11, 2025
18.19
18.20
18.18
18.18
17.00
13,300
Aug 8, 2025
18.20
18.22
18.19
18.19
17.02
10,400
Aug 7, 2025
18.21
18.22
18.18
18.20
17.02
17,800
Aug 6, 2025
18.22
18.24
18.19
18.22
17.04
18,600
Aug 5, 2025
18.21
18.24
18.20
18.22
17.04
7,300
Aug 4, 2025
18.23
18.24
18.22
18.23
17.04
3,400
Aug 1, 2025
18.20
18.24
18.20
18.23
17.04
11,000
Jul 31, 2025
18.12
18.14
18.11
18.11
16.94
7,700
Jul 30, 2025
18.15
18.15
18.10
18.13
16.96
4,100
Jul 29, 2025
18.11
18.15
18.10
18.14
16.96
9,900
Jul 28, 2025
18.15
18.15
18.12
18.13
16.95
9,100
Jul 25, 2025
18.15
18.15
18.13
18.15
16.97
26,300
Jul 24, 2025
18.13
18.16
18.10
18.11
16.94
50,500
Jul 23, 2025
18.14
18.15
18.13
18.15
16.97
9,000
Jul 22, 2025
18.10
18.14
18.09
18.14
16.96
17,300
Jul 21, 2025
18.06
18.07
18.05
18.06
16.89
12,700
Jul 18, 2025
18.00
18.00
17.97
17.97
16.80
16,200
Jul 17, 2025
0.122 Dividend 

Jul 17, 2025
17.96
17.98
17.95
17.97
16.80
45,500
Jul 16, 2025
18.15
18.19
18.12
18.16
16.87
29,600
Jul 15, 2025
18.19
18.19
18.10
18.13
16.84
17,700
Jul 14, 2025
18.18
18.23
18.18
18.20
16.91
12,400
Jul 11, 2025
18.23
18.23
18.18
18.20
16.91
11,700
Jul 10, 2025
18.22
18.23
18.20
18.22
16.92
7,200
Jul 9, 2025
18.18
18.23
18.16
18.23
16.93
8,700
Jul 8, 2025
18.29
18.29
18.17
18.17
16.88
13,700
Jul 7, 2025
18.25
18.29
18.25
18.28
16.98
6,900
Jul 3, 2025
18.27
18.28
18.26
18.27
16.97
7,700
Jul 2, 2025
18.28
18.29
18.27
18.27
16.98
5,400
Jul 1, 2025
18.27
18.32
18.27
18.30
17.00
4,000
Jun 30, 2025
18.21
18.26
18.20
18.25
16.95
7,800
Jun 27, 2025
18.18
18.21
18.16
18.19
16.90
16,100
Jun 26, 2025
18.21
18.21
18.16
18.19
16.90
12,400
Jun 25, 2025
18.25
18.25
18.17
18.21
16.92
21,000
Jun 24, 2025
18.23
18.25
18.23
18.25
16.95
9,700
Jun 23, 2025
18.10
18.18
18.10
18.17
16.88
7,700
Jun 20, 2025
18.09
18.10
18.08
18.08
16.80
18,300
Jun 18, 2025
0.122 Dividend 

Jun 18, 2025
18.07
18.10
18.06
18.06
16.78
11,900
Jun 17, 2025
18.17
18.24
18.17
18.19
16.79
26,200
Jun 16, 2025
18.26
18.28
18.23
18.23
16.82
2,600
Jun 13, 2025
18.28
18.28
18.24
18.26
16.85
6,800
Jun 12, 2025
18.24
18.27
18.22
18.27
16.86
14,700
Jun 11, 2025
18.23
18.24
18.21
18.23
16.82
6,000
Jun 10, 2025
18.25
18.26
18.22
18.25
16.84
36,100
Jun 9, 2025
18.17
18.24
18.16
18.22
16.81
23,600
Jun 6, 2025
18.21
18.24
18.20
18.22
16.81
22,400
Jun 5, 2025
18.23
18.23
18.18
18.18
16.77
4,000
Jun 4, 2025
18.23
18.28
18.23
18.24
16.83
1,500
Jun 3, 2025
18.19
18.22
18.19
18.22
16.81
13,900
Jun 2, 2025
18.14
18.18
18.12
18.18
16.77
6,200
May 30, 2025
18.12
18.15
18.04
18.04
16.65
9,300
May 29, 2025
18.12
18.15
18.12
18.15
16.74
9,000
May 28, 2025
18.13
18.14
18.11
18.11
16.71
103,700
May 27, 2025
18.10
18.15
18.10
18.14
16.74
3,800
