Date
Open
High
Low
Close 

Adj Close 

Volume

May 22, 2026
25.67
25.67
25.51
25.51
25.51
2,700
May 21, 2026
25.58
25.78
25.48
25.74
25.74
3,100
May 20, 2026
0.212 Dividend 

May 20, 2026
25.45
25.77
25.45
25.73
25.73
3,500
May 19, 2026
25.73
25.73
25.39
25.48
25.27
1,900
May 18, 2026
26.26
26.26
25.74
25.90
25.68
3,200
May 15, 2026
26.41
26.52
26.12
26.27
26.05
4,200
May 14, 2026
26.60
27.31
26.60
27.08
26.85
4,700
May 13, 2026
0.203 Dividend 

May 13, 2026
26.37
26.95
26.28
26.78
26.56
5,600
May 12, 2026
27.18
27.18
26.50
26.75
26.33
10,300
May 11, 2026
26.74
27.12
26.74
27.08
26.65
2,700
May 8, 2026
26.44
26.86
26.44
26.69
26.27
5,600
May 7, 2026
26.73
26.73
25.90
26.18
25.76
17,300
May 6, 2026
0.221 Dividend 

May 6, 2026
25.82
26.48
25.82
26.48
26.06
7,700
May 5, 2026
26.00
26.00
25.58
25.60
24.98
17,600
May 4, 2026
25.51
25.92
25.51
25.90
25.27
4,000
May 1, 2026
24.94
25.03
24.89
25.03
24.42
3,700
Apr 30, 2026
24.96
24.96
24.71
24.79
24.19
5,800
Apr 29, 2026
0.161 Dividend 

Apr 29, 2026
24.51
24.64
24.51
24.64
24.04
800
Apr 28, 2026
25.05
25.05
24.76
24.95
24.19
4,400
Apr 27, 2026
25.42
25.44
25.20
25.36
24.59
11,100
Apr 24, 2026
25.30
25.53
25.10
25.37
24.59
2,900
Apr 23, 2026
25.50
25.51
24.96
25.05
24.28
5,600
Apr 22, 2026
0.152 Dividend 

Apr 22, 2026
25.15
25.52
25.15
25.52
24.74
2,800
Apr 21, 2026
25.43
25.43
24.88
24.88
23.97
2,300
Apr 20, 2026
25.25
25.36
25.02
25.36
24.43
5,900
Apr 17, 2026
25.44
25.54
25.28
25.37
24.44
2,900
Apr 16, 2026
25.41
25.41
25.10
25.26
24.34
3,300
Apr 15, 2026
0.144 Dividend 

Apr 15, 2026
25.36
25.38
25.16
25.38
24.45
5,500
Apr 14, 2026
24.80
25.32
24.80
25.28
24.22
17,600
Apr 13, 2026
23.95
24.43
23.95
24.42
23.40
3,200
Apr 10, 2026
24.20
24.20
24.02
24.02
23.01
600
Apr 9, 2026
23.96
24.09
23.69
23.81
22.81
4,200
Apr 8, 2026
0.142 Dividend 

Apr 8, 2026
24.38
24.38
24.08
24.11
23.09
2,400
Apr 7, 2026
22.99
23.56
22.99
23.56
22.43
1,200
Apr 6, 2026
23.34
23.34
23.14
23.29
22.17
2,500
Apr 2, 2026
22.67
23.12
22.67
23.12
22.02
1,000
Apr 1, 2026
0.167 Dividend 

Apr 1, 2026
23.50
23.51
23.24
23.24
22.13
1,700
Mar 31, 2026
22.92
23.48
22.92
23.42
22.14
2,800
Mar 30, 2026
22.82
22.82
22.23
22.23
21.02
2,600
Mar 27, 2026
23.10
23.10
22.67
22.71
21.47
1,900
Mar 26, 2026
23.76
23.80
23.36
23.36
22.09
2,200
Mar 25, 2026
0.161 Dividend 

Mar 25, 2026
24.11
24.34
24.09
24.22
22.90
5,300
Mar 24, 2026
23.78
23.78
23.68
23.75
22.31
2,800
Mar 23, 2026
23.77
23.99
23.77
23.83
22.37
800
Mar 20, 2026
23.82
23.82
23.58
23.58
22.14
1,600
Mar 19, 2026
23.49
24.08
23.49
24.08
22.61
1,800
Mar 18, 2026
0.153 Dividend 

Mar 18, 2026
24.08
24.11
24.02
24.02
22.55
1,600
Mar 17, 2026
24.37
24.47
24.26
24.35
22.72
4,500
Mar 16, 2026
24.04
24.22
24.04
24.17
22.55
1,500
Mar 13, 2026
24.16
24.24
23.80
23.86
22.26
8,400
Mar 12, 2026
24.48
24.48
24.02
24.10
22.49
3,000
Mar 11, 2026
0.196 Dividend 

Mar 11, 2026
24.83
24.88
24.66
24.77
23.12
2,300
Mar 10, 2026
24.47
24.86
24.47
24.70
22.86
2,000
Mar 9, 2026
23.64
24.71
23.64
24.71
22.87
2,100
Mar 6, 2026
24.06
24.23
23.86
23.86
22.08
2,900
Mar 5, 2026
24.85
24.85
24.08
24.46
22.64
4,700
Mar 4, 2026
0.161 Dividend 

Mar 4, 2026
24.16
24.93
24.16
24.93
23.07
500
Mar 3, 2026
23.59
24.01
23.53
24.01
22.08
4,800
Mar 2, 2026
24.35
24.79
24.35
24.74
22.75
5,800
Feb 27, 2026
24.65
24.84
24.50
24.84
22.84
3,100
Feb 26, 2026
25.31
25.31
24.75
24.89
22.89
1,900
Feb 25, 2026
0.162 Dividend 

Feb 25, 2026
25.57
25.60
25.45
25.45
23.40
2,300
Feb 24, 2026
25.18
25.56
25.18
25.48
23.28
1,000
Feb 23, 2026
25.01
25.34
24.79
24.84
22.69
4,400
Feb 20, 2026
25.00
25.30
24.90
25.28
23.10
5,600
Feb 19, 2026
24.74
25.01
24.60
25.01
22.85
2,900
Feb 18, 2026
0.173 Dividend 

Feb 18, 2026
24.52
24.87
24.52
24.75
22.61
1,700
Feb 17, 2026
24.24
24.53
24.04
24.42
22.15
2,900
Feb 13, 2026
24.46
24.54
24.16
24.36
22.10
4,200
Feb 12, 2026
24.42
24.42
23.65
23.84
21.63
10,200
Feb 11, 2026
0.16 Dividend 

Feb 11, 2026
24.92
24.92
24.14
24.55
22.27
7,000
Feb 10, 2026
25.77
25.81
25.32
25.36
22.86
3,900
Feb 9, 2026
25.15
25.42
25.14
25.39
22.89
4,900
Feb 6, 2026
25.10
25.10
24.63
24.82
22.37
8,700
Feb 5, 2026
25.00
25.39
24.46
24.75
22.31
7,800
Feb 4, 2026
0.243 Dividend 

Feb 4, 2026
26.79
26.79
25.08
25.48
22.97
12,400
Feb 3, 2026
28.56
28.70
27.65
27.68
24.73
4,700
Feb 2, 2026
27.64
28.28
27.64
27.84
24.88
8,000
Jan 30, 2026
28.08
28.32
27.71
27.73
24.78
17,300
Jan 29, 2026
29.39
29.39
28.38
28.82
25.75
11,300
Jan 28, 2026
0.159 Dividend 

Jan 28, 2026
29.00
29.18
28.74
28.93
25.85
5,600
Jan 27, 2026
29.95
30.00
29.38
29.41
26.14
3,400
Jan 26, 2026
30.19
30.50
30.13
30.17
26.81
9,400
Jan 23, 2026
30.35
30.43
30.35
30.43
27.05
1,100
Jan 22, 2026
29.97
30.14
29.97
30.11
26.76
1,800
Jan 21, 2026
0.19 Dividend 

Jan 21, 2026
29.71
30.27
29.52
29.84
26.52
5,400
Jan 20, 2026
29.68
30.40
29.68
29.92
26.42
6,600
Jan 16, 2026
30.66
30.66
30.40
30.45
26.89
3,400
Jan 15, 2026
31.46
31.46
30.55
30.57
26.99
2,900
Jan 14, 2026
0.177 Dividend 

Jan 14, 2026
31.44
31.69
31.16
31.66
27.95
5,800
Jan 13, 2026
31.31
31.98
31.31
31.91
28.02
3,800
Jan 12, 2026
30.51
31.08
30.51
31.07
27.29
4,200
Jan 9, 2026
30.92
31.07
30.55
30.76
27.01
9,000
Jan 8, 2026
31.24
31.24
30.85
30.95
27.18
4,200
Jan 7, 2026
0.208 Dividend 

Jan 7, 2026
31.21
31.48
31.16
31.27
27.46
2,800
Jan 6, 2026
31.71
31.74
31.11
31.57
27.54
5,400
Jan 5, 2026
31.44
31.60
31.35
31.42
27.41
7,800
Jan 2, 2026
31.05
31.05
30.47
30.86
26.92
6,700
Dec 31, 2025
0.251 Dividend 

Dec 31, 2025
30.95
30.95
30.53
30.58
26.67
10,700
Dec 30, 2025
31.19
31.36
31.15
31.15
26.96
4,400
Dec 29, 2025
31.00
31.41
31.00
31.34
27.12
12,400
Dec 26, 2025
31.25
31.45
31.23
31.31
27.10
3,700
Dec 24, 2025
0.151 Dividend 

Dec 24, 2025
31.58
31.62
31.33
31.57
27.32
7,000
Dec 23, 2025
31.78
31.79
31.45
31.68
27.28
4,700
Dec 22, 2025
31.90
31.95
31.85
31.94
27.51
2,900
Dec 19, 2025
31.86
32.03
31.85
31.89
27.46
2,200
Dec 18, 2025
31.38
31.78
31.08
31.10
26.78
4,300
Dec 17, 2025
0.227 Dividend 

Dec 17, 2025
31.65
31.85
30.58
30.61
26.36
8,500
Dec 16, 2025
30.96
31.56
30.96
31.52
26.95
46,500
Dec 15, 2025
31.45
31.45
30.84
30.87
26.40
2,700
Dec 12, 2025
32.17
32.38
31.31
31.43
26.87
5,500
Dec 11, 2025
32.55
32.55
31.90
32.18
27.51
6,800
Dec 10, 2025
0.39 Dividend 

Dec 10, 2025
32.68
33.05
32.67
32.83
28.07
66,400
Dec 9, 2025
32.88
33.29
32.88
33.16
28.02
13,900
Dec 8, 2025
33.05
33.24
32.82
33.16
28.02
2,900
Dec 5, 2025
32.79
33.35
32.79
33.04
27.92
10,300
Dec 4, 2025
32.91
32.92
32.50
32.92
27.82
6,400
Dec 3, 2025
0.221 Dividend 

Dec 3, 2025
32.20
32.81
32.19
32.76
27.68
5,000
Dec 2, 2025
33.11
33.20
32.72
32.75
27.48
3,600
Dec 1, 2025
32.50
32.69
32.01
32.60
27.36
7,200
Nov 28, 2025
32.14
32.52
32.14
32.50
27.27
5,400
Nov 26, 2025
0.257 Dividend 

Nov 26, 2025
31.76
32.15
31.76
32.06
26.91
8,100
Nov 25, 2025
30.82
31.82
30.82
31.71
26.40
6,600
Nov 24, 2025
30.32
31.40
30.32
31.40
26.14
4,000
Nov 21, 2025
30.18
30.30
29.34
29.99
24.97
11,800
Nov 20, 2025
32.50
32.77
30.06
30.06
25.02
9,300
Nov 19, 2025
0.27 Dividend 

Nov 19, 2025
32.60
32.60
31.76
31.95
26.60
3,500
Nov 18, 2025
32.18
32.87
32.06
32.44
26.78
9,600
Nov 17, 2025
33.04
33.52
32.28
32.74
27.02
6,800
Nov 14, 2025
32.59
34.08
32.49
33.53
27.68
7,200
Nov 13, 2025
34.89
34.89
33.36
33.58
27.72
6,300
Nov 12, 2025
0.313 Dividend 

Nov 12, 2025
35.25
35.30
34.91
35.26
29.11
8,100
Nov 11, 2025
35.24
35.38
35.04
35.22
28.82
3,500
Nov 10, 2025
34.99
35.60
34.99
35.46
29.01
5,500
Nov 7, 2025
33.09
34.08
32.72
34.08
27.89
6,500
Nov 6, 2025
35.25
35.25
33.56
33.56
27.46
9,300
Nov 5, 2025
0.436 Dividend 

Nov 5, 2025
34.79
35.91
34.67
35.74
29.24
5,300
Nov 4, 2025
36.13
36.24
35.46
35.47
28.66
13,700
Nov 3, 2025
37.58
37.58
36.67
37.33
30.17
6,900
Oct 31, 2025
37.23
38.21
37.23
37.26
30.11
7,700
Oct 30, 2025
36.70
36.89
36.01
36.02
29.11
8,800
Oct 29, 2025
0.24 Dividend 

Oct 29, 2025
36.85
37.15
36.85
37.14
30.01
6,700
Oct 28, 2025
37.47
37.47
37.13
37.13
29.81
20,000
Oct 27, 2025
37.50
37.69
37.32
37.40
30.03
12,500
Oct 24, 2025
36.17
36.68
36.00
36.68
29.45
10,500
Oct 23, 2025
34.59
35.40
34.59
35.40
28.42
5,600
Oct 22, 2025
0.533 Dividend 

Oct 22, 2025
36.70
36.70
33.70
34.59
27.78
30,400
Oct 21, 2025
37.47
37.47
37.11
37.22
29.46
32,000
Oct 20, 2025
36.72
37.35
36.51
37.08
29.34
6,000
Oct 17, 2025
35.92
36.12
34.94
36.07
28.55
9,600
Oct 16, 2025
37.02
37.25
36.22
36.27
28.70
6,900
Oct 15, 2025
37.33
37.48
36.76
36.93
29.23
3,700
Oct 14, 2025
36.75
37.52
36.04
36.84
29.16
8,600
Oct 13, 2025
37.41
37.64
37.05
37.56
29.72
8,600
Oct 10, 2025
39.72
39.72
37.11
37.11
29.37
7,200
Oct 9, 2025
39.15
39.50
38.84
39.50
31.26
4,400
Oct 8, 2025
38.72
39.13
38.50
39.13
30.97
3,200
Oct 7, 2025
38.50
38.76
38.25
38.72
30.65
3,000
Oct 6, 2025
39.24
39.24
38.58
38.58
30.53
8,000
Oct 3, 2025
39.07
39.27
38.50
38.82
30.72
7,800
Oct 2, 2025
1.054 Dividend 

Oct 2, 2025
38.24
38.80
38.24
38.80
30.70
4,400
Oct 1, 2025
40.00
40.00
38.97
39.10
30.11
11,300
Sep 30, 2025
39.58
39.71
39.23
39.71
30.58
4,200
Sep 29, 2025
38.63
39.90
38.63
39.90
30.73
4,000
Sep 26, 2025
38.04
38.32
37.91
38.32
29.51
2,600
Sep 25, 2025
37.50
38.51
37.50
38.06
29.31
3,000
Sep 24, 2025
39.04
39.04
38.64
38.70
29.80
4,100
Sep 23, 2025
39.30
39.30
38.68
38.68
29.79
2,600
Sep 22, 2025
39.15
39.17
38.90
39.11
30.12
5,700
Sep 19, 2025
39.13
39.46
39.08
39.46
30.39
1,900
Sep 18, 2025
38.72
39.53
38.72
38.96
30.00
5,900
Sep 17, 2025
38.20
38.47
37.88
38.47
29.63
5,600
Sep 16, 2025
37.82
38.16
37.82
38.16
29.38
5,600
Sep 15, 2025
37.66
37.91
37.66
37.91
29.19
3,600
Sep 12, 2025
37.62
37.85
37.49
37.77
29.08
5,100
Sep 11, 2025
38.16
38.16
37.81
37.81
29.11
8,100
Sep 10, 2025
38.62
38.67
38.03
38.08
29.33
4,900
Sep 9, 2025
38.07
38.38
37.92
38.38
29.55
5,000
Sep 8, 2025
37.36
38.00
37.36
37.90
29.19
13,600
Sep 5, 2025
37.70
37.70
36.05
36.82
28.35
7,900
Sep 4, 2025
1.083 Dividend 

Sep 4, 2025
36.45
37.20
36.45
37.06
28.54
8,000
Sep 3, 2025
37.61
38.00
37.58
37.70
28.20
18,500
Sep 2, 2025
37.35
37.75
37.28
37.64
28.15
10,700
Aug 29, 2025
38.15
38.15
37.60
37.76
28.25
6,700
Aug 28, 2025
38.45
38.45
38.20
38.27
28.62
3,600
Aug 27, 2025
38.45
38.45
38.03
38.04
28.45
1,900
Aug 26, 2025
37.81
38.39
37.76
38.39
28.72
3,300
Aug 25, 2025
38.00
38.30
37.99
37.99
28.41
6,300
Aug 22, 2025
37.19
38.65
37.19
38.44
28.75
8,900
Aug 21, 2025
37.13
37.53
37.13
37.28
27.88
2,600
Aug 20, 2025
37.15
37.49
36.17
37.49
28.04
6,800
Aug 19, 2025
38.37
38.60
37.56
37.59
28.12
6,600
Aug 18, 2025
38.50
39.14
38.43
39.12
29.26
8,100
Aug 15, 2025
38.50
38.79
38.50
38.79
29.02
3,700
Aug 14, 2025
38.21
38.58
38.21
38.58
28.86
5,300
Aug 13, 2025
39.24
39.41
38.53
38.67
28.92
6,600
Aug 12, 2025
39.10
39.10
38.53
38.86
29.07
3,300
Aug 11, 2025
38.82
39.16
38.67
38.69
28.94
13,200
Aug 8, 2025
38.43
38.55
38.11
38.50
28.80
20,500
Aug 7, 2025
1.198 Dividend 

Aug 7, 2025
38.44
38.65
38.10
38.43
28.74
15,900
Aug 6, 2025
38.76
39.05
38.16
38.98
28.26
25,900
Aug 5, 2025
39.13
39.29
38.30
38.46
27.88
19,800
Aug 4, 2025
39.26
39.55
38.84
39.33
28.51
15,300
Aug 1, 2025
39.50
39.62
38.55
38.76
28.10
11,600
Jul 31, 2025
41.08
41.88
40.87
40.90
29.65
28,100
Jul 30, 2025
40.00
40.39
40.00
40.07
29.05
6,200
Jul 29, 2025
40.37
40.37
39.73
39.75
28.82
4,600
Jul 28, 2025
40.48
40.49
40.06
40.20
29.14
20,400
Jul 25, 2025
40.00
40.34
39.94
40.22
29.16
6,900
Jul 24, 2025
40.04
40.18
40.00
40.13
29.10
10,400
Jul 23, 2025
39.79
39.99
39.79
39.99
28.99
6,000
Jul 22, 2025
40.41
40.41
39.83
39.97
28.97
3,600
Jul 21, 2025
40.49
40.76
40.28
40.28
29.20
8,900
Jul 18, 2025
40.69
40.76
40.46
40.52
29.37
3,300
Jul 17, 2025
40.29
40.75
40.29
40.64
29.46
3,800
Jul 16, 2025
39.98
40.37
39.98
40.26
29.19
15,100
Jul 15, 2025
40.11
40.27
39.98
39.98
28.98
16,800
Jul 14, 2025
40.36
40.47
40.21
40.30
29.22
10,600
Jul 11, 2025
39.89
40.07
39.68
39.81
28.86
12,400
Jul 10, 2025
1.028 Dividend 

Jul 10, 2025
39.62
39.83
39.20
39.83
28.88
17,700
Jul 9, 2025
40.31
40.58
40.06
40.50
28.62
37,900
Jul 8, 2025
40.63
40.63
39.74
39.87
28.17
8,100
Jul 7, 2025
40.50
40.52
40.15
40.30
28.47
11,700
Jul 3, 2025
40.53
40.62
40.43
40.50
28.62
4,900
Jul 2, 2025
40.37
40.82
40.37
40.64
28.71
6,900
Jul 1, 2025
40.63
40.92
39.96
40.00
28.26
7,400
Jun 30, 2025
40.04
40.56
39.96
40.56
28.66
4,000
Jun 27, 2025
39.65
39.65
39.36
39.57
27.96
6,400
Jun 26, 2025
39.20
39.64
39.20
39.64
28.01
3,800
Jun 25, 2025
39.13
39.22
39.00
39.10
27.63
4,200
Jun 24, 2025
38.78
38.88
38.75
38.86
27.46
5,300
Jun 23, 2025
37.85
38.43
37.80
38.43
27.15
2,600
Jun 20, 2025
38.09
38.42
37.85
38.05
26.88
4,900
Jun 18, 2025
38.05
38.22
37.89
37.89
26.77
3,400
Jun 17, 2025
38.13
38.13
37.77
37.85
26.74
4,800
Jun 16, 2025
38.06
38.31
38.02
38.24
27.02
7,800
Jun 13, 2025
37.79
37.86
37.46
37.66
26.61
15,400
Jun 12, 2025
1.063 Dividend 

Jun 12, 2025
38.09
38.16
37.96
38.01
26.86
12,600
Jun 11, 2025
39.51
39.54
39.17
39.23
26.97
34,700
Jun 10, 2025
39.36
39.39
39.03
39.39
27.08
5,700
Jun 9, 2025
39.50
39.50
39.26
39.31
27.02
12,100
Jun 6, 2025
39.16
39.34
39.10
39.21
26.95
9,000
Jun 5, 2025
39.25
39.25
38.63
38.70
26.60
6,300
Jun 4, 2025
38.89
39.09
38.89
39.09
26.87
2,900
Jun 3, 2025
38.83
38.98
38.82
38.85
26.71
8,800
Jun 2, 2025
38.43
38.65
38.25
38.65
26.57
3,200
May 30, 2025
38.24
38.43
37.87
38.43
26.42
3,900
May 29, 2025
38.41
38.50
38.11
38.19
26.25
4,300
May 28, 2025
38.72
38.72
38.38
38.38
26.38
2,000
May 27, 2025
38.39
38.69
38.39
38.65
26.57
13,500
May 23, 2025
37.95
38.23
37.95
38.01
26.13
3,700
May 22, 2025
38.44
38.69
38.44
38.47
26.44
1,800
May 21, 2025
38.31
38.76
38.22
38.31
26.33
6,900
May 20, 2025
37.94
38.54
37.94
38.54
26.49
4,300
May 19, 2025
38.40
38.57
38.25
38.57
26.51
18,500
May 16, 2025
38.40
38.58
38.32
38.58
26.52
15,800
May 15, 2025
0.972 Dividend 

May 15, 2025
38.31
38.64
38.17
38.47
26.44
13,900
May 14, 2025
39.50
39.50
39.23
39.40
26.42
31,600
May 13, 2025
38.92
39.35
38.91
39.25
26.32
11,100
May 12, 2025
39.00
39.00
38.47
38.67
25.93
19,000
May 9, 2025
38.15
38.22
37.90
38.01
25.48
9,700
May 8, 2025
38.12
38.12
37.73
38.00
25.48
2,200
May 7, 2025
37.47
37.69
37.41
37.48
25.13
2,200
May 6, 2025
37.03
37.32
37.03
37.30
25.01
4,100
May 5, 2025
37.37
37.58
37.25
37.33
25.03
5,200
May 2, 2025
37.65
37.92
37.60
37.84
25.37
2,600
May 1, 2025
37.58
37.73
37.35
37.64
25.24
6,500
Apr 30, 2025
36.48
37.03
36.41
37.03
24.83
1,800
Apr 29, 2025
36.54
37.11
36.54
37.11
24.88
4,600
Apr 28, 2025
36.74
36.84
36.51
36.75
24.64
3,500
Apr 25, 2025
36.50
36.75
36.50
36.66
24.58
1,700
Apr 24, 2025
35.98
36.56
35.98
36.56
24.51
6,700
Apr 23, 2025
36.00
36.15
35.82
35.82
24.02
2,800
Apr 22, 2025
34.95
35.26
34.95
35.16
23.57
1,400
Apr 21, 2025
34.27
34.34
33.71
34.01
22.80
6,900
Apr 17, 2025
1.028 Dividend 

Apr 17, 2025
34.19
34.33
33.92
34.17
22.91
5,400
Apr 16, 2025
35.08
35.28
34.69
34.91
22.72
19,800
Apr 15, 2025
35.48
35.93
35.47
35.51
23.11
4,800
Apr 14, 2025
35.80
35.80
35.26
35.43
23.05
5,300
Apr 11, 2025
34.62
35.25
34.56
35.24
22.93
5,600
Apr 10, 2025
35.05
35.05
33.76
34.41
22.39
3,300
Apr 9, 2025
32.79
35.47
32.54
35.37
23.02
6,700
Apr 8, 2025
33.91
34.21
32.23
32.45
21.12
7,900
Apr 7, 2025
31.58
33.39
31.41
32.79
21.34
8,500
Apr 4, 2025
33.90
33.96
33.18
33.18
21.59
9,400
Apr 3, 2025
35.09
35.35
34.74
34.74
22.61
5,900
Apr 2, 2025
36.55
37.17
36.55
37.06
24.12
3,000
Apr 1, 2025
36.51
36.80
36.30
36.80
23.95
5,100
Mar 31, 2025
35.90
36.59
35.71
36.59
23.81
6,200
Mar 28, 2025
37.49
37.49
36.49
36.49
23.74
3,000
Mar 27, 2025
37.65
37.95
37.61
37.63
24.49
6,500
Mar 26, 2025
38.23
38.23
37.59
37.66
24.50
2,700
Mar 25, 2025
37.85
38.20
37.72
38.20
24.86
3,500
Mar 24, 2025
37.17
37.77
36.98
37.77
24.58
10,300
Mar 21, 2025
35.67
36.24
35.44
36.24
23.58
6,100
Mar 20, 2025
0.709 Dividend 

Mar 20, 2025
35.56
36.27
35.56
35.75
23.26
6,700
Mar 19, 2025
36.06
36.98
35.82
36.60
23.35
9,500
Mar 18, 2025
36.30
36.30
35.24
35.53
22.67
11,300
Mar 17, 2025
36.37
36.88
36.23
36.65
23.39
8,300
Mar 14, 2025
35.81
36.52
35.81
36.50
23.29
13,600
Mar 13, 2025
36.00
36.00
35.19
35.26
22.50
7,600
Mar 12, 2025
36.93
37.02
36.01
36.74
23.44
3,900
Mar 11, 2025
35.45
36.08
35.22
35.90
22.91
5,800
Mar 10, 2025
36.53
36.56
34.31
34.61
22.08
7,700
Mar 7, 2025
38.49
38.49
36.78
38.03
24.27
5,000
Mar 6, 2025
39.19
39.44
38.10
38.23
24.39
5,900
Mar 5, 2025
39.21
39.89
38.72
39.89
25.45
3,400
Mar 4, 2025
38.02
39.54
37.46
38.73
24.71
21,100
Mar 3, 2025
40.84
40.88
38.70
38.95
24.85
8,200
Feb 28, 2025
38.44
39.62
38.14
39.62
25.28
5,800
Feb 27, 2025
39.99
40.11
38.70
38.73
24.71
8,500
Feb 26, 2025
39.64
40.47
39.17
39.59
25.26
23,200
Feb 25, 2025
40.89
40.89
39.11
39.89
25.45
31,000
Feb 24, 2025
43.35
43.35
41.51
41.84
26.70
23,700
Feb 21, 2025
45.25
45.30
42.98
43.01
27.45
33,000
Feb 20, 2025
1.12 Dividend 

Feb 20, 2025
45.34
45.35
44.48
44.87
28.63
18,800
Feb 19, 2025
46.81
46.81
46.16
46.30
28.83
33,300
Feb 18, 2025
47.71
47.76
46.34
46.81
29.15
33,900
Feb 14, 2025
47.60
47.82
47.13
47.59
29.63
21,300
Feb 13, 2025
46.86
47.71
46.86
47.71
29.71
5,900
Feb 12, 2025
45.56
46.69
45.50
46.50
28.95
7,900
Feb 11, 2025
46.78
46.81
45.65
45.75
28.49
10,600
Feb 10, 2025
47.05
47.30
46.80
47.03
29.28
9,900
Feb 7, 2025
47.00
47.65
46.73
46.73
29.10
20,600
Feb 6, 2025
47.19
47.33
46.48
46.69
29.08
14,000
Feb 5, 2025
47.60
47.63
46.98
47.05
29.30
19,700
Feb 4, 2025
47.19
47.82
47.19
47.50
29.58
16,600
Feb 3, 2025
45.70
47.43
45.70
47.26
29.43
16,900
Jan 31, 2025
48.18
48.55
47.34
47.42
29.53
23,900
Jan 30, 2025
48.06
48.17
47.51
47.69
29.70
12,500
Jan 29, 2025
46.87
47.02
46.40
47.01
29.27
10,700
Jan 28, 2025
46.78
46.91
46.33
46.72
29.09
18,800
Jan 27, 2025
46.21
47.11
45.38
46.69
29.07
23,700
Jan 24, 2025
48.08
48.37
47.36
47.47
29.56
36,600
Jan 23, 2025
1.677 Dividend 

Jan 23, 2025
47.36
48.18
47.36
47.89
29.82
51,300
Jan 22, 2025
49.63
49.83
49.13
49.20
29.59
48,400
Jan 21, 2025
49.15
49.15
47.16
48.79
29.34
32,800
Jan 17, 2025
48.58
49.08
48.50
48.71
29.30
11,200
Jan 16, 2025
47.19
47.71
46.88
47.47
28.55
10,100
Jan 15, 2025
46.70
47.55
46.66
47.44
28.53
8,900
Jan 14, 2025
46.26
46.35
45.14
45.42
27.32
16,300
Jan 13, 2025
44.35
45.37
44.13
45.37
27.29
10,100
Jan 10, 2025
45.70
45.96
44.59
45.53
27.38
5,400
Jan 8, 2025
46.09
46.48
45.22
45.96
27.64
6,800
Jan 7, 2025
48.14
48.17
46.15
46.44
27.93
7,900
Jan 6, 2025
47.50
48.58
47.31
48.58
29.22
12,400
Jan 3, 2025
45.55
46.96
45.47
46.86
28.18
6,600
Jan 2, 2025
45.10
45.56
44.44
44.99
27.06
5,900
Dec 31, 2024
46.58
46.58
44.68
44.83
26.96
11,300
Dec 30, 2024
46.44
46.44
45.51
45.84
27.57
11,400
Dec 27, 2024
48.32
48.32
46.96
47.36
28.48
8,500
Dec 26, 2024
52.51
52.51
48.43
48.52
29.18
31,800
Dec 24, 2024
48.05
49.31
48.05
49.31
29.66
14,200
Dec 23, 2024
47.92
48.02
47.16
47.70
28.69
32,300
Dec 20, 2024
46.38
48.20
46.25
47.53
28.59
24,000
Dec 19, 2024
48.45
48.51
46.76
47.02
28.28
24,300
Dec 18, 2024
49.80
50.28
46.99
47.36
28.48
27,400
Dec 17, 2024
50.12
50.13
49.40
49.78
29.94
33,600
