Date
Open
High
Low
Close 

Adj Close 

Volume
Jun 5, 2026
43.45
43.45
40.30
40.36
40.36
129,000
Jun 4, 2026
44.96
45.73
44.66
44.97
44.97
24,900
Jun 3, 2026
45.21
45.33
44.20
44.20
44.20
28,000
Jun 2, 2026
45.94
46.22
44.86
46.05
46.05
46,000
Jun 1, 2026
0.412 Dividend 

Jun 1, 2026
45.25
45.69
43.83
45.26
45.26
87,300
May 29, 2026
46.12
47.94
45.65
47.37
46.96
52,500
May 28, 2026
44.36
46.50
43.55
46.06
45.66
51,600
May 27, 2026
45.12
46.00
44.95
44.99
44.60
46,500
May 26, 2026
0.344 Dividend 

May 26, 2026
45.78
46.79
45.78
46.76
46.35
44,900
May 22, 2026
45.63
45.66
44.38
45.13
44.40
53,900
May 21, 2026
44.73
46.49
44.51
45.70
44.96
35,600
May 20, 2026
44.88
46.13
44.21
45.89
45.14
45,300
May 19, 2026
45.47
45.47
43.86
44.31
43.59
65,000
May 18, 2026
0.637 Dividend 

May 18, 2026
47.28
47.88
45.97
46.38
45.63
47,500
May 15, 2026
48.56
48.59
46.89
47.25
45.86
137,700
May 14, 2026
52.67
52.91
51.45
51.45
49.93
32,400
May 13, 2026
52.84
53.46
52.00
52.94
51.38
34,600
May 12, 2026
52.74
53.76
50.96
53.67
52.08
32,700
May 11, 2026
0.304 Dividend 

May 11, 2026
52.47
54.66
52.47
53.83
52.24
57,300
May 8, 2026
51.37
52.63
51.21
52.32
50.48
71,700
May 7, 2026
52.43
53.31
50.52
50.52
48.74
68,300
May 6, 2026
49.76
51.28
49.76
50.74
48.95
63,100
May 5, 2026
47.65
47.65
46.52
46.52
44.88
44,700
May 4, 2026
0.388 Dividend 

May 4, 2026
46.71
47.56
46.31
46.40
44.77
75,200
May 1, 2026
48.32
49.04
47.76
47.89
45.83
83,300
Apr 30, 2026
49.22
49.30
48.12
48.70
46.61
40,000
Apr 29, 2026
47.80
48.17
47.04
47.20
45.17
90,900
Apr 28, 2026
49.97
50.19
48.52
48.86
46.76
96,900
Apr 27, 2026
0.629 Dividend 

Apr 27, 2026
52.00
52.10
51.23
51.50
49.29
64,400
Apr 24, 2026
52.52
53.43
51.94
53.40
50.50
100,700
Apr 23, 2026
52.77
53.06
50.68
51.92
49.10
59,400
Apr 22, 2026
53.95
54.34
53.35
53.38
50.48
47,500
Apr 21, 2026
55.97
56.10
52.41
52.52
49.67
82,500
Apr 20, 2026
0.729 Dividend 

Apr 20, 2026
56.96
57.01
56.00
56.79
53.71
66,600
Apr 17, 2026
57.96
59.66
57.63
58.39
54.53
94,700
Apr 16, 2026
56.99
57.47
56.31
56.49
52.76
41,300
Apr 15, 2026
58.20
58.20
56.51
56.67
52.93
45,500
Apr 14, 2026
57.98
59.10
57.88
58.48
54.62
41,500
Apr 13, 2026
0.766 Dividend 

Apr 13, 2026
56.75
57.50
56.35
57.35
53.56
37,300
Apr 10, 2026
58.15
58.91
57.96
58.44
53.86
48,800
Apr 9, 2026
58.03
58.83
56.72
57.76
53.24
27,800
Apr 8, 2026
59.57
59.80
56.40
57.64
53.13
46,700
Apr 7, 2026
54.20
55.46
52.95
55.23
50.91
37,600
Apr 6, 2026
0.688 Dividend 

Apr 6, 2026
54.84
55.40
54.27
54.49
50.22
29,100
Apr 2, 2026
52.57
56.65
52.50
55.66
50.67
70,100
Apr 1, 2026
55.97
57.80
55.08
56.72
51.64
58,500
Mar 31, 2026
51.26
53.79
51.26
53.79
48.97
43,900
Mar 30, 2026
0.206 Dividend 

Mar 30, 2026
50.77
51.43
49.12
49.61
45.16
51,000
Mar 27, 2026
48.00
50.50
47.75
49.90
45.24
36,300
Mar 26, 2026
48.18
50.31
47.54
47.54
43.10
47,700
Mar 25, 2026
51.19
51.24
49.80
50.25
45.55
42,300
Mar 24, 2026
47.40
48.78
46.48
48.27
43.76
41,000
Mar 23, 2026
0.409 Dividend 

Mar 23, 2026
47.04
49.30
46.92
48.20
43.70
101,500
Mar 20, 2026
48.63
48.63
45.54
46.37
41.67
100,100
Mar 19, 2026
46.92
48.79
46.31
48.41
43.50
125,600
Mar 18, 2026
53.66
53.67
52.00
52.17
46.88
89,900
Mar 17, 2026
57.11
58.00
56.00
56.52
50.79
38,400
Mar 16, 2026
0.333 Dividend 

Mar 16, 2026
56.05
57.87
55.35
56.59
50.85
66,100
Mar 13, 2026
59.95
59.95
56.09
56.24
50.24
133,900
Mar 12, 2026
62.00
62.02
60.20
60.83
54.34
46,600
Mar 11, 2026
62.67
62.83
60.65
62.48
55.81
66,300
Mar 10, 2026
64.45
65.50
63.75
63.96
57.13
74,500
Mar 9, 2026
0.931 Dividend 

Mar 9, 2026
60.39
63.16
58.38
63.16
56.42
91,200
Mar 6, 2026
61.79
64.12
61.00
63.40
55.80
163,900
Mar 5, 2026
65.50
65.50
61.85
63.73
56.09
157,000
Mar 4, 2026
68.68
68.68
65.70
67.36
59.29
100,000
Mar 3, 2026
68.49
68.50
64.34
66.50
58.53
272,300
Mar 2, 2026
0.842 Dividend 

Mar 2, 2026
75.17
75.17
71.20
74.11
65.23
124,500
Feb 27, 2026
74.99
75.79
74.35
75.79
65.96
120,100
Feb 26, 2026
71.31
73.99
70.70
73.79
64.22
69,100
Feb 25, 2026
72.77
73.26
71.73
71.85
62.53
59,200
Feb 24, 2026
68.84
72.00
68.43
71.31
62.06
46,900
Feb 23, 2026
0.763 Dividend 

Feb 23, 2026
69.29
71.31
69.19
70.91
61.72
71,500
Feb 20, 2026
67.44
68.98
65.59
68.88
59.29
98,000
Feb 19, 2026
65.67
67.43
65.03
67.43
58.04
43,100
Feb 18, 2026
65.26
66.77
65.06
65.83
56.66
38,700
Feb 17, 2026
0.691 Dividend 

Feb 17, 2026
64.00
64.86
62.01
64.30
55.34
57,400
Feb 13, 2026
65.56
67.94
64.51
67.79
57.76
78,300
Feb 12, 2026
68.53
69.09
63.47
63.48
54.08
76,100
Feb 11, 2026
69.15
69.67
66.71
69.28
59.02
70,000
Feb 10, 2026
66.47
67.63
66.29
66.98
57.06
49,400
Feb 9, 2026
0.26 Dividend 

Feb 9, 2026
63.99
67.17
63.80
67.16
57.22
73,900
Feb 6, 2026
61.32
63.39
61.13
62.95
53.41
92,200
Feb 5, 2026
60.88
62.75
59.14
59.33
50.34
110,400
Feb 4, 2026
65.95
66.04
61.45
64.20
54.47
84,400
Feb 3, 2026
65.04
65.05
61.87
63.85
54.17
98,800
Feb 2, 2026
0.902 Dividend 

Feb 2, 2026
60.31
62.60
58.94
60.56
51.38
101,700
Jan 30, 2026
65.38
67.71
60.62
61.73
51.61
321,600
Jan 29, 2026
77.19
77.19
70.11
72.52
60.63
220,800
Jan 28, 2026
74.69
76.08
73.69
75.88
63.44
115,600
Jan 27, 2026
72.76
73.77
69.41
73.73
61.64
93,600
Jan 26, 2026
1.081 Dividend 

Jan 26, 2026
75.07
76.40
72.36
72.51
60.62
177,200
Jan 23, 2026
72.05
73.54
71.40
73.19
60.28
156,600
Jan 22, 2026
68.46
72.17
68.46
71.65
59.02
79,000
Jan 21, 2026
71.50
71.70
67.95
68.58
56.49
116,700
Jan 20, 2026
0.723 Dividend 

Jan 20, 2026
68.82
69.88
68.20
69.86
57.54
110,100
Jan 16, 2026
65.25
66.05
63.73
66.05
53.81
92,300
Jan 15, 2026
65.13
66.43
64.85
65.97
53.74
49,200
Jan 14, 2026
67.07
67.07
64.54
65.82
53.62
53,700
Jan 13, 2026
66.03
66.54
65.25
65.51
53.37
43,700
Jan 12, 2026
0.308 Dividend 

Jan 12, 2026
64.57
65.83
64.28
64.90
52.87
80,000
Jan 9, 2026
62.07
63.00
61.59
62.56
50.71
42,000
Jan 8, 2026
59.92
61.89
59.69
61.81
50.11
53,200
Jan 7, 2026
60.22
61.50
59.01
61.50
49.85
82,000
Jan 6, 2026
60.13
62.34
60.00
62.33
50.53
62,100
Jan 5, 2026
0.722 Dividend 

Jan 5, 2026
58.58
60.88
58.58
59.39
48.14
68,400
Jan 2, 2026
59.15
59.15
55.80
57.88
46.33
93,200
Dec 31, 2025
58.49
59.40
57.83
58.05
46.47
36,900
Dec 30, 2025
59.83
59.97
58.75
58.95
47.19
63,700
Dec 29, 2025
0.663 Dividend 

Dec 29, 2025
59.14
59.28
57.29
58.05
46.47
106,700
Dec 26, 2025
62.97
63.49
61.83
63.21
50.07
100,300
Dec 24, 2025
62.07
62.07
60.69
61.92
49.05
59,100
Dec 23, 2025
62.56
62.56
61.11
62.40
49.43
52,300
Dec 22, 2025
0.651 Dividend 

Dec 22, 2025
62.04
63.00
61.74
62.38
49.41
49,700
Dec 19, 2025
58.78
61.17
58.78
60.62
47.50
42,600
Dec 18, 2025
58.27
60.00
58.27
58.69
45.99
31,100
Dec 17, 2025
59.06
59.41
57.99
58.90
46.16
60,600
Dec 16, 2025
58.43
59.08
57.25
58.21
45.61
20,900
Dec 15, 2025
0.446 Dividend 

Dec 15, 2025
60.38
60.38
57.28
58.23
45.63
34,200
Dec 12, 2025
61.64
61.64
58.20
59.33
46.14
45,300
Dec 11, 2025
57.35
60.67
57.20
59.88
46.57
33,700
Dec 10, 2025
56.05
57.53
55.30
57.36
44.61
35,300
Dec 9, 2025
53.88
56.28
53.32
56.28
43.77
29,000
Dec 8, 2025
0.651 Dividend 

Dec 8, 2025
55.30
55.53
53.86
53.86
41.89
21,600
Dec 5, 2025
57.06
58.27
55.81
56.20
43.20
63,200
Dec 4, 2025
55.69
56.44
55.41
56.35
43.32
15,600
Dec 3, 2025
57.02
57.80
56.17
56.17
43.18
18,700
Dec 2, 2025
57.19
57.19
54.88
56.47
43.41
27,500
Dec 1, 2025
0.43 Dividend 

Dec 1, 2025
58.95
58.95
57.25
57.77
44.41
29,100
Nov 28, 2025
58.04
58.51
57.47
58.51
44.65
20,700
Nov 26, 2025
55.32
57.31
55.30
57.19
43.64
21,300
Nov 25, 2025
53.82
54.57
53.45
54.12
41.30
24,300
Nov 24, 2025
0.599 Dividend 

Nov 24, 2025
51.09
54.16
51.09
54.16
41.33
21,100
Nov 21, 2025
50.79
51.94
50.26
51.01
38.47
78,200
Nov 20, 2025
54.30
54.57
50.59
50.75
38.27
42,700
Nov 19, 2025
54.20
54.93
52.81
53.59
40.41
15,900
Nov 18, 2025
52.87
53.47
51.98
52.77
39.79
9,800
Nov 17, 2025
0.48 Dividend 

Nov 17, 2025
52.70
54.00
51.81
52.33
39.47
46,800
Nov 14, 2025
52.13
54.52
52.13
53.93
40.31
28,700
Nov 13, 2025
57.24
57.24
54.42
54.56
40.78
15,300
Nov 12, 2025
54.40
57.07
54.05
56.46
42.20
19,900
Nov 11, 2025
54.67
54.67
53.10
54.29
40.58
6,000
Nov 10, 2025
0.424 Dividend 

Nov 10, 2025
53.74
54.08
52.95
53.88
40.27
11,400
Nov 7, 2025
50.84
51.18
49.66
51.16
37.92
68,300
Nov 6, 2025
50.30
51.04
49.92
49.92
37.00
5,400
Nov 5, 2025
48.95
49.81
48.90
49.76
36.88
5,600
Nov 4, 2025
49.16
49.16
47.68
47.68
35.34
10,900
Nov 3, 2025
50.72
51.02
49.88
50.26
37.25
7,600
Oct 31, 2025
51.61
51.61
50.37
50.88
37.72
15,500
Oct 30, 2025
50.05
51.82
49.80
51.71
38.33
26,800
