Date
Open
High
Low
Close 

Adj Close 

Volume
Jun 5, 2026
11.69
11.69
10.97
10.99
10.99
1,487,200
Jun 4, 2026
0.094 Dividend 

Jun 4, 2026
11.85
12.02
11.82
11.93
11.93
398,000
Jun 3, 2026
12.00
12.03
11.81
11.83
11.74
515,900
Jun 2, 2026
12.16
12.16
11.91
12.13
12.03
433,300
Jun 1, 2026
12.10
12.10
11.72
11.97
11.87
939,900
May 29, 2026
12.12
12.32
12.05
12.25
12.15
839,500
May 28, 2026
0.111 Dividend 

May 28, 2026
11.90
12.16
11.73
12.12
12.02
906,500
May 27, 2026
12.12
12.22
12.06
12.06
11.85
1,712,500
May 26, 2026
12.13
12.33
12.13
12.30
12.09
1,099,000
May 22, 2026
12.05
12.09
11.88
11.94
11.74
896,000
May 21, 2026
0.108 Dividend 

May 21, 2026
11.94
12.27
11.85
12.14
11.93
759,800
May 20, 2026
11.97
12.30
11.89
12.23
11.91
535,900
May 19, 2026
12.17
12.17
11.84
11.90
11.59
941,600
May 18, 2026
12.46
12.62
12.25
12.33
12.01
864,700
May 15, 2026
12.72
12.72
12.28
12.40
12.08
1,394,000
May 14, 2026
0.125 Dividend 

May 14, 2026
13.35
13.41
13.15
13.22
12.88
559,000
May 13, 2026
13.61
13.64
13.38
13.55
13.08
606,800
May 12, 2026
13.51
13.66
13.15
13.62
13.15
859,900
May 11, 2026
13.38
13.79
13.38
13.65
13.18
885,400
May 8, 2026
13.23
13.44
13.18
13.32
12.86
609,800
May 7, 2026
0.124 Dividend 

May 7, 2026
13.41
13.52
13.09
13.10
12.64
792,500
May 6, 2026
13.07
13.35
13.07
13.24
12.66
1,102,600
May 5, 2026
12.73
12.81
12.57
12.57
12.02
597,700
May 4, 2026
12.63
12.75
12.51
12.57
12.02
878,400
May 1, 2026
12.80
12.95
12.71
12.71
12.15
860,100
Apr 30, 2026
0.157 Dividend 

Apr 30, 2026
12.85
12.97
12.73
12.82
12.26
873,400
Apr 29, 2026
12.83
12.90
12.69
12.71
12.00
1,174,200
Apr 28, 2026
13.25
13.30
12.96
13.02
12.30
1,160,200
Apr 27, 2026
13.65
13.67
13.48
13.53
12.78
916,400
Apr 24, 2026
13.55
13.74
13.48
13.70
12.94
779,600
Apr 23, 2026
0.201 Dividend 

Apr 23, 2026
13.64
13.70
13.19
13.41
12.66
869,500
Apr 22, 2026
14.01
14.13
13.90
13.97
13.00
787,500
Apr 21, 2026
14.42
14.47
13.68
13.75
12.80
1,681,300
Apr 20, 2026
14.59
14.59
14.40
14.57
13.56
785,100
Apr 17, 2026
14.65
14.88
14.54
14.67
13.66
793,500
Apr 16, 2026
0.159 Dividend 

Apr 16, 2026
14.35
14.49
14.29
14.32
13.33
890,600
Apr 15, 2026
14.74
14.76
14.44
14.46
13.31
845,100
Apr 14, 2026
14.72
14.85
14.64
14.75
13.58
888,400
Apr 13, 2026
14.55
14.60
14.37
14.57
13.41
703,400
Apr 10, 2026
14.68
14.68
14.55
14.58
13.42
730,700
Apr 9, 2026
0.154 Dividend 

Apr 9, 2026
14.58
14.66
14.40
14.53
13.38
1,011,100
Apr 8, 2026
14.98
14.98
14.48
14.72
13.41
1,167,700
Apr 7, 2026
14.12
14.28
13.81
14.28
13.01
671,100
Apr 6, 2026
14.25
14.32
14.08
14.13
12.87
803,800
Apr 2, 2026
0.144 Dividend 

Apr 2, 2026
13.79
14.33
13.72
14.15
12.89
700,100
Apr 1, 2026
14.43
14.80
14.23
14.54
13.11
934,700
Mar 31, 2026
13.56
14.03
13.56
13.98
12.61
907,400
Mar 30, 2026
13.46
13.66
13.22
13.33
12.02
611,400
Mar 27, 2026
13.10
13.43
12.95
13.37
12.06
638,900
Mar 26, 2026
0.13 Dividend 

Mar 26, 2026
13.09
13.34
12.88
12.91
11.64
528,000
Mar 25, 2026
13.60
13.66
13.36
13.45
12.01
1,003,000
Mar 24, 2026
12.92
13.18
12.73
13.13
11.73
434,400
Mar 23, 2026
12.76
13.30
12.76
13.06
11.67
1,140,000
Mar 20, 2026
13.02
13.13
12.41
12.64
11.29
1,208,500
Mar 19, 2026
0.114 Dividend 

Mar 19, 2026
12.65
13.09
12.50
12.89
11.51
2,399,000
Mar 18, 2026
14.29
14.29
13.82
13.96
12.37
1,333,900
Mar 17, 2026
14.95
15.09
14.71
14.77
13.08
2,184,900
Mar 16, 2026
14.74
15.03
14.55
14.85
13.16
1,229,100
Mar 13, 2026
15.40
15.52
14.64
14.67
13.00
1,466,300
Mar 12, 2026
0.16 Dividend 

Mar 12, 2026
15.84
15.84
15.40
15.58
13.80
537,000
Mar 11, 2026
16.01
16.09
15.64
15.95
13.99
899,400
Mar 10, 2026
16.17
16.41
16.09
16.17
14.18
747,200
Mar 9, 2026
15.58
16.04
15.12
16.04
14.07
1,309,800
Mar 6, 2026
15.63
16.00
15.43
15.89
13.94
1,176,600
Mar 5, 2026
0.325 Dividend 

Mar 5, 2026
16.41
16.41
15.62
15.96
14.00
1,655,300
Mar 4, 2026
17.19
17.19
16.65
16.85
14.49
1,603,500
Mar 3, 2026
17.25
17.25
16.34
16.76
14.42
2,015,000
Mar 2, 2026
18.38
18.39
17.62
18.17
15.63
1,012,900
Feb 27, 2026
18.07
18.24
18.00
18.24
15.69
1,928,100
Feb 26, 2026
0.173 Dividend 

Feb 26, 2026
17.58
17.99
17.35
17.99
15.47
818,900
Feb 25, 2026
17.93
18.00
17.76
17.88
15.23
1,188,200
Feb 24, 2026
17.41
17.82
17.21
17.80
15.16
759,400
Feb 23, 2026
17.40
17.74
17.39
17.62
15.01
909,200
Feb 20, 2026
16.93
17.17
16.64
17.17
14.63
682,700
Feb 19, 2026
0.194 Dividend 

Feb 19, 2026
16.70
16.90
16.49
16.90
14.40
586,100
Feb 18, 2026
16.81
16.99
16.66
16.87
14.20
649,400
Feb 17, 2026
16.50
16.61
16.05
16.51
13.90
740,400
Feb 13, 2026
16.69
17.01
16.50
16.98
14.30
618,000
Feb 12, 2026
0.163 Dividend 

Feb 12, 2026
17.17
17.22
16.34
16.36
13.78
829,200
Feb 11, 2026
17.40
17.51
16.95
17.43
14.54
676,600
Feb 10, 2026
17.00
17.14
16.92
17.01
14.19
430,300
Feb 9, 2026
16.53
17.08
16.51
17.08
14.25
810,400
Feb 6, 2026
15.98
16.38
15.97
16.27
13.57
944,900
Feb 5, 2026
0.153 Dividend 

Feb 5, 2026
15.74
16.32
15.58
15.62
13.03
965,800
Feb 4, 2026
17.00
17.02
16.13
16.65
13.76
793,900
Feb 3, 2026
16.80
16.80
16.20
16.57
13.69
1,222,300
Feb 2, 2026
15.98
16.35
15.66
16.08
13.29
1,144,000
Jan 30, 2026
16.83
17.22
15.78
15.98
13.21
2,028,900
Jan 29, 2026
0.284 Dividend 

Jan 29, 2026
18.57
18.67
17.53
17.98
14.86
1,096,100
Jan 28, 2026
18.50
18.87
18.41
18.82
15.32
1,053,000
Jan 27, 2026
18.24
18.43
17.70
18.39
14.97
685,300
Jan 26, 2026
18.56
18.89
18.21
18.23
14.84
1,377,100
Jan 23, 2026
17.92
18.19
17.83
18.15
14.77
908,100
Jan 22, 2026
0.168 Dividend 

Jan 22, 2026
17.47
17.95
17.38
17.85
14.53
763,500
Jan 21, 2026
18.00
18.13
17.52
17.58
14.17
996,500
Jan 20, 2026
17.58
17.82
17.50
17.80
14.35
1,373,900
Jan 16, 2026
17.00
17.02
16.76
16.97
13.68
570,000
Jan 15, 2026
0.128 Dividend 

Jan 15, 2026
16.94
17.07
16.82
17.00
13.71
524,100
Jan 14, 2026
17.36
17.36
16.92
17.15
13.72
880,400
Jan 13, 2026
17.20
17.26
17.04
17.12
13.70
710,100
Jan 12, 2026
16.85
17.14
16.85
16.94
13.56
893,100
Jan 9, 2026
16.49
16.64
16.45
16.49
13.20
504,300
Jan 8, 2026
0.128 Dividend 

Jan 8, 2026
16.25
16.59
16.17
16.59
13.28
461,500
Jan 7, 2026
16.45
16.59
16.19
16.58
13.16
581,800
Jan 6, 2026
16.41
16.73
16.36
16.70
13.26
506,400
Jan 5, 2026
16.13
16.52
16.09
16.23
12.89
687,700
Jan 2, 2026
0.159 Dividend 

Jan 2, 2026
16.09
16.10
15.38
15.83
12.57
987,700
Dec 31, 2025
16.14
16.25
15.95
16.02
12.59
716,500
Dec 30, 2025
16.28
16.36
16.07
16.19
12.73
675,400
Dec 29, 2025
16.20
16.20
15.76
15.94
12.53
1,140,200
Dec 26, 2025
0.196 Dividend 

Dec 26, 2025
16.89
16.92
16.70
16.81
13.21
659,100
Dec 24, 2025
16.95
16.95
16.75
16.93
13.16
283,500
Dec 23, 2025
17.01
17.01
16.74
16.97
13.19
374,100
Dec 22, 2025
16.90
17.02
16.76
16.92
13.15
784,300
Dec 19, 2025
16.21
16.62
16.21
16.51
12.83
574,800
Dec 18, 2025
0.181 Dividend 

Dec 18, 2025
16.25
16.48
16.11
16.23
12.61
598,000
Dec 17, 2025
16.36
16.52
16.23
16.43
12.63
604,500
Dec 16, 2025
16.31
16.47
16.05
16.27
12.50
483,800
Dec 15, 2025
16.53
16.53
16.05
16.20
12.45
437,000
Dec 12, 2025
16.78
16.78
16.13
16.27
12.50
363,800
Dec 11, 2025
0.103 Dividend 

Dec 11, 2025
16.03
16.57
16.01
16.40
12.60
534,500
Dec 10, 2025
15.98
16.22
15.77
16.13
12.32
679,600
Dec 9, 2025
15.59
15.98
15.57
15.98
12.20
322,800
Dec 8, 2025
15.80
15.87
15.56
15.59
11.90
476,500
Dec 5, 2025
16.04
16.19
15.76
15.82
12.08
516,500
Dec 4, 2025
0.311 Dividend 

Dec 4, 2025
15.84
15.92
15.67
15.92
12.16
424,500
Dec 3, 2025
16.35
16.35
16.11
16.17
12.11
529,300
Dec 2, 2025
16.27
16.35
15.90
16.16
12.10
381,000
Dec 1, 2025
16.58
16.58
16.21
16.38
12.27
484,400
Nov 28, 2025
0.125 Dividend 

Nov 28, 2025
16.28
16.48
16.21
16.46
12.33
325,000
Nov 26, 2025
15.92
16.28
15.89
16.26
12.08
424,000
Nov 25, 2025
15.65
15.86
15.60
15.78
11.73
508,700
Nov 24, 2025
15.20
15.77
15.20
15.74
11.70
712,100
Nov 21, 2025
15.02
15.31
14.91
15.12
11.24
696,500
Nov 20, 2025
0.207 Dividend 

Nov 20, 2025
15.69
15.85
15.00
15.10
11.22
1,289,500
Nov 19, 2025
15.90
16.07
15.64
15.82
11.60
818,700
Nov 18, 2025
15.63
15.80
15.47
15.63
11.46
411,500
Nov 17, 2025
15.74
15.85
15.38
15.60
11.44
870,700
Nov 14, 2025
15.37
15.90
15.32
15.82
11.60
1,251,200
Nov 13, 2025
0.132 Dividend 

Nov 13, 2025
16.44
16.44
15.87
15.97
11.71
677,500
Nov 12, 2025
16.12
16.58
15.97
16.47
11.98
623,000
Nov 11, 2025
16.08
16.08
15.81
16.04
11.67
254,700
Nov 10, 2025
15.93
16.02
15.76
15.93
11.59
491,100
Nov 7, 2025
15.26
15.44
15.13
15.44
11.23
399,200
Nov 6, 2025
0.132 Dividend 

Nov 6, 2025
15.32
15.49
15.15
15.17
11.04
388,400
Nov 5, 2025
15.07
15.30
15.02
15.23
10.98
504,700
Nov 4, 2025
15.00
15.05
14.77
14.79
10.67
718,400
Nov 3, 2025
15.39
15.55
15.24
15.37
11.09
619,100
Oct 31, 2025
15.58
15.61
15.33
15.51
11.19
327,700
Oct 30, 2025
0.141 Dividend 

Oct 30, 2025
15.26
15.65
15.12
15.61
11.26
341,600
Oct 29, 2025
15.77
15.78
15.31
15.42
11.02
413,600
Oct 28, 2025
14.81
15.41
14.80
15.36
10.98
503,400
Oct 27, 2025
15.25
15.42
14.76
15.15
10.83
1,423,500
Oct 24, 2025
15.63
15.88
15.52
15.67
11.20
441,000
Oct 23, 2025
0.145 Dividend 

Oct 23, 2025
15.90
15.96
15.77
15.83
11.31
319,800
Oct 22, 2025
15.20
15.87
15.18
15.79
11.18
911,500
Oct 21, 2025
16.21
16.21
15.63
15.78
11.17
1,246,400
Oct 20, 2025
17.26
17.36
17.03
17.24
12.21
867,400
Oct 17, 2025
17.66
17.66
16.62
16.90
11.97
1,109,200
Oct 16, 2025
0.113 Dividend 

Oct 16, 2025
17.62
18.02
17.46
17.93
12.70
686,400
Oct 15, 2025
17.31
17.57
17.26
17.55
12.35
464,900
Oct 14, 2025
16.91
17.27
16.90
17.15
12.06
724,400
Oct 13, 2025
17.14
17.28
17.06
17.28
12.16
765,700
Oct 10, 2025
16.74
16.85
16.58
16.72
11.76
906,700
Oct 9, 2025
1.003 Dividend 

Oct 9, 2025
17.41
17.47
16.45
16.65
11.71
1,108,900
Oct 8, 2025
18.24
18.27
18.01
18.27
12.15
879,400
Oct 7, 2025
18.23
18.23
17.85
17.89
11.89
737,900
Oct 6, 2025
18.10
18.28
18.03
18.15
12.07
808,400
Oct 3, 2025
17.88
17.93
17.76
17.88
11.89
569,400
Oct 2, 2025
17.97
17.97
17.21
17.80
11.83
589,600
Oct 1, 2025
17.81
17.87
17.72
17.79
11.83
704,400
Sep 30, 2025
17.46
17.76
17.36
17.66
11.74
542,100
Sep 29, 2025
17.69
17.69
17.49
17.54
11.66
612,600
Sep 26, 2025
17.17
17.38
17.05
17.35
11.54
383,400
Sep 25, 2025
16.90
17.03
16.77
17.03
11.32
276,200
Sep 24, 2025
17.12
17.18
16.81
16.83
11.19
326,800
Sep 23, 2025
17.29
17.29
17.08
17.14
11.40
357,900
Sep 22, 2025
17.08
17.15
16.93
17.10
11.37
911,900
Sep 19, 2025
16.36
16.88
16.34
16.81
11.18
780,100
Sep 18, 2025
16.10
16.29
15.98
16.27
10.82
368,700
Sep 17, 2025
16.15
16.45
16.08
16.26
10.81
281,000
Sep 16, 2025
16.65
16.65
16.23
16.31
10.84
530,100
Sep 15, 2025
16.42
16.61
16.33
16.57
11.02
453,200
Sep 12, 2025
16.48
16.48
16.33
16.40
10.90
428,000
Sep 11, 2025
0.648 Dividend 

Sep 11, 2025
16.21
16.41
16.15
16.41
10.91
555,400
Sep 10, 2025
16.74
16.88
16.73
16.86
10.78
721,400
Sep 9, 2025
16.80
16.80
16.59
16.62
10.63
683,200
Sep 8, 2025
16.75
16.75
16.52
16.65
10.64
593,900
Sep 5, 2025
16.42
16.57
16.30
16.48
10.54
485,700
Sep 4, 2025
16.17
16.19
15.98
16.13
10.31
371,900
Sep 3, 2025
16.36
16.36
16.14
16.26
10.40
486,100
Sep 2, 2025
16.19
16.27
16.00
16.21
10.36
606,400
Aug 29, 2025
15.73
16.00
15.70
15.98
10.22
726,800
Aug 28, 2025
15.74
15.74
15.61
15.68
10.02
103,000
Aug 27, 2025
15.63
15.69
15.51
15.69
10.03
203,000
Aug 26, 2025
15.55
15.70
15.53
15.70
10.04
244,800
Aug 25, 2025
15.50
15.54
15.47
15.49
9.90
190,800
Aug 22, 2025
15.33
15.50
15.18
15.42
9.86
200,500
Aug 21, 2025
15.18
15.38
15.14
15.32
9.79
207,000
Aug 20, 2025
14.95
15.18
14.95
15.18
9.70
177,700
Aug 19, 2025
15.09
15.12
14.80
14.80
9.46
242,900
Aug 18, 2025
15.22
15.22
15.05
15.12
9.67
553,200
Aug 15, 2025
15.04
15.20
14.94
15.16
9.69
224,100
Aug 14, 2025
0.61 Dividend 

Aug 14, 2025
15.05
15.20
14.95
15.02
9.60
221,400
Aug 13, 2025
15.80
15.85
15.67
15.70
9.65
184,000
Aug 12, 2025
15.65
15.73
15.52
15.73
9.67
144,000
Aug 11, 2025
15.40
15.65
15.24
15.60
9.59
190,900
Aug 8, 2025
15.74
15.78
15.61
15.65
9.62
277,500
Aug 7, 2025
15.65
15.70
15.58
15.62
9.60
129,800
Aug 6, 2025
15.38
15.53
15.38
15.53
9.54
131,700
Aug 5, 2025
15.08
15.36
15.08
15.33
9.42
210,300
Aug 4, 2025
14.83
15.15
14.83
15.14
9.30
340,800
Aug 1, 2025
14.73
14.79
14.59
14.70
9.03
199,600
Jul 31, 2025
14.68
14.68
14.48
14.53
8.93
123,500
Jul 30, 2025
14.84
14.85
14.50
14.58
8.96
243,200
Jul 29, 2025
14.83
14.94
14.75
14.91
9.16
121,100
Jul 28, 2025
14.97
14.97
14.64
14.74
9.06
197,900
Jul 25, 2025
14.88
15.06
14.80
15.06
9.25
132,500
Jul 24, 2025
14.83
14.98
14.69
14.88
9.14
216,300
Jul 23, 2025
15.02
15.10
14.94
14.98
9.20
254,500
Jul 22, 2025
14.90
15.09
14.90
15.05
9.25
357,000
Jul 21, 2025
14.61
14.88
14.61
14.87
9.14
597,100
Jul 18, 2025
14.56
14.60
14.48
14.48
8.90
276,100
Jul 17, 2025
0.332 Dividend 

Jul 17, 2025
14.49
14.53
14.27
14.48
8.90
405,400
Jul 16, 2025
14.93
15.03
14.77
14.94
8.98
512,400
Jul 15, 2025
15.10
15.10
14.70
14.89
8.95
652,900
Jul 14, 2025
15.04
15.16
15.02
15.04
9.04
377,100
Jul 11, 2025
14.98
15.02
14.90
15.00
9.01
220,100
Jul 10, 2025
14.90
14.90
14.70
14.89
8.95
200,400
Jul 9, 2025
14.73
14.85
14.59
14.80
8.89
179,700
Jul 8, 2025
15.19
15.19
14.52
14.64
8.80
410,700
Jul 7, 2025
15.04
15.18
14.77
15.18
9.12
307,700
Jul 3, 2025
15.00
15.11
14.94
15.11
9.08
83,700
Jul 2, 2025
14.99
15.04
14.85
15.01
9.02
184,400
Jul 1, 2025
15.04
15.10
14.88
14.89
8.95
165,500
Jun 30, 2025
14.64
14.88
14.56
14.88
8.94
139,100
Jun 27, 2025
14.75
14.75
14.43
14.55
8.74
241,900
Jun 26, 2025
14.88
14.95
14.77
14.93
8.97
286,100
Jun 25, 2025
14.79
14.87
14.68
14.82
8.90
144,000
Jun 24, 2025
14.79
14.86
14.46
14.79
8.89
238,500
Jun 23, 2025
14.91
15.22
14.91
15.02
9.02
429,700
Jun 20, 2025
0.845 Dividend 

Jun 20, 2025
14.97
15.12
14.87
14.89
8.95
222,500
Jun 18, 2025
15.88
16.01
15.82
15.86
9.02
582,700
Jun 17, 2025
15.98
15.98
15.83
15.92
9.06
208,000
Jun 16, 2025
16.02
16.03
15.88
15.92
9.06
169,900
Jun 13, 2025
16.05
16.05
15.94
16.05
9.13
285,100
Jun 12, 2025
15.75
15.94
15.70
15.91
9.05
80,900
Jun 11, 2025
15.60
15.62
15.43
15.56
8.85
59,500
Jun 10, 2025
15.73
15.74
15.39
15.49
8.81
83,000
Jun 9, 2025
15.56
15.66
15.46
15.63
8.89
69,500
Jun 6, 2025
15.98
15.98
15.43
15.50
8.82
141,400
Jun 5, 2025
16.00
16.19
15.81
15.88
9.03
121,500
Jun 4, 2025
15.90
15.93
15.80
15.86
9.02
66,200
Jun 3, 2025
15.82
15.83
15.66
15.83
9.00
76,400
Jun 2, 2025
15.53
15.93
15.53
15.89
9.04
169,800
May 30, 2025
15.36
15.40
15.16
15.40
8.76
59,500
May 29, 2025
15.28
15.35
15.20
15.24
8.67
79,200
May 28, 2025
15.20
15.26
15.12
15.23
8.66
81,000
May 27, 2025
15.07
15.24
15.01
15.12
8.60
162,700
May 23, 2025
15.10
15.29
15.04
15.21
8.65
214,700
May 22, 2025
0.374 Dividend 

May 22, 2025
14.99
15.03
14.83
14.94
8.50
219,600
May 21, 2025
15.35
15.45
15.29
15.43
8.56
241,300
May 20, 2025
15.00
15.26
14.96
15.26
8.47
160,200
May 19, 2025
14.97
15.00
14.80
14.98
8.31
658,000
May 16, 2025
14.58
14.74
14.42
14.74
8.18
182,300
May 15, 2025
14.67
14.77
14.50
14.77
8.20
101,400
May 14, 2025
14.58
14.58
14.36
14.51
8.05
205,400
May 13, 2025
14.94
14.94
14.68
14.82
8.23
164,000
May 12, 2025
15.25
15.25
14.74
14.85
8.24
395,400
May 9, 2025
15.72
15.82
15.60
15.81
8.78
138,400
May 8, 2025
15.75
15.75
15.51
15.57
8.64
86,200
May 7, 2025
15.64
15.75
15.63
15.67
8.70
90,900
May 6, 2025
15.68
15.84
15.59
15.84
8.79
106,400
May 5, 2025
15.45
15.51
15.30
15.44
8.57
89,200
May 2, 2025
15.14
15.30
14.94
15.12
8.39
158,300
May 1, 2025
15.21
15.21
14.98
15.05
8.35
209,300
Apr 30, 2025
15.36
15.64
15.30
15.64
8.68
121,700
Apr 29, 2025
15.51
15.65
15.44
15.48
8.59
123,000
Apr 28, 2025
15.50
15.66
15.37
15.66
8.69
141,500
Apr 25, 2025
15.25
15.54
15.25
15.47
8.59
253,800
Apr 24, 2025
0.728 Dividend 

Apr 24, 2025
15.63
15.74
15.46
15.73
8.73
125,900
Apr 23, 2025
15.99
16.33
15.80
16.15
8.56
375,500
Apr 22, 2025
17.17
17.17
16.55
16.64
8.82
280,900
Apr 21, 2025
17.34
17.48
16.83
16.95
8.98
625,400
Apr 17, 2025
17.18
17.18
16.52
16.81
8.91
271,500
Apr 16, 2025
17.27
17.28
16.91
17.08
9.05
313,700
Apr 15, 2025
16.98
16.99
16.81
16.94
8.98
162,600
Apr 14, 2025
16.59
16.83
16.32
16.81
8.91
215,200
Apr 11, 2025
16.47
16.75
16.47
16.67
8.84
180,000
Apr 10, 2025
15.59
16.20
15.53
16.05
8.51
173,800
Apr 9, 2025
14.97
15.66
14.95
15.49
8.21
74,100
Apr 8, 2025
15.07
15.15
14.51
14.64
7.76
138,900
Apr 7, 2025
14.52
15.27
14.18
14.63
7.75
148,300
Apr 4, 2025
15.75
15.75
14.51
14.66
7.77
231,300
Apr 3, 2025
15.32
16.24
15.29
16.05
8.51
318,900
Apr 2, 2025
15.90
16.04
15.85
16.01
8.49
81,000
Apr 1, 2025
16.05
16.09
15.84
16.00
8.48
167,800
Mar 31, 2025
16.06
16.07
15.66
16.05
8.51
174,800
Mar 28, 2025
16.06
16.25
15.89
15.93
8.44
161,400
Mar 27, 2025
0.639 Dividend 

Mar 27, 2025
15.97
16.01
15.83
15.97
8.46
91,500
Mar 26, 2025
16.58
16.58
16.40
16.46
8.39
89,900
Mar 25, 2025
16.39
16.58
16.39
16.47
8.39
107,100
Mar 24, 2025
16.48
16.48
16.24
16.24
8.27
497,600
Mar 21, 2025
16.43
16.43
16.11
16.31
8.31
92,100
Mar 20, 2025
16.24
16.50
16.24
16.43
8.37
126,500
Mar 19, 2025
16.34
16.42
16.24
16.41
8.36
80,400
Mar 18, 2025
16.38
16.42
16.28
16.33
8.32
137,400
Mar 17, 2025
16.08
16.25
15.98
16.24
8.27
128,800
Mar 14, 2025
15.95
15.95
15.83
15.93
8.12
113,400
Mar 13, 2025
15.67
15.87
15.59
15.82
8.06
159,000
Mar 12, 2025
15.47
15.57
15.34
15.53
7.91
113,300
Mar 11, 2025
15.10
15.53
15.10
15.46
7.88
51,500
Mar 10, 2025
15.42
15.42
14.98
15.08
7.68
110,300
Mar 7, 2025
15.44
15.56
15.19
15.42
7.86
47,600
Mar 6, 2025
15.36
15.46
15.22
15.31
7.80
61,700
Mar 5, 2025
15.04
15.37
15.04
15.37
7.83
99,200
Mar 4, 2025
14.93
15.12
14.77
14.98
7.63
44,600
Mar 3, 2025
14.89
15.13
14.76
14.82
7.55
42,500
Feb 28, 2025
14.50
14.81
14.46
14.81
7.54
89,300
Feb 27, 2025
0.442 Dividend 

Feb 27, 2025
15.10
15.10
14.71
14.76
7.52
69,500
Feb 26, 2025
15.27
15.65
15.27
15.65
7.75
83,800
Feb 25, 2025
15.56
15.60
15.17
15.48
7.66
94,600
Feb 24, 2025
15.75
15.75
15.46
15.63
7.74
301,900
Feb 21, 2025
16.11
16.11
15.56
15.61
7.73
101,000
Feb 20, 2025
15.90
16.13
15.88
16.07
7.96
114,200
Feb 19, 2025
15.76
15.85
15.66
15.84
7.84
89,800
Feb 18, 2025
15.82
15.83
15.66
15.81
7.83
81,900
Feb 14, 2025
16.04
16.09
15.61
15.64
7.74
76,100
Feb 13, 2025
15.94
16.08
15.81
16.08
7.96
51,400
Feb 12, 2025
15.78
15.99
15.62
15.93
7.89
100,400
Feb 11, 2025
15.83
15.83
15.68
15.70
7.77
47,100
Feb 10, 2025
15.82
15.86
15.76
15.84
7.84
85,400
Feb 7, 2025
15.65
15.73
15.45
15.45
7.65
68,300
Feb 6, 2025
15.51
15.55
15.35
15.55
7.70
33,300
Feb 5, 2025
15.39
15.58
15.39
15.50
7.67
93,800
Feb 4, 2025
15.32
15.35
15.24
15.34
7.59
43,200
Feb 3, 2025
15.01
15.35
15.00
15.19
7.52
65,900
Jan 31, 2025
15.22
15.22
14.94
15.01
7.43
72,300
Jan 30, 2025
0.594 Dividend 

Jan 30, 2025
15.23
15.23
15.00
15.10
7.48
204,600
Jan 29, 2025
15.50
15.52
15.36
15.43
7.34
45,500
Jan 28, 2025
15.34
15.43
15.26
15.43
7.34
31,100
Jan 27, 2025
15.37
15.37
15.12
15.30
7.28
36,700
Jan 24, 2025
15.39
15.44
15.38
15.41
7.33
33,800
Jan 23, 2025
15.27
15.27
15.12
15.25
7.26
17,000
Jan 22, 2025
15.39
15.40
15.23
15.28
7.27
29,200
Jan 21, 2025
15.22
15.39
15.16
15.25
7.26
299,100
Jan 17, 2025
14.91
15.05
14.73
15.01
7.14
18,600
Jan 16, 2025
14.99
15.02
14.92
14.93
7.11
18,300
Jan 15, 2025
14.86
14.92
14.73
14.89
7.09
18,700
Jan 14, 2025
14.44
14.76
14.44
14.74
7.02
18,500
Jan 13, 2025
14.52
14.52
14.30
14.40
6.85
21,100
Jan 10, 2025
14.62
14.78
14.53
14.57
6.94
80,800
Jan 8, 2025
14.52
14.58
14.45
14.55
6.93
157,600
Jan 7, 2025
14.41
14.52
14.38
14.40
6.85
28,900
Jan 6, 2025
14.30
14.35
14.27
14.29
6.80
97,400
Jan 3, 2025
0.35 Dividend 

Jan 3, 2025
14.50
14.50
14.34
14.38
6.84
54,500
Jan 2, 2025
14.51
14.76
14.51
14.75
6.85
87,100
Dec 31, 2024
14.25
14.44
14.25
14.41
6.70
48,900
Dec 30, 2024
14.44
14.44
14.21
14.34
6.66
128,300
Dec 27, 2024
14.54
14.55
14.36
14.54
6.76
25,800
Dec 26, 2024
14.50
14.65
14.50
14.55
6.76
26,800
Dec 24, 2024
14.59
14.59
14.44
14.52
6.75
12,700
Dec 23, 2024
14.40
14.52
14.33
14.52
6.75
315,300
Dec 20, 2024
14.31
14.53
14.31
14.41
6.70
30,200
Dec 19, 2024
14.36
14.51
14.21
14.25
6.62
111,000
Dec 18, 2024
14.88
14.88
14.30
14.37
6.68
107,900
Dec 17, 2024
14.90
14.95
14.77
14.93
6.94
162,000
Dec 16, 2024
15.15
15.15
14.96
15.02
6.98
51,000
Dec 13, 2024
15.35
15.35
15.04
15.08
7.01
58,700
Dec 12, 2024
15.61
15.68
15.41
15.42
7.17
26,500
Dec 11, 2024
15.65
15.88
15.57
15.85
7.37
100,400
Dec 10, 2024
15.58
15.66
15.48
15.49
7.20
54,000
Dec 9, 2024
15.38
15.78
15.38
15.42
7.17
104,100
Dec 6, 2024
15.38
15.38
15.15
15.18
7.05
98,800
Dec 5, 2024
0.378 Dividend 

Dec 5, 2024
15.39
15.49
15.26
15.38
7.15
80,400
Dec 4, 2024
15.84
15.89
15.77
15.81
7.17
139,100
Dec 3, 2024
15.64
15.90
15.64
15.82
7.18
79,400
Dec 2, 2024
15.64
15.65
15.47
15.50
7.03
67,600
Nov 29, 2024
15.74
15.80
15.70
15.74
7.14
19,900
Nov 27, 2024
15.80
15.83
15.64
15.65
7.10
59,300
Nov 26, 2024
15.55
15.64
15.43
15.64
7.09
34,100
Nov 25, 2024
15.61
15.61
15.43
15.55
7.05
70,100
Nov 22, 2024
15.96
15.96
15.82
15.90
7.21
47,200
Nov 21, 2024
15.74
15.83
15.70
15.83
7.18
63,100
Nov 20, 2024
15.73
15.74
15.67
15.73
7.13
40,800
Nov 19, 2024
15.68
15.79
15.60
15.76
7.15
49,500
Nov 18, 2024
15.38
15.61
15.38
15.57
7.06
138,500
Nov 15, 2024
15.27
15.27
15.05
15.09
6.84
48,100
Nov 14, 2024
15.00
15.20
14.98
15.10
6.85
67,600
Nov 13, 2024
15.37
15.43
15.06
15.09
6.84
55,300
Nov 12, 2024
15.32
15.36
15.09
15.26
6.92
76,400
Nov 11, 2024
15.74
15.85
15.26
15.47
7.02
234,500
Nov 8, 2024
16.44
16.44
16.21
16.35
7.42
139,200
Nov 7, 2024
0.485 Dividend 

Nov 7, 2024
16.45
16.56
16.24
16.54
7.50
117,500
Nov 6, 2024
16.55
16.75
16.38
16.67
7.34
178,200
Nov 5, 2024
17.30
17.30
17.13
17.26
7.60
49,200
Nov 4, 2024
17.24
17.25
17.04
17.12
7.54
50,100
Nov 1, 2024
17.30
17.37
17.08
17.09
7.53
45,800
Oct 31, 2024
17.55
17.55
17.08
17.37
7.65
49,400
Oct 30, 2024
17.90
17.90
17.57
17.75
7.82
20,900
Oct 29, 2024
17.68
17.90
17.68
17.85
7.86
29,900
Oct 28, 2024
17.66
17.71
17.60
17.66
7.78
50,000
Oct 25, 2024
17.86
17.86
17.63
17.65
7.77
46,500
Oct 24, 2024
18.28
18.28
17.62
17.84
7.86
62,300
Oct 23, 2024
18.30
18.30
18.09
18.15
7.99
52,300
Oct 22, 2024
18.21
18.33
18.21
18.30
8.06
42,200
Oct 21, 2024
18.28
18.28
18.14
18.15
7.99
63,600
Oct 18, 2024
17.85
18.17
17.79
18.11
7.98
61,100
Oct 17, 2024
17.77
17.77
17.66
17.69
7.79
64,000
Oct 16, 2024
17.75
17.76
17.72
17.75
7.82
22,100
Oct 15, 2024
17.64
17.72
17.61
17.72
7.80
32,000
Oct 14, 2024
17.57
17.65
17.53
17.63
7.76
77,100
Oct 11, 2024
17.50
17.59
17.50
17.56
7.73
75,600
Oct 10, 2024
0.606 Dividend 

Oct 10, 2024
17.34
17.51
17.25
17.51
7.71
36,400
Oct 9, 2024
17.83
17.85
17.61
17.85
7.59
120,200
Oct 8, 2024
17.93
17.99
17.71
17.99
7.65
36,700
Oct 7, 2024
18.14
18.14
17.91
17.98
7.65
56,500
Oct 4, 2024
18.17
18.29
18.09
18.17
7.73
40,400
Oct 3, 2024
18.30
18.30
18.05
18.17
7.73
29,500
Oct 2, 2024
18.55
18.60
18.34
18.48
7.86
61,200
Oct 1, 2024
18.40
18.55
18.32
18.48
7.86
25,300
Sep 30, 2024
18.39
18.39
18.02
18.23
7.76
34,600
Sep 27, 2024
18.91
18.91
18.39
18.42
7.84
43,500
Sep 26, 2024
18.75
18.80
18.65
18.76
7.98
38,800
Sep 25, 2024
18.67
18.73
18.61
18.66
7.94
19,100
Sep 24, 2024
18.43
18.68
18.33
18.66
7.94
32,000
Sep 23, 2024
18.35
18.52
18.25
18.25
7.76
79,400
Sep 20, 2024
18.26
18.32
18.11
18.28
7.78
37,200
Sep 19, 2024
18.02
18.09
17.79
17.89
7.61
41,900
Sep 18, 2024
17.77
18.28
17.63
17.63
7.50
61,300
Sep 17, 2024
17.85
17.95
17.73
17.75
7.55
62,900
Sep 16, 2024
17.94
17.97
17.78
17.93
7.63
45,000
Sep 13, 2024
18.00
18.00
17.86
17.96
7.64
44,000
Sep 12, 2024
17.74
17.91
17.74
17.88
7.61
30,800
Sep 11, 2024
17.35
17.53
17.17
17.53
7.46
16,500
Sep 10, 2024
17.24
17.47
17.15
17.47
7.43
21,200
Sep 9, 2024
17.20
17.28
17.16
17.27
7.35
34,700
Sep 6, 2024
0.601 Dividend 

Sep 6, 2024
17.43
17.43
17.00
17.06
7.26
56,300
Sep 5, 2024
18.00
18.09
17.93
17.94
7.38
51,400
Sep 4, 2024
17.88
17.99
17.56
17.84
7.34
144,100
Sep 3, 2024
18.36
18.36
17.82
18.01
7.41
45,800
Aug 30, 2024
18.68
18.68
18.44
18.57
7.64
14,000
Aug 29, 2024
18.48
18.75
18.48
18.63
7.66
23,800
Aug 28, 2024
18.62
18.62
18.30
18.44
7.58
32,400
Aug 27, 2024
18.71
18.81
18.56
18.81
7.73
22,800
Aug 26, 2024
18.95
18.95
18.70
18.93
7.78
31,700
Aug 23, 2024
18.64
18.78
18.58
18.78
7.72
29,400
Aug 22, 2024
18.65
18.65
18.50
18.56
7.63
42,600
Aug 21, 2024
18.65
18.70
18.57
18.70
7.69
28,000
Aug 20, 2024
18.63
18.67
18.56
18.62
7.66
35,900
Aug 19, 2024
18.26
18.53
18.25
18.51
7.61
98,400
Aug 16, 2024
18.20
18.32
18.20
18.32
7.53
87,800
Aug 15, 2024
18.15
18.23
18.14
18.23
7.50
30,000
Aug 14, 2024
18.17
18.19
18.07
18.15
7.46
43,600
Aug 13, 2024
18.06
18.16
18.06
18.14
7.46
24,800
Aug 12, 2024
17.82
18.09
17.82
18.04
7.42
35,900
Aug 9, 2024
17.68
17.76
17.55
17.76
7.30
19,100
Aug 8, 2024
17.44
17.72
17.25
17.66
7.26
71,000
Aug 7, 2024
0.579 Dividend 

Aug 7, 2024
17.88
17.91
17.17
17.30
7.11
76,000
Aug 6, 2024
18.02
18.46
17.92
18.32
7.29
43,100
Aug 5, 2024
17.51
18.24
17.50
18.17
7.24
68,600
Aug 2, 2024
18.97
19.13
18.42
18.60
7.41
70,800
Aug 1, 2024
18.93
18.98
18.69
18.85
7.51
34,100
Jul 31, 2024
18.75
19.00
18.75
18.97
7.55
57,400
Jul 30, 2024
18.54
18.68
18.44
18.65
7.43
55,100
Jul 29, 2024
18.54
18.54
18.30
18.54
7.38
29,400
Jul 26, 2024
18.43
18.50
18.35
18.40
7.33
43,500
Jul 25, 2024
18.50
18.50
18.13
18.32
7.29
49,900
Jul 24, 2024
18.99
19.17
18.80
18.80
7.48
38,500
Jul 23, 2024
18.81
18.89
18.74
18.88
7.52
38,100
Jul 22, 2024
18.77
18.89
18.66
18.87
7.51
33,000
Jul 19, 2024
18.65
18.95
18.54
18.84
7.50
776,900
Jul 18, 2024
19.30
19.30
18.97
19.01
7.57
36,800
Jul 17, 2024
19.55
19.55
19.21
19.21
7.65
48,400
Jul 16, 2024
19.10
19.45
19.10
19.45
7.74
40,400
Jul 15, 2024
19.25
19.25
18.96
19.04
7.58
50,400
Jul 12, 2024
19.01
19.13
18.91
19.11
7.61
43,600
Jul 11, 2024
19.02
19.08
18.94
19.08
7.60
30,100
Jul 10, 2024
18.85
18.95
18.83
18.92
7.53
37,000
Jul 9, 2024
18.78
18.80
18.65
18.78
7.48
53,700
Jul 8, 2024
18.71
18.83
18.58
18.74
7.46
57,500
Jul 5, 2024
0.796 Dividend 

Jul 5, 2024
19.01
19.01
18.60
18.75
7.47
57,600
Jul 3, 2024
19.18
19.34
19.18
19.23
7.34
84,500
Jul 2, 2024
18.93
19.09
18.82
18.98
7.24
29,900
Jul 1, 2024
19.11
19.11
18.88
18.89
7.21
30,800
Jun 28, 2024
19.02
19.09
18.82
18.89
7.21
21,600
Jun 27, 2024
18.93
19.08
18.90
18.93
7.23
17,400
Jun 26, 2024
18.71
18.75
18.50
18.72
7.15
24,800
Jun 25, 2024
18.93
18.93
18.71
18.73
7.15
22,300
Jun 24, 2024
18.83
18.95
18.79
18.81
7.18
55,300
Jun 21, 2024
18.87
18.87
18.69
18.71
7.14
11,300
Jun 20, 2024
18.68
18.83
18.64
18.82
7.18
17,200
Jun 18, 2024
18.25
18.57
18.25
18.52
7.07
12,400
Jun 17, 2024
18.33
18.35
18.09
18.28
6.98
22,900
Jun 14, 2024
18.37
18.37
18.15
18.33
7.00
13,100
Jun 13, 2024
18.57
18.63
18.10
18.22
6.95
31,500
Jun 12, 2024
18.78
18.84
18.59
18.64
7.11
24,100
Jun 11, 2024
18.46
18.48
18.30
18.44
7.04
56,300
Jun 10, 2024
18.46
18.63
18.32
18.58
7.09
21,600
Jun 7, 2024
19.18
19.18
18.12
18.26
6.97
81,700
Jun 6, 2024
19.07
19.40
19.00
19.37
7.39
26,800
Jun 5, 2024
18.75
18.92
18.56
18.90
7.21
75,400
Jun 4, 2024
19.04
19.04
18.50
18.63
7.11
21,200
Jun 3, 2024
19.26
19.26
19.07
19.17
7.32
22,400
May 31, 2024
19.35
19.36
18.94
19.12
7.30
18,900
May 30, 2024
19.07
19.29
19.07
19.20
7.33
14,200
May 29, 2024
19.68
19.68
19.01
19.01
7.26
23,200
May 28, 2024
19.30
19.34
19.20
19.31
7.37
36,400
May 24, 2024
18.98
19.04
18.90
18.96
7.24
20,700
May 23, 2024
19.11
19.11
18.62
18.67
7.13
64,000
May 22, 2024
19.73
19.73
19.04
19.10
7.29
50,800
May 21, 2024
19.90
19.98
19.75
19.85
7.58
37,300
