Date
Open
High
Low
Close 

Adj Close 

Volume
Jun 5, 2026
17.73
17.73
16.89
17.05
17.05
160,700
Jun 5, 2026
0.085 Dividend 

Jun 4, 2026
17.96
18.16
17.77
18.09
18.00
111,100
Jun 3, 2026
18.49
18.61
18.13
18.15
18.06
86,100
Jun 2, 2026
18.52
18.69
18.44
18.69
18.60
123,800
Jun 1, 2026
18.28
18.77
18.20
18.58
18.49
126,200
May 29, 2026
0.08 Dividend 

May 29, 2026
18.05
18.15
17.91
18.05
17.97
84,300
May 28, 2026
17.70
17.97
17.65
17.97
17.81
60,500
May 27, 2026
17.62
17.67
17.36
17.67
17.51
72,900
May 26, 2026
17.42
17.48
17.33
17.42
17.26
83,200
May 22, 2026
0.076 Dividend 

May 22, 2026
17.29
17.29
17.03
17.05
16.89
72,000
May 21, 2026
16.97
17.22
16.90
17.21
16.98
56,700
May 20, 2026
16.69
16.88
16.54
16.88
16.65
39,300
May 19, 2026
16.54
16.66
16.26
16.54
16.32
53,900
May 18, 2026
17.10
17.20
16.47
16.74
16.51
90,200
May 15, 2026
0.078 Dividend 

May 15, 2026
17.15
17.15
16.94
17.04
16.81
68,800
May 14, 2026
17.22
17.61
17.20
17.49
17.17
61,800
May 13, 2026
17.17
17.29
16.93
17.21
16.90
65,100
May 12, 2026
16.97
17.00
16.56
16.91
16.61
85,300
May 11, 2026
17.00
17.24
16.93
17.10
16.79
104,500
May 8, 2026
0.077 Dividend 

May 8, 2026
17.05
17.11
16.92
17.07
16.76
224,400
May 7, 2026
17.05
17.20
16.83
16.83
16.45
93,600
May 6, 2026
16.79
17.10
16.70
17.10
16.72
89,700
May 5, 2026
16.49
16.64
16.27
16.58
16.20
42,000
May 4, 2026
16.13
16.47
16.13
16.37
16.00
77,800
May 1, 2026
0.073 Dividend 

May 1, 2026
15.77
16.22
15.77
16.14
15.78
34,900
Apr 30, 2026
15.98
15.98
15.65
15.95
15.52
34,300
Apr 29, 2026
15.90
15.90
15.67
15.79
15.37
30,000
Apr 28, 2026
15.90
16.04
15.81
15.89
15.47
25,700
Apr 27, 2026
16.13
16.22
16.07
16.15
15.72
87,000
Apr 24, 2026
0.074 Dividend 

Apr 24, 2026
16.25
16.32
16.02
16.32
15.88
65,500
Apr 23, 2026
16.24
16.32
15.87
16.11
15.61
50,500
Apr 22, 2026
16.15
16.27
16.13
16.24
15.73
97,100
Apr 21, 2026
16.22
16.22
15.88
15.89
15.39
86,600
Apr 20, 2026
16.14
16.14
15.97
16.12
15.61
106,900
Apr 17, 2026
0.073 Dividend 

Apr 17, 2026
16.22
16.22
16.08
16.14
15.63
61,700
Apr 16, 2026
16.06
16.12
15.92
16.04
15.46
30,000
Apr 15, 2026
15.78
16.04
15.78
16.04
15.47
39,000
Apr 14, 2026
15.44
15.84
15.44
15.80
15.24
44,600
Apr 13, 2026
15.00
15.41
15.00
15.34
14.79
38,500
Apr 10, 2026
0.067 Dividend 

Apr 10, 2026
15.08
15.24
15.07
15.08
14.54
36,600
Apr 9, 2026
14.84
15.12
14.76
14.97
14.37
41,200
Apr 8, 2026
15.00
15.11
14.79
14.87
14.27
41,300
Apr 7, 2026
14.22
14.47
14.10
14.40
13.82
51,100
Apr 6, 2026
0.065 Dividend 

Apr 6, 2026
14.34
14.49
14.04
14.30
13.73
35,100
Apr 2, 2026
14.07
14.35
13.85
14.30
13.66
26,000
Apr 1, 2026
14.21
14.48
14.21
14.28
13.65
20,600
Mar 31, 2026
13.58
14.15
13.58
14.10
13.47
46,500
Mar 30, 2026
13.77
13.87
13.26
13.35
12.76
68,800
Mar 27, 2026
0.068 Dividend 

Mar 27, 2026
14.00
14.05
13.66
13.67
13.06
63,400
Mar 26, 2026
14.70
14.70
14.06
14.09
13.40
55,500
Mar 25, 2026
14.80
14.87
14.68
14.86
14.13
34,600
Mar 24, 2026
14.76
14.76
14.56
14.56
13.85
62,100
Mar 23, 2026
14.64
15.05
14.64
14.88
14.15
42,000
Mar 20, 2026
0.07 Dividend 

Mar 20, 2026
14.73
14.91
14.30
14.41
13.70
52,900
Mar 19, 2026
14.92
15.12
14.75
14.92
14.12
66,100
Mar 18, 2026
15.24
15.29
14.99
15.12
14.31
37,200
Mar 17, 2026
15.31
15.41
15.11
15.22
14.41
42,400
Mar 16, 2026
15.06
15.34
15.06
15.34
14.52
66,800
Mar 13, 2026
0.07 Dividend 

Mar 13, 2026
15.11
15.14
14.72
14.75
13.96
231,300
Mar 12, 2026
15.29
15.29
14.99
15.03
14.16
59,800
Mar 11, 2026
15.39
15.45
15.27
15.37
14.48
18,000
Mar 10, 2026
15.20
15.48
15.16
15.20
14.32
47,600
Mar 9, 2026
14.88
15.25
14.67
15.13
14.25
120,700
Mar 6, 2026
0.07 Dividend 

Mar 6, 2026
14.99
15.19
14.90
15.00
14.13
55,300
Mar 5, 2026
15.56
15.66
15.12
15.49
14.53
53,600
Mar 4, 2026
15.27
15.72
15.27
15.55
14.58
32,300
Mar 3, 2026
15.16
15.30
14.79
15.14
14.20
56,800
Mar 2, 2026
15.11
15.65
15.10
15.46
14.50
113,200
Feb 27, 2026
0.073 Dividend 

Feb 27, 2026
15.60
15.72
15.40
15.46
14.50
48,900
Feb 26, 2026
16.02
16.02
15.72
15.83
14.78
86,500
Feb 25, 2026
15.83
16.00
15.80
15.97
14.91
97,300
Feb 24, 2026
15.54
15.76
15.49
15.68
14.64
30,600
Feb 23, 2026
15.70
15.70
15.39
15.50
14.47
60,000
Feb 20, 2026
0.071 Dividend 

Feb 20, 2026
15.50
15.81
15.50
15.68
14.64
45,500
Feb 19, 2026
15.55
15.68
15.41
15.60
14.50
31,300
Feb 18, 2026
15.52
15.79
15.48
15.59
14.48
47,000
Feb 17, 2026
15.35
15.62
15.19
15.49
14.40
54,300
Feb 13, 2026
0.073 Dividend 

Feb 13, 2026
15.22
15.61
15.16
15.39
14.30
45,700
Feb 12, 2026
15.79
15.89
15.34
15.34
14.19
57,300
Feb 11, 2026
15.86
15.97
15.66
15.71
14.53
65,200
Feb 10, 2026
15.97
16.00
15.77
15.84
14.65
79,900
Feb 9, 2026
15.80
16.10
15.44
16.06
14.85
94,200
Feb 6, 2026
0.075 Dividend 

Feb 6, 2026
15.25
15.74
15.25
15.59
14.42
83,500
Feb 5, 2026
15.52
15.62
15.15
15.28
14.06
307,500
Feb 4, 2026
16.15
16.15
15.42
15.56
14.32
140,500
Feb 3, 2026
16.34
16.40
15.92
16.26
14.96
114,400
Feb 2, 2026
16.27
16.38
16.02
16.20
14.91
229,500
Jan 30, 2026
0.078 Dividend 

Jan 30, 2026
16.61
16.61
16.15
16.23
14.94
194,900
Jan 29, 2026
17.01
17.01
16.36
16.76
15.35
180,800
Jan 28, 2026
16.85
16.97
16.75
16.82
15.41
144,000
Jan 27, 2026
16.64
16.90
16.61
16.90
15.48
168,900
Jan 26, 2026
16.75
16.75
16.55
16.56
15.17
109,300
Jan 23, 2026
0.075 Dividend 

Jan 23, 2026
16.56
16.83
16.50
16.70
15.30
103,300
Jan 22, 2026
16.61
16.81
16.54
16.61
15.15
75,000
Jan 21, 2026
16.52
16.65
16.20
16.51
15.06
124,200
Jan 20, 2026
16.63
16.67
16.31
16.32
14.88
207,400
Jan 16, 2026
0.079 Dividend 

Jan 16, 2026
16.97
17.00
16.77
16.86
15.38
169,200
Jan 15, 2026
16.90
17.05
16.90
16.94
15.37
58,300
Jan 14, 2026
16.92
17.06
16.77
16.83
15.27
81,600
Jan 13, 2026
17.14
17.15
16.94
17.01
15.44
79,400
Jan 12, 2026
16.87
17.09
16.75
17.06
15.48
120,600
Jan 9, 2026
0.078 Dividend 

Jan 9, 2026
16.70
16.96
16.70
16.84
15.28
74,900
Jan 8, 2026
16.86
16.86
16.66
16.74
15.12
63,800
Jan 7, 2026
16.81
16.96
16.70
16.80
15.18
121,500
Jan 6, 2026
16.92
16.92
16.70
16.88
15.25
100,400
Jan 5, 2026
16.69
16.85
16.55
16.80
15.18
143,800
Jan 2, 2026
0.077 Dividend 

Jan 2, 2026
16.51
16.64
16.34
16.48
14.89
81,800
Dec 31, 2025
16.55
16.65
16.43
16.45
14.79
49,300
Dec 30, 2025
16.60
16.71
16.50
16.50
14.84
69,900
Dec 29, 2025
16.68
16.73
16.57
16.67
14.99
73,000
Dec 26, 2025
0.077 Dividend 

Dec 26, 2025
16.85
16.88
16.65
16.78
15.09
39,900
Dec 24, 2025
16.83
16.93
16.79
16.86
15.09
37,000
Dec 23, 2025
16.81
16.91
16.75
16.90
15.12
42,900
Dec 22, 2025
16.72
16.90
16.69
16.86
15.09
72,500
Dec 19, 2025
0.08 Dividend 

Dec 19, 2025
16.37
16.68
16.37
16.68
14.93
51,000
Dec 18, 2025
16.32
16.50
16.26
16.39
14.60
52,300
Dec 17, 2025
16.59
16.70
16.02
16.06
14.30
76,700
Dec 16, 2025
16.35
16.54
16.25
16.52
14.71
86,500
Dec 15, 2025
16.70
16.70
16.33
16.41
14.62
131,600
Dec 12, 2025
0.079 Dividend 

Dec 12, 2025
17.00
17.05
16.45
16.64
14.82
181,400
Dec 11, 2025
17.17
17.18
16.86
17.18
15.23
131,900
Dec 10, 2025
17.23
17.32
17.06
17.28
15.32
81,000
Dec 9, 2025
17.10
17.27
17.08
17.20
15.25
64,300
Dec 8, 2025
17.17
17.23
17.04
17.17
15.22
92,400
Dec 5, 2025
0.078 Dividend 

Dec 5, 2025
17.24
17.25
17.00
17.17
15.22
53,700
Dec 4, 2025
17.15
17.31
16.90
17.31
15.28
93,000
Dec 3, 2025
16.93
17.07
16.70
17.07
15.07
67,800
Dec 2, 2025
17.02
17.11
16.84
16.91
14.92
60,800
Dec 1, 2025
16.82
16.98
16.46
16.90
14.92
127,500
Nov 28, 2025
0.336 Dividend 

Nov 28, 2025
17.06
17.06
16.91
17.04
15.04
59,300
Nov 26, 2025
17.04
17.34
17.04
17.29
14.96
75,500
Nov 25, 2025
16.82
17.01
16.55
16.99
14.70
76,100
Nov 24, 2025
16.62
16.87
16.60
16.80
14.54
38,100
Nov 21, 2025
16.42
16.64
16.20
16.51
14.29
37,500
Nov 20, 2025
17.21
17.21
16.38
16.41
14.20
51,200
Nov 19, 2025
16.85
16.91
16.61
16.70
14.46
70,200
Nov 18, 2025
16.81
16.92
16.63
16.76
14.50
89,000
Nov 17, 2025
17.00
17.12
16.76
16.87
14.60
58,200
Nov 14, 2025
16.87
17.23
16.76
17.05
14.76
97,000
Nov 13, 2025
17.46
17.46
17.05
17.12
14.82
57,500
Nov 12, 2025
17.56
17.56
17.42
17.50
15.15
40,200
Nov 11, 2025
17.45
17.54
17.43
17.51
15.16
46,600
Nov 10, 2025
17.27
17.53
17.27
17.51
15.15
38,800
Nov 7, 2025
16.89
17.06
16.75
17.06
14.77
44,300
Nov 6, 2025
17.31
17.31
16.97
17.02
14.73
38,900
Nov 5, 2025
17.23
17.36
17.15
17.30
14.97
32,600
Nov 4, 2025
17.35
17.39
17.15
17.15
14.84
48,000
Nov 3, 2025
17.50
17.57
17.46
17.55
15.19
47,500
Oct 31, 2025
17.45
17.57
17.45
17.56
15.20
59,200
Oct 30, 2025
0.356 Dividend 

Oct 30, 2025
17.59
17.59
17.33
17.42
15.08
69,000
Oct 29, 2025
17.95
17.96
17.83
17.90
15.18
47,000
Oct 28, 2025
17.82
17.86
17.80
17.80
15.10
41,800
Oct 27, 2025
17.68
17.81
17.68
17.79
15.09
87,400
Oct 24, 2025
17.58
17.60
17.53
17.56
14.89
59,700
Oct 23, 2025
17.36
17.53
17.32
17.51
14.85
47,300
Oct 22, 2025
17.43
17.43
17.17
17.27
14.65
55,400
Oct 21, 2025
17.43
17.48
17.34
17.45
14.80
22,500
Oct 20, 2025
17.49
17.49
17.37
17.45
14.80
30,800
Oct 17, 2025
17.30
17.42
17.28
17.36
14.73
15,300
Oct 16, 2025
17.54
17.54
17.30
17.35
14.72
36,500
Oct 15, 2025
17.49
17.58
17.34
17.46
14.81
41,700
Oct 14, 2025
17.39
17.54
17.24
17.45
14.80
18,600
Oct 13, 2025
17.52
17.59
17.39
17.59
14.92
46,400
Oct 10, 2025
17.81
17.81
17.20
17.24
14.62
37,200
Oct 9, 2025
17.75
17.79
17.66
17.73
15.04
30,300
Oct 8, 2025
17.79
17.80
17.72
17.80
15.10
29,800
Oct 7, 2025
17.77
17.84
17.58
17.71
15.02
29,000
Oct 6, 2025
17.69
17.83
17.66
17.74
15.05
45,500
Oct 3, 2025
17.67
17.73
17.57
17.60
14.93
56,200
Oct 2, 2025
17.70
17.74
17.60
17.70
15.01
28,700
Oct 1, 2025
17.51
17.62
17.47
17.57
14.90
33,700
Sep 30, 2025
17.48
17.51
17.42
17.47
14.82
35,300
Sep 29, 2025
17.47
17.56
17.43
17.44
14.79
63,500
Sep 26, 2025
17.28
17.40
17.25
17.35
14.72
74,400
Sep 25, 2025
0.356 Dividend 

Sep 25, 2025
17.32
17.40
17.15
17.28
14.66
36,700
Sep 24, 2025
17.80
17.83
17.70
17.80
14.80
44,100
Sep 23, 2025
17.90
17.90
17.67
17.74
14.75
29,000
Sep 22, 2025
17.85
17.90
17.79
17.87
14.85
33,300
Sep 19, 2025
17.90
17.93
17.83
17.86
14.85
16,200
Sep 18, 2025
17.88
18.03
17.82
17.90
14.88
28,700
Sep 17, 2025
17.79
17.82
17.65
17.79
14.79
32,600
Sep 16, 2025
17.81
17.84
17.76
17.78
14.78
44,800
Sep 15, 2025
17.77
17.80
17.70
17.78
14.78
70,600
Sep 12, 2025
17.73
17.78
17.67
17.78
14.78
23,100
Sep 11, 2025
17.63
17.73
17.62
17.65
14.67
38,600
Sep 10, 2025
17.57
17.67
17.53
17.57
14.61
43,100
Sep 9, 2025
17.45
17.51
17.39
17.51
14.56
25,800
Sep 8, 2025
17.46
17.46
17.36
17.44
14.50
44,800
Sep 5, 2025
17.45
17.55
17.27
17.36
14.43
47,700
Sep 4, 2025
17.36
17.40
17.29
17.39
14.46
37,400
Sep 3, 2025
17.31
17.40
17.26
17.30
14.38
34,400
Sep 2, 2025
17.25
17.30
17.13
17.27
14.36
64,000
Aug 29, 2025
17.51
17.51
17.36
17.42
14.48
69,700
Aug 28, 2025
0.354 Dividend 

Aug 28, 2025
17.51
17.52
17.44
17.52
14.56
41,300
Aug 27, 2025
17.83
17.83
17.76
17.82
14.52
14,600
Aug 26, 2025
17.67
17.80
17.67
17.75
14.46
20,800
Aug 25, 2025
17.75
17.83
17.70
17.70
14.42
30,300
Aug 22, 2025
17.53
17.87
17.53
17.79
14.49
47,100
Aug 21, 2025
17.57
17.60
17.47
17.54
14.29
41,500
Aug 20, 2025
17.59
17.61
17.32
17.55
14.30
39,200
Aug 19, 2025
17.89
17.89
17.56
17.62
14.36
23,300
Aug 18, 2025
17.78
17.89
17.78
17.89
14.58
27,700
Aug 15, 2025
17.87
17.87
17.77
17.77
14.48
23,700
Aug 14, 2025
17.83
17.87
17.78
17.87
14.56
26,300
Aug 13, 2025
17.92
18.00
17.84
17.91
14.59
24,700
Aug 12, 2025
17.88
17.93
17.78
17.88
14.57
64,500
Aug 11, 2025
17.85
17.87
17.75
17.75
14.47
43,000
Aug 8, 2025
17.88
17.88
17.82
17.86
14.55
34,000
Aug 7, 2025
17.94
17.96
17.72
17.86
14.55
37,800
Aug 6, 2025
17.65
17.80
17.65
17.78
14.49
49,400
Aug 5, 2025
17.79
17.79
17.59
17.65
14.38
42,400
Aug 4, 2025
17.56
17.71
17.54
17.68
14.40
37,600
Aug 1, 2025
17.56
17.56
17.32
17.43
14.20
44,200
Jul 31, 2025
17.81
17.88
17.65
17.65
14.38
61,500
Jul 30, 2025
0.362 Dividend 

Jul 30, 2025
17.76
17.77
17.65
17.70
14.42
70,500
Jul 29, 2025
18.19
18.19
18.05
18.11
14.46
34,300
Jul 28, 2025
18.16
18.16
18.07
18.13
14.48
53,000
Jul 25, 2025
18.08
18.15
18.07
18.10
14.45
50,700
Jul 24, 2025
18.04
18.08
18.00
18.06
14.42
67,900
Jul 23, 2025
18.00
18.04
17.88
18.03
14.40
40,600
Jul 22, 2025
17.96
17.96
17.77
17.91
14.30
42,600
Jul 21, 2025
17.95
18.02
17.90
17.90
14.29
46,800
Jul 18, 2025
17.95
17.98
17.93
17.97
14.35
15,800
Jul 17, 2025
17.88
17.96
17.85
17.94
14.32
53,300
Jul 16, 2025
17.83
17.87
17.72
17.87
14.27
25,400
Jul 15, 2025
17.83
17.85
17.77
17.78
14.20
26,100
Jul 14, 2025
17.73
17.79
17.70
17.76
14.18
26,500
Jul 11, 2025
17.75
17.77
17.70
17.73
14.16
34,400
Jul 10, 2025
17.81
17.81
17.70
17.76
14.18
27,000
Jul 9, 2025
17.81
17.83
17.73
17.82
14.22
31,500
Jul 8, 2025
17.65
17.74
17.65
17.74
14.16
34,300
Jul 7, 2025
17.72
17.74
17.63
17.72
14.14
49,900
Jul 3, 2025
17.76
17.82
17.72
17.80
14.21
36,200
Jul 2, 2025
17.59
17.69
17.58
17.67
14.11
38,200
Jul 1, 2025
17.70
17.70
17.50
17.59
14.05
40,600
Jun 30, 2025
17.73
17.79
17.70
17.71
14.14
50,700
Jun 27, 2025
17.70
17.76
17.58
17.69
14.12
43,200
Jun 26, 2025
0.358 Dividend 

Jun 26, 2025
17.57
17.69
17.57
17.65
14.09
106,900
Jun 25, 2025
17.98
17.99
17.88
17.94
14.04
49,700
Jun 24, 2025
17.85
17.96
17.83
17.92
14.02
32,900
Jun 23, 2025
17.46
17.69
17.41
17.68
13.84
52,500
Jun 20, 2025
17.68
17.68
17.43
17.47
13.67
40,600
Jun 18, 2025
17.60
17.65
17.56
17.59
13.76
25,500
Jun 17, 2025
17.63
17.65
17.50
17.54
13.72
31,400
Jun 16, 2025
17.59
17.75
17.59
17.70
13.85
24,300
Jun 13, 2025
17.50
17.63
17.44
17.52
13.71
44,600
Jun 12, 2025
17.61
17.70
17.60
17.62
13.79
43,900
Jun 11, 2025
17.74
17.74
17.56
17.60
13.77
47,400
Jun 10, 2025
17.64
17.65
17.54
17.65
13.81
52,200
Jun 9, 2025
17.55
17.57
17.42
17.54
13.73
47,200
Jun 6, 2025
17.54
17.55
17.45
17.47
13.67
40,200
Jun 5, 2025
17.52
17.63
17.29
17.35
13.58
90,000
Jun 4, 2025
17.57
17.57
17.46
17.52
13.71
30,600
Jun 3, 2025
17.40
17.59
17.40
17.51
13.70
43,800
Jun 2, 2025
17.37
17.43
17.28
17.42
13.63
46,600
May 30, 2025
17.38
17.38
17.23
17.36
13.58
51,000
May 29, 2025
0.347 Dividend 

May 29, 2025
17.51
17.51
17.31
17.38
13.60
50,100
May 28, 2025
17.75
17.75
17.65
17.65
13.54
23,500
May 27, 2025
17.61
17.77
17.55
17.77
13.63
26,900
May 23, 2025
17.28
17.44
17.25
17.37
13.32
48,600
May 22, 2025
17.44
17.57
17.42
17.50
13.43
24,100
May 21, 2025
17.56
17.70
17.36
17.45
13.39
22,100
May 20, 2025
17.70
17.70
17.57
17.63
13.52
61,700
May 19, 2025
17.53
17.71
17.51
17.71
13.59
31,200
May 16, 2025
17.65
17.68
17.54
17.68
13.56
15,800
May 15, 2025
17.58
17.64
17.47
17.62
13.52
27,200
May 14, 2025
17.60
17.66
17.55
17.61
13.51
34,700
May 13, 2025
17.31
17.59
17.31
17.54
13.46
30,000
May 12, 2025
17.32
17.32
17.07
17.26
13.24
86,800
May 9, 2025
16.90
16.91
16.80
16.86
12.93
13,000
May 8, 2025
16.70
16.87
16.67
16.79
12.88
14,800
May 7, 2025
16.50
16.62
16.47
16.58
12.72
33,200
May 6, 2025
16.50
16.57
16.47
16.54
12.69
10,600
May 5, 2025
16.64
16.74
16.60
16.65
12.77
20,000
May 2, 2025
16.64
16.76
16.64
16.69
12.80
12,900
May 1, 2025
16.57
16.66
16.52
16.52
12.67
15,600
Apr 30, 2025
16.21
16.42
16.05
16.42
12.60
33,700
Apr 29, 2025
0.331 Dividend 

Apr 29, 2025
16.34
16.44
16.31
16.43
12.60
18,900
Apr 28, 2025
16.73
16.75
16.51
16.70
12.56
24,700
Apr 25, 2025
16.53
16.71
16.48
16.71
12.57
32,000
Apr 24, 2025
16.11
16.51
16.11
16.51
12.41
14,100
Apr 23, 2025
16.24
16.35
16.16
16.16
12.15
10,000
Apr 22, 2025
15.62
15.90
15.62
15.81
11.89
14,100
Apr 21, 2025
15.73
15.73
15.33
15.46
11.63
14,700
Apr 17, 2025
15.86
15.95
15.76
15.85
11.92
21,300
Apr 16, 2025
15.98
16.04
15.68
15.80
11.88
17,300
Apr 15, 2025
16.14
16.23
16.11
16.12
12.12
18,000
Apr 14, 2025
16.31
16.31
16.00
16.04
12.06
15,300
Apr 11, 2025
15.62
15.96
15.59
15.90
11.96
28,300
Apr 10, 2025
15.86
15.88
15.34
15.67
11.78
27,100
Apr 9, 2025
14.67
16.15
14.67
16.11
12.11
38,500
Apr 8, 2025
15.37
15.51
14.56
14.66
11.02
28,100
Apr 7, 2025
14.37
15.42
14.20
14.87
11.18
58,200
Apr 4, 2025
15.54
15.54
14.98
15.00
11.28
116,700
Apr 3, 2025
16.10
16.24
15.90
15.96
12.00
48,700
Apr 2, 2025
16.38
16.68
16.35
16.64
12.51
14,500
Apr 1, 2025
16.43
16.56
16.38
16.55
12.44
15,200
Mar 31, 2025
16.21
16.45
16.08
16.40
12.33
37,300
Mar 28, 2025
16.79
16.79
16.42
16.49
12.40
50,000
Mar 27, 2025
0.348 Dividend 

Mar 27, 2025
16.77
16.93
16.74
16.80
12.63
21,000
Mar 26, 2025
17.48
17.49
17.17
17.17
12.65
77,700
Mar 25, 2025
17.46
17.53
17.41
17.53
12.91
21,400
Mar 24, 2025
17.38
17.52
17.35
17.36
12.79
65,900
Mar 21, 2025
17.05
17.25
16.98
17.25
12.71
15,500
Mar 20, 2025
17.02
17.25
17.02
17.17
12.65
23,500
Mar 19, 2025
17.00
17.28
16.97
17.13
12.62
20,200
Mar 18, 2025
17.13
17.13
16.90
16.98
12.51
40,400
Mar 17, 2025
17.15
17.26
17.09
17.16
12.64
25,900
Mar 14, 2025
16.97
17.13
16.93
17.13
12.62
22,200
Mar 13, 2025
17.03
17.03
16.66
16.79
12.37
29,900
Mar 12, 2025
17.03
17.08
16.83
17.04
12.55
17,800
Mar 11, 2025
16.73
17.00
16.66
16.76
12.35
26,700
Mar 10, 2025
17.23
17.23
16.70
16.75
12.34
50,600
Mar 7, 2025
17.31
17.48
17.07
17.48
12.88
23,100
Mar 6, 2025
17.51
17.65
17.24
17.27
12.72
46,700
Mar 5, 2025
17.60
17.77
17.50
17.76
13.08
15,000
Mar 4, 2025
17.38
17.74
17.24
17.49
12.89
84,900
Mar 3, 2025
18.08
18.10
17.45
17.52
12.91
84,700
Feb 28, 2025
17.59
17.90
17.49
17.90
13.19
59,800
Feb 27, 2025
0.371 Dividend 

Feb 27, 2025
18.23
18.23
17.68
17.69
13.03
39,500
Feb 26, 2025
18.44
18.63
18.40
18.43
13.30
48,000
Feb 25, 2025
18.62
18.62
18.27
18.42
13.30
110,400
Feb 24, 2025
18.86
18.86
18.53
18.57
13.41
66,700
Feb 21, 2025
19.17
19.17
18.72
18.76
13.54
49,100
Feb 20, 2025
19.18
19.18
19.00
19.12
13.80
28,600
Feb 19, 2025
19.17
19.22
19.12
19.18
13.85
32,500
Feb 18, 2025
19.20
19.20
19.10
19.16
13.83
60,200
Feb 14, 2025
19.14
19.14
19.07
19.14
13.82
25,900
Feb 13, 2025
19.00
19.10
18.93
19.10
13.79
49,600
Feb 12, 2025
18.78
18.90
18.71
18.88
13.63
55,000
Feb 11, 2025
18.91
18.92
18.83
18.87
13.62
71,300
Feb 10, 2025
18.93
18.99
18.89
18.93
13.67
24,900
Feb 7, 2025
19.03
19.03
18.86
18.88
13.63
35,300
Feb 6, 2025
19.00
19.00
18.91
18.99
13.71
28,400
Feb 5, 2025
18.88
18.98
18.86
18.98
13.70
28,700
Feb 4, 2025
18.83
18.92
18.82
18.89
13.64
51,100
Feb 3, 2025
18.66
18.83
18.59
18.77
13.55
29,500
Jan 31, 2025
18.97
19.08
18.82
18.83
13.59
90,800
Jan 30, 2025
0.382 Dividend 

Jan 30, 2025
18.95
19.15
18.88
18.97
13.69
69,100
Jan 29, 2025
19.29
19.29
19.14
19.18
13.57
67,200
Jan 28, 2025
19.09
19.22
19.07
19.19
13.58
67,800
Jan 27, 2025
19.04
19.12
19.00
19.05
13.48
48,800
Jan 24, 2025
19.30
19.31
19.21
19.28
13.64
19,900
Jan 23, 2025
19.25
19.30
19.18
19.28
13.64
30,100
Jan 22, 2025
19.52
19.52
19.21
19.26
13.63
26,100
Jan 21, 2025
19.17
19.27
19.05
19.27
13.63
19,200
Jan 17, 2025
19.07
19.09
19.00
19.01
13.45
19,400
Jan 16, 2025
19.00
19.00
18.89
18.95
13.41
14,300
Jan 15, 2025
18.93
18.97
18.86
18.94
13.40
29,500
Jan 14, 2025
18.69
18.75
18.58
18.66
13.20
19,600
Jan 13, 2025
18.48
18.55
18.36
18.54
13.12
33,300
Jan 10, 2025
18.75
19.11
18.56
18.65
13.19
34,000
Jan 8, 2025
18.88
18.91
18.75
18.87
13.35
29,200
Jan 7, 2025
19.12
19.12
18.81
18.89
13.36
23,200
Jan 6, 2025
19.04
19.13
18.98
18.98
13.43
68,100
Jan 3, 2025
18.84
18.98
18.81
18.95
13.41
17,700
Jan 2, 2025
18.83
18.90
18.66
18.79
13.29
38,300
Dec 31, 2024
18.81
18.83
18.65
18.71
13.24
40,400
Dec 30, 2024
18.77
19.00
18.60
18.75
13.27
31,400
Dec 27, 2024
18.95
19.01
18.80
18.88
13.36
51,900
Dec 26, 2024
0.382 Dividend 

Dec 26, 2024
19.12
19.12
18.90
19.00
13.44
51,100
Dec 24, 2024
19.31
19.40
19.25
19.40
13.46
30,200
Dec 23, 2024
19.21
19.27
19.03
19.26
13.36
55,200
Dec 20, 2024
18.88
19.27
18.86
19.16
13.29
31,900
Dec 19, 2024
19.22
19.24
18.94
18.98
13.16
60,100
Dec 18, 2024
19.69
19.69
19.00
19.02
13.19
69,100
Dec 17, 2024
19.67
19.67
19.57
19.62
13.61
79,900
Dec 16, 2024
19.78
19.89
19.64
19.89
13.80
22,400
Dec 13, 2024
19.67
19.67
19.56
19.63
13.61
25,800
Dec 12, 2024
19.77
19.77
19.63
19.65
13.63
25,700
Dec 11, 2024
19.78
19.80
19.67
19.78
13.72
37,300
Dec 10, 2024
19.74
19.74
19.65
19.67
13.64
42,800
Dec 9, 2024
19.91
19.95
19.73
19.74
13.69
27,100
Dec 6, 2024
19.86
19.88
19.78
19.87
13.78
40,900
Dec 5, 2024
19.87
19.89
19.78
19.81
13.74
115,800
Dec 4, 2024
19.88
19.88
19.77
19.84
13.76
40,200
Dec 3, 2024
19.96
19.96
19.71
19.78
13.72
46,700
Dec 2, 2024
19.87
19.87
19.69
19.81
13.74
103,400
Nov 29, 2024
19.78
19.80
19.72
19.78
13.72
24,000
Nov 27, 2024
19.96
19.96
19.66
19.75
13.70
48,600
Nov 26, 2024
19.76
19.78
19.70
19.77
13.71
50,400
Nov 25, 2024
0.396 Dividend 

Nov 25, 2024
19.99
19.99
19.73
19.76
13.70
43,400
Nov 22, 2024
19.97
20.08
19.97
20.05
13.63
24,300
Nov 21, 2024
19.81
19.97
19.81
19.94
13.56
30,700
Nov 20, 2024
19.63
19.83
19.60
19.78
13.45
39,900
Nov 19, 2024
19.72
20.67
19.68
19.85
13.50
37,000
Nov 18, 2024
19.74
19.85
19.61
19.79
13.45
71,400
Nov 15, 2024
19.64
19.79
19.57
19.65
13.36
33,000
Nov 14, 2024
20.07
20.07
19.80
19.81
13.47
30,400
Nov 13, 2024
19.95
19.96
19.87
19.88
13.51
21,300
Nov 12, 2024
20.05
20.07
19.85
19.91
13.54
51,400
Nov 11, 2024
20.15
20.15
20.06
20.11
13.67
43,400
Nov 8, 2024
20.04
20.09
20.02
20.05
13.63
22,100
Nov 7, 2024
19.95
20.12
19.85
20.02
13.61
35,900
Nov 6, 2024
19.75
19.95
19.68
19.95
13.56
51,300
Nov 5, 2024
19.46
19.56
19.41
19.54
13.29
24,600
Nov 4, 2024
19.46
19.68
19.33
19.38
13.18
52,500
Nov 1, 2024
19.36
19.48
19.34
19.35
13.16
24,900
Oct 31, 2024
19.86
19.90
19.22
19.26
13.09
90,300
Oct 30, 2024
19.59
19.61
19.51
19.51
13.26
60,300
Oct 29, 2024
19.51
19.62
19.51
19.59
13.32
31,200
Oct 28, 2024
19.54
19.64
19.54
19.57
13.31
56,900
Oct 25, 2024
0.396 Dividend 

Oct 25, 2024
19.60
19.67
19.54
19.55
13.29
27,400
Oct 24, 2024
19.90
19.94
19.86
19.92
13.28
17,400
Oct 23, 2024
19.93
19.93
19.73
19.83
13.21
34,900
Oct 22, 2024
19.91
19.99
19.90
19.98
13.31
14,400
Oct 21, 2024
19.91
20.01
19.86
20.01
13.33
26,600
Oct 18, 2024
19.92
19.96
19.87
19.92
13.28
13,700
Oct 17, 2024
19.97
19.99
19.86
19.90
13.26
27,800
Oct 16, 2024
19.83
19.90
19.83
19.88
13.25
22,400
Oct 15, 2024
20.06
20.06
19.80
19.80
13.19
35,400
Oct 14, 2024
19.96
20.03
19.96
20.00
13.33
75,900
Oct 11, 2024
19.88
19.94
19.88
19.92
13.27
67,600
Oct 10, 2024
19.89
19.89
19.80
19.88
13.25
23,500
Oct 9, 2024
19.72
19.90
19.70
19.90
13.26
240,800
Oct 8, 2024
19.63
19.81
19.63
19.75
13.16
22,600
Oct 7, 2024
19.78
19.78
19.58
19.66
13.10
23,300
Oct 4, 2024
19.75
19.79
19.68
19.78
13.18
33,800
Oct 3, 2024
19.55
19.68
19.50
19.62
13.07
31,300
Oct 2, 2024
19.38
19.72
19.38
19.70
13.13
24,500
Oct 1, 2024
19.71
19.76
19.60
19.71
13.13
28,200
Sep 30, 2024
19.93
20.03
19.80
19.80
13.19
43,100
Sep 27, 2024
20.01
20.01
19.91
19.92
13.27
36,200
Sep 26, 2024
20.41
20.41
19.91
19.98
13.32
34,200
Sep 25, 2024
0.402 Dividend 

Sep 25, 2024
19.85
19.86
19.79
19.81
13.20
18,400
Sep 24, 2024
20.16
20.26
20.16
20.24
13.22
8,900
Sep 23, 2024
20.15
20.18
20.11
20.17
13.17
34,400
Sep 20, 2024
20.15
20.15
20.01
20.09
13.12
13,000
Sep 19, 2024
20.16
20.23
20.16
20.21
13.20
41,100
Sep 18, 2024
19.88
19.99
19.85
19.85
12.97
1,200
Sep 17, 2024
19.93
20.00
19.89
19.89
12.99
2,400
Sep 16, 2024
19.97
19.97
19.91
19.91
13.01
400
Sep 13, 2024
19.88
19.89
19.85
19.89
12.99
2,800
Sep 12, 2024
19.67
19.81
19.65
19.77
12.91
14,500
Sep 11, 2024
19.27
19.65
19.27
19.65
12.83
8,900
Sep 10, 2024
19.36
19.44
19.27
19.42
12.68
17,300
Sep 9, 2024
19.38
19.44
19.29
19.40
12.67
21,400
Sep 6, 2024
19.47
19.47
19.16
19.19
12.53
3,000
Sep 5, 2024
19.53
19.57
19.47
19.48
12.72
7,900
Sep 4, 2024
19.56
19.56
19.47
19.50
12.73
11,200
Sep 3, 2024
19.82
19.82
19.46
19.46
12.71
16,700
Aug 30, 2024
19.82
20.00
19.79
19.88
12.98
3,000
Aug 29, 2024
19.75
19.85
19.71
19.71
12.88
3,800
Aug 28, 2024
19.78
19.78
19.64
19.68
12.85
5,800
Aug 27, 2024
19.79
19.79
19.74
19.78
12.92
6,200
Aug 26, 2024
0.404 Dividend 

Aug 26, 2024
19.96
19.96
19.44
19.72
12.88
5,000
Aug 23, 2024
20.11
20.28
19.86
20.25
12.96
22,800
Aug 22, 2024
20.22
20.22
20.02
20.02
12.81
56,200
Aug 21, 2024
20.12
20.25
20.12
20.22
12.94
8,400
Aug 20, 2024
20.21
20.22
20.10
20.14
12.89
4,200
Aug 19, 2024
20.02
20.22
20.02
20.17
12.91
11,500
Aug 16, 2024
20.01
20.08
19.93
20.03
12.82
17,400
Aug 15, 2024
19.94
20.02
19.94
20.01
12.81
305,800
Aug 14, 2024
19.63
19.73
19.58
19.71
12.62
51,200
Aug 13, 2024
19.53
19.67
19.53
19.67
12.59
7,500
Aug 12, 2024
19.45
19.53
19.40
19.40
12.41
90,300
Aug 9, 2024
19.41
19.44
19.35
19.41
12.42
7,600
Aug 8, 2024
19.27
19.38
19.27
19.33
12.38
12,800
Aug 7, 2024
19.31
19.35
18.96
18.96
12.13
116,800
Aug 6, 2024
18.99
19.21
18.86
19.02
12.18
13,400
Aug 5, 2024
18.80
18.89
18.76
18.86
12.07
1,000
Aug 2, 2024
19.48
19.48
19.48
19.48
12.47
-
Aug 1, 2024
19.95
19.95
19.59
19.69
12.60
104,900
Jul 31, 2024
20.15
20.15
20.14
20.14
12.89
200
Jul 30, 2024
20.09
20.09
19.86
19.93
12.76
124,300
