Date
Open
High
Low
Close 

Adj Close 

Volume
May 26, 2026
24.14
24.47
24.00
24.14
24.14
25,478
May 22, 2026
24.49
24.58
24.04
24.08
24.08
27,500
May 21, 2026
24.30
24.64
24.13
24.40
24.40
7,800
May 20, 2026
0.159 Dividend 

May 20, 2026
24.32
24.67
24.30
24.48
24.48
10,000
May 19, 2026
24.29
24.65
24.08
24.42
24.26
7,100
May 18, 2026
25.00
25.00
24.20
24.56
24.40
7,600
May 15, 2026
25.72
25.72
25.09
25.09
24.93
11,300
May 14, 2026
25.55
26.36
25.40
26.07
25.90
5,600
May 13, 2026
0.215 Dividend 

May 13, 2026
25.55
25.57
25.22
25.46
25.29
5,500
May 12, 2026
25.74
25.83
25.41
25.56
25.18
5,100
May 11, 2026
25.47
26.10
25.47
26.05
25.66
12,800
May 8, 2026
25.20
25.50
24.98
25.47
25.09
12,500
May 7, 2026
25.58
25.73
25.22
25.36
24.98
15,100
May 6, 2026
0.191 Dividend 

May 6, 2026
25.20
25.71
25.20
25.64
25.26
11,500
May 5, 2026
25.77
25.77
25.38
25.44
24.87
23,000
May 4, 2026
25.27
25.73
25.21
25.59
25.02
53,800
May 1, 2026
24.90
25.22
24.90
25.05
24.49
4,300
Apr 30, 2026
24.37
24.51
24.17
24.46
23.92
2,600
Apr 29, 2026
0.187 Dividend 

Apr 29, 2026
23.70
23.88
23.64
23.86
23.33
4,400
Apr 28, 2026
24.90
24.90
24.46
24.74
24.01
5,600
Apr 27, 2026
25.18
25.23
24.96
25.14
24.39
6,000
Apr 24, 2026
25.51
25.52
25.00
25.20
24.45
10,900
Apr 23, 2026
24.62
25.89
24.62
25.30
24.55
4,800
Apr 22, 2026
0.149 Dividend 

Apr 22, 2026
26.02
26.05
25.89
26.02
25.25
2,400
Apr 21, 2026
25.79
25.91
25.28
25.28
24.39
9,200
Apr 20, 2026
25.63
25.90
25.43
25.90
24.98
8,600
Apr 17, 2026
25.61
25.90
25.61
25.80
24.89
3,800
Apr 16, 2026
25.20
25.20
24.80
25.10
24.21
2,600
Apr 15, 2026
0.149 Dividend 

Apr 15, 2026
24.54
25.08
24.54
25.08
24.19
5,900
Apr 14, 2026
24.62
24.67
24.43
24.56
23.55
7,700
Apr 13, 2026
23.24
24.28
23.08
23.82
22.84
9,300
Apr 10, 2026
23.08
23.42
23.08
23.28
22.32
3,900
Apr 9, 2026
23.44
23.44
22.88
23.16
22.21
5,800
Apr 8, 2026
0.15 Dividend 

Apr 8, 2026
23.50
23.62
23.20
23.27
22.31
10,600
Apr 7, 2026
23.00
23.07
22.47
23.07
21.98
4,900
Apr 6, 2026
23.05
23.32
23.05
23.19
22.09
2,900
Apr 2, 2026
22.44
23.02
22.44
22.98
21.89
4,100
Apr 1, 2026
0.153 Dividend 

Apr 1, 2026
23.25
23.30
23.13
23.13
22.03
4,400
Mar 31, 2026
22.29
23.06
22.25
23.04
21.80
3,100
Mar 30, 2026
22.66
22.66
21.62
21.72
20.55
5,700
Mar 27, 2026
22.63
22.63
22.19
22.19
21.00
4,800
Mar 26, 2026
23.89
23.92
23.12
23.12
21.88
12,400
Mar 25, 2026
0.166 Dividend 

Mar 25, 2026
24.52
24.64
24.16
24.22
22.92
8,800
Mar 24, 2026
24.00
24.00
23.53
23.61
22.18
3,600
Mar 23, 2026
24.17
24.47
24.10
24.38
22.91
2,700
Mar 20, 2026
23.89
24.19
23.65
23.71
22.28
3,100
Mar 19, 2026
24.04
24.53
24.04
24.30
22.83
1,700
Mar 18, 2026
0.207 Dividend 

Mar 18, 2026
24.85
24.99
24.59
24.59
23.10
24,200
Mar 17, 2026
25.22
25.36
25.19
25.20
23.48
3,100
Mar 16, 2026
25.18
25.28
24.95
25.18
23.46
2,700
Mar 13, 2026
24.91
24.91
24.59
24.59
22.91
400
Mar 12, 2026
24.85
24.85
24.57
24.64
22.96
2,200
Mar 11, 2026
24.98
25.01
24.79
24.97
23.27
2,500
Mar 10, 2026
24.77
24.86
24.59
24.67
22.99
1,100
Mar 9, 2026
24.22
24.76
24.22
24.76
23.07
1,400
Mar 6, 2026
24.26
24.69
24.24
24.33
22.67
3,100
Mar 5, 2026
25.19
25.19
24.75
24.75
23.06
1,300
Mar 4, 2026
25.25
25.35
25.24
25.24
23.52
2,300
Mar 3, 2026
23.91
24.02
23.46
23.97
22.34
3,400
Mar 2, 2026
24.08
24.62
24.08
24.55
22.88
2,800
Feb 27, 2026
24.16
24.16
23.78
24.02
22.38
3,000
Feb 26, 2026
25.04
25.04
24.59
24.73
23.04
9,000
