Date
Open
High
Low
Close 

Adj Close 

Volume
May 26, 2026
16.91
17.07
16.93
17.06
17.06
2,821
May 22, 2026
0.048 Dividend 

May 22, 2026
16.83
16.83
16.49
16.56
16.56
5,700
May 21, 2026
16.67
16.99
16.61
16.85
16.80
6,700
May 20, 2026
16.60
16.92
16.48
16.88
16.83
13,200
May 19, 2026
16.77
16.77
16.46
16.48
16.43
2,700
May 18, 2026
0.053 Dividend 

May 18, 2026
17.32
17.32
16.95
16.99
16.94
4,400
May 15, 2026
17.32
17.32
17.00
17.10
17.00
10,600
May 14, 2026
18.28
18.28
18.12
18.19
18.08
3,600
May 13, 2026
18.39
18.52
18.31
18.38
18.27
4,900
May 12, 2026
18.39
18.59
18.14
18.58
18.47
7,000
May 11, 2026
0.052 Dividend 

May 11, 2026
18.49
18.88
18.49
18.64
18.53
19,400
May 8, 2026
18.31
18.39
18.21
18.39
18.23
2,500
May 7, 2026
18.42
18.59
17.97
17.97
17.81
2,500
May 6, 2026
18.02
18.02
17.76
17.89
17.73
2,500
May 5, 2026
17.13
17.13
16.83
16.83
16.68
1,800
May 4, 2026
0.049 Dividend 

May 4, 2026
16.88
17.03
16.74
16.78
16.63
4,300
May 1, 2026
17.18
17.37
17.12
17.14
16.94
4,900
Apr 30, 2026
17.40
17.40
17.17
17.27
17.07
3,400
Apr 29, 2026
16.97
16.99
16.84
16.89
16.69
3,300
Apr 28, 2026
17.54
17.54
17.28
17.32
17.12
4,800
Apr 27, 2026
0.053 Dividend 

Apr 27, 2026
17.93
18.00
17.89
17.94
17.73
2,600
Apr 24, 2026
17.99
18.27
17.99
18.22
17.96
2,500
Apr 23, 2026
18.09
18.09
17.96
17.98
17.72
7,300
Apr 22, 2026
18.33
18.36
18.18
18.22
17.96
5,500
Apr 21, 2026
18.72
18.86
18.03
18.03
17.77
8,900
Apr 20, 2026
0.055 Dividend 

Apr 20, 2026
19.00
19.01
18.85
18.96
18.69
1,400
Apr 17, 2026
19.26
19.48
19.22
19.23
18.90
3,200
Apr 16, 2026
19.08
19.11
18.81
18.88
18.55
4,300
Apr 15, 2026
19.34
19.34
18.90
18.90
18.57
6,700
Apr 14, 2026
19.31
19.41
19.28
19.32
18.99
3,500
Apr 13, 2026
0.055 Dividend 

Apr 13, 2026
19.05
19.12
18.99
19.09
18.76
4,300
Apr 10, 2026
19.28
19.38
19.17
19.23
18.84
4,800
Apr 9, 2026
19.31
19.31
19.13
19.13
18.75
4,700
Apr 8, 2026
19.53
19.53
19.04
19.13
18.75
5,100
Apr 7, 2026
18.51
18.68
18.47
18.68
18.30
4,700
Apr 6, 2026
0.053 Dividend 

Apr 6, 2026
18.56
18.59
18.54
18.58
18.21
1,600
Apr 2, 2026
18.13
18.74
18.13
18.64
18.21
12,100
Apr 1, 2026
18.57
19.05
18.57
18.86
18.43
3,800
Mar 31, 2026
17.83
18.28
17.83
18.22
17.80
16,800
Mar 30, 2026
0.05 Dividend 

Mar 30, 2026
17.55
17.55
17.13
17.21
16.82
11,500
Mar 27, 2026
16.83
17.35
16.82
17.24
16.80
3,100
Mar 26, 2026
16.92
17.28
16.63
16.64
16.21
11,800
Mar 25, 2026
17.62
17.62
17.30
17.32
16.87
11,400
Mar 24, 2026
16.50
16.76
16.50
16.76
16.33
1,400
Mar 23, 2026
0.053 Dividend 

Mar 23, 2026
16.61
17.00
16.50
16.69
16.26
8,100
Mar 20, 2026
17.01
17.03
16.61
16.61
16.13
5,200
Mar 19, 2026
17.03
17.17
16.74
17.17
16.68
9,500
Mar 18, 2026
18.66
18.66
18.27
18.27
17.74
4,200
Mar 17, 2026
19.43
19.51
19.25
19.28
18.72
4,000
Mar 16, 2026
0.059 Dividend 

Mar 16, 2026
19.28
19.49
19.22
19.34
18.78
5,000
Mar 13, 2026
20.02
20.02
19.26
19.26
18.65
2,600
Mar 12, 2026
20.07
20.12
20.02
20.03
19.39
2,100
Mar 11, 2026
20.51
20.51
20.27
20.42
19.77
2,100
Mar 10, 2026
20.94
20.99
20.76
20.76
20.10
3,700
Mar 9, 2026
0.061 Dividend 

Mar 9, 2026
20.00
20.58
19.80
20.54
19.89
6,600
Mar 6, 2026
20.33
20.61
20.13
20.61
19.90
4,200
Mar 5, 2026
20.99
20.99
20.28
20.47
19.76
6,300
Mar 4, 2026
21.50
21.50
20.97
21.10
20.37
2,000
Mar 3, 2026
21.08
21.08
20.44
20.90
20.18
11,000
Mar 2, 2026
22.60
22.64
21.96
22.38
21.60
15,900
Feb 27, 2026
22.14
22.35
22.12
22.35
21.58
6,500
Feb 26, 2026
21.59
22.00
21.59
22.00
21.24
4,100
Feb 25, 2026
21.78
21.91
21.68
21.68
20.93
4,500
Feb 24, 2026
21.19
21.71
21.19
21.66
20.91
8,000
Feb 23, 2026
21.31
21.62
21.24
21.61
20.86
18,200
Feb 20, 2026
20.67
20.97
20.50
20.97
20.24
6,600
Feb 19, 2026
20.32
20.67
20.23
20.64
19.92
7,600
Feb 18, 2026
20.34
20.60
20.32
20.44
19.73
18,900
