Date
Open
High
Low
Close 

Adj Close 

Volume
Jun 5, 2026
46.65
46.77
45.51
45.51
45.51
18,300
Jun 4, 2026
48.09
48.09
47.44
47.67
47.67
11,300
Jun 3, 2026
47.23
47.38
47.02
47.23
47.23
8,200
Jun 2, 2026
48.02
48.11
47.73
47.80
47.80
10,400
Jun 1, 2026
0.228 Dividend 

Jun 1, 2026
47.44
47.90
47.35
47.65
47.65
14,500
May 29, 2026
48.56
49.42
48.44
48.67
48.44
23,200
May 28, 2026
47.20
48.39
47.14
48.16
47.93
9,000
May 27, 2026
47.14
47.70
47.00
47.50
47.28
14,100
May 26, 2026
0.177 Dividend 

May 26, 2026
48.45
48.68
48.01
48.30
48.07
11,400
May 22, 2026
48.66
48.75
48.43
48.53
48.13
19,700
May 21, 2026
48.62
49.11
48.51
49.00
48.59
9,000
May 20, 2026
48.43
49.08
47.99
49.08
48.68
7,700
May 19, 2026
48.37
48.59
48.15
48.26
47.86
10,200
May 18, 2026
0.317 Dividend 

May 18, 2026
49.53
49.61
48.86
49.34
48.93
9,400
May 15, 2026
49.42
49.65
49.02
49.51
48.78
21,400
May 14, 2026
51.11
51.33
50.84
50.84
50.10
14,500
May 13, 2026
51.09
51.51
51.09
51.30
50.55
10,200
May 12, 2026
51.24
51.64
50.73
51.64
50.88
8,000
May 11, 2026
0.216 Dividend 

May 11, 2026
51.75
52.20
51.73
52.03
51.27
16,600
May 8, 2026
51.93
52.34
51.88
52.03
51.06
7,800
May 7, 2026
52.26
52.51
51.66
51.78
50.81
22,400
May 6, 2026
51.58
51.91
51.47
51.66
50.69
7,300
May 5, 2026
50.05
50.18
49.76
49.81
48.87
9,400
May 4, 2026
0.205 Dividend 

May 4, 2026
49.90
50.13
49.18
49.36
48.43
18,300
May 1, 2026
50.40
51.35
50.40
50.74
49.59
7,100
Apr 30, 2026
50.97
51.01
50.76
50.88
49.72
6,100
Apr 29, 2026
49.93
50.13
49.65
49.88
48.75
29,300
Apr 28, 2026
50.50
50.74
50.15
50.60
49.46
28,200
Apr 27, 2026
0.354 Dividend 

Apr 27, 2026
51.88
52.12
51.59
51.76
50.58
21,100
Apr 24, 2026
52.21
52.83
52.21
52.63
51.09
31,600
Apr 23, 2026
52.84
52.92
52.23
52.26
50.73
8,800
Apr 22, 2026
53.18
53.18
52.74
53.02
51.47
9,000
Apr 21, 2026
53.49
53.63
52.21
52.21
50.68
17,500
Apr 20, 2026
0.364 Dividend 

Apr 20, 2026
53.98
54.11
53.69
53.85
52.27
18,300
Apr 17, 2026
54.80
55.23
54.80
54.89
52.93
16,500
Apr 16, 2026
54.33
54.43
53.95
54.14
52.21
18,900
Apr 15, 2026
54.52
54.60
53.88
54.14
52.20
13,200
Apr 14, 2026
54.05
54.80
53.98
54.80
52.84
19,000
Apr 13, 2026
0.436 Dividend 

Apr 13, 2026
53.15
53.47
52.88
53.47
51.56
11,100
Apr 10, 2026
54.20
54.51
53.95
54.08
51.73
16,700
Apr 9, 2026
53.86
54.56
53.86
54.10
51.75
10,100
Apr 8, 2026
54.67
54.67
53.27
53.61
51.28
14,800
Apr 7, 2026
52.85
53.28
52.03
53.28
50.96
16,700
Apr 6, 2026
0.422 Dividend 

Apr 6, 2026
53.06
53.06
52.59
52.70
50.41
9,300
Apr 2, 2026
52.33
53.65
52.19
53.33
50.61
11,700
Apr 1, 2026
54.20
54.99
54.20
54.59
51.80
12,200
Mar 31, 2026
52.21
53.53
52.21
53.53
50.80
14,200
Mar 30, 2026
0.094 Dividend 

Mar 30, 2026
51.82
51.86
50.96
51.13
48.52
21,200
Mar 27, 2026
49.98
51.79
49.98
51.25
48.54
36,200
Mar 26, 2026
50.30
50.62
49.17
49.17
46.57
10,900
Mar 25, 2026
52.00
52.25
51.52
51.52
48.80
14,500
Mar 24, 2026
49.20
50.14
49.20
49.72
47.09
24,900
Mar 23, 2026
0.305 Dividend 

Mar 23, 2026
49.87
51.21
49.30
49.71
47.08
39,100
Mar 20, 2026
53.65
53.65
51.24
51.39
48.39
46,800
Mar 19, 2026
52.62
53.67
52.09
53.49
50.36
50,300
Mar 18, 2026
56.50
57.10
56.36
56.44
53.14
33,500
Mar 17, 2026
59.00
59.00
58.30
58.68
55.25
8,600
Mar 16, 2026
0.346 Dividend 

Mar 16, 2026
58.75
59.11
58.37
58.65
55.22
35,300
Mar 13, 2026
60.36
60.59
59.22
59.29
55.50
46,700
Mar 12, 2026
61.34
61.34
60.16
60.16
56.31
27,300
Mar 11, 2026
61.55
61.79
61.25
61.69
57.75
26,300
Mar 10, 2026
62.05
62.42
61.76
61.76
57.81
28,500
Mar 9, 2026
0.469 Dividend 

Mar 9, 2026
60.46
61.10
59.86
61.01
57.11
65,700
Mar 6, 2026
61.06
61.98
60.79
61.78
57.39
31,200
Mar 5, 2026
61.28
61.38
60.30
60.67
56.36
21,200
Mar 4, 2026
62.10
62.15
61.23
61.44
57.07
23,800
Mar 3, 2026
61.43
61.62
59.34
61.01
56.68
94,400
Mar 2, 2026
0.46 Dividend 

Mar 2, 2026
64.33
64.71
63.58
64.42
59.84
56,900
Feb 27, 2026
63.38
63.91
63.18
63.78
58.82
60,300
Feb 26, 2026
62.45
62.88
62.10
62.83
57.94
12,300
Feb 25, 2026
62.57
63.10
62.21
62.30
57.46
28,700
Feb 24, 2026
61.55
62.55
61.55
62.46
57.60
41,100
Feb 23, 2026
0.41 Dividend 

Feb 23, 2026
62.37
63.59
62.37
63.59
58.65
50,800
Feb 20, 2026
61.05
61.82
60.65
61.82
56.64
33,200
Feb 19, 2026
60.24
60.63
60.03
60.47
55.39
8,200
Feb 18, 2026
60.19
60.65
60.16
60.35
55.29
8,700
Feb 17, 2026
0.395 Dividend 

Feb 17, 2026
58.46
59.04
58.30
58.67
53.75
32,400
Feb 13, 2026
61.06
61.54
60.51
61.40
55.89
27,500
Feb 12, 2026
61.91
62.00
59.23
59.55
54.21
38,300
Feb 11, 2026
62.00
62.37
61.53
62.26
56.67
20,800
Feb 10, 2026
61.99
62.22
61.13
61.49
55.97
15,900
Feb 9, 2026
0.279 Dividend 

Feb 9, 2026
61.10
62.18
61.10
62.09
56.52
21,600
Feb 6, 2026
59.75
60.74
59.75
60.61
54.92
29,900
Feb 5, 2026
58.96
59.82
58.28
58.35
52.87
31,000
Feb 4, 2026
61.87
61.87
59.28
60.46
54.78
22,400
Feb 3, 2026
60.22
61.00
59.58
60.40
54.73
43,000
Feb 2, 2026
0.407 Dividend 

Feb 2, 2026
57.05
57.86
55.50
56.25
50.97
55,300
Jan 30, 2026
62.67
63.44
57.31
59.56
53.59
102,700
Jan 29, 2026
69.97
69.97
63.32
67.73
60.95
93,200
Jan 28, 2026
65.76
67.67
65.50
67.49
60.73
45,600
Jan 27, 2026
62.81
64.56
62.59
64.56
58.10
38,400
Jan 26, 2026
0.561 Dividend 

Jan 26, 2026
63.11
63.38
62.00
62.74
56.46
52,500
Jan 23, 2026
61.62
62.25
61.58
62.23
55.49
32,700
Jan 22, 2026
60.00
61.32
59.90
61.22
54.59
20,600
Jan 21, 2026
60.50
60.70
58.98
59.94
53.45
21,600
Jan 20, 2026
0.316 Dividend 

Jan 20, 2026
58.83
59.06
58.40
58.91
52.53
21,200
Jan 16, 2026
56.96
57.08
55.86
56.72
50.30
18,000
Jan 15, 2026
57.02
57.20
56.85
57.05
50.59
16,300
Jan 14, 2026
57.28
57.46
57.00
57.46
50.96
9,200
Jan 13, 2026
57.19
57.38
56.50
56.67
50.25
15,500
Jan 12, 2026
0.103 Dividend 

Jan 12, 2026
56.62
57.28
56.55
56.87
50.43
16,400
Jan 9, 2026
55.56
55.79
55.33
55.75
49.35
16,300
Jan 8, 2026
54.35
55.30
54.35
55.30
48.95
15,200
Jan 7, 2026
54.80
55.04
54.45
54.95
48.64
12,300
Jan 6, 2026
54.89
55.57
54.89
55.50
49.13
14,400
Jan 5, 2026
0.346 Dividend 

Jan 5, 2026
54.53
54.89
54.37
54.77
48.48
24,300
Jan 2, 2026
53.95
54.00
53.22
53.44
46.99
24,600
Dec 31, 2025
53.43
53.65
53.09
53.17
46.76
17,700
Dec 30, 2025
54.11
54.22
53.69
53.69
47.22
12,400
Dec 29, 2025
0.282 Dividend 

Dec 29, 2025
54.50
54.50
53.19
53.52
47.07
34,000
Dec 26, 2025
56.87
57.11
56.45
56.86
49.76
26,300
Dec 24, 2025
56.21
56.21
55.60
56.04
49.03
10,600
Dec 23, 2025
55.92
56.31
55.48
56.25
49.22
20,200
Dec 22, 2025
0.287 Dividend 

Dec 22, 2025
55.38
55.54
55.04
55.45
48.52
19,900
Dec 19, 2025
53.92
54.55
53.92
54.30
47.26
21,000
Dec 18, 2025
53.97
54.80
53.85
54.21
47.19
16,600
Dec 17, 2025
54.24
54.45
54.15
54.40
47.35
20,900
Dec 16, 2025
54.15
54.18
53.68
53.83
46.86
10,500
Dec 15, 2025
0.226 Dividend 

Dec 15, 2025
54.38
54.38
53.59
53.83
46.86
13,500
Dec 12, 2025
54.43
54.77
53.54
54.00
46.81
16,800
Dec 11, 2025
53.03
53.70
52.91
53.70
46.55
14,600
Dec 10, 2025
52.53
53.08
52.09
53.06
45.99
15,100
Dec 9, 2025
52.44
52.79
52.44
52.72
45.70
10,400
Dec 8, 2025
0.289 Dividend 

Dec 8, 2025
52.75
52.75
52.19
52.38
45.40
6,200
Dec 5, 2025
53.37
53.55
52.81
52.85
45.56
9,000
Dec 4, 2025
53.00
53.12
52.70
52.91
45.61
6,800
Dec 3, 2025
53.39
53.39
52.79
52.95
45.65
17,000
Dec 2, 2025
53.34
53.35
52.44
52.97
45.67
17,400
Dec 1, 2025
0.23 Dividend 

Dec 1, 2025
53.67
53.67
53.14
53.41
46.04
13,200
Nov 28, 2025
52.68
53.35
52.68
53.33
45.77
21,400
Nov 26, 2025
52.32
52.74
52.29
52.54
45.10
22,600
Nov 25, 2025
52.22
52.52
51.70
52.08
44.70
23,500
Nov 24, 2025
0.289 Dividend 

Nov 24, 2025
51.13
52.16
51.13
52.16
44.77
5,200
Nov 21, 2025
51.27
51.90
51.23
51.35
43.82
13,600
Nov 20, 2025
51.49
52.52
51.07
51.60
44.04
44,100
Nov 19, 2025
52.13
52.38
51.34
51.58
44.02
18,900
Nov 18, 2025
51.69
51.76
51.24
51.51
43.96
23,400
Nov 17, 2025
0.219 Dividend 

Nov 17, 2025
51.31
51.70
50.56
51.04
43.56
15,700
Nov 14, 2025
51.34
52.25
51.34
51.97
44.17
9,800
Nov 13, 2025
54.40
54.40
53.00
53.23
45.24
15,800
Nov 12, 2025
52.80
53.93
52.68
53.69
45.63
10,600
Nov 11, 2025
52.80
52.80
52.31
52.67
44.76
7,900
Nov 10, 2025
0.17 Dividend 

Nov 10, 2025
51.31
52.50
51.31
52.39
44.52
15,700
Nov 7, 2025
50.74
51.06
50.57
50.90
43.11
25,400
Nov 6, 2025
50.86
50.98
50.40
50.70
42.95
21,200
Nov 5, 2025
50.79
50.86
50.45
50.77
43.01
14,400
Nov 4, 2025
50.33
50.50
49.81
49.99
42.34
24,100
Nov 3, 2025
50.94
51.40
50.88
51.08
43.26
20,900
Oct 31, 2025
51.25
51.40
50.68
50.94
43.15
25,300
Oct 30, 2025
50.48
51.35
50.46
51.29
43.45
22,200
