Date
Open
High
Low
Close 

Adj Close 

Volume
May 26, 2026
14.33
14.38
14.28
14.32
14.32
41,724
May 22, 2026
14.40
14.40
14.28
14.30
14.30
28,000
May 21, 2026
0.083 Dividend 

May 21, 2026
14.37
14.44
14.30
14.41
14.41
15,000
May 20, 2026
14.40
14.52
14.29
14.48
14.40
34,500
May 19, 2026
14.47
14.47
14.30
14.34
14.25
16,300
May 18, 2026
14.60
14.68
14.48
14.56
14.48
35,800
May 15, 2026
14.61
14.62
14.44
14.55
14.47
41,600
May 14, 2026
0.087 Dividend 

May 14, 2026
14.97
14.97
14.84
14.84
14.75
28,700
May 13, 2026
15.05
15.05
14.95
14.99
14.82
33,600
May 12, 2026
15.01
15.05
14.86
15.03
14.86
16,700
May 11, 2026
15.03
15.10
15.02
15.07
14.90
39,800
May 8, 2026
15.05
15.10
14.99
15.03
14.86
40,100
May 7, 2026
0.085 Dividend 

May 7, 2026
15.16
15.16
15.00
15.01
14.83
19,500
May 6, 2026
15.03
15.18
15.01
15.06
14.81
36,000
May 5, 2026
14.79
14.89
14.74
14.74
14.49
42,100
May 4, 2026
14.84
14.87
14.60
14.65
14.40
52,300
May 1, 2026
15.00
15.00
14.82
14.88
14.62
42,900
Apr 30, 2026
0.088 Dividend 

Apr 30, 2026
14.98
14.98
14.85
14.89
14.64
29,800
Apr 29, 2026
14.83
14.89
14.65
14.79
14.45
44,300
Apr 28, 2026
15.00
15.00
14.83
14.96
14.61
38,100
Apr 27, 2026
15.22
15.32
15.15
15.20
14.85
35,000
Apr 24, 2026
15.30
15.37
15.18
15.28
14.93
33,700
Apr 23, 2026
0.088 Dividend 

Apr 23, 2026
15.37
15.37
15.14
15.21
14.87
17,800
Apr 22, 2026
15.52
15.54
15.40
15.43
14.99
12,400
Apr 21, 2026
15.60
15.60
15.17
15.22
14.79
42,200
Apr 20, 2026
15.52
15.68
15.52
15.63
15.18
46,900
Apr 17, 2026
15.64
15.84
15.64
15.73
15.29
50,000
Apr 16, 2026
0.091 Dividend 

Apr 16, 2026
15.70
15.70
15.50
15.55
15.11
25,900
Apr 15, 2026
15.76
15.76
15.64
15.68
15.14
92,100
Apr 14, 2026
15.68
15.78
15.50
15.68
15.14
31,300
Apr 13, 2026
15.32
15.57
15.25
15.48
14.96
64,000
Apr 10, 2026
15.59
15.60
15.35
15.37
14.85
28,000
Apr 9, 2026
0.089 Dividend 

Apr 9, 2026
15.36
15.78
15.31
15.59
15.05
154,600
Apr 8, 2026
15.64
15.73
15.47
15.53
14.91
29,900
Apr 7, 2026
15.42
15.52
15.18
15.52
14.90
27,700
Apr 6, 2026
15.37
16.00
15.30
15.32
14.71
43,100
Apr 2, 2026
0.088 Dividend 

Apr 2, 2026
15.10
15.47
15.10
15.41
14.80
25,900
Apr 1, 2026
15.69
15.78
15.66
15.72
15.01
22,500
Mar 31, 2026
15.34
15.54
15.34
15.48
14.78
29,200
Mar 30, 2026
15.30
15.40
15.24
15.27
14.58
25,400
Mar 27, 2026
15.02
15.27
15.02
15.19
14.50
38,800
Mar 26, 2026
0.086 Dividend 

Mar 26, 2026
15.16
15.16
14.78
14.82
14.15
21,600
Mar 25, 2026
15.35
15.49
15.33
15.41
14.64
31,500
Mar 24, 2026
14.90
15.06
14.79
14.97
14.22
27,600
Mar 23, 2026
14.96
15.20
14.72
14.91
14.16
94,600
Mar 20, 2026
15.91
15.91
15.04
15.13
14.37
100,500
Mar 19, 2026
0.097 Dividend 

Mar 19, 2026
15.77
16.21
15.40
16.12
15.31
113,900
Mar 18, 2026
16.48
16.49
16.25
16.29
15.37
87,900
Mar 17, 2026
16.72
16.86
16.72
16.80
15.86
46,500
Mar 16, 2026
16.79
16.86
16.61
16.77
15.83
177,900
Mar 13, 2026
17.01
17.01
16.61
16.69
15.75
45,400
Mar 12, 2026
0.099 Dividend 

Mar 12, 2026
17.08
17.17
16.84
16.87
15.92
25,600
Mar 11, 2026
17.28
17.28
17.03
17.20
16.14
44,100
Mar 10, 2026
16.93
17.18
16.93
17.09
16.04
33,400
Mar 9, 2026
16.73
16.93
16.72
16.91
15.87
37,500
Mar 6, 2026
16.66
16.95
16.64
16.88
15.84
40,700
Mar 5, 2026
0.096 Dividend 

Mar 5, 2026
16.83
16.83
16.60
16.69
15.67
25,700
Mar 4, 2026
16.96
16.96
16.74
16.85
15.72
31,600
Mar 3, 2026
17.06
17.06
16.46
16.78
15.66
37,200
Mar 2, 2026
17.16
17.40
17.16
17.35
16.19
125,600
Feb 27, 2026
16.89
17.11
16.89
17.11
15.96
46,600
Feb 26, 2026
0.097 Dividend 

Feb 26, 2026
16.86
16.96
16.68
16.96
15.83
19,300
Feb 25, 2026
16.82
17.00
16.82
16.85
15.64
31,600
Feb 24, 2026
16.75
16.85
16.66
16.85
15.63
25,400
Feb 23, 2026
16.64
16.90
16.64
16.82
15.61
42,000
Feb 20, 2026
16.42
16.59
16.41
16.58
15.38
43,100
Feb 19, 2026
0.093 Dividend 

Feb 19, 2026
16.35
16.45
16.30
16.35
15.17
27,400
Feb 18, 2026
16.35
16.49
16.31
16.43
15.16
81,100
Feb 17, 2026
16.47
16.47
16.13
16.23
14.97
69,000
Feb 13, 2026
16.48
16.73
16.48
16.65
15.36
44,500
Feb 12, 2026
0.096 Dividend 

Feb 12, 2026
16.80
16.94
16.17
16.34
15.08
45,500
Feb 11, 2026
16.80
16.89
16.74
16.89
15.49
31,100
Feb 10, 2026
16.72
16.86
16.55
16.76
15.37
23,000
Feb 9, 2026
16.40
16.79
16.40
16.75
15.37
52,900
Feb 6, 2026
16.12
16.44
16.12
16.37
15.02
67,900
Feb 5, 2026
0.095 Dividend 

Feb 5, 2026
16.16
16.26
15.95
15.95
14.63
87,400
Feb 4, 2026
16.60
16.60
16.36
16.50
15.05
98,200
Feb 3, 2026
16.66
16.74
16.00
16.48
15.03
134,700
Feb 2, 2026
16.25
16.36
15.70
15.92
14.52
182,500
Jan 30, 2026
17.30
17.37
15.88
16.35
14.91
271,100
Jan 29, 2026
0.101 Dividend 

Jan 29, 2026
17.98
17.98
17.09
17.92
16.34
87,900
Jan 28, 2026
17.83
17.83
17.75
17.80
16.14
76,200
Jan 27, 2026
17.54
17.70
17.41
17.70
16.05
72,200
Jan 26, 2026
17.51
17.58
17.44
17.45
15.82
68,000
Jan 23, 2026
17.25
17.32
17.25
17.28
15.68
51,400
Jan 22, 2026
0.098 Dividend 

Jan 22, 2026
17.14
17.28
17.06
17.26
15.65
61,900
Jan 21, 2026
17.27
17.27
17.12
17.19
15.50
134,000
Jan 20, 2026
17.22
17.25
17.02
17.10
15.42
112,200
Jan 16, 2026
16.96
16.97
16.71
16.88
15.22
66,400
Jan 15, 2026
0.169 Dividend 

Jan 15, 2026
16.92
16.99
16.85
16.93
15.27
84,400
Jan 14, 2026
17.10
17.13
17.00
17.11
15.27
55,400
Jan 13, 2026
17.00
17.07
16.90
17.00
15.18
55,600
Jan 12, 2026
16.84
17.00
16.84
16.95
15.13
74,000
Jan 9, 2026
16.84
16.84
16.69
16.76
14.96
55,200
Jan 8, 2026
0.164 Dividend 

Jan 8, 2026
16.71
16.71
16.54
16.67
14.88
43,100
Jan 7, 2026
16.79
16.85
16.68
16.79
14.84
52,800
Jan 6, 2026
16.58
16.82
16.58
16.81
14.86
79,000
Jan 5, 2026
16.55
16.69
16.55
16.65
14.72
92,500
Jan 2, 2026
16.55
16.69
16.40
16.45
14.54
54,100
Dec 31, 2025
0.152 Dividend 

Dec 31, 2025
16.51
16.56
16.38
16.44
14.53
45,600
Dec 30, 2025
16.70
16.72
16.58
16.59
14.54
49,000
Dec 29, 2025
17.03
17.03
16.50
16.63
14.57
166,000
Dec 26, 2025
17.20
17.32
17.20
17.27
15.13
54,600
Dec 24, 2025
0.18 Dividend 

Dec 24, 2025
17.19
17.19
17.05
17.15
15.02
20,200
Dec 23, 2025
17.29
17.34
17.17
17.34
15.03
56,300
Dec 22, 2025
17.20
17.26
17.10
17.17
14.88
51,400
Dec 19, 2025
17.00
17.10
16.91
17.09
14.81
49,300
Dec 18, 2025
0.122 Dividend 

Dec 18, 2025
17.00
17.06
16.91
16.98
14.72
39,200
Dec 17, 2025
17.21
17.21
17.03
17.15
14.76
58,500
Dec 16, 2025
16.97
17.07
16.93
16.99
14.62
72,500
Dec 15, 2025
17.00
17.00
16.80
16.93
14.57
74,500
Dec 12, 2025
16.95
16.95
16.77
16.89
14.54
43,200
Dec 11, 2025
0.159 Dividend 

Dec 11, 2025
16.75
16.84
16.70
16.80
14.46
22,600
Dec 10, 2025
16.80
16.86
16.72
16.86
14.37
38,200
Dec 9, 2025
16.69
16.81
16.66
16.78
14.31
51,100
Dec 8, 2025
16.73
16.83
16.64
16.70
14.24
51,800
Dec 5, 2025
16.75
16.84
16.70
16.71
14.25
38,900
Dec 4, 2025
0.158 Dividend 

Dec 4, 2025
16.75
16.79
16.64
16.74
14.27
63,300
Dec 3, 2025
16.92
17.00
16.79
16.91
14.28
38,100
Dec 2, 2025
16.91
16.95
16.71
16.90
14.27
60,100
Dec 1, 2025
16.93
16.95
16.81
16.93
14.30
66,300
Nov 28, 2025
16.83
16.85
16.70
16.79
14.18
79,800
Nov 26, 2025
0.209 Dividend 

Nov 26, 2025
16.91
16.91
16.61
16.69
14.10
59,800
Nov 25, 2025
16.76
16.80
16.65
16.79
14.00
46,300
Nov 24, 2025
16.52
16.69
16.52
16.69
13.92
39,500
Nov 21, 2025
16.50
16.60
16.42
16.50
13.76
30,200
Nov 20, 2025
0.167 Dividend 

Nov 20, 2025
16.55
16.60
16.31
16.47
13.73
46,100
Nov 19, 2025
16.82
16.83
16.71
16.80
13.87
57,900
Nov 18, 2025
16.75
16.78
16.61
16.74
13.82
64,700
Nov 17, 2025
16.83
16.86
16.50
16.64
13.74
77,500
Nov 14, 2025
16.81
16.92
16.53
16.83
13.90
136,500
Nov 13, 2025
0.17 Dividend 

Nov 13, 2025
17.16
17.18
17.00
17.09
14.11
87,500
Nov 12, 2025
17.25
17.34
17.22
17.28
14.13
60,700
Nov 11, 2025
17.20
17.25
17.16
17.24
14.09
37,800
Nov 10, 2025
17.21
17.24
17.06
17.08
13.97
56,800
Nov 7, 2025
16.92
17.00
16.88
16.94
13.85
75,300
Nov 6, 2025
0.168 Dividend 

Nov 6, 2025
16.95
16.97
16.81
16.88
13.80
37,300
Nov 5, 2025
16.94
17.07
16.90
17.06
13.81
49,800
Nov 4, 2025
17.00
17.01
16.78
16.84
13.63
89,900
Nov 3, 2025
17.05
17.20
17.03
17.10
13.84
53,600
Oct 31, 2025
17.00
17.11
16.90
17.02
13.78
51,700
Oct 30, 2025
0.177 Dividend 

Oct 30, 2025
16.92
17.01
16.85
16.97
13.74
44,300
Oct 29, 2025
17.03
17.18
16.86
16.91
13.55
53,700
Oct 28, 2025
16.77
16.97
16.71
16.92
13.56
103,500
Oct 27, 2025
17.16
17.20
16.87
17.02
13.64
155,400
Oct 24, 2025
17.45
17.50
17.37
17.47
13.99
73,800
Oct 23, 2025
0.221 Dividend 

Oct 23, 2025
17.53
17.53
17.36
17.44
13.97
67,200
Oct 22, 2025
17.60
17.79
17.32
17.72
14.02
102,300
Oct 21, 2025
18.25
18.25
17.61
17.80
14.08
171,700
Oct 20, 2025
18.42
18.52
18.37
18.51
14.64
102,400
Oct 17, 2025
18.46
18.46
18.07
18.20
14.40
123,500
Oct 16, 2025
0.223 Dividend 

Oct 16, 2025
18.45
18.48
18.30
18.38
14.54
84,100
Oct 15, 2025
18.46
18.47
18.33
18.43
14.40
81,600
Oct 14, 2025
18.25
18.40
18.25
18.36
14.35
93,900
Oct 13, 2025
18.30
18.30
18.15
18.20
14.23
90,500
Oct 10, 2025
17.99
18.12
17.90
18.00
14.07
65,200
Oct 9, 2025
0.189 Dividend 

Oct 9, 2025
18.21
18.21
17.72
17.90
13.99
77,200
Oct 8, 2025
18.32
18.34
18.27
18.30
14.16
113,300
Oct 7, 2025
18.31
18.31
18.13
18.24
14.11
54,800
Oct 6, 2025
18.14
18.22
18.04
18.12
14.02
48,600
Oct 3, 2025
17.95
18.02
17.88
18.01
13.93
54,600
Oct 2, 2025
0.134 Dividend 

Oct 2, 2025
18.01
18.01
17.72
17.86
13.82
40,400
Oct 1, 2025
17.99
18.05
17.95
18.03
13.84
41,900
Sep 30, 2025
17.76
17.95
17.75
17.93
13.77
31,200
Sep 29, 2025
17.71
17.82
17.65
17.81
13.67
38,400
Sep 26, 2025
17.68
17.69
17.60
17.65
13.55
41,500
Sep 25, 2025
0.127 Dividend 

Sep 25, 2025
17.63
17.67
17.55
17.60
13.51
38,500
Sep 24, 2025
17.91
17.93
17.63
17.67
13.47
35,100
Sep 23, 2025
17.92
17.94
17.83
17.89
13.64
42,400
Sep 22, 2025
17.77
17.82
17.72
17.79
13.56
58,700
Sep 19, 2025
17.52
17.70
17.51
17.70
13.49
46,000
Sep 18, 2025
0.094 Dividend 

Sep 18, 2025
17.60
17.63
17.40
17.58
13.40
69,000
Sep 17, 2025
17.78
17.83
17.60
17.70
13.42
163,400
Sep 16, 2025
17.82
17.85
17.73
17.84
13.53
222,600
Sep 15, 2025
17.71
17.75
17.68
17.74
13.45
234,100
Sep 12, 2025
17.71
17.73
17.60
17.66
13.39
279,000
Sep 11, 2025
0.136 Dividend 

Sep 11, 2025
17.70
17.70
17.45
17.58
13.33
18,200
Sep 10, 2025
17.70
17.76
17.63
17.69
13.31
28,300
Sep 9, 2025
17.70
17.75
17.60
17.64
13.27
31,200
Sep 8, 2025
17.62
17.64
17.57
17.60
13.25
54,000
Sep 5, 2025
17.46
17.51
17.40
17.48
13.15
27,200
Sep 4, 2025
0.14 Dividend 

Sep 4, 2025
17.32
17.39
17.21
17.35
13.05
17,100
Sep 3, 2025
17.47
17.49
17.36
17.47
13.04
34,300
Sep 2, 2025
17.35
17.40
17.26
17.37
12.96
46,400
Aug 29, 2025
17.11
17.25
17.11
17.22
12.85
20,100
Aug 28, 2025
0.113 Dividend 

Aug 28, 2025
17.08
17.19
17.08
17.16
12.80
17,700
Aug 27, 2025
17.24
17.24
17.13
17.19
12.75
24,800
Aug 26, 2025
17.18
17.19
17.11
17.15
12.72
8,200
Aug 25, 2025
17.11
17.15
17.05
17.10
12.68
30,600
Aug 22, 2025
16.94
17.15
16.94
17.10
12.68
18,000
Aug 21, 2025
0.13 Dividend 

Aug 21, 2025
17.07
17.07
16.94
17.00
12.60
16,800
Aug 20, 2025
17.08
17.21
17.08
17.13
12.60
50,500
Aug 19, 2025
17.18
17.23
17.08
17.08
12.57
10,200
Aug 18, 2025
17.15
17.15
17.09
17.11
12.59
10,700
Aug 15, 2025
17.18
17.21
17.08
17.11
12.59
9,200
Aug 14, 2025
0.118 Dividend 

Aug 14, 2025
17.19
17.19
17.09
17.17
12.63
22,200
Aug 13, 2025
17.30
17.35
17.24
17.30
12.64
7,200
Aug 12, 2025
17.24
17.31
17.16
17.22
12.59
17,900
Aug 11, 2025
17.26
17.30
17.15
17.24
12.60
22,400
Aug 8, 2025
17.41
17.45
17.32
17.38
12.70
10,600
Aug 7, 2025
0.138 Dividend 

Aug 7, 2025
17.38
17.41
17.29
17.36
12.69
13,500
Aug 6, 2025
17.45
17.50
17.38
17.44
12.64
10,500
Aug 5, 2025
17.43
17.49
17.37
17.47
12.66
12,000
Aug 4, 2025
17.40
17.43
17.32
17.39
12.61
18,900
Aug 1, 2025
17.30
17.35
17.21
17.27
12.52
10,700
Jul 31, 2025
0.163 Dividend 

Jul 31, 2025
17.22
17.25
17.14
17.25
12.51
11,600
Jul 30, 2025
17.50
17.50
17.31
17.32
12.44
16,100
Jul 29, 2025
17.52
17.57
17.47
17.52
12.59
10,000
Jul 28, 2025
17.58
17.58
17.36
17.51
12.58
14,400
Jul 25, 2025
17.64
17.64
17.51
17.59
12.63
15,300
Jul 24, 2025
0.147 Dividend 

Jul 24, 2025
17.71
17.75
17.66
17.72
12.73
17,100
Jul 23, 2025
18.03
18.06
17.82
17.92
12.76
34,300
Jul 22, 2025
18.00
18.02
17.93
18.02
12.84
23,500
Jul 21, 2025
17.96
17.96
17.81
17.92
12.76
16,900
Jul 18, 2025
17.79
17.87
17.77
17.81
12.69
21,500
Jul 17, 2025
0.169 Dividend 

Jul 17, 2025
17.66
17.80
17.53
17.74
12.63
19,400
Jul 16, 2025
17.91
17.99
17.81
17.95
12.67
10,600
Jul 15, 2025
17.97
18.00
17.85
17.91
12.64
13,900
Jul 14, 2025
17.96
17.98
17.92
17.95
12.67
7,400
Jul 11, 2025
17.98
17.98
17.91
17.97
12.68
3,800
Jul 10, 2025
0.138 Dividend 

Jul 10, 2025
17.89
17.91
17.84
17.91
12.64
5,700
Jul 9, 2025
17.89
18.01
17.88
18.01
12.61
15,700
Jul 8, 2025
17.98
17.98
17.81
17.90
12.53
14,800
Jul 7, 2025
17.91
18.03
17.80
18.03
12.62
7,700
Jul 3, 2025
0.18 Dividend 

Jul 3, 2025
17.97
18.02
17.92
17.99
12.60
18,900
Jul 2, 2025
18.17
18.25
18.10
18.25
12.65
11,500
Jul 1, 2025
18.19
18.19
18.04
18.17
12.60
7,400
Jun 30, 2025
18.03
18.03
17.98
18.02
12.49
6,600
Jun 27, 2025
17.94
17.99
17.90
17.98
12.47
11,900
Jun 26, 2025
0.139 Dividend 

Jun 26, 2025
18.18
18.27
18.11
18.25
12.65
3,100
Jun 25, 2025
18.27
18.38
18.22
18.35
12.63
5,400
Jun 24, 2025
18.22
18.33
18.10
18.33
12.61
14,800
Jun 23, 2025
18.55
18.57
18.48
18.54
12.76
6,200
Jun 20, 2025
18.40
18.48
18.37
18.46
12.70
3,000
Jun 18, 2025
0.124 Dividend 

Jun 18, 2025
18.52
18.53
18.33
18.33
12.61
9,000
Jun 17, 2025
18.61
18.61
18.46
18.50
12.64
7,900
Jun 16, 2025
18.68
18.68
18.46
18.46
12.62
6,300
Jun 13, 2025
18.62
18.70
18.62
18.62
12.73
1,500
Jun 12, 2025
18.56
18.56
18.45
18.47
12.62
9,800
Jun 11, 2025
18.37
18.41
18.26
18.40
12.58
19,100
Jun 10, 2025
18.36
18.36
18.25
18.32
12.52
2,500
Jun 9, 2025
18.16
18.28
18.14
18.28
12.49
9,400
Jun 6, 2025
18.23
18.28
18.12
18.16
12.41
9,900
Jun 5, 2025
18.40
18.40
18.26
18.30
12.51
5,500
Jun 4, 2025
18.29
18.40
18.16
18.39
12.57
12,500
Jun 3, 2025
18.27
18.28
18.09
18.25
12.47
17,200
Jun 2, 2025
1.054 Dividend 

Jun 2, 2025
18.29
18.29
18.15
18.27
12.49
31,500
May 30, 2025
19.21
19.22
19.00
19.16
12.37
18,400
May 29, 2025
19.12
19.24
19.12
19.23
12.42
1,800
May 28, 2025
19.08
19.17
19.01
19.17
12.38
2,600
May 27, 2025
19.11
19.15
18.97
19.06
12.31
7,600
