Date
Open
High
Low
Close 

Adj Close 

Volume
Jun 5, 2026
29.53
29.53
28.92
28.93
28.93
3,700
Jun 4, 2026
0.275 Dividend 

Jun 4, 2026
29.75
29.75
29.37
29.37
29.37
600
Jun 3, 2026
30.21
30.21
29.56
29.56
29.28
6,600
Jun 2, 2026
28.31
28.31
28.31
28.31
28.05
200
Jun 1, 2026
28.15
28.82
28.15
28.78
28.51
1,400
May 29, 2026
28.63
28.63
28.59
28.59
28.33
1,000
May 28, 2026
0.319 Dividend 

May 28, 2026
29.18
29.18
29.18
29.18
28.91
400
May 27, 2026
29.48
29.51
29.48
29.51
28.92
400
May 26, 2026
29.68
29.74
29.67
29.73
29.13
1,300
May 22, 2026
29.69
30.53
29.68
30.53
29.92
3,500
May 21, 2026
0.295 Dividend 

May 21, 2026
29.84
29.94
29.84
29.94
29.34
300
May 20, 2026
30.08
30.30
30.08
30.29
29.39
2,100
May 19, 2026
29.65
29.97
29.63
29.97
29.08
2,000
May 18, 2026
29.56
29.83
29.56
29.69
28.82
1,700
May 15, 2026
29.62
29.62
29.36
29.36
28.50
500
May 14, 2026
0.328 Dividend 

May 14, 2026
29.82
29.84
29.44
29.44
28.57
1,000
May 13, 2026
30.45
30.45
30.28
30.28
29.07
900
May 12, 2026
31.02
31.53
30.67
30.67
29.44
12,600
May 11, 2026
32.70
32.70
31.74
31.74
30.47
2,700
May 8, 2026
32.98
32.98
32.98
32.98
31.66
500
May 7, 2026
0.418 Dividend 

May 7, 2026
33.83
33.83
32.65
32.65
31.34
1,800
May 6, 2026
33.98
34.52
33.98
34.41
32.63
2,500
May 5, 2026
32.11
33.36
32.02
33.23
31.51
4,000
May 4, 2026
34.35
34.35
32.75
32.76
31.07
9,300
May 1, 2026
34.52
35.00
34.52
35.00
33.19
6,900
Apr 30, 2026
0.4 Dividend 

Apr 30, 2026
33.73
34.50
33.62
34.47
32.69
9,200
Apr 29, 2026
34.06
34.15
33.73
34.15
32.00
4,900
Apr 28, 2026
34.00
34.90
34.00
34.89
32.70
3,100
Apr 27, 2026
33.50
33.50
33.50
33.50
31.39
-
Apr 24, 2026
33.54
33.54
33.34
33.50
31.39
1,700
Apr 23, 2026
0.286 Dividend 

Apr 23, 2026
33.78
33.87
33.49
33.49
31.39
1,800
Apr 22, 2026
34.07
34.31
34.07
34.31
31.89
1,300
Apr 21, 2026
33.51
33.51
32.92
32.92
30.59
5,500
Apr 20, 2026
32.79
33.64
32.77
33.62
31.24
2,400
Apr 17, 2026
33.58
33.58
33.09
33.09
30.75
3,000
Apr 16, 2026
0.284 Dividend 

Apr 16, 2026
33.95
34.22
33.95
34.04
31.64
600
Apr 15, 2026
33.34
33.84
33.33
33.84
31.19
3,900
Apr 14, 2026
33.16
33.17
32.99
32.99
30.40
500
Apr 13, 2026
32.26
32.44
32.26
32.44
29.90
2,700
Apr 10, 2026
31.92
32.49
31.92
32.34
29.80
16,000
Apr 9, 2026
0.317 Dividend 

Apr 9, 2026
32.40
32.40
32.11
32.11
29.59
600
Apr 8, 2026
32.79
32.80
32.41
32.41
29.58
6,800
Apr 7, 2026
32.35
32.89
32.35
32.88
30.00
2,200
Apr 6, 2026
33.16
33.16
32.59
32.59
29.74
1,900
Apr 2, 2026
0.139 Dividend 

Apr 2, 2026
32.62
32.75
32.62
32.72
29.86
16,400
Apr 1, 2026
32.78
32.78
32.58
32.58
29.60
1,400
Mar 31, 2026
32.71
32.73
32.71
32.73
29.74
1,800
Mar 30, 2026
31.95
31.95
31.95
31.95
29.03
100
Mar 27, 2026
32.32
32.32
31.73
31.73
28.83
400
Mar 26, 2026
0.224 Dividend 

Mar 26, 2026
32.40
32.40
32.27
32.27
29.32
500
Mar 25, 2026
32.90
33.26
32.89
33.14
29.91
1,700
Mar 24, 2026
32.26
32.66
32.26
32.66
29.47
1,300
Mar 23, 2026
32.63
32.80
32.63
32.80
29.60
600
Mar 20, 2026
32.73
32.78
32.12
32.20
29.06
1,600
Mar 19, 2026
0.228 Dividend 

Mar 19, 2026
32.74
33.15
32.39
33.14
29.91
3,900
Mar 18, 2026
33.52
33.68
33.52
33.55
30.07
2,100
Mar 17, 2026
33.91
34.09
33.73
33.76
30.26
1,900
Mar 16, 2026
33.59
33.64
33.35
33.35
29.89
800
Mar 13, 2026
34.45
34.49
33.59
33.59
30.11
3,400
Mar 12, 2026
0.359 Dividend 

Mar 12, 2026
34.37
34.42
34.19
34.41
30.84
1,600
Mar 11, 2026
34.80
34.80
34.35
34.73
30.81
1,900
Mar 10, 2026
34.84
35.12
34.63
34.63
30.72
500
Mar 9, 2026
34.60
35.12
34.58
35.05
31.10
3,500
Mar 6, 2026
34.22
34.71
34.05
34.71
30.79
10,200
Mar 5, 2026
0.374 Dividend 

Mar 5, 2026
34.16
34.16
33.88
34.13
30.28
700
Mar 4, 2026
34.46
34.52
34.39
34.42
30.20
4,700
Mar 3, 2026
34.36
34.61
33.80
34.31
30.11
14,400
Mar 2, 2026
35.85
35.95
35.75
35.95
31.54
1,400
Feb 27, 2026
35.81
35.86
35.81
35.85
31.46
333,500
Feb 26, 2026
0.375 Dividend 

Feb 26, 2026
36.31
36.31
35.57
35.86
31.47
4,400
Feb 25, 2026
36.18
36.40
36.09
36.31
31.53
3,400
Feb 24, 2026
36.24
36.39
35.95
35.95
31.22
2,300
Feb 23, 2026
34.90
35.77
34.90
35.77
31.06
60,100
Feb 20, 2026
35.69
35.83
35.68
35.68
30.99
800
Feb 19, 2026
0.371 Dividend 

Feb 19, 2026
36.28
36.28
35.76
36.01
31.28
5,200
Feb 18, 2026
35.55
36.30
35.55
36.30
31.20
2,000
Feb 17, 2026
35.82
36.01
35.59
35.59
30.59
1,100
Feb 13, 2026
35.89
35.89
35.77
35.77
30.75
700
Feb 12, 2026
0.389 Dividend 

Feb 12, 2026
35.89
36.25
35.76
35.76
30.73
1,700
Feb 11, 2026
37.65
37.65
36.87
36.99
31.46
5,300
Feb 10, 2026
37.92
37.99
37.69
37.69
32.06
4,200
Feb 9, 2026
37.00
37.49
37.00
37.49
31.88
1,500
Feb 6, 2026
37.58
37.99
36.38
36.38
30.94
10,300
Feb 5, 2026
0.411 Dividend 

Feb 5, 2026
38.10
38.10
37.59
37.59
31.97
1,600
Feb 4, 2026
38.00
38.34
37.97
38.29
32.21
6,200
Feb 3, 2026
37.90
38.07
37.90
37.98
31.96
1,100
Feb 2, 2026
38.17
39.41
38.17
39.34
33.10
3,300
Jan 30, 2026
37.36
37.37
37.13
37.36
31.44
7,200
Jan 29, 2026
0.364 Dividend 

Jan 29, 2026
37.21
37.21
36.40
36.49
30.70
7,300
Jan 28, 2026
37.44
37.53
37.34
37.53
31.27
800
Jan 27, 2026
37.19
38.01
37.19
37.97
31.63
800
Jan 26, 2026
37.16
38.60
37.02
37.82
31.51
2,200
Jan 23, 2026
36.04
36.75
35.85
36.73
30.60
3,300
Jan 22, 2026
0.202 Dividend 

Jan 22, 2026
36.30
37.09
36.30
36.75
30.62
10,700
Jan 21, 2026
35.68
36.14
35.68
36.08
29.89
2,000
Jan 20, 2026
34.96
35.55
34.94
35.55
29.45
26,700
Jan 16, 2026
35.73
35.73
35.42
35.45
29.37
2,500
Jan 15, 2026
0.331 Dividend 

Jan 15, 2026
35.06
35.91
35.06
35.91
29.75
7,000
Jan 14, 2026
35.45
35.59
35.36
35.59
29.21
4,100
Jan 13, 2026
35.43
35.57
35.40
35.52
29.15
2,900
Jan 12, 2026
35.53
35.72
35.50
35.50
29.14
2,400
Jan 9, 2026
35.60
36.10
35.60
35.81
29.39
2,800
Jan 8, 2026
0.322 Dividend 

Jan 8, 2026
35.86
36.00
35.65
36.00
29.55
1,600
Jan 7, 2026
36.63
36.65
36.12
36.60
29.78
5,600
Jan 6, 2026
35.91
35.91
35.78
35.86
29.17
2,500
Jan 5, 2026
35.45
35.91
35.38
35.84
29.16
4,900
Jan 2, 2026
0.383 Dividend 

Jan 2, 2026
35.62
35.80
35.24
35.80
29.13
3,000
Dec 31, 2025
35.62
35.62
35.38
35.38
28.48
700
Dec 30, 2025
36.02
36.25
35.82
36.12
29.07
2,900
Dec 29, 2025
37.10
37.10
36.10
36.10
29.06
8,800
Dec 26, 2025
0.4 Dividend 

Dec 26, 2025
37.67
37.67
36.86
37.02
29.80
3,800
Dec 24, 2025
38.02
38.02
38.02
38.02
30.28
300
Dec 23, 2025
37.92
37.92
37.64
37.74
30.06
3,900
Dec 22, 2025
39.19
39.38
38.40
38.65
30.78
4,600
Dec 19, 2025
39.57
39.57
39.34
39.52
31.47
6,500
Dec 18, 2025
0.487 Dividend 

Dec 18, 2025
39.81
39.88
39.65
39.65
31.57
2,200
Dec 17, 2025
40.02
40.60
39.96
40.60
31.94
7,600
Dec 16, 2025
39.53
40.38
39.53
40.38
31.77
8,300
Dec 15, 2025
38.57
40.04
38.57
39.66
31.20
7,100
Dec 12, 2025
39.44
39.44
38.50
38.51
30.30
1,800
Dec 11, 2025
0.452 Dividend 

Dec 11, 2025
39.42
40.12
39.16
40.12
31.57
8,100
Dec 10, 2025
39.92
40.76
39.57
40.49
31.50
20,600
Dec 9, 2025
41.53
41.94
41.33
41.33
32.15
11,100
Dec 8, 2025
41.84
41.90
41.30
41.63
32.39
7,100
Dec 5, 2025
40.96
41.32
40.52
41.26
32.10
6,500
Dec 4, 2025
1.016 Dividend 

Dec 4, 2025
41.61
41.62
40.61
40.95
31.86
12,300
Dec 3, 2025
42.07
42.45
41.87
42.35
32.16
20,700
Dec 2, 2025
41.99
42.63
41.82
41.82
31.76
11,400
Dec 1, 2025
41.62
42.25
41.61
41.97
31.87
26,500
Nov 28, 2025
0.51 Dividend 

Nov 28, 2025
41.81
41.86
41.57
41.86
31.79
1,200
Nov 26, 2025
40.62
41.32
40.60
41.26
30.95
26,000
Nov 25, 2025
40.30
40.63
40.13
40.63
30.47
8,400
Nov 24, 2025
39.45
40.02
39.43
39.90
29.92
19,800
Nov 21, 2025
39.47
39.47
39.23
39.23
29.42
2,700
Nov 20, 2025
0.516 Dividend 

Nov 20, 2025
40.06
40.06
39.15
39.66
29.74
2,800
Nov 19, 2025
40.26
40.35
39.88
40.34
29.87
3,700
Nov 18, 2025
40.03
40.62
40.03
40.44
29.94
3,500
Nov 17, 2025
40.28
40.33
40.26
40.33
29.86
900
Nov 14, 2025
40.45
40.97
40.44
40.52
30.00
6,300
Nov 13, 2025
0.518 Dividend 

Nov 13, 2025
41.50
41.50
41.14
41.14
30.46
2,700
Nov 12, 2025
42.67
42.67
42.23
42.33
30.96
1,700
Nov 11, 2025
42.68
42.68
42.47
42.47
31.06
200
Nov 10, 2025
42.48
42.48
42.48
42.48
31.06
300
Nov 7, 2025
42.56
42.58
42.37
42.37
30.98
2,000
Nov 6, 2025
0.491 Dividend 

Nov 6, 2025
42.84
42.84
42.05
42.07
30.76
3,900
Nov 5, 2025
43.80
44.07
43.21
43.21
31.24
3,200
Nov 4, 2025
43.34
43.61
43.24
43.61
31.53
1,900
Nov 3, 2025
43.77
43.82
43.50
43.82
31.68
1,800
Oct 31, 2025
44.89
44.89
43.96
44.04
31.84
3,300
Oct 30, 2025
0.535 Dividend 

Oct 30, 2025
44.94
44.94
44.44
44.44
32.13
1,300
Oct 29, 2025
46.00
46.22
45.71
46.22
33.03
2,000
Oct 28, 2025
46.12
46.33
46.11
46.13
32.97
1,100
Oct 27, 2025
47.12
47.14
46.31
46.41
33.16
3,900
Oct 24, 2025
46.41
46.41
46.06
46.27
33.07
3,600
Oct 23, 2025
0.566 Dividend 

Oct 23, 2025
45.00
46.46
44.55
46.43
33.18
5,600
Oct 22, 2025
46.09
46.09
44.91
45.24
31.93
26,100
Oct 21, 2025
47.10
47.28
46.33
46.36
32.71
28,800
Oct 20, 2025
47.06
47.75
47.02
47.75
33.70
613,500
Oct 17, 2025
46.39
47.10
46.39
46.91
33.10
1,900
Oct 16, 2025
2.239 Dividend 

Oct 16, 2025
46.63
46.98
46.36
46.42
32.76
8,000
Oct 15, 2025
49.46
49.73
49.17
49.27
33.19
9,100
Oct 14, 2025
49.19
49.72
49.12
49.12
33.09
2,500
Oct 13, 2025
49.40
49.67
49.27
49.67
33.46
5,700
Oct 10, 2025
50.51
50.56
49.19
49.19
33.13
3,900
Oct 9, 2025
50.65
50.65
50.39
50.39
33.94
700
Oct 8, 2025
50.69
51.89
50.34
51.07
34.40
11,800
Oct 7, 2025
51.50
51.50
51.07
51.07
34.40
300
Oct 6, 2025
52.28
52.28
52.28
52.28
35.22
300
Oct 3, 2025
52.92
52.92
52.92
52.92
35.65
200
Oct 2, 2025
56.15
56.15
54.90
55.38
37.30
400
Oct 1, 2025
56.02
56.02
56.02
56.02
37.74
100
Sep 30, 2025
55.54
55.54
55.54
55.54
37.41
100
Sep 29, 2025
55.09
55.38
55.07
55.38
37.30
2,400
Sep 26, 2025
54.38
54.55
54.37
54.55
36.74
2,400
Sep 25, 2025
52.76
52.76
52.28
52.28
35.21
400
Sep 24, 2025
54.25
54.25
53.70
53.70
36.17
700
Sep 23, 2025
54.13
54.13
54.13
54.13
36.46
100
Sep 22, 2025
54.13
54.13
54.13
54.13
36.46
400
Sep 19, 2025
53.41
53.41
53.41
53.41
35.97
400
Sep 18, 2025
52.96
52.96
52.96
52.96
35.68
100
Sep 17, 2025
53.38
53.38
52.67
53.21
35.84
2,000
Sep 16, 2025
52.99
53.52
52.99
53.36
35.94
1,300
Sep 15, 2025
52.80
52.80
52.66
52.73
35.52
700
Sep 12, 2025
52.07
52.07
52.07
52.07
35.08
300
Sep 11, 2025
50.92
51.97
50.47
51.97
35.01
900
Sep 10, 2025
52.54
52.54
51.74
51.74
34.85
1,100
Sep 9, 2025
49.75
50.43
49.51
50.43
33.97
1,300
