Date
Open
High
Low
Close 

Adj Close 

Volume
May 26, 2026
44.74
45.23
44.54
45.19
45.19
17,553
May 22, 2026
45.09
45.09
44.31
44.41
44.41
11,600
May 21, 2026
44.89
45.56
44.57
45.12
45.12
20,500
May 20, 2026
0.6 Dividend 

May 20, 2026
45.08
45.60
44.55
45.25
45.25
23,800
May 19, 2026
46.92
46.92
45.48
45.68
45.08
24,600
May 18, 2026
46.56
48.23
46.56
46.90
46.28
19,300
May 15, 2026
46.79
47.08
46.49
46.85
46.23
7,000
May 14, 2026
46.94
47.39
46.83
47.32
46.70
18,300
May 13, 2026
45.44
47.54
45.44
47.42
46.80
6,900
May 12, 2026
45.50
45.60
45.19
45.55
44.95
10,000
May 11, 2026
46.43
46.68
45.79
45.79
45.19
10,600
May 8, 2026
46.76
47.22
46.76
47.22
46.60
9,100
May 7, 2026
47.04
47.04
46.29
46.70
46.09
31,800
May 6, 2026
46.24
47.03
46.24
46.88
46.26
21,000
May 5, 2026
45.45
45.77
45.39
45.68
45.08
19,500
May 4, 2026
45.33
45.33
44.57
44.92
44.33
26,800
May 1, 2026
44.95
45.32
44.85
45.24
44.64
8,000
Apr 30, 2026
44.00
45.16
43.08
45.16
44.56
22,900
Apr 29, 2026
40.63
41.51
40.25
40.83
40.29
10,800
Apr 28, 2026
41.02
41.20
40.53
40.82
40.28
16,200
Apr 27, 2026
40.22
41.28
39.97
40.95
40.41
22,300
Apr 24, 2026
39.47
40.17
39.10
40.17
39.65
19,600
Apr 23, 2026
39.35
39.72
39.10
39.51
38.99
17,900
Apr 22, 2026
0.45 Dividend 

Apr 22, 2026
39.15
39.52
39.00
39.52
39.00
15,800
Apr 21, 2026
39.67
39.82
38.90
39.01
38.05
11,700
Apr 20, 2026
40.02
40.06
39.60
39.67
38.70
21,600
Apr 17, 2026
39.76
40.25
39.50
40.21
39.23
15,300
Apr 16, 2026
39.84
39.84
39.29
39.49
38.52
8,800
Apr 15, 2026
39.17
39.69
38.92
39.67
38.70
24,200
Apr 14, 2026
38.16
39.15
38.16
39.13
38.17
31,400
Apr 13, 2026
37.11
37.79
37.11
37.79
36.86
18,300
Apr 10, 2026
37.51
37.68
37.08
37.23
36.32
8,900
Apr 9, 2026
37.14
37.47
36.58
37.41
36.49
9,200
Apr 8, 2026
37.47
37.48
37.03
37.24
36.33
22,800
Apr 7, 2026
35.42
35.67
34.72
35.67
34.79
14,000
Apr 6, 2026
34.54
35.03
34.45
34.97
34.11
10,900
Apr 2, 2026
33.87
34.49
33.87
34.44
33.60
4,700
Apr 1, 2026
33.82
35.00
33.74
34.77
33.92
25,400
Mar 31, 2026
31.85
33.32
31.85
33.31
32.49
16,900
Mar 30, 2026
31.80
31.87
31.37
31.45
30.68
14,600
Mar 27, 2026
31.82
32.13
31.54
31.57
30.80
21,400
Mar 26, 2026
33.37
33.37
32.34
32.52
31.72
32,600
Mar 25, 2026
34.16
34.31
33.63
33.77
32.94
5,300
Mar 24, 2026
34.86
34.86
33.72
33.72
32.89
8,400
Mar 23, 2026
35.43
35.71
35.20
35.29
34.42
10,300
Mar 20, 2026
36.07
36.07
34.93
35.18
34.32
24,300
Mar 19, 2026
35.40
36.16
35.30
36.16
35.27
10,200
Mar 18, 2026
0.45 Dividend 

Mar 18, 2026
36.25
36.55
36.19
36.19
35.30
14,400
Mar 17, 2026
36.38
36.97
36.38
36.97
35.62
12,600
Mar 16, 2026
36.04
36.35
35.98
36.23
34.91
11,100
Mar 13, 2026
36.47
36.47
35.62
35.86
34.55
11,400
Mar 12, 2026
36.46
36.54
35.95
36.02
34.71
8,000
Mar 11, 2026
36.47
36.82
36.36
36.61
35.28
9,600
Mar 10, 2026
36.38
36.71
36.34
36.45
35.12
7,800
Mar 9, 2026
34.91
36.47
34.91
36.46
35.13
32,900
Mar 6, 2026
35.15
35.62
35.11
35.35
34.06
10,300
Mar 5, 2026
35.93
35.93
35.40
35.68
34.38
13,100
Mar 4, 2026
35.80
36.30
35.80
35.99
34.68
10,700
Mar 3, 2026
35.58
36.05
35.30
36.05
34.74
21,500
Mar 2, 2026
36.00
36.70
35.81
36.44
35.11
9,600
Feb 27, 2026
36.06
37.15
36.06
37.10
35.75
17,500
Feb 26, 2026
37.41
37.41
35.97
36.63
35.30
8,700
Feb 25, 2026
37.12
37.26
36.88
37.26
35.90
6,400
Feb 24, 2026
37.20
37.20
36.56
37.05
35.70
16,000
Feb 23, 2026
37.97
38.00
37.01
37.19
35.84
10,700
Feb 20, 2026
35.91
37.68
35.91
37.63
36.26
25,100
Feb 19, 2026
35.89
36.23
35.65
36.00
34.69
6,900
Feb 18, 2026
0.45 Dividend 

Feb 18, 2026
35.79
36.15
35.77
36.05
34.74
25,000
Feb 17, 2026
36.16
36.54
35.66
36.24
34.49
46,900
Feb 13, 2026
37.00
37.00
36.66
36.72
34.94
24,900
Feb 12, 2026
37.52
37.99
37.20
37.23
35.43
10,700
Feb 11, 2026
38.70
39.06
37.34
37.44
35.63
32,900
Feb 10, 2026
39.06
39.22
38.12
38.67
36.80
16,600
Feb 9, 2026
38.84
39.77
38.83
39.28
37.38
16,100
Feb 6, 2026
39.91
39.91
38.94
39.10
37.21
22,800
Feb 5, 2026
38.55
40.40
37.05
40.40
38.44
34,300
Feb 4, 2026
42.08
42.08
40.00
40.54
38.58
17,800
Feb 3, 2026
42.71
42.71
41.10
41.52
39.51
22,500
Feb 2, 2026
41.04
42.08
41.04
42.05
40.02
28,300
Jan 30, 2026
40.55
41.38
40.55
41.35
39.35
14,200
Jan 29, 2026
41.28
41.28
39.71
41.23
39.24
18,200
Jan 28, 2026
40.98
41.07
40.51
41.00
39.02
18,300
Jan 27, 2026
40.93
41.07
40.70
40.78
38.81
10,900
Jan 26, 2026
39.78
40.81
39.78
40.46
38.50
19,900
Jan 23, 2026
40.41
40.74
39.84
39.88
37.95
22,400
Jan 22, 2026
40.78
40.78
40.03
40.14
38.20
20,500
Jan 21, 2026
0.45 Dividend 

Jan 21, 2026
38.99
40.44
38.75
39.97
38.04
31,000
Jan 20, 2026
39.25
40.19
39.25
39.41
37.08
23,700
Jan 16, 2026
41.05
41.05
40.44
40.65
38.24
18,900
Jan 15, 2026
41.65
41.65
40.85
40.90
38.48
29,000
Jan 14, 2026
41.12
41.46
40.63
41.33
38.89
11,900
Jan 13, 2026
41.37
41.85
41.25
41.32
38.87
15,300
Jan 12, 2026
40.16
40.97
40.08
40.77
38.36
20,100
Jan 9, 2026
40.50
40.59
40.33
40.51
38.11
27,700
Jan 8, 2026
40.54
40.54
39.84
40.22
37.84
17,200
Jan 7, 2026
39.22
40.05
39.22
39.88
37.52
17,800
Jan 6, 2026
39.34
39.69
38.91
39.11
36.80
13,400
Jan 5, 2026
39.40
39.50
39.20
39.31
36.99
33,200
Jan 2, 2026
39.31
39.69
38.70
39.21
36.89
27,800
Dec 31, 2025
39.02
39.10
38.92
39.00
36.69
8,000
Dec 30, 2025
38.90
39.18
38.90
39.07
36.76
10,800
Dec 29, 2025
38.82
39.02
38.63
39.02
36.71
14,300
Dec 26, 2025
39.08
39.11
38.73
38.93
36.62
18,000
Dec 24, 2025
38.98
38.98
38.70
38.97
36.66
11,900
Dec 23, 2025
38.45
38.99
38.45
38.96
36.65
17,600
Dec 22, 2025
38.51
38.52
38.10
38.50
36.22
14,600
Dec 19, 2025
37.71
38.01
37.57
38.01
35.76
9,500
Dec 18, 2025
37.56
37.77
37.32
37.57
35.34
13,200
Dec 17, 2025
0.4 Dividend 

Dec 17, 2025
38.00
38.00
36.84
36.84
34.66
30,400
Dec 16, 2025
38.58
38.67
38.13
38.51
35.85
22,000
Dec 15, 2025
39.15
39.15
38.40
38.73
36.05
14,500
Dec 12, 2025
39.48
39.48
38.43
38.77
36.10
9,300
Dec 11, 2025
39.71
39.71
38.81
39.27
36.56
14,900
Dec 10, 2025
39.93
40.21
39.65
40.21
37.44
13,500
Dec 9, 2025
39.22
39.89
39.22
39.75
37.01
12,700
Dec 8, 2025
40.18
40.18
39.03
39.29
36.58
16,800
Dec 5, 2025
40.00
40.36
39.97
40.13
37.36
9,300
Dec 4, 2025
40.18
40.18
39.33
39.69
36.95
6,600
Dec 3, 2025
39.33
40.19
39.28
40.01
37.25
23,900
Dec 2, 2025
39.35
39.62
39.21
39.43
36.71
16,700
Dec 1, 2025
39.61
39.68
39.14
39.29
36.58
25,300
Nov 28, 2025
40.40
40.40
39.49
39.91
37.16
24,200
Nov 26, 2025
39.95
39.95
39.60
39.83
37.08
13,400
Nov 25, 2025
40.32
40.32
39.66
40.05
37.29
15,000
Nov 24, 2025
39.08
39.64
39.07
39.64
36.90
17,800
Nov 21, 2025
37.67
37.83
37.53
37.76
35.16
27,400
Nov 20, 2025
37.85
37.90
37.09
37.17
34.61
14,100
Nov 19, 2025
0.4 Dividend 

Nov 19, 2025
36.71
37.73
36.71
37.27
34.70
8,800
Nov 18, 2025
37.36
37.60
36.47
36.87
33.95
8,100
Nov 17, 2025
37.24
38.15
36.91
37.06
34.13
12,700
Nov 14, 2025
35.31
36.14
35.21
35.88
33.04
9,200
Nov 13, 2025
37.05
37.05
36.01
36.05
33.20
8,700
Nov 12, 2025
37.53
37.53
36.81
37.15
34.21
7,000
Nov 11, 2025
37.25
37.41
37.17
37.41
34.45
6,900
Nov 10, 2025
37.00
37.28
36.92
37.24
34.30
5,800
Nov 7, 2025
36.76
36.76
35.71
36.09
33.24
3,300
Nov 6, 2025
36.84
37.20
36.46
36.94
34.01
7,100
Nov 5, 2025
36.23
36.94
36.00
36.83
33.92
7,500
Nov 4, 2025
35.91
36.33
35.90
36.00
33.15
5,800
Nov 3, 2025
37.99
37.99
36.37
36.70
33.80
7,000
Oct 31, 2025
36.74
36.80
36.17
36.42
33.54
6,100
Oct 30, 2025
37.60
37.66
36.40
36.46
33.58
19,600
Oct 29, 2025
34.52
35.58
34.52
35.58
32.76
11,100
Oct 28, 2025
34.90
34.90
34.51
34.65
31.91
7,500
Oct 27, 2025
34.49
34.93
34.26
34.93
32.17
17,900
Oct 24, 2025
33.23
33.83
33.21
33.68
31.01
6,400
Oct 23, 2025
32.76
32.94
32.67
32.67
30.09
10,000
Oct 22, 2025
0.4 Dividend 

Oct 22, 2025
32.87
32.98
32.27
32.51
29.93
9,900
Oct 21, 2025
33.31
33.31
32.08
32.76
29.80
9,600
Oct 20, 2025
33.27
33.47
33.27
33.44
30.42
6,200
Oct 17, 2025
32.96
33.04
32.88
33.00
30.02
3,300
Oct 16, 2025
33.11
33.11
32.85
32.96
29.98
9,700
Oct 15, 2025
32.81
32.95
32.63
32.85
29.88
2,700
Oct 14, 2025
32.00
32.55
32.00
32.51
29.57
2,900
Oct 13, 2025
32.02
32.38
32.02
32.38
29.45
2,600
Oct 10, 2025
31.90
32.44
31.58
31.58
28.73
4,900
Oct 9, 2025
32.92
32.92
31.95
32.19
29.28
6,800
Oct 8, 2025
32.56
32.61
32.52
32.61
29.66
2,500
Oct 7, 2025
32.76
32.76
32.60
32.60
29.65
1,800
Oct 6, 2025
32.27
32.91
32.27
32.85
29.88
25,500
Oct 3, 2025
32.36
32.52
32.08
32.42
29.49
3,700
Oct 2, 2025
32.33
32.57
32.20
32.48
29.55
4,300
Oct 1, 2025
31.90
32.40
31.76
32.32
29.40
7,200
Sep 30, 2025
31.75
32.04
31.75
32.04
29.15
3,200
Sep 29, 2025
32.50
32.66
32.05
32.10
29.20
4,400
Sep 26, 2025
32.73
32.73
32.28
32.28
29.37
3,300
Sep 25, 2025
31.75
32.31
31.75
32.25
29.34
6,000
Sep 24, 2025
33.08
33.08
32.43
32.43
29.50
8,300
Sep 23, 2025
33.11
33.28
32.91
33.08
30.09
5,000
Sep 22, 2025
33.35
33.43
32.94
33.11
30.12
7,700
Sep 19, 2025
33.51
33.58
33.33
33.38
30.37
7,300
Sep 18, 2025
33.40
33.48
33.40
33.47
30.45
7,300
Sep 17, 2025
0.4 Dividend 

Sep 17, 2025
33.30
33.42
33.28
33.42
30.40
3,000
Sep 16, 2025
33.69
33.83
33.69
33.74
30.32
4,500
Sep 15, 2025
33.51
33.73
33.40
33.69
30.28
7,300
Sep 12, 2025
33.18
33.21
33.00
33.15
29.79
2,800
Sep 11, 2025
33.18
33.18
33.00
33.13
29.78
1,700
Sep 10, 2025
32.91
33.13
32.91
33.04
29.70
6,000
Sep 9, 2025
32.87
33.07
32.79
33.02
29.68
3,600
Sep 8, 2025
32.77
32.84
32.53
32.58
29.29
7,000
Sep 5, 2025
32.64
32.69
32.51
32.61
29.32
5,200
Sep 4, 2025
32.27
32.50
32.27
32.50
29.21
4,900
Sep 3, 2025
32.08
32.48
32.08
32.46
29.18
6,400
Sep 2, 2025
29.95
30.88
29.95
30.88
27.76
4,800
Aug 29, 2025
30.85
31.02
30.85
31.02
27.89
800
Aug 28, 2025
30.49
30.67
30.45
30.67
27.56
2,600
Aug 27, 2025
30.13
30.21
30.10
30.19
27.14
3,000
Aug 26, 2025
30.00
30.13
29.97
30.08
27.04
7,000
Aug 25, 2025
29.92
30.30
29.92
30.18
27.13
12,800
Aug 22, 2025
29.25
30.22
29.17
29.90
26.87
6,600
Aug 21, 2025
28.93
29.22
28.83
28.86
25.94
6,900
Aug 20, 2025
0.35 Dividend 

Aug 20, 2025
28.94
28.94
28.47
28.82
25.90
9,300
Aug 19, 2025
29.59
29.61
29.30
29.49
26.19
12,000
Aug 18, 2025
29.92
29.92
29.60
29.69
26.37
7,900
Aug 15, 2025
29.83
29.92
29.43
29.86
26.52
8,900
Aug 14, 2025
29.09
29.64
29.09
29.55
26.24
3,200
Aug 13, 2025
29.40
29.41
28.90
29.32
26.04
2,700
Aug 12, 2025
29.36
29.48
29.23
29.31
26.03
2,900
Aug 11, 2025
28.89
29.12
28.85
29.06
25.81
3,700
Aug 8, 2025
28.72
29.08
28.72
29.08
25.83
4,100
Aug 7, 2025
28.77
28.77
28.51
28.68
25.48
1,600
Aug 6, 2025
28.29
28.66
28.29
28.62
25.42
2,400
Aug 5, 2025
28.57
28.57
28.34
28.40
25.22
1,600
Aug 4, 2025
27.86
28.38
27.86
28.38
25.21
3,600
Aug 1, 2025
27.75
27.75
27.51
27.65
24.56
2,400
Jul 31, 2025
28.53
28.78
27.89
27.97
24.84
8,000
Jul 30, 2025
28.44
28.66
28.36
28.53
25.34
6,000
Jul 29, 2025
28.06
28.40
28.06
28.40
25.22
3,700
Jul 28, 2025
28.07
28.07
27.87
28.01
24.88
6,700
Jul 25, 2025
28.18
28.20
28.03
28.16
25.01
3,600
Jul 24, 2025
28.27
28.27
27.72
27.91
24.79
25,600
Jul 23, 2025
27.26
27.26
26.91
27.09
24.06
4,900
Jul 22, 2025
27.20
27.35
27.07
27.33
24.27
4,200
Jul 21, 2025
26.88
27.16
26.88
27.15
24.12
7,400
Jul 18, 2025
26.51
26.68
26.51
26.68
23.70
12,800
Jul 17, 2025
26.10
26.42
25.99
26.39
23.44
6,100
Jul 16, 2025
0.35 Dividend 

Jul 16, 2025
26.29
26.29
26.20
26.23
23.29
6,700
Jul 15, 2025
26.52
26.71
26.43
26.53
23.26
11,300
Jul 14, 2025
26.23
26.55
26.16
26.42
23.16
8,600
Jul 11, 2025
25.85
26.30
25.85
26.22
22.98
5,700
Jul 10, 2025
25.63
25.90
25.57
25.75
22.57
5,000
Jul 9, 2025
25.44
25.91
25.33
25.70
22.53
5,700
Jul 8, 2025
25.66
25.75
25.32
25.47
22.32
8,900
Jul 7, 2025
25.80
25.84
25.58
25.74
22.56
9,300
Jul 3, 2025
25.78
25.89
25.78
25.89
22.69
1,500
Jul 2, 2025
25.55
25.83
25.55
25.78
22.59
3,000
Jul 1, 2025
25.50
25.57
25.35
25.57
22.41
3,500
Jun 30, 2025
25.76
25.76
25.49
25.59
22.43
4,800
Jun 27, 2025
25.17
25.75
25.02
25.75
22.57
6,800
Jun 26, 2025
25.00
25.11
24.55
25.10
22.00
7,800
Jun 25, 2025
24.38
24.77
24.38
24.71
21.66
3,800
Jun 24, 2025
24.11
24.31
24.05
24.11
21.13
4,100
Jun 23, 2025
24.10
24.10
23.49
23.88
20.93
14,100
Jun 20, 2025
25.24
25.24
24.00
24.01
21.04
11,800
Jun 18, 2025
25.53
25.53
25.16
25.16
22.05
5,400
Jun 17, 2025
0.35 Dividend 

Jun 17, 2025
25.55
25.64
25.37
25.49
22.34
4,900
Jun 16, 2025
25.81
25.91
25.65
25.91
22.40
7,800
Jun 13, 2025
25.50
25.81
25.50
25.62
22.15
2,500
Jun 12, 2025
25.74
25.87
25.58
25.70
22.22
31,300
Jun 11, 2025
26.27
26.27
25.99
25.99
22.48
3,400
Jun 10, 2025
25.94
26.21
25.81
26.06
22.53
4,900
Jun 9, 2025
25.69
25.81
25.46
25.79
22.30
5,900
Jun 6, 2025
25.26
25.59
25.26
25.54
22.08
3,400
Jun 5, 2025
25.19
25.19
24.80
24.80
21.45
4,300
Jun 4, 2025
24.53
24.85
24.50
24.85
21.49
4,100
Jun 3, 2025
24.61
24.89
24.53
24.60
21.27
4,600
Jun 2, 2025
24.86
25.03
24.86
24.90
21.53
2,500
May 30, 2025
25.17
25.23
24.74
25.23
21.82
7,800
May 29, 2025
25.21
25.27
25.13
25.18
21.77
4,500
May 28, 2025
25.46
25.46
25.25
25.25
21.83
2,000
May 27, 2025
24.88
25.37
24.88
25.35
21.92
8,400
