Date
Open
High
Low
Close 

Adj Close 

Volume
Jun 5, 2026
72.00
72.91
71.25
72.37
72.37
43,500
Jun 4, 2026
70.65
73.51
70.65
73.36
73.36
21,500
Jun 3, 2026
70.75
71.73
70.15
70.20
70.20
34,400
Jun 2, 2026
72.16
73.44
70.10
70.83
70.83
57,900
Jun 1, 2026
0.381 Dividend 

Jun 1, 2026
73.67
74.86
73.67
74.59
74.59
61,600
May 29, 2026
76.66
76.84
75.47
75.55
75.17
59,900
May 28, 2026
78.50
78.50
76.93
78.23
77.84
22,300
May 27, 2026
77.01
78.75
77.01
77.72
77.33
28,500
May 26, 2026
0.526 Dividend 

May 26, 2026
76.87
77.71
76.39
77.59
77.20
38,800
May 22, 2026
78.13
78.21
76.73
77.07
76.16
28,800
May 21, 2026
77.75
79.25
76.80
77.93
77.01
62,200
May 20, 2026
78.26
78.50
76.94
78.28
77.35
41,800
May 19, 2026
80.39
80.39
77.73
78.27
77.34
47,800
May 18, 2026
0.717 Dividend 

May 18, 2026
80.26
83.17
80.06
80.69
79.74
24,300
May 15, 2026
81.19
81.51
80.07
81.10
79.43
20,200
May 14, 2026
81.44
82.46
80.87
82.05
80.36
22,600
May 13, 2026
78.52
82.57
78.17
82.57
80.87
40,300
May 12, 2026
78.95
78.95
77.72
78.61
76.99
43,700
May 11, 2026
0.683 Dividend 

May 11, 2026
80.16
81.24
78.97
79.01
77.38
83,600
May 8, 2026
82.04
83.03
81.69
82.95
80.57
34,200
May 7, 2026
82.42
82.42
81.00
82.40
80.04
20,800
May 6, 2026
81.04
82.47
80.90
82.27
79.91
24,300
May 5, 2026
79.01
80.67
78.94
79.60
77.32
31,300
May 4, 2026
0.491 Dividend 

May 4, 2026
78.94
79.33
77.75
78.51
76.26
28,100
May 1, 2026
79.83
79.83
77.95
79.80
77.04
40,300
Apr 30, 2026
76.65
79.65
74.83
79.52
76.77
61,100
Apr 29, 2026
70.23
72.20
69.78
70.88
68.43
26,700
Apr 28, 2026
70.84
71.29
70.18
70.92
68.47
15,200
Apr 27, 2026
0.587 Dividend 

Apr 27, 2026
70.08
71.81
69.22
71.11
68.65
35,200
Apr 24, 2026
69.01
70.35
68.00
70.16
67.17
68,000
Apr 23, 2026
68.89
69.50
68.38
69.04
66.09
17,800
Apr 22, 2026
68.58
69.20
68.08
69.17
66.22
25,700
Apr 21, 2026
68.79
69.00
67.09
67.17
64.30
16,000
Apr 20, 2026
0.547 Dividend 

Apr 20, 2026
69.25
69.25
68.31
68.41
65.49
23,000
Apr 17, 2026
69.36
70.31
68.91
70.20
66.68
28,000
Apr 16, 2026
69.50
69.63
68.50
68.84
65.39
20,200
Apr 15, 2026
67.90
69.11
67.57
69.11
65.64
20,700
Apr 14, 2026
65.33
68.01
65.33
68.01
64.60
25,100
Apr 13, 2026
0.541 Dividend 

Apr 13, 2026
64.10
65.51
63.48
64.64
61.40
40,500
Apr 10, 2026
65.36
65.78
64.60
64.68
60.92
22,000
Apr 9, 2026
64.61
65.23
63.27
65.00
61.22
24,200
Apr 8, 2026
65.42
65.96
64.31
64.72
60.96
29,500
Apr 7, 2026
61.19
61.90
60.11
61.90
58.30
19,200
Apr 6, 2026
0.159 Dividend 

Apr 6, 2026
59.82
60.74
59.67
60.50
56.99
14,000
Apr 2, 2026
58.71
60.18
58.49
59.71
56.09
16,400
Apr 1, 2026
58.57
60.88
58.57
60.32
56.66
23,200
Mar 31, 2026
55.65
57.95
55.39
57.90
54.39
25,300
Mar 30, 2026
0.423 Dividend 

Mar 30, 2026
55.12
55.12
54.15
54.40
51.10
40,800
Mar 27, 2026
55.75
56.31
55.01
55.03
51.30
37,200
Mar 26, 2026
58.40
58.40
56.26
56.68
52.84
31,800
Mar 25, 2026
60.00
60.40
58.94
59.38
55.35
31,700
Mar 24, 2026
61.34
61.34
58.85
58.98
54.98
43,700
Mar 23, 2026
0.483 Dividend 

Mar 23, 2026
62.01
62.81
61.78
61.89
57.69
43,100
Mar 20, 2026
63.61
63.61
61.50
62.39
57.71
172,200
Mar 19, 2026
63.15
63.94
62.69
63.63
58.86
40,400
Mar 18, 2026
64.34
65.17
63.83
63.92
59.12
23,700
Mar 17, 2026
63.57
64.79
63.36
64.79
59.93
21,600
Mar 16, 2026
0.316 Dividend 

Mar 16, 2026
62.95
63.60
62.78
63.34
58.59
22,000
Mar 13, 2026
63.98
64.21
62.50
62.89
57.88
56,900
Mar 12, 2026
64.14
64.34
62.76
63.15
58.12
26,000
Mar 11, 2026
64.12
65.03
64.01
64.53
59.39
18,000
Mar 10, 2026
63.62
64.61
63.62
64.28
59.16
38,600
Mar 9, 2026
0.418 Dividend 

Mar 9, 2026
60.79
63.90
60.79
63.90
58.81
32,400
Mar 6, 2026
61.50
62.71
61.26
62.27
56.92
30,200
Mar 5, 2026
63.67
63.67
62.22
63.09
57.67
53,700
Mar 4, 2026
63.48
64.22
63.00
63.65
58.18
25,500
Mar 3, 2026
62.44
63.56
62.00
63.56
58.10
60,500
Mar 2, 2026
0.551 Dividend 

Mar 2, 2026
63.44
64.82
63.20
64.25
58.73
31,500
Feb 27, 2026
64.54
66.29
64.54
66.15
59.97
34,400
Feb 26, 2026
66.78
66.78
63.90
65.22
59.12
24,300
Feb 25, 2026
66.39
66.80
65.83
66.52
60.30
31,200
Feb 24, 2026
65.42
66.33
64.86
66.22
60.03
23,500
Feb 23, 2026
0.257 Dividend 

Feb 23, 2026
68.07
68.30
65.95
66.44
60.23
33,900
Feb 20, 2026
64.63
67.81
64.63
67.38
60.85
57,300
Feb 19, 2026
64.08
64.94
64.04
64.25
58.02
19,600
Feb 18, 2026
64.05
64.89
63.94
64.40
58.16
35,600
Feb 17, 2026
0.31 Dividend 

Feb 17, 2026
63.60
64.58
62.77
64.04
57.83
62,300
Feb 13, 2026
66.00
66.07
64.99
65.31
58.70
59,800
Feb 12, 2026
66.97
68.00
66.00
66.35
59.63
48,100
Feb 11, 2026
69.08
69.34
66.50
66.86
60.09
64,900
Feb 10, 2026
69.33
69.39
67.91
68.99
62.01
53,200
Feb 9, 2026
0.625 Dividend 

Feb 9, 2026
69.43
71.26
68.50
70.45
63.32
98,900
Feb 6, 2026
71.92
72.43
69.90
70.76
63.04
108,500
Feb 5, 2026
67.88
73.03
66.31
72.66
64.73
152,400
Feb 4, 2026
76.02
76.02
72.09
73.46
65.44
120,200
Feb 3, 2026
76.97
76.97
74.60
75.25
67.04
53,600
Feb 2, 2026
0.462 Dividend 

Feb 2, 2026
74.01
76.50
74.01
76.36
68.02
51,800
Jan 30, 2026
74.20
75.70
74.07
75.07
66.46
54,900
Jan 29, 2026
76.00
76.00
72.17
75.32
66.69
56,400
Jan 28, 2026
74.76
75.00
73.57
74.74
66.17
48,700
Jan 27, 2026
74.08
75.12
74.08
74.30
65.78
41,500
Jan 26, 2026
0.501 Dividend 

Jan 26, 2026
72.67
74.73
72.37
74.07
65.58
48,400
Jan 23, 2026
74.38
74.38
72.83
73.17
64.34
65,700
Jan 22, 2026
74.99
74.99
73.33
73.86
64.94
54,800
Jan 21, 2026
71.01
74.12
70.97
73.18
64.34
59,400
Jan 20, 2026
0.639 Dividend 

Jan 20, 2026
71.05
72.96
70.95
71.33
62.72
80,900
Jan 16, 2026
75.50
75.50
73.71
74.08
64.58
77,300
Jan 15, 2026
76.51
76.51
74.48
74.88
65.27
53,900
Jan 14, 2026
75.73
76.18
74.71
75.89
66.15
53,200
Jan 13, 2026
75.40
77.11
75.40
76.07
66.31
56,800
Jan 12, 2026
0.478 Dividend 

Jan 12, 2026
73.41
75.50
72.72
74.82
65.22
67,000
Jan 9, 2026
74.00
75.10
73.80
74.57
64.59
59,700
Jan 8, 2026
74.20
74.73
72.74
73.70
63.83
31,000
Jan 7, 2026
70.68
73.53
70.68
72.84
63.09
34,700
Jan 6, 2026
71.50
72.17
69.84
70.68
61.22
41,000
Jan 5, 2026
0.617 Dividend 

Jan 5, 2026
71.59
71.69
70.75
71.42
61.86
41,200
Jan 2, 2026
71.84
73.48
70.29
71.39
61.30
55,600
Dec 31, 2025
71.19
71.38
70.50
70.83
60.82
42,400
Dec 30, 2025
70.98
71.73
70.65
71.19
61.13
35,600
Dec 29, 2025
0.525 Dividend 

Dec 29, 2025
70.57
71.21
70.40
71.09
61.04
41,600
Dec 26, 2025
71.96
71.96
71.33
71.53
60.97
37,400
Dec 24, 2025
71.95
72.01
71.18
71.66
61.08
24,100
Dec 23, 2025
70.43
71.99
70.43
71.91
61.29
29,000
Dec 22, 2025
0.459 Dividend 

Dec 22, 2025
70.52
70.77
69.57
70.77
60.32
43,800
Dec 19, 2025
69.25
70.21
68.78
70.21
59.45
52,800
Dec 18, 2025
68.73
69.41
68.27
69.10
58.51
32,400
Dec 17, 2025
70.81
71.11
67.40
67.68
57.31
50,700
Dec 16, 2025
70.01
71.10
69.26
70.24
59.47
44,500
Dec 15, 2025
0.64 Dividend 

Dec 15, 2025
71.50
71.59
69.85
70.69
59.85
43,200
Dec 12, 2025
72.78
73.19
70.73
71.86
60.31
62,700
Dec 11, 2025
74.61
74.90
71.67
72.64
60.96
54,700
Dec 10, 2025
73.74
74.93
73.49
74.93
62.88
53,200
Dec 9, 2025
72.73
74.20
72.42
73.81
61.95
48,200
Dec 8, 2025
0.751 Dividend 

Dec 8, 2025
74.90
74.90
72.27
73.13
61.37
59,300
Dec 5, 2025
75.48
76.22
75.23
75.98
63.13
42,000
Dec 4, 2025
76.31
76.31
73.82
74.95
62.28
68,000
Dec 3, 2025
74.46
76.07
74.20
75.56
62.78
45,200
Dec 2, 2025
74.75
74.89
73.80
74.16
61.62
39,500
Dec 1, 2025
0.725 Dividend 

Dec 1, 2025
74.98
75.32
73.78
74.20
61.65
50,600
Nov 28, 2025
76.88
77.97
75.16
76.13
62.66
46,300
Nov 26, 2025
76.54
77.21
75.50
76.37
62.85
86,600
Nov 25, 2025
78.40
78.62
75.87
77.41
63.71
66,200
Nov 24, 2025
0.53 Dividend 

Nov 24, 2025
73.95
76.20
73.50
76.03
62.57
71,800
Nov 21, 2025
69.97
72.33
69.47
70.85
57.87
353,400
Nov 20, 2025
72.58
72.89
68.00
68.38
55.86
94,100
Nov 19, 2025
67.57
72.13
67.57
69.31
56.62
59,800
Nov 18, 2025
67.65
67.95
65.05
66.91
54.66
36,200
Nov 17, 2025
0.55 Dividend 

Nov 17, 2025
66.01
69.54
66.01
67.08
54.79
80,200
Nov 14, 2025
63.89
65.75
63.75
64.96
52.61
40,600
Nov 13, 2025
66.92
66.92
65.39
65.62
53.15
31,400
Nov 12, 2025
69.61
69.61
67.23
68.16
55.21
24,300
Nov 11, 2025
68.54
69.40
68.34
69.40
56.21
33,900
Nov 10, 2025
0.637 Dividend 

Nov 10, 2025
67.69
69.23
67.12
69.19
56.04
27,400
Nov 7, 2025
67.91
67.91
65.60
66.41
53.27
31,100
Nov 6, 2025
68.52
69.08
67.39
68.39
54.86
41,900
Nov 5, 2025
66.33
68.32
66.33
68.00
54.55
32,500
Nov 4, 2025
66.10
67.27
65.87
66.08
53.01
37,200
Nov 3, 2025
0.568 Dividend 

Nov 3, 2025
67.44
68.45
66.82
67.86
54.44
27,300
Oct 31, 2025
68.45
68.45
66.85
68.00
54.09
49,900
Oct 30, 2025
71.26
71.26
67.98
67.98
54.08
40,300
Oct 29, 2025
64.14
66.09
64.09
66.09
52.57
20,400
Oct 28, 2025
64.47
64.47
63.64
64.06
50.96
25,600
Oct 27, 2025
0.575 Dividend 

Oct 27, 2025
63.35
64.63
63.08
64.57
51.36
22,700
Oct 24, 2025
61.19
62.89
61.15
62.52
49.27
27,600
Oct 23, 2025
60.54
60.97
60.20
60.53
47.71
13,800
Oct 22, 2025
60.57
61.31
59.29
60.14
47.40
27,800
Oct 21, 2025
60.78
60.80
57.90
59.64
47.01
29,900
Oct 20, 2025
0.528 Dividend 

Oct 20, 2025
60.76
61.60
60.76
61.54
48.50
16,300
Oct 17, 2025
60.23
61.29
59.55
61.15
47.78
27,600
Oct 16, 2025
60.76
62.15
60.19
60.69
47.42
22,300
Oct 15, 2025
59.21
60.56
59.05
60.54
47.30
18,300
Oct 14, 2025
0.682 Dividend 

Oct 14, 2025
57.80
59.33
57.55
58.88
46.01
18,500
Oct 13, 2025
58.15
59.19
58.00
59.19
45.71
14,600
Oct 10, 2025
58.54
59.12
56.87
56.87
43.92
39,100
Oct 9, 2025
59.25
59.25
57.80
58.31
45.04
17,500
Oct 8, 2025
59.73
59.80
59.20
59.21
45.73
19,700
Oct 7, 2025
60.58
60.95
59.60
59.60
46.03
20,000
Oct 6, 2025
0.546 Dividend 

Oct 6, 2025
59.27
61.28
59.27
60.97
47.09
25,700
Oct 3, 2025
60.00
60.48
59.09
60.05
45.96
35,800
Oct 2, 2025
60.23
60.58
59.30
60.19
46.07
26,300
Oct 1, 2025
59.02
60.34
58.49
60.11
46.00
26,000
Sep 30, 2025
59.56
59.62
58.47
59.46
45.51
31,600
Sep 29, 2025
0.793 Dividend 

Sep 29, 2025
61.01
61.92
59.54
59.70
45.69
32,300
Sep 26, 2025
61.28
62.19
61.28
61.33
46.33
23,000
Sep 25, 2025
60.65
61.41
59.54
60.99
46.07
23,800
Sep 24, 2025
62.73
62.73
61.33
61.37
46.36
19,000
Sep 23, 2025
63.18
63.43
62.55
62.96
47.56
14,800
Sep 22, 2025
0.486 Dividend 

Sep 22, 2025
63.92
63.92
62.65
63.13
47.69
23,000
Sep 19, 2025
63.96
64.70
63.57
64.43
48.31
49,700
Sep 18, 2025
63.73
63.90
62.93
63.66
47.73
24,600
Sep 17, 2025
63.06
63.25
61.93
62.76
47.05
22,300
Sep 16, 2025
63.56
63.58
62.86
63.41
47.54
17,600
Sep 15, 2025
0.453 Dividend 

Sep 15, 2025
61.25
63.62
61.25
63.62
47.70
37,500
Sep 12, 2025
60.50
60.95
60.00
60.50
45.02
32,100
Sep 11, 2025
60.55
61.17
59.41
60.64
45.12
26,200
Sep 10, 2025
60.38
60.88
59.81
60.28
44.86
30,600
Sep 9, 2025
58.85
60.56
58.53
60.25
44.83
21,800
Sep 8, 2025
0.855 Dividend 

Sep 8, 2025
58.89
59.81
58.49
58.51
43.54
44,100
Sep 5, 2025
59.05
59.93
58.74
59.80
43.86
50,200
Sep 4, 2025
58.33
58.91
57.06
58.84
43.16
49,800
Sep 3, 2025
57.01
58.58
56.76
58.51
42.92
71,000
Sep 2, 2025
0.397 Dividend 

Sep 2, 2025
51.61
52.70
51.27
52.57
38.56
54,500
Aug 29, 2025
53.00
54.15
52.83
53.60
39.02
65,500
Aug 28, 2025
51.97
53.47
51.97
53.27
38.78
42,700
Aug 27, 2025
51.54
52.40
51.54
51.97
37.84
38,300
Aug 26, 2025
51.70
52.08
51.50
51.74
37.67
76,400
Aug 25, 2025
1.592 Dividend 

Aug 25, 2025
51.85
52.92
51.33
52.37
38.13
105,400
Aug 22, 2025
52.37
54.00
51.81
52.90
37.36
261,900
Aug 21, 2025
51.10
51.90
51.10
51.22
36.17
5,900
Aug 20, 2025
51.34
51.41
50.34
51.14
36.11
13,800
Aug 19, 2025
51.90
52.15
51.32
51.80
36.58
11,400
Aug 18, 2025
0.801 Dividend 

Aug 18, 2025
52.81
52.81
51.96
52.40
37.00
12,700
Aug 15, 2025
53.54
54.19
53.00
53.34
37.10
13,200
Aug 14, 2025
52.62
53.33
52.62
53.05
36.90
4,200
Aug 13, 2025
53.52
53.52
51.75
52.78
36.71
8,400
Aug 12, 2025
53.04
53.44
52.75
53.18
36.99
3,400
Aug 11, 2025
0.558 Dividend 

Aug 11, 2025
52.55
52.64
51.90
52.38
36.43
11,100
Aug 8, 2025
51.90
53.58
51.90
53.14
36.57
9,400
Aug 7, 2025
51.62
51.62
50.96
51.57
35.49
3,500
Aug 6, 2025
50.99
51.68
50.75
51.49
35.43
3,700
Aug 5, 2025
51.61
51.61
51.07
51.07
35.15
4,100
Aug 4, 2025
49.60
51.25
49.60
51.19
35.23
4,800
Aug 1, 2025
49.74
49.95
49.33
49.72
34.22
11,100
Jul 31, 2025
51.77
51.77
50.23
50.56
34.80
19,400
Jul 30, 2025
51.78
52.37
51.57
52.03
35.81
11,200
Jul 29, 2025
50.90
51.88
50.68
51.78
35.64
7,200
Jul 28, 2025
50.98
50.98
50.31
50.77
34.94
15,300
Jul 25, 2025
50.71
51.36
50.47
50.98
35.09
8,100
Jul 24, 2025
52.00
52.00
50.47
50.71
34.90
9,000
