Date
Open
High
Low
Close 

Adj Close 

Volume

May 22, 2026
14.76
14.82
14.60
14.66
14.66
475,000
May 21, 2026
0.182 Dividend 

May 21, 2026
14.76
14.93
14.64
14.78
14.78
648,400
May 20, 2026
14.99
15.16
14.78
15.01
14.83
1,021,300
May 19, 2026
15.29
15.29
14.89
14.96
14.78
1,554,900
May 18, 2026
15.23
15.59
15.17
15.24
15.06
545,000
May 15, 2026
15.23
15.29
15.09
15.24
15.06
398,700
May 14, 2026
0.243 Dividend 

May 14, 2026
15.19
15.39
15.18
15.33
15.14
504,600
May 13, 2026
15.01
15.65
15.01
15.63
15.20
827,200
May 12, 2026
15.15
15.16
14.96
15.14
14.72
716,500
May 11, 2026
15.40
15.45
15.15
15.18
14.76
1,118,300
May 8, 2026
15.50
15.60
15.41
15.58
15.15
460,500
May 7, 2026
0.297 Dividend 

May 7, 2026
15.59
15.59
15.32
15.48
15.05
669,600
May 6, 2026
15.69
15.84
15.63
15.76
15.04
960,900
May 5, 2026
15.40
15.65
15.38
15.52
14.81
456,300
May 4, 2026
15.39
15.46
15.26
15.35
14.65
343,500
May 1, 2026
15.34
15.46
15.23
15.44
14.73
446,400
Apr 30, 2026
0.225 Dividend 

Apr 30, 2026
15.03
15.48
14.75
15.45
14.74
866,700
Apr 29, 2026
14.47
14.69
14.33
14.54
13.66
464,400
Apr 28, 2026
14.42
14.57
14.37
14.48
13.60
272,700
Apr 27, 2026
14.41
14.62
14.27
14.53
13.65
514,800
Apr 24, 2026
14.11
14.35
13.99
14.33
13.46
437,900
Apr 23, 2026
0.121 Dividend 

Apr 23, 2026
14.18
14.18
14.01
14.13
13.27
284,800
Apr 22, 2026
14.15
14.23
14.07
14.21
13.24
209,600
Apr 21, 2026
14.16
14.19
13.91
13.92
12.97
1,597,800
Apr 20, 2026
14.19
14.22
14.08
14.10
13.13
241,900
Apr 17, 2026
14.11
14.29
14.08
14.23
13.25
360,500
Apr 16, 2026
0.092 Dividend 

Apr 16, 2026
14.19
14.19
14.02
14.04
13.08
197,600
Apr 15, 2026
14.07
14.22
14.00
14.22
13.16
390,700
Apr 14, 2026
13.80
14.07
13.76
14.03
12.98
348,300
Apr 13, 2026
13.51
13.70
13.49
13.67
12.65
198,000
Apr 10, 2026
13.64
13.70
13.52
13.53
12.52
258,600
Apr 9, 2026
0.085 Dividend 

Apr 9, 2026
13.44
13.63
13.33
13.61
12.59
299,500
Apr 8, 2026
13.72
13.80
13.56
13.60
12.51
391,800
Apr 7, 2026
13.11
13.24
12.98
13.21
12.15
264,200
Apr 6, 2026
12.90
13.09
12.90
13.09
12.04
224,800
Apr 2, 2026
0.079 Dividend 

Apr 2, 2026
12.66
12.95
12.66
12.89
11.85
364,200
Apr 1, 2026
12.77
13.14
12.77
13.04
11.92
402,200
Mar 31, 2026
12.36
12.73
12.36
12.70
11.61
268,200
Mar 30, 2026
12.27
12.30
12.13
12.20
11.15
413,200
Mar 27, 2026
12.29
12.40
12.18
12.18
11.13
455,000
Mar 26, 2026
0.082 Dividend 

Mar 26, 2026
12.80
12.80
12.38
12.49
11.42
680,500
Mar 25, 2026
13.05
13.18
12.90
12.98
11.79
498,700
Mar 24, 2026
13.36
13.36
12.93
12.96
11.77
575,000
Mar 23, 2026
13.39
13.54
13.37
13.38
12.15
344,900
Mar 20, 2026
13.52
13.52
13.23
13.34
12.12
852,200
Mar 19, 2026
0.085 Dividend 

Mar 19, 2026
13.43
13.60
13.36
13.54
12.30
247,800
Mar 18, 2026
13.69
13.79
13.63
13.63
12.30
255,500
Mar 17, 2026
13.56
13.76
13.56
13.76
12.42
258,100
Mar 16, 2026
13.50
13.58
13.46
13.58
12.26
198,900
Mar 13, 2026
13.52
13.60
13.35
13.43
12.12
227,800
Mar 12, 2026
0.087 Dividend 

Mar 12, 2026
13.48
13.56
13.34
13.47
12.16
514,000
Mar 11, 2026
13.63
13.71
13.57
13.67
12.26
297,300
Mar 10, 2026
13.53
13.66
13.53
13.62
12.22
361,700
Mar 9, 2026
13.14
13.57
13.14
13.54
12.14
448,600
Mar 6, 2026
13.20
13.36
13.14
13.30
11.93
524,700
Mar 5, 2026
0.103 Dividend 

Mar 5, 2026
13.50
13.50
13.25
13.37
11.99
433,900
Mar 4, 2026
13.55
13.64
13.45
13.58
12.09
350,300
Mar 3, 2026
13.32
13.56
13.27
13.53
12.04
303,400
Mar 2, 2026
13.55
13.72
13.44
13.64
12.14
238,100
Feb 27, 2026
13.59
13.87
13.56
13.83
12.31
1,305,900
Feb 26, 2026
0.105 Dividend 

Feb 26, 2026
13.84
13.84
13.47
13.70
12.19
344,400
Feb 25, 2026
13.88
13.97
13.82
13.97
12.34
270,000
Feb 24, 2026
13.88
13.91
13.69
13.85
12.23
236,300
Feb 23, 2026
14.09
14.14
13.82
13.86
12.24
601,900
Feb 20, 2026
13.68
14.05
13.65
14.02
12.38
378,100
Feb 19, 2026
0.102 Dividend 

Feb 19, 2026
13.53
13.68
13.48
13.60
12.01
279,100
Feb 18, 2026
13.62
13.79
13.61
13.73
12.04
399,600
Feb 17, 2026
13.56
13.71
13.38
13.61
11.93
587,100
Feb 13, 2026
13.82
13.88
13.69
13.74
12.05
510,400
Feb 12, 2026
0.096 Dividend 

Feb 12, 2026
14.04
14.17
13.84
13.91
12.20
605,500
Feb 11, 2026
14.45
14.49
14.02
14.09
12.27
626,700
Feb 10, 2026
14.50
14.53
14.23
14.40
12.54
395,400
Feb 9, 2026
14.45
14.70
14.35
14.60
12.71
354,100
Feb 6, 2026
14.69
14.72
14.37
14.49
12.62
658,700
Feb 5, 2026
0.112 Dividend 

Feb 5, 2026
14.00
14.86
13.78
14.86
12.94
777,000
Feb 4, 2026
15.35
15.35
14.76
14.95
12.92
657,100
Feb 3, 2026
15.53
15.53
15.12
15.22
13.15
527,300
Feb 2, 2026
15.09
15.38
15.05
15.36
13.28
563,000
Jan 30, 2026
15.00
15.15
14.98
15.10
13.05
464,800
Jan 29, 2026
0.103 Dividend 

Jan 29, 2026
15.20
15.22
14.73
15.08
13.03
388,500
Jan 28, 2026
15.13
15.19
15.00
15.16
13.01
364,100
Jan 27, 2026
15.14
15.19
15.06
15.10
12.96
326,700
Jan 26, 2026
14.81
15.12
14.81
15.02
12.89
347,600
Jan 23, 2026
14.96
15.02
14.81
14.85
12.75
357,200
Jan 22, 2026
0.105 Dividend 

Jan 22, 2026
15.04
15.04
14.86
14.96
12.84
301,800
Jan 21, 2026
14.63
15.05
14.56
14.90
12.70
486,700
Jan 20, 2026
14.57
14.88
14.57
14.62
12.46
1,154,200
Jan 16, 2026
15.08
15.10
14.88
14.98
12.77
439,600
Jan 15, 2026
0.098 Dividend 

Jan 15, 2026
15.22
15.22
14.97
15.06
12.84
401,800
Jan 14, 2026
15.21
15.24
15.06
15.22
12.89
546,200
Jan 13, 2026
15.20
15.40
15.13
15.21
12.88
388,900
Jan 12, 2026
14.89
15.14
14.85
15.12
12.81
417,000
Jan 9, 2026
14.95
15.04
14.86
14.97
12.68
336,800
Jan 8, 2026
0.08 Dividend 

Jan 8, 2026
15.00
15.02
14.75
14.82
12.55
496,300
Jan 7, 2026
14.62
14.97
14.61
14.87
12.53
488,800
Jan 6, 2026
14.69
14.79
14.49
14.61
12.31
410,100
Jan 5, 2026
14.66
14.72
14.59
14.67
12.36
549,500
Jan 2, 2026
0.085 Dividend 

Jan 2, 2026
14.68
14.81
14.43
14.61
12.31
546,400
Dec 31, 2025
14.62
14.68
14.58
14.60
12.23
351,000
Dec 30, 2025
14.62
14.75
14.61
14.64
12.26
297,300
Dec 29, 2025
14.57
14.64
14.51
14.64
12.26
320,200
Dec 26, 2025
0.087 Dividend 

Dec 26, 2025
14.68
14.68
14.56
14.64
12.26
337,800
Dec 24, 2025
14.77
14.77
14.64
14.73
12.26
833,500
Dec 23, 2025
14.54
14.76
14.54
14.75
12.28
308,400
Dec 22, 2025
14.60
14.61
14.41
14.56
12.12
694,600
Dec 19, 2025
14.28
14.48
14.27
14.47
12.05
281,000
Dec 18, 2025
0.092 Dividend 

Dec 18, 2025
14.27
14.37
14.18
14.32
11.92
329,900
Dec 17, 2025
14.70
14.70
14.14
14.14
11.69
593,200
Dec 16, 2025
14.57
14.77
14.43
14.61
12.08
361,300
Dec 15, 2025
14.75
14.80
14.52
14.65
12.12
436,300
Dec 12, 2025
14.84
14.91
14.52
14.70
12.16
495,800
Dec 11, 2025
0.108 Dividend 

Dec 11, 2025
15.12
15.15
14.65
14.79
12.23
768,000
Dec 10, 2025
15.05
15.27
15.04
15.24
12.52
403,000
Dec 9, 2025
14.96
15.14
14.90
15.11
12.41
398,400
Dec 8, 2025
15.23
15.23
14.86
14.98
12.30
751,000
Dec 5, 2025
15.17
15.30
15.16
15.26
12.53
635,300
Dec 4, 2025
0.251 Dividend 

Dec 4, 2025
15.28
15.28
14.97
15.09
12.39
773,700
Dec 3, 2025
15.23
15.50
15.18
15.44
12.47
590,200
Dec 2, 2025
15.25
15.34
15.15
15.25
12.32
483,000
Dec 1, 2025
15.33
15.38
15.14
15.21
12.29
871,200
Nov 28, 2025
0.228 Dividend 

Nov 28, 2025
15.52
15.65
15.24
15.39
12.43
445,900
Nov 26, 2025
15.65
15.79
15.48
15.61
12.43
675,400
Nov 25, 2025
15.96
15.96
15.51
15.75
12.54
1,020,100
Nov 24, 2025
15.26
15.59
15.25
15.54
12.37
2,519,600
Nov 21, 2025
14.72
14.99
14.67
14.82
11.80
1,085,800
Nov 20, 2025
0.1 Dividend 

Nov 20, 2025
15.06
15.11
14.43
14.48
11.53
729,600
Nov 19, 2025
14.50
15.12
14.47
14.66
11.59
1,022,900
Nov 18, 2025
14.53
14.53
14.07
14.32
11.32
721,900
Nov 17, 2025
14.42
14.72
14.31
14.41
11.39
1,009,500
Nov 14, 2025
13.78
14.14
13.74
14.03
11.09
724,100
Nov 13, 2025
0.094 Dividend 

Nov 13, 2025
14.32
14.32
14.07
14.15
11.19
521,300
Nov 12, 2025
14.68
14.68
14.41
14.52
11.41
475,700
Nov 11, 2025
14.58
14.65
14.54
14.64
11.50
484,500
Nov 10, 2025
14.41
14.64
14.37
14.62
11.48
474,200
Nov 7, 2025
14.37
14.41
14.03
14.20
11.15
508,500
Nov 6, 2025
0.28 Dividend 

Nov 6, 2025
14.51
14.59
14.29
14.48
11.37
432,600
Nov 5, 2025
14.48
14.79
14.39
14.70
11.33
676,500
Nov 4, 2025
14.38
14.56
14.32
14.39
11.09
335,200
Nov 3, 2025
14.62
14.76
14.50
14.69
11.32
366,700
Oct 31, 2025
14.60
14.70
14.36
14.56
11.22
407,400
Oct 30, 2025
0.138 Dividend 

Oct 30, 2025
15.01
15.10
14.48
14.56
11.22
637,000
Oct 29, 2025
14.21
14.56
14.21
14.54
11.10
560,800
Oct 28, 2025
14.33
14.33
14.19
14.23
10.86
371,800
Oct 27, 2025
14.10
14.32
14.08
14.30
10.91
599,600
Oct 24, 2025
13.83
13.93
13.77
13.90
10.61
446,000
Oct 23, 2025
0.21 Dividend 

Oct 23, 2025
13.69
13.72
13.59
13.66
10.43
446,200
Oct 22, 2025
13.92
13.96
13.68
13.78
10.36
373,500
Oct 21, 2025
13.89
13.89
13.39
13.72
10.31
1,449,500
Oct 20, 2025
13.85
13.98
13.85
13.92
10.46
443,600
Oct 17, 2025
13.65
13.82
13.55
13.79
10.36
207,700
Oct 16, 2025
0.164 Dividend 

Oct 16, 2025
13.77
13.90
13.64
13.70
10.30
303,800
Oct 15, 2025
13.75
13.89
13.70
13.85
10.29
165,700
Oct 14, 2025
13.51
13.72
13.46
13.68
10.16
159,000
Oct 13, 2025
13.39
13.62
13.39
13.62
10.12
216,600
Oct 10, 2025
13.46
13.60
13.22
13.23
9.83
183,400
Oct 9, 2025
13.60
13.61
13.36
13.49
10.02
175,800
Oct 8, 2025
13.58
13.66
13.57
13.61
10.11
171,000
Oct 7, 2025
13.67
13.78
13.62
13.66
10.15
177,000
Oct 6, 2025
13.59
13.82
13.57
13.78
10.23
263,500
Oct 3, 2025
13.56
13.65
13.43
13.58
10.09
420,100
Oct 2, 2025
0.694 Dividend 

Oct 2, 2025
13.64
13.67
13.46
13.62
10.12
325,400
Oct 1, 2025
14.08
14.34
13.93
14.27
10.08
550,700
Sep 30, 2025
14.15
14.17
13.97
14.15
10.00
317,500
Sep 29, 2025
14.40
14.50
14.14
14.20
10.03
332,500
Sep 26, 2025
14.32
14.41
14.26
14.29
10.10
203,400
Sep 25, 2025
14.20
14.29
13.99
14.24
10.06
176,300
Sep 24, 2025
14.60
14.60
14.30
14.34
10.13
175,300
Sep 23, 2025
14.65
14.66
14.50
14.56
10.29
169,400
Sep 22, 2025
14.70
14.74
14.50
14.56
10.29
1,040,100
Sep 19, 2025
14.63
14.73
14.59
14.70
10.39
108,800
Sep 18, 2025
14.59
14.61
14.49
14.55
10.28
170,500
Sep 17, 2025
14.56
14.56
14.35
14.46
10.22
113,500
Sep 16, 2025
14.59
14.59
14.45
14.54
10.27
156,700
Sep 15, 2025
14.25
14.55
14.25
14.51
10.25
250,600
Sep 12, 2025
14.06
14.16
14.00
14.10
9.96
124,400
Sep 11, 2025
14.01
14.16
13.88
14.09
9.96
119,000
Sep 10, 2025
14.00
14.11
13.98
14.02
9.91
180,300
Sep 9, 2025
13.85
14.06
13.85
14.03
9.91
143,100
Sep 8, 2025
13.88
14.00
13.86
13.86
9.79
213,900
Sep 5, 2025
13.71
13.90
13.71
13.87
9.80
330,100
Sep 4, 2025
0.694 Dividend 

Sep 4, 2025
13.49
13.77
13.48
13.77
9.73
335,500
Sep 3, 2025
14.19
14.41
14.11
14.37
9.66
680,500
Sep 2, 2025
13.33
13.55
13.24
13.53
9.10
313,000
Aug 29, 2025
13.44
13.64
13.44
13.58
9.13
190,400
Aug 28, 2025
13.33
13.51
13.30
13.48
9.06
101,400
Aug 27, 2025
13.22
13.33
13.21
13.29
8.94
82,100
Aug 26, 2025
13.26
13.26
13.16
13.25
8.91
119,600
Aug 25, 2025
13.23
13.35
13.18
13.29
8.94
239,000
Aug 22, 2025
12.98
13.27
12.94
13.15
8.84
196,500
Aug 21, 2025
12.88
13.00
12.85
12.88
8.66
87,300
Aug 20, 2025
12.92
12.95
12.69
12.82
8.62
77,300
Aug 19, 2025
13.03
13.05
12.88
12.96
8.72
99,200
Aug 18, 2025
13.09
13.15
13.02
13.04
8.77
708,300
Aug 15, 2025
13.06
13.16
12.96
13.10
8.81
155,800
Aug 14, 2025
12.94
13.08
12.90
13.04
8.77
119,900
Aug 13, 2025
13.04
13.07
12.77
12.97
8.72
84,400
Aug 12, 2025
12.92
13.05
12.89
13.00
8.74
122,800
Aug 11, 2025
12.90
12.91
12.80
12.88
8.66
131,500
Aug 8, 2025
12.79
12.94
12.79
12.91
8.68
174,200
Aug 7, 2025
0.449 Dividend 

Aug 7, 2025
12.79
12.79
12.65
12.73
8.56
179,800
Aug 6, 2025
13.08
13.17
13.03
13.17
8.55
208,100
Aug 5, 2025
13.05
13.19
13.03
13.07
8.49
192,600
Aug 4, 2025
12.87
13.10
12.85
13.10
8.51
176,000
Aug 1, 2025
12.75
12.81
12.66
12.73
8.27
146,400
Jul 31, 2025
13.11
13.11
12.86
12.91
8.39
166,300
Jul 30, 2025
13.08
13.17
13.05
13.14
8.53
94,100
Jul 29, 2025
12.88
13.08
12.88
13.07
8.49
159,200
Jul 28, 2025
12.95
13.00
12.81
12.92
8.39
155,500
Jul 25, 2025
12.84
12.96
12.84
12.93
8.40
107,100
Jul 24, 2025
12.89
12.94
12.76
12.85
8.35
334,200
Jul 23, 2025
12.63
12.65
12.50
12.55
8.15
147,400
Jul 22, 2025
12.58
12.62
12.43
12.60
8.18
182,200
Jul 21, 2025
12.38
12.54
12.38
12.53
8.14
746,600
Jul 18, 2025
12.30
12.33
12.22
12.28
7.98
112,800
Jul 17, 2025
12.13
12.24
12.01
12.19
7.92
188,600
Jul 16, 2025
12.15
12.23
12.11
12.16
7.90
483,700
Jul 15, 2025
12.15
12.22
12.10
12.11
7.87
176,200
Jul 14, 2025
12.07
12.19
12.05
12.15
7.89
135,800
Jul 11, 2025
11.93
12.12
11.90
12.08
7.85
106,900
Jul 10, 2025
0.308 Dividend 

Jul 10, 2025
11.88
11.99
11.81
11.95
7.76
157,900
Jul 9, 2025
12.11
12.39
11.99
12.24
7.75
205,000
Jul 8, 2025
12.28
12.28
11.98
12.10
7.66
189,800
Jul 7, 2025
12.40
12.40
12.16
12.23
7.74
148,100
Jul 3, 2025
12.37
12.37
12.27
12.35
7.82
92,200
Jul 2, 2025
12.16
12.30
12.15
12.30
7.79
62,300
Jul 1, 2025
12.15
12.18
12.05
12.18
7.71
48,900
Jun 30, 2025
12.39
12.40
12.11
12.17
7.71
123,600
Jun 27, 2025
12.07
12.28
11.93
12.25
7.76
221,500
Jun 26, 2025
11.97
12.04
11.88
12.01
7.60
67,600
Jun 25, 2025
11.71
11.97
11.71
11.92
7.55
71,700
Jun 24, 2025
11.65
11.76
11.64
11.68
7.40
98,400
Jun 23, 2025
11.66
11.71
11.36
11.56
7.32
605,600
Jun 20, 2025
12.10
12.13
11.57
11.67
7.39
180,000
Jun 18, 2025
12.24
12.25
12.06
12.07
7.64
56,700
Jun 17, 2025
12.15
12.29
12.14
12.20
7.72
64,900
Jun 16, 2025
12.11
12.25
12.11
12.23
7.74
112,500
Jun 13, 2025
11.92
12.25
11.92
12.12
7.67
166,900
Jun 12, 2025
0.398 Dividend 

Jun 12, 2025
12.16
12.20
12.08
12.13
7.68
120,200
Jun 11, 2025
12.78
12.78
12.61
12.65
7.76
145,400
Jun 10, 2025
12.60
12.77
12.53
12.70
7.79
199,100
Jun 9, 2025
12.50
12.59
12.50
12.58
7.71
175,200
Jun 6, 2025
12.28
12.43
12.28
12.32
7.56
619,300
Jun 5, 2025
12.25
12.30
12.15
12.20
7.48
101,400
Jun 4, 2025
12.05
12.18
12.05
12.14
7.45
67,100
Jun 3, 2025
12.13
12.18
11.97
12.03
7.38
163,000
Jun 2, 2025
12.17
12.25
12.12
12.23
7.50
101,500
May 30, 2025
12.32
12.39
12.09
12.33
7.56
74,300
May 29, 2025
12.51
12.51
12.29
12.33
7.56
38,500
May 28, 2025
12.42
12.54
12.35
12.37
7.59
51,900
May 27, 2025
12.22
12.42
12.22
12.42
7.62
117,700
May 23, 2025
12.07
12.20
12.07
12.09
7.41
132,100
May 22, 2025
12.43
12.55
12.27
12.28
7.53
682,200
May 21, 2025
11.93
12.43
11.93
12.23
7.50
227,200
May 20, 2025
12.09
12.19
11.90
11.95
7.33
118,300
May 19, 2025
11.98
12.12
11.95
12.11
7.43
541,600
May 16, 2025
12.06
12.14
12.04
12.04
7.38
153,100
May 15, 2025
0.345 Dividend 

May 15, 2025
12.08
12.08
11.94
12.00
7.36
209,800
May 14, 2025
12.18
12.46
12.15
12.37
7.37
186,000
May 13, 2025
12.12
12.18
11.93
12.12
7.23
152,200
May 12, 2025
12.05
12.09
11.96
12.05
7.18
277,400
May 9, 2025
11.89
11.90
11.73
11.76
7.01
173,500
May 8, 2025
11.90
11.95
11.77
11.83
7.05
193,600
May 7, 2025
12.59
12.62
11.41
11.68
6.96
357,200
May 6, 2025
12.49
12.59
12.43
12.54
7.48
50,300
May 5, 2025
12.53
12.65
12.51
12.59
7.51
62,900
May 2, 2025
12.44
12.59
12.40
12.57
7.49
87,500
May 1, 2025
12.26
12.37
12.18
12.35
7.36
64,900
Apr 30, 2025
12.11
12.16
11.90
12.16
7.25
35,600
Apr 29, 2025
12.25
12.25
12.04
12.24
7.30
48,800
Apr 28, 2025
12.28
12.32
12.11
12.21
7.28
35,100
Apr 25, 2025
12.33
12.33
12.23
12.26
7.31
107,800
Apr 24, 2025
11.77
11.89
11.70
11.85
7.06
87,800
Apr 23, 2025
11.73
11.80
11.59
11.69
6.97
49,900
Apr 22, 2025
11.22
11.47
11.22
11.46
6.83
87,500
Apr 21, 2025
11.30
11.30
11.08
11.16
6.65
405,600
Apr 17, 2025
0.373 Dividend 

Apr 17, 2025
11.55
11.57
11.25
11.40
6.80
48,300
Apr 16, 2025
11.92
12.08
11.76
11.92
6.88
111,700
Apr 15, 2025
12.28
12.28
12.03
12.12
7.00
89,200
Apr 14, 2025
12.26
12.33
12.13
12.24
7.07
156,700
Apr 11, 2025
11.83
12.11
11.81
12.11
6.99
114,600
Apr 10, 2025
11.97
11.97
11.56
11.80
6.81
51,000
Apr 9, 2025
11.11
12.03
11.11
12.02
6.94
81,000
Apr 8, 2025
11.61
11.67
11.06
11.19
6.46
72,500
Apr 7, 2025
10.92
11.65
10.89
11.27
6.51
117,900
Apr 4, 2025
11.46
11.56
11.19
11.19
6.46
170,200
Apr 3, 2025
11.65
11.71
11.56
11.56
6.68
143,700
Apr 2, 2025
11.92
12.09
11.88
12.02
6.94
66,900
Apr 1, 2025
11.82
12.07
11.81
12.04
6.95
70,700
Mar 31, 2025
11.69
11.90
11.57
11.82
6.83
150,100
Mar 28, 2025
12.32
12.32
11.78
11.83
6.83
106,800
Mar 27, 2025
12.46
12.54
12.35
12.38
7.15
55,900
Mar 26, 2025
12.80
12.80
12.51
12.56
7.25
76,500
Mar 25, 2025
12.72
12.80
12.71
12.78
7.38
84,400
Mar 24, 2025
12.61
12.69
12.56
12.66
7.31
324,200
Mar 21, 2025
12.33
12.52
12.27
12.51
7.22
84,500
Mar 20, 2025
0.328 Dividend 

Mar 20, 2025
12.30
12.54
12.29
12.40
7.16
140,900
Mar 19, 2025
12.61
12.92
12.60
12.83
7.22
95,100
Mar 18, 2025
12.80
12.80
12.29
12.55
7.06
141,200
Mar 17, 2025
12.87
12.88
12.76
12.81
7.21
106,900
Mar 14, 2025
12.65
12.85
12.65
12.85
7.23
67,100
Mar 13, 2025
12.86
12.86
12.60
12.63
7.11
55,300
Mar 12, 2025
12.83
12.93
12.67
12.92
7.27
46,400
Mar 11, 2025
12.69
12.85
12.52
12.67
7.13
83,900
Mar 10, 2025
12.97
12.98
12.68
12.80
7.20
118,000
Mar 7, 2025
13.17
13.36
13.09
13.33
7.50
99,600
Mar 6, 2025
13.15
13.34
13.14
13.22
7.44
69,000
Mar 5, 2025
13.08
13.26
12.98
13.24
7.45
41,900
Mar 4, 2025
12.71
13.22
12.71
13.08
7.36
82,500
Mar 3, 2025
13.06
13.19
12.73
12.84
7.23
67,200
Feb 28, 2025
12.85
13.04
12.80
13.00
7.32
63,600
Feb 27, 2025
13.32
13.32
12.84
12.90
7.26
177,400
Feb 26, 2025
13.40
13.41
13.11
13.20
7.43
144,800
Feb 25, 2025
13.58
13.58
13.32
13.35
7.51
134,500
Feb 24, 2025
13.85
13.89
13.65
13.68
7.70
396,200
Feb 21, 2025
14.04
14.06
13.62
13.67
7.69
218,400
Feb 20, 2025
0.388 Dividend 

Feb 20, 2025
14.04
14.04
13.87
14.01
7.88
180,000
Feb 19, 2025
14.36
14.42
14.30
14.42
7.90
121,500
Feb 18, 2025
14.42
14.42
14.16
14.30
7.83
150,100
Feb 14, 2025
14.40
14.40
14.30
14.37
7.87
110,100
Feb 13, 2025
14.23
14.39
14.20
14.37
7.87
60,200
Feb 12, 2025
14.23
14.30
14.11
14.25
7.80
88,400
Feb 11, 2025
14.44
14.44
14.28
14.36
7.86
92,000
Feb 10, 2025
14.50
14.55
14.39
14.44
7.91
126,400
Feb 7, 2025
14.76
14.76
14.19
14.36
7.86
155,100
Feb 6, 2025
14.70
14.77
14.57
14.76
8.08
119,800
Feb 5, 2025
14.83
14.83
14.48
14.75
8.08
321,200
Feb 4, 2025
15.35
15.64
15.35
15.61
8.55
164,900
Feb 3, 2025
15.24
15.44
15.24
15.33
8.39
73,800
Jan 31, 2025
15.36
15.54
15.36
15.45
8.46
96,500
Jan 30, 2025
15.05
15.35
15.05
15.35
8.41
70,700
Jan 29, 2025
14.97
15.00
14.81
14.93
8.18
57,700
Jan 28, 2025
14.74
14.95
14.61
14.95
8.19
70,700
Jan 27, 2025
14.75
15.02
14.60
14.68
8.04
155,000
Jan 24, 2025
15.03
15.24
15.03
15.20
8.32
118,600
Jan 23, 2025
0.332 Dividend 

Jan 23, 2025
15.14
15.18
14.87
15.03
8.23
140,300
Jan 22, 2025
15.43
15.52
15.38
15.45
8.28
107,600
Jan 21, 2025
15.39
15.61
15.36
15.41
8.26
410,900
Jan 17, 2025
15.22
15.33
15.15
15.24
8.17
110,800
Jan 16, 2025
15.19
15.21
15.04
15.10
8.09
77,500
Jan 15, 2025
15.00
15.25
15.00
15.19
8.14
101,400
Jan 14, 2025
15.00
15.00
14.77
14.89
7.98
38,000
Jan 13, 2025
14.90
14.94
14.70
14.90
7.98
67,500
Jan 10, 2025
15.21
15.25
14.86
14.96
8.02
120,100
Jan 8, 2025
15.07
15.27
15.00
15.13
8.11
107,300
Jan 7, 2025
15.35
15.53
15.17
15.22
8.16
79,700
Jan 6, 2025
15.19
15.36
15.19
15.29
8.19
203,700
Jan 3, 2025
14.94
15.07
14.93
15.01
8.04
60,600
Jan 2, 2025
14.96
14.99
14.71
14.88
7.97
81,300
Dec 31, 2024
14.96
14.98
14.80
14.82
7.94
78,800
Dec 30, 2024
14.85
14.99
14.76
14.92
7.99
111,100
Dec 27, 2024
0.633 Dividend 

Dec 27, 2024
15.19
15.19
14.88
15.02
8.05
149,600
Dec 26, 2024
15.80
15.85
15.75
15.82
8.14
142,300
Dec 24, 2024
15.75
15.80
15.69
15.77
8.11
46,700
Dec 23, 2024
15.64
15.72
15.43
15.65
8.05
386,400
Dec 20, 2024
15.02
15.59
15.02
15.51
7.98
75,400
Dec 19, 2024
15.43
15.56
15.25
15.25
7.84
67,200
Dec 18, 2024
15.70
15.78
15.21
15.28
7.86
73,700
Dec 17, 2024
15.82
15.96
15.68
15.74
8.10
88,900
Dec 16, 2024
15.50
15.85
15.50
15.74
8.10
87,200
Dec 13, 2024
15.47
15.49
15.31
15.31
7.88
63,400
Dec 12, 2024
15.60
15.63
15.47
15.49
7.97
83,300
Dec 11, 2024
15.19
15.65
15.18
15.61
8.03
116,700
Dec 10, 2024
15.00
15.15
14.89
15.12
7.78
226,200
Dec 9, 2024
14.56
14.73
14.56
14.67
7.55
45,100
Dec 6, 2024
14.61
14.66
14.55
14.66
7.54
62,400
Dec 5, 2024
14.65
14.65
14.55
14.59
7.51
49,600
Dec 4, 2024
14.50
14.59
14.49
14.59
7.50
81,000
Dec 3, 2024
14.40
14.49
14.40
14.44
7.43
39,500
Dec 2, 2024
14.24
14.48
14.24
14.45
7.43
88,400
Nov 29, 2024
0.285 Dividend 

Nov 29, 2024
14.34
14.34
14.15
14.27
7.34
69,200
Nov 27, 2024
14.60
14.60
14.50
14.60
7.36
118,900
Nov 26, 2024
14.58
14.59
14.51
14.56
7.35
77,300
Nov 25, 2024
14.42
14.53
14.38
14.51
7.32
104,000
Nov 22, 2024
14.39
14.39
14.24
14.32
7.22
113,900
Nov 21, 2024
15.04
15.04
14.20
14.47
7.30
385,200
Nov 20, 2024
15.28
15.28
15.01
15.18
7.66
60,900
Nov 19, 2024
15.08
15.31
15.06
15.29
7.71
23,300
Nov 18, 2024
14.90
15.14
14.90
15.13
7.63
156,400
Nov 15, 2024
15.00
15.02
14.83
14.88
7.50
41,700
Nov 14, 2024
15.37
15.37
15.03
15.09
7.61
56,900
Nov 13, 2024
15.54
15.54
15.37
15.37
7.75
93,800
Nov 12, 2024
15.50
15.61
15.42
15.53
7.83
81,500
Nov 11, 2024
15.41
15.48
15.33
15.48
7.81
50,100
Nov 8, 2024
15.51
15.51
15.30
15.30
7.72
34,700
Nov 7, 2024
15.35
15.47
15.35
15.44
7.79
68,100
Nov 6, 2024
15.34
15.35
15.21
15.35
7.74
67,300
Nov 5, 2024
14.92
14.98
14.86
14.96
7.55
21,600
Nov 4, 2024
14.97
14.97
14.79
14.87
7.50
74,400
Nov 1, 2024
14.90
15.08
14.83
15.02
7.58
73,700
Oct 31, 2024
0.377 Dividend 

Oct 31, 2024
15.21
15.42
14.99
15.01
7.57
53,400
Oct 30, 2024
16.18
16.21
15.64
15.72
7.74
147,400
Oct 29, 2024
15.39
15.59
15.33
15.55
7.65
96,200
Oct 28, 2024
15.33
15.44
15.13
15.34
7.55
68,600
Oct 25, 2024
15.08
15.25
15.08
15.20
7.48
41,100
Oct 24, 2024
15.17
15.17
14.92
15.07
7.42
29,100
Oct 23, 2024
15.22
15.25
15.00
15.05
7.41
44,500
Oct 22, 2024
15.05
15.26
15.05
15.24
7.50
24,800
Oct 21, 2024
15.15
15.18
15.03
15.13
7.45
66,700
Oct 18, 2024
15.02
15.14
15.02
15.08
7.42
40,800
Oct 17, 2024
15.19
15.20
15.02
15.03
7.40
41,100
Oct 16, 2024
15.17
15.22
15.08
15.16
7.46
20,900
Oct 15, 2024
15.15
15.31
15.12
15.17
7.47
45,000
Oct 14, 2024
15.00
15.19
15.00
15.12
7.44
46,400
Oct 11, 2024
14.86
15.02
14.86
14.99
7.38
52,100
Oct 10, 2024
14.84
14.96
14.76
14.92
7.34
33,800
Oct 9, 2024
15.06
15.07
14.71
14.90
7.33
74,500
Oct 8, 2024
14.97
15.07
14.93
15.04
7.40
50,300
Oct 7, 2024
15.24
15.31
14.93
14.95
7.36
58,400
Oct 4, 2024
15.34
15.34
15.15
15.21
7.49
78,600
Oct 3, 2024
0.255 Dividend 

Oct 3, 2024
15.20
15.25
15.08
15.23
7.50
56,200
Oct 2, 2024
15.46
15.58
15.41
15.47
7.49
49,000
Oct 1, 2024
15.58
15.70
15.40
15.58
7.54
53,500
Sep 30, 2024
15.33
15.49
15.32
15.49
7.50
55,200
Sep 27, 2024
15.28
15.45
15.26
15.35
7.43
36,300
Sep 26, 2024
15.36
15.36
15.19
15.26
7.39
44,000
Sep 25, 2024
15.20
15.21
15.12
15.12
7.32
47,300
Sep 24, 2024
15.18
15.23
15.07
15.20
7.36
25,200
Sep 23, 2024
15.28
15.34
15.14
15.15
7.33
104,600
Sep 20, 2024
15.18
15.23
15.14
15.23
7.38
28,700
Sep 19, 2024
15.24
15.24
15.10
15.14
7.33
57,100
Sep 18, 2024
15.01
15.03
14.92
14.98
7.25
35,200
Sep 17, 2024
14.90
15.04
14.90
14.95
7.24
60,500
Sep 16, 2024
14.77
14.89
14.77
14.84
7.18
43,700
Sep 13, 2024
14.53
14.89
14.53
14.88
7.20
98,700
Sep 12, 2024
14.35
14.57
14.35
14.56
7.05
32,500
Sep 11, 2024
14.17
14.37
14.07
14.37
6.96
40,300
Sep 10, 2024
14.26
14.30
14.14
14.19
6.87
40,300
Sep 9, 2024
14.46
14.59
14.01
14.18
6.87
87,900
Sep 6, 2024
0.358 Dividend 

Sep 6, 2024
15.04
15.04
14.32
14.33
6.94
48,600
Sep 5, 2024
15.14
15.43
15.14
15.25
7.21
67,400
Sep 4, 2024
15.24
15.39
15.18
15.22
7.20
46,000
Sep 3, 2024
15.75
15.75
15.19
15.25
7.21
55,000
Aug 30, 2024
15.64
15.77
15.64
15.77
7.45
29,500
Aug 29, 2024
15.80
15.91
15.49
15.61
7.38
42,700
Aug 28, 2024
15.83
15.83
15.59
15.70
7.42
27,600
Aug 27, 2024
15.94
15.96
15.82
15.84
7.49
36,400
Aug 26, 2024
15.98
16.00
15.81
15.95
7.54
35,300
Aug 23, 2024
15.83
15.87
15.76
15.84
7.49
43,100
Aug 22, 2024
15.82
15.82
15.67
15.71
7.43
47,700
Aug 21, 2024
15.81
15.81
15.72
15.78
7.46
39,900
Aug 20, 2024
15.84
15.84
15.77
15.81
7.47
43,600
Aug 19, 2024
15.59
15.79
15.59
15.79
7.47
130,000
Aug 16, 2024
15.46
15.65
15.46
15.52
7.34
58,600
Aug 15, 2024
15.44
15.44
15.26
15.39
7.28
53,500
Aug 14, 2024
15.62
15.62
15.07
15.34
7.25
58,000
Aug 13, 2024
15.48
15.64
15.48
15.60
7.38
30,500
Aug 12, 2024
15.62
15.62
15.45
15.48
7.32
27,600
Aug 9, 2024
15.40
15.52
15.20
15.50
7.33
28,000
Aug 8, 2024
15.30
15.49
15.24
15.38
7.27
50,000
Aug 7, 2024
0.499 Dividend 

Aug 7, 2024
15.37
15.43
15.05
15.08
7.13
34,300
Aug 6, 2024
15.56
15.72
15.38
15.51
7.10
57,300
Aug 5, 2024
15.32
16.06
15.32
15.62
7.15
94,000
Aug 2, 2024
16.39
16.41
16.13
16.34
7.48
59,700
Aug 1, 2024
16.66
16.91
16.46
16.64
7.61
38,300
Jul 31, 2024
16.71
16.84
16.55
16.66
7.62
47,600
Jul 30, 2024
16.56
16.59
16.42
16.56
7.58
37,700
Jul 29, 2024
16.39
16.53
16.36
16.45
7.53
115,300
Jul 26, 2024
16.27
16.32
15.99
16.20
7.41
45,100
Jul 25, 2024
16.69
16.75
16.22
16.22
7.42
213,600
Jul 24, 2024
16.85
17.03
16.62
16.72
7.65
161,600
Jul 23, 2024
17.50
17.57
17.40
17.44
7.98
52,700
Jul 22, 2024
17.25
17.53
17.25
17.41
7.97
54,000
Jul 19, 2024
17.22
17.27
17.08
17.10
7.82
110,200
Jul 18, 2024
17.48
17.48
17.03
17.13
7.84
42,400
Jul 17, 2024
17.52
17.56
17.26
17.38
7.95
53,900
Jul 16, 2024
18.00
18.05
17.60
17.68
8.09
64,700
Jul 15, 2024
17.80
18.03
17.80
17.89
8.18
35,200
Jul 12, 2024
17.85
17.87
17.74
17.75
8.12
45,400
Jul 11, 2024
18.15
18.16
17.75
17.81
8.15
76,700
Jul 10, 2024
18.08
18.23
18.05
18.20
8.33
32,200
Jul 9, 2024
18.14
18.19
18.02
18.05
8.26
63,200
Jul 8, 2024
18.05
18.11
17.93
18.03
8.25
94,900
Jul 5, 2024
0.468 Dividend 

Jul 5, 2024
18.30
18.30
18.08
18.14
8.30
170,300
Jul 3, 2024
18.62
18.62
18.51
18.58
8.29
62,500
Jul 2, 2024
18.47
18.58
18.35
18.54
8.27
77,100
Jul 1, 2024
18.44
18.46
18.33
18.45
8.23
68,300
Jun 28, 2024
18.50
18.50
18.39
18.39
8.20
53,500
Jun 27, 2024
18.42
18.50
18.42
18.48
8.24
55,400
Jun 26, 2024
18.38
18.45
18.35
18.44
8.23
53,300
Jun 25, 2024
18.23
18.42
18.21
18.41
8.21
113,200
Jun 24, 2024
18.21
18.24
18.15
18.19
8.11
56,700
Jun 21, 2024
17.99
18.21
17.94
18.14
8.09
86,300
Jun 20, 2024
17.76
17.94
17.76
17.89
7.98
59,100
Jun 18, 2024
17.96
17.96
17.68
17.80
7.94
127,100
Jun 17, 2024
17.80
17.98
17.73
17.93
8.00
39,200
Jun 14, 2024
17.64
17.87
17.57
17.85
7.96
62,300
Jun 13, 2024
17.83
17.85
17.69
17.72
7.90
57,300
Jun 12, 2024
17.93
18.09
17.80
17.89
7.98
72,100
Jun 11, 2024
17.74
17.85
17.57
17.84
7.96
54,600
Jun 10, 2024
17.63
17.76
17.43
17.64
7.87
75,300
Jun 7, 2024
17.75
17.78
17.53
17.53
7.82
110,600
Jun 6, 2024
0.686 Dividend 

Jun 6, 2024
17.74
17.75
17.70
17.72
7.90
91,900
Jun 5, 2024
18.36
18.40
18.29
18.35
7.88
86,000
Jun 4, 2024
18.23
18.28
18.14
18.27
7.84
33,800
Jun 3, 2024
18.16
18.24
18.06
18.22
7.82
44,900
May 31, 2024
18.10
18.18
17.87
18.14
7.79
90,300
May 30, 2024
18.45
18.45
18.11
18.11
7.78
47,600
May 29, 2024
18.45
18.54
18.38
18.49
7.94
31,800
May 28, 2024
18.37
18.52
18.36
18.50
7.94
64,600
May 24, 2024
18.36
18.42
18.21
18.38
7.89
37,500
May 23, 2024
18.44
18.52
18.13
18.17
7.80
47,600
May 22, 2024
18.40
18.44
18.33
18.37
7.89
42,200
May 21, 2024
18.43
18.49
18.39
18.45
7.92
38,600
May 20, 2024
18.31
18.48
18.31
18.39
7.90
83,900
May 17, 2024
18.28
18.35
18.28
18.30
7.86
72,000
May 16, 2024
18.20
18.29
18.20
18.28
7.85
26,300
May 15, 2024
18.04
18.20
18.04
18.20
7.81
48,500
May 14, 2024
17.89
18.02
17.81
17.98
7.72
36,300
May 13, 2024
17.41
17.82
17.40
17.82
7.65
85,200
May 10, 2024
17.70
17.82
17.52
17.78
7.63
47,900
May 9, 2024
17.81
17.87
17.70
17.87
7.67
24,300
May 8, 2024
17.73
17.81
17.73
17.78
7.63
49,900
May 7, 2024
17.64
17.84
17.64
17.79
7.64
45,700
May 6, 2024
0.668 Dividend 

May 6, 2024
17.53
17.64
17.45
17.64
7.57
61,100
May 3, 2024
18.14
18.14
17.90
18.08
7.48
67,200
May 2, 2024
17.96
18.10
17.92
18.10
7.48
54,500
May 1, 2024
17.89
18.12
17.85
17.91
7.41
59,200
Apr 30, 2024
18.03
18.12
17.80
17.80
7.36
32,700
Apr 29, 2024
18.20
18.20
17.96
18.04
7.46
51,800
Apr 26, 2024
18.28
18.31
18.23
18.30
7.57
93,100
Apr 25, 2024
16.95
17.44
16.95
17.38
7.19
73,100
Apr 24, 2024
17.60
17.66
17.51
17.66
7.30
43,600
Apr 23, 2024
17.51
17.62
17.47
17.56
7.26
18,500
Apr 22, 2024
17.27
17.50
17.24
17.40
7.20
116,800
Apr 19, 2024
17.44
17.44
17.07
17.20
7.11
32,400
Apr 18, 2024
17.32
17.51
17.28
17.40
7.20
44,000
Apr 17, 2024
17.36
17.48
17.26
17.33
7.17
33,700
Apr 16, 2024
17.19
17.36
17.16
17.22
7.12
16,200
Apr 15, 2024
17.58
17.63
17.24
17.30
7.15
42,300
Apr 12, 2024
17.57
17.58
17.50
17.52
7.25
86,500
Apr 11, 2024
17.53
17.58
17.50
17.57
7.27
44,300
Apr 10, 2024
17.41
17.50
17.39
17.50
7.24
33,000
Apr 9, 2024
17.39
17.47
17.35
17.45
7.21
28,300
Apr 8, 2024
17.21
17.33
17.17
17.32
7.16
31,000
Apr 5, 2024
16.87
17.20
16.87
17.18
7.10
52,100
Apr 4, 2024
0.31 Dividend 

Apr 4, 2024
17.15
17.19
16.90
16.90
6.99
35,000
Apr 3, 2024
17.37
17.47
17.37
17.47
7.09
41,700
Apr 2, 2024
17.40
17.46
17.34
17.45
7.09
58,600
Apr 1, 2024
17.20
17.46
17.20
17.46
7.09
41,500
Mar 28, 2024
17.21
17.26
17.15
17.23
7.00
34,900
Mar 27, 2024
17.22
17.22
16.99
17.16
6.97
34,100
Mar 26, 2024
17.13
17.28
17.12
17.18
6.98
59,400
Mar 25, 2024
17.06
17.10
16.86
17.07
6.93
32,000
Mar 22, 2024
17.15
17.17
17.12
17.12
6.95
25,300
Mar 21, 2024
17.11
17.16
17.10
17.10
6.95
24,300
Mar 20, 2024
17.13
17.14
17.08
17.13
6.96
24,500
Mar 19, 2024
17.06
17.12
17.04
17.10
6.95
37,700
Mar 18, 2024
17.00
17.12
17.00
17.08
6.94
65,800
Mar 15, 2024
16.66
16.79
16.66
16.76
6.81
32,500
Mar 14, 2024
16.72
16.78
16.65
16.74
6.80
33,200
Mar 13, 2024
16.53
16.67
16.52
16.61
6.75
37,000
Mar 12, 2024
16.33
16.53
16.33
16.42
6.67
52,200
Mar 11, 2024
16.20
16.47
16.20
16.39
6.66
65,700
Mar 8, 2024
15.98
16.37
15.98
16.12
6.55
42,600
Mar 7, 2024
15.75
16.00
15.65
15.98
6.49
71,200
Mar 6, 2024
0.255 Dividend 

Mar 6, 2024
15.80
15.80
15.55
15.57
6.32
82,000
Mar 5, 2024
15.96
16.07
15.77
15.98
6.39
70,900
Mar 4, 2024
16.35
16.35
15.94
16.11
6.44
176,300
Mar 1, 2024
16.64
16.64
16.49
16.51
6.60
41,200
Feb 29, 2024
16.48
16.60
16.38
16.60
6.63
39,800
Feb 28, 2024
16.56
16.56
16.24
16.37
6.54
84,400
Feb 27, 2024
16.58
16.69
16.45
16.69
6.67
74,700
Feb 26, 2024
17.04
17.04
16.47
16.52
6.60
198,800
Feb 23, 2024
17.18
17.22
17.11
17.20
6.87
28,600
Feb 22, 2024
17.14
17.19
17.05
17.19
6.87
44,700
Feb 21, 2024
16.82
17.01
16.80
16.99
6.79
52,200
Feb 20, 2024
16.65
16.87
16.65
16.84
6.73
45,500
Feb 16, 2024
16.99
16.99
16.69
16.75
6.69
54,600
Feb 15, 2024
17.03
17.07
16.71
16.94
6.77
91,400
Feb 14, 2024
17.38
17.38
17.12
17.35
6.93
33,100
Feb 13, 2024
17.24
17.43
17.05
17.20
6.87
37,800
Feb 12, 2024
17.62
17.67
17.50
17.50
6.99
49,800
Feb 9, 2024
17.66
17.66
17.61
17.65
7.05
28,000
Feb 8, 2024
17.56
17.64
17.56
17.61
7.04
27,700
Feb 7, 2024
0.421 Dividend 

Feb 7, 2024
17.53
17.59
17.51
17.59
7.03
22,200
Feb 6, 2024
17.94
17.95
17.86
17.91
6.99
19,900
Feb 5, 2024
17.84
17.94
17.83
17.89
6.98
21,400
Feb 2, 2024
17.53
17.80
17.20
17.74
6.92
68,200
Feb 1, 2024
17.77
17.80
17.61
17.62
6.88
27,700
Jan 31, 2024
17.99
17.99
17.52
17.52
6.84
105,500
Jan 30, 2024
18.94
18.95
18.71
18.72
7.31
48,200
Jan 29, 2024
18.88
19.00
18.77
19.00
7.42
35,900
Jan 26, 2024
18.78
18.85
18.77
18.84
7.36
22,700
Jan 25, 2024
18.81
18.84
18.79
18.83
7.35
31,300
Jan 24, 2024
18.78
18.83
18.78
18.80
7.34
20,300
Jan 23, 2024
18.77
18.77
18.72
18.75
7.32
20,300
Jan 22, 2024
18.73
18.80
18.70
18.70
7.30
40,600
Jan 19, 2024
18.68
18.77
18.67
18.70
7.30
31,700
Jan 18, 2024
18.46
18.63
18.43
18.60
7.26
58,200
Jan 17, 2024
18.37
18.38
18.05
18.33
7.15
38,200
Jan 16, 2024
18.42
18.55
18.34
18.42
7.19
34,200
Jan 12, 2024
18.41
18.45
18.39
18.43
7.19
38,800
Jan 11, 2024
18.38
18.45
18.25
18.34
7.16
30,300
Jan 10, 2024
18.22
18.39
18.22
18.32
7.15
43,000
Jan 9, 2024
17.98
18.28
17.97
18.27
7.13
25,900
Jan 8, 2024
17.71
18.04
17.71
18.02
7.03
33,600
Jan 5, 2024
0.23 Dividend 

Jan 5, 2024
17.76
17.83
17.60
17.70
6.91
37,300
Jan 4, 2024
18.17
18.23
17.90
17.90
6.90
59,200
Jan 3, 2024
18.00
18.35
18.00
18.28
7.04
24,300
Jan 2, 2024
18.21
18.26
17.95
18.18
7.00
43,400
Dec 29, 2023
18.33
18.38
18.22
18.31
7.05
32,400
Dec 28, 2023
18.36
18.42
18.30
18.35
7.07
35,600
Dec 27, 2023
18.52
18.52
18.33
18.40
7.09
41,400
Dec 26, 2023
18.47
18.54
18.45
18.48
7.12
33,400
Dec 22, 2023
18.28
18.45
18.28
18.45
7.11
25,000
Dec 21, 2023
18.24
18.29
18.24
18.27
7.04
20,900
Dec 20, 2023
18.27
18.29
18.20
18.23
7.02
35,700
Dec 19, 2023
18.19
18.26
18.19
18.25
7.03
31,500
Dec 18, 2023
17.97
18.20
17.97
18.14
6.99
33,500
Dec 15, 2023
17.80
17.97
17.80
17.96
6.92
36,500
Dec 14, 2023
18.09
18.10
17.58
17.82
6.87
101,300
Dec 13, 2023
17.99
18.04
17.81
17.91
6.90
52,400
Dec 12, 2023
17.84
17.96
17.83
17.94
6.91
39,400
Dec 11, 2023
17.90
17.99
17.77
17.99
6.93
64,200
Dec 8, 2023
18.11
18.20
18.11
18.15
6.99
21,100
Dec 7, 2023
0.374 Dividend 

Dec 7, 2023
18.12
18.20
18.12
18.20
7.01
30,600
Dec 6, 2023
18.28
18.30
18.10
18.10
6.83
27,600
Dec 5, 2023
18.00
18.30
17.93
18.18
6.86
23,600
Dec 4, 2023
18.14
18.14
17.85
18.00
6.79
64,000
Dec 1, 2023
18.38
18.38
18.22
18.32
6.91
39,100
Nov 30, 2023
18.89
18.89
18.26
18.42
6.95
50,900
Nov 29, 2023
19.18
19.22
18.80
18.80
7.09
28,500
Nov 28, 2023
18.95
19.07
18.84
19.07
7.20
14,000
Nov 27, 2023
18.98
19.10
18.95
19.01
7.17
20,100
Nov 24, 2023
19.16
19.16
18.91
18.97
7.16
14,400
Nov 22, 2023
19.20
19.21
19.15
19.16
7.23
29,100
Nov 21, 2023
19.12
19.37
19.11
19.37
7.31
16,500
Nov 20, 2023
19.07
19.17
19.07
19.12
7.21
20,700
Nov 17, 2023
19.08
19.13
19.01
19.08
7.20
27,200
Nov 16, 2023
19.04
19.14
19.04
19.11
7.21
28,200
Nov 15, 2023
19.07
19.07
18.99
19.07
7.20
15,500
Nov 14, 2023
18.99
19.09
18.95
18.95
7.15
49,200
Nov 13, 2023
18.84
18.89
18.75
18.87
7.12
15,600
Nov 10, 2023
18.79
18.88
18.75
18.82
7.10
52,200
Nov 9, 2023
18.85
18.86
18.73
18.73
7.07
21,300
Nov 8, 2023
0.391 Dividend 

Nov 8, 2023
18.79
18.87
18.77
18.84
7.11
29,800
Nov 7, 2023
19.15
19.23
19.09
19.16
7.08
56,500
Nov 6, 2023
18.98
19.14
18.93
19.10
7.06
48,800
Nov 3, 2023
18.99
19.03
18.97
19.01
7.03
50,200
Nov 2, 2023
18.97
19.06
18.91
18.99
7.02
40,300
Nov 1, 2023
18.77
18.95
18.75
18.93
7.00
27,800
Oct 31, 2023
18.70
18.72
18.51
18.67
6.90
33,700
Oct 30, 2023
18.55
18.74
18.55
18.68
6.90
46,200
Oct 27, 2023
18.57
18.61
18.16
18.44
6.82
32,000
Oct 26, 2023
18.60
18.70
18.31
18.42
6.81
58,400
Oct 25, 2023
19.62
19.65
18.88
18.91
6.99
227,200
Oct 24, 2023
20.50
20.70
20.50
20.59
7.61
58,300
Oct 23, 2023
20.15
20.52
20.06
20.42
7.55
60,100
Oct 20, 2023
20.42
20.52
20.13
20.24
7.48
28,000
Oct 19, 2023
20.52
20.67
20.42
20.44
7.55
27,400
Oct 18, 2023
20.68
20.72
20.42
20.46
7.56
20,300
Oct 17, 2023
20.75
20.75
20.39
20.62
7.62
41,700
Oct 16, 2023
20.43
20.64
20.43
20.60
7.61
24,200
Oct 13, 2023
20.40
20.41
20.23
20.37
7.53
32,300
Oct 12, 2023
20.39
20.40
20.32
20.32
7.51
22,600
Oct 11, 2023
20.30
20.38
20.30
20.38
7.53
31,200
Oct 10, 2023
20.28
20.33
20.22
20.28
7.50
23,800
Oct 9, 2023
20.07
20.27
20.02
20.21
7.47
17,200
Oct 6, 2023
0.39 Dividend 

Oct 6, 2023
19.94
20.21
19.94
20.21
7.47
33,000
Oct 5, 2023
20.36
20.46
20.23
20.38
7.39
39,100
Oct 4, 2023
20.11
20.43
20.11
20.36
7.38
27,700
Oct 3, 2023
20.16
20.26
20.00
20.07
7.28
34,100
Oct 2, 2023
19.91
20.27
19.91
20.21
7.33
25,600
Sep 29, 2023
20.15
20.26
19.78
19.79
7.17
28,700
Sep 28, 2023
19.63
20.14
19.63
20.03
7.26
16,900
Sep 27, 2023
19.55
19.81
19.53
19.71
7.15
22,300
Sep 26, 2023
19.62
19.64
19.30
19.45
7.05
28,000
Sep 25, 2023
19.64
19.78
19.55
19.78
7.17
28,600
Sep 22, 2023
19.73
19.90
19.59
19.64
7.12
43,100
Sep 21, 2023
19.88
19.95
19.68
19.72
7.15
67,900
Sep 20, 2023
20.75
20.75
20.20
20.21
7.33
85,100
Sep 19, 2023
20.69
20.76
20.60
20.70
7.51
28,100
Sep 18, 2023
20.58
20.78
20.58
20.75
7.52
39,200
Sep 15, 2023
20.57
20.65
20.54
20.58
7.46
21,700
Sep 14, 2023
20.55
20.60
20.46
20.56
7.45
15,000
Sep 13, 2023
20.25
20.49
20.15
20.46
7.42
30,400
Sep 12, 2023
20.43
20.43
20.27
20.33
7.37
35,800
Sep 11, 2023
20.40
20.46
20.31
20.46
7.42
32,900
Sep 8, 2023
0.291 Dividend 

Sep 8, 2023
20.21
20.39
20.20
20.33
7.37
37,600
Sep 7, 2023
20.32
20.56
20.20
20.53
7.34
62,700
Sep 6, 2023
20.69
20.75
20.29
20.44
7.30
62,600
Sep 5, 2023
20.56
20.70
20.46
20.64
7.38
65,500
Sep 1, 2023
20.83
20.83
20.52
20.62
7.37
69,900
Aug 31, 2023
20.73
20.77
20.68
20.76
7.42
44,600
Aug 30, 2023
20.70
20.76
20.63
20.75
7.42
62,700
Aug 29, 2023
20.51
20.70
20.50
20.69
7.39
70,800
Aug 28, 2023
20.40
20.48
20.29
20.44
7.31
33,400
Aug 25, 2023
20.25
20.41
19.90
20.29
7.25
40,600
Aug 24, 2023
20.70
20.70
20.23
20.25
7.24
51,400
Aug 23, 2023
20.34
20.68
20.34
20.53
7.34
80,400
Aug 22, 2023
20.09
20.32
20.07
20.17
7.21
23,100
Aug 21, 2023
19.92
20.11
19.83
20.09
7.18
41,000
Aug 18, 2023
20.05
20.14
19.78
19.90
7.11
60,100
Aug 17, 2023
20.16
20.47
20.08
20.19
7.22
36,800
Aug 16, 2023
20.03
20.22
19.92
20.05
7.17
34,700
Aug 15, 2023
20.38
20.40
20.12
20.21
7.22
36,600
Aug 14, 2023
20.12
20.43
20.06
20.43
7.30
39,000
Aug 11, 2023
20.04
20.20
19.93
20.14
7.20
24,800
Aug 10, 2023
20.40
20.47
20.13
20.17
7.21
28,900
Aug 9, 2023
20.43
20.44
20.08
20.16
7.21
29,500
Aug 8, 2023
20.34
20.41
20.14
20.41
7.29
32,500
Aug 7, 2023
20.07
20.41
20.06
20.39
7.29
36,800
Aug 4, 2023
20.08
20.38
19.88
19.91
7.12
104,900
Aug 3, 2023
19.87
20.08
19.78
19.94
7.13
55,500
Aug 2, 2023
20.10
20.17
19.83
19.94
7.13
70,600
Aug 1, 2023
20.30
20.51
20.28
20.40
7.29
94,900
Jul 31, 2023
20.51
20.59
20.42
20.51
7.33
95,300
Jul 28, 2023
20.42
20.62
20.41
20.50
7.33
68,500
