Date
Open
High
Low
Close 

Adj Close 

Volume

May 22, 2026
45.97
46.11
45.74
45.88
45.88
73,900
May 21, 2026
44.68
45.53
44.68
45.53
45.53
34,100
May 20, 2026
0.347 Dividend 

May 20, 2026
44.04
44.78
44.04
44.70
44.70
32,000
May 19, 2026
44.48
44.53
43.50
43.98
43.63
34,100
May 18, 2026
45.10
45.10
43.84
44.46
44.11
51,300
May 15, 2026
45.03
45.31
44.60
44.78
44.43
34,500
May 14, 2026
45.15
45.81
44.97
45.65
45.29
54,100
May 13, 2026
0.356 Dividend 

May 13, 2026
44.82
45.33
44.51
44.78
44.43
49,400
May 12, 2026
45.43
45.43
43.92
44.98
44.27
79,000
May 11, 2026
45.62
46.07
45.46
45.72
45.00
72,200
May 8, 2026
45.43
45.75
44.95
45.75
45.03
42,900
May 7, 2026
45.12
45.36
44.53
45.36
44.65
57,700
May 6, 2026
0.334 Dividend 

May 6, 2026
44.70
45.35
44.03
45.33
44.62
54,700
May 5, 2026
43.52
44.11
43.52
43.98
42.96
49,300
May 4, 2026
43.52
43.60
43.02
43.23
42.23
39,900
May 1, 2026
43.00
43.50
43.00
43.41
42.40
41,000
Apr 30, 2026
42.59
42.90
41.91
42.76
41.77
41,700
Apr 29, 2026
0.335 Dividend 

Apr 29, 2026
41.78
42.22
41.43
42.22
41.24
28,500
Apr 28, 2026
41.63
42.59
41.47
42.59
41.27
64,500
Apr 27, 2026
42.70
42.70
42.17
42.57
41.25
42,100
Apr 24, 2026
42.62
42.70
42.20
42.66
41.34
25,800
Apr 23, 2026
42.08
42.08
41.02
41.50
40.22
42,900
Apr 22, 2026
0.32 Dividend 

Apr 22, 2026
41.92
42.24
41.71
42.24
40.93
35,900
Apr 21, 2026
41.71
42.09
41.41
41.42
39.83
163,200
Apr 20, 2026
41.55
41.70
41.24
41.63
40.03
29,400
Apr 17, 2026
41.72
41.72
41.20
41.55
39.96
24,500
Apr 16, 2026
40.85
41.04
40.33
41.01
39.44
41,000
Apr 15, 2026
0.307 Dividend 

Apr 15, 2026
40.20
40.79
40.14
40.64
39.08
29,400
Apr 14, 2026
39.83
40.34
39.81
40.28
38.44
42,400
Apr 13, 2026
38.72
39.59
38.65
39.59
37.78
43,400
Apr 10, 2026
38.48
38.91
38.48
38.60
36.84
38,600
Apr 9, 2026
38.25
38.45
37.71
38.30
36.55
25,500
Apr 8, 2026
0.288 Dividend 

Apr 8, 2026
38.59
38.59
37.92
38.26
36.51
16,400
Apr 7, 2026
36.85
37.39
36.53
37.39
35.41
9,500
Apr 6, 2026
36.81
37.42
36.72
36.94
34.98
15,500
Apr 2, 2026
36.03
36.90
35.90
36.71
34.76
16,500
Apr 1, 2026
0.269 Dividend 

Apr 1, 2026
36.62
36.95
36.45
36.66
34.71
19,200
Mar 31, 2026
35.20
36.43
35.20
36.43
34.24
24,700
Mar 30, 2026
35.53
35.56
34.25
34.73
32.64
32,800
Mar 27, 2026
36.32
36.32
35.24
35.42
33.29
24,500
Mar 26, 2026
37.20
37.20
36.27
36.27
34.09
21,900
Mar 25, 2026
0.259 Dividend 

Mar 25, 2026
37.50
37.71
37.30
37.49
35.23
22,500
Mar 24, 2026
37.19
37.30
36.95
37.13
34.66
12,000
Mar 23, 2026
37.18
37.88
37.10
37.64
35.13
23,700
Mar 20, 2026
37.36
37.41
36.60
36.76
34.31
14,200
Mar 19, 2026
37.26
37.73
36.86
37.56
35.06
16,900
Mar 18, 2026
0.222 Dividend 

Mar 18, 2026
38.02
38.02
37.33
37.42
34.93
12,100
Mar 17, 2026
38.15
38.27
37.95
38.06
35.32
16,900
Mar 16, 2026
37.73
38.15
37.73
37.91
35.18
28,900
Mar 13, 2026
37.79
38.13
37.30
37.34
34.65
17,500
Mar 12, 2026
38.60
38.60
37.61
37.64
34.93
16,200
Mar 11, 2026
0.261 Dividend 

Mar 11, 2026
38.14
38.70
38.13
38.27
35.51
18,400
Mar 10, 2026
38.14
38.56
38.08
38.13
35.14
24,500
Mar 9, 2026
37.05
38.26
37.04
38.22
35.22
41,800
Mar 6, 2026
37.80
38.23
37.57
38.06
35.08
23,900
Mar 5, 2026
37.67
38.40
37.50
38.03
35.05
28,800
Mar 4, 2026
0.223 Dividend 

Mar 4, 2026
37.59
38.27
37.30
38.18
35.19
41,600
Mar 3, 2026
37.15
37.58
36.51
37.29
34.16
21,600
Mar 2, 2026
36.94
38.02
36.94
37.95
34.76
30,400
Feb 27, 2026
38.20
38.20
37.00
37.72
34.56
32,900
Feb 26, 2026
38.66
38.66
37.86
38.25
35.04
30,800
Feb 25, 2026
0.218 Dividend 

Feb 25, 2026
38.52
38.94
38.50
38.71
35.46
21,800
Feb 24, 2026
37.68
38.61
37.68
38.56
35.13
22,500
Feb 23, 2026
37.96
38.04
37.38
37.65
34.30
53,300
Feb 20, 2026
38.16
38.65
38.14
38.28
34.87
23,300
Feb 19, 2026
38.36
38.63
38.08
38.44
35.01
14,000
Feb 18, 2026
0.262 Dividend 

Feb 18, 2026
38.13
38.86
38.07
38.44
35.01
20,500
Feb 17, 2026
38.22
38.74
37.85
38.49
34.82
27,200
Feb 13, 2026
38.35
39.13
38.28
38.68
34.99
35,000
Feb 12, 2026
39.27
39.30
38.27
38.53
34.85
38,000
Feb 11, 2026
0.233 Dividend 

Feb 11, 2026
40.10
40.10
38.97
39.27
35.53
27,700
Feb 10, 2026
39.92
40.31
39.86
39.97
35.95
32,300
Feb 9, 2026
39.29
40.30
38.94
40.11
36.08
35,900
Feb 6, 2026
37.71
39.26
37.71
39.23
35.28
35,400
Feb 5, 2026
38.05
38.90
37.27
37.27
33.52
52,700
Feb 4, 2026
0.238 Dividend 

Feb 4, 2026
39.94
40.00
38.10
38.39
34.53
68,400
Feb 3, 2026
41.30
41.56
39.89
40.63
36.33
54,400
Feb 2, 2026
40.78
41.63
40.78
40.87
36.54
42,200
Jan 30, 2026
41.86
41.86
41.05
41.09
36.74
37,700
Jan 29, 2026
42.50
42.50
41.14
41.87
37.44
39,700
Jan 28, 2026
0.283 Dividend 

Jan 28, 2026
42.73
42.79
42.25
42.25
37.78
28,800
Jan 27, 2026
42.14
42.69
42.07
42.52
37.77
25,100
Jan 26, 2026
42.00
42.30
41.78
42.01
37.31
49,800
Jan 23, 2026
41.99
42.28
41.19
42.02
37.32
30,000
Jan 22, 2026
42.10
42.44
42.04
42.08
37.38
28,200
Jan 21, 2026
0.292 Dividend 

Jan 21, 2026
41.38
42.06
41.10
41.78
37.11
37,300
Jan 20, 2026
42.00
42.24
41.50
41.62
36.71
61,700
Jan 16, 2026
42.96
42.96
42.44
42.66
37.62
36,400
Jan 15, 2026
43.08
43.26
42.55
42.58
37.55
40,200
Jan 14, 2026
0.337 Dividend 

Jan 14, 2026
42.68
42.82
42.16
42.55
37.53
28,800
Jan 13, 2026
43.22
43.60
43.10
43.16
37.77
39,500
Jan 12, 2026
42.60
43.43
42.60
43.28
37.87
41,500
Jan 9, 2026
42.60
43.14
42.54
43.05
37.67
32,100
Jan 8, 2026
43.09
43.09
42.43
42.58
37.26
36,900
Jan 7, 2026
0.292 Dividend 

Jan 7, 2026
42.94
43.16
42.71
42.94
37.58
19,800
Jan 6, 2026
43.27
43.33
42.95
43.28
37.62
51,500
Jan 5, 2026
43.29
43.42
43.02
43.02
37.39
65,000
Jan 2, 2026
43.07
43.53
42.54
42.71
37.12
49,100
Dec 31, 2025
0.257 Dividend 

Dec 31, 2025
42.70
42.75
42.32
42.40
36.85
57,800
Dec 30, 2025
43.01
43.27
42.94
42.99
37.14
57,200
Dec 29, 2025
42.98
43.24
42.94
43.00
37.15
32,000
Dec 26, 2025
43.34
43.34
43.11
43.15
37.28
37,400
Dec 24, 2025
0.294 Dividend 

Dec 24, 2025
43.13
43.24
43.07
43.23
37.35
18,800
Dec 23, 2025
43.41
43.63
43.23
43.53
37.36
27,000
Dec 22, 2025
43.67
43.71
43.45
43.49
37.32
26,300
Dec 19, 2025
42.55
43.32
42.55
43.22
37.09
31,900
Dec 18, 2025
42.44
42.64
42.17
42.48
36.45
26,100
Dec 17, 2025
0.253 Dividend 

Dec 17, 2025
42.82
42.95
41.73
41.73
35.81
34,500
Dec 16, 2025
42.73
43.26
42.63
43.08
36.75
28,700
Dec 15, 2025
43.71
43.71
42.80
42.96
36.65
43,100
Dec 12, 2025
44.43
44.43
43.20
43.44
37.06
37,400
Dec 11, 2025
44.80
44.80
43.90
44.43
37.90
29,400
Dec 10, 2025
0.308 Dividend 

Dec 10, 2025
44.63
45.63
44.45
45.63
38.93
31,200
Dec 9, 2025
44.82
45.10
44.67
44.93
38.07
29,400
Dec 8, 2025
45.15
45.15
44.53
44.74
37.91
28,500
Dec 5, 2025
45.04
45.09
44.78
44.90
38.05
27,300
Dec 4, 2025
44.76
44.83
44.51
44.70
37.87
30,300
Dec 3, 2025
0.3 Dividend 

Dec 3, 2025
44.40
44.85
44.13
44.84
37.99
22,300
Dec 2, 2025
44.32
44.96
44.32
44.53
37.47
37,700
Dec 1, 2025
43.86
44.37
43.76
44.21
37.21
32,600
Nov 28, 2025
43.66
44.27
43.66
44.27
37.26
26,300
Nov 26, 2025
0.305 Dividend 

Nov 26, 2025
43.73
44.00
43.32
44.00
37.03
74,800
Nov 25, 2025
43.42
43.62
42.56
43.51
36.36
89,100
Nov 24, 2025
42.27
43.51
42.27
43.27
36.16
36,600
Nov 21, 2025
41.98
42.50
41.02
42.07
35.16
56,700
Nov 20, 2025
44.36
44.60
41.88
41.94
35.05
72,400
Nov 19, 2025
0.301 Dividend 

Nov 19, 2025
43.10
43.82
42.74
43.64
36.47
36,900
Nov 18, 2025
43.47
43.81
42.70
43.27
35.91
50,200
Nov 17, 2025
44.50
44.80
43.63
43.92
36.45
75,500
Nov 14, 2025
43.54
45.00
43.34
44.64
37.04
84,900
Nov 13, 2025
45.84
45.84
44.18
44.50
36.93
67,700
Nov 12, 2025
0.323 Dividend 

Nov 12, 2025
46.58
46.58
45.76
45.94
38.12
42,400
Nov 11, 2025
46.66
46.82
46.09
46.38
38.22
51,400
Nov 10, 2025
46.85
47.13
46.48
47.06
38.78
50,000
Nov 7, 2025
45.67
45.94
44.74
45.88
37.81
62,900
Nov 6, 2025
47.60
47.60
45.80
45.99
37.90
70,500
Nov 5, 2025
0.337 Dividend 

Nov 5, 2025
46.80
47.66
46.80
47.25
38.94
50,300
Nov 4, 2025
47.80
48.25
47.20
47.24
38.65
69,800
Nov 3, 2025
49.46
49.46
48.80
49.01
40.10
56,500
Oct 31, 2025
49.28
49.28
48.50
48.98
40.07
48,000
Oct 30, 2025
48.99
49.18
48.32
48.42
39.62
65,900
Oct 29, 2025
0.325 Dividend 

Oct 29, 2025
49.55
49.55
48.92
49.45
40.46
49,600
Oct 28, 2025
49.44
49.58
49.05
49.29
40.06
65,000
Oct 27, 2025
48.65
49.08
48.50
48.99
39.82
79,300
Oct 24, 2025
47.89
48.17
47.74
47.96
38.98
62,600
Oct 23, 2025
46.43
47.26
46.29
47.23
38.39
48,200
Oct 22, 2025
0.456 Dividend 

Oct 22, 2025
47.60
47.60
45.80
46.61
37.88
80,000
Oct 21, 2025
47.75
47.80
47.31
47.58
38.30
73,400
Oct 20, 2025
47.30
47.90
47.30
47.66
38.37
33,300
Oct 17, 2025
47.32
47.46
46.50
47.28
38.06
91,000
Oct 16, 2025
47.87
48.10
47.07
47.33
38.10
79,800
Oct 15, 2025
0.314 Dividend 

Oct 15, 2025
47.63
47.77
46.54
47.49
38.23
63,000
Oct 14, 2025
47.19
47.78
46.30
47.01
37.59
61,700
Oct 13, 2025
47.26
48.06
47.14
47.89
38.29
55,600
Oct 10, 2025
48.50
48.80
46.51
46.51
37.19
71,400
Oct 9, 2025
0.301 Dividend 

Oct 9, 2025
48.41
48.70
48.00
48.42
38.72
39,300
Oct 8, 2025
47.67
48.62
47.67
48.55
38.58
55,100
Oct 7, 2025
48.02
48.27
47.25
47.59
37.82
49,200
Oct 6, 2025
48.00
48.17
47.80
47.92
38.08
49,800
Oct 3, 2025
47.50
47.61
46.70
46.97
37.33
70,600
Oct 2, 2025
0.312 Dividend 

Oct 2, 2025
47.42
47.43
46.95
47.40
37.67
34,100
Oct 1, 2025
46.85
47.32
46.40
47.29
37.33
45,900
Sep 30, 2025
46.45
46.79
46.37
46.76
36.91
37,400
Sep 29, 2025
46.75
46.80
46.43
46.45
36.67
50,000
Sep 26, 2025
46.60
46.66
46.04
46.43
36.65
41,700
Sep 25, 2025
0.366 Dividend 

Sep 25, 2025
46.22
47.00
45.71
46.41
36.64
54,500
Sep 24, 2025
47.10
47.10
46.45
47.03
36.84
60,500
Sep 23, 2025
47.23
47.27
46.50
46.67
36.56
34,900
Sep 22, 2025
46.80
47.25
46.59
47.02
36.83
54,900
Sep 19, 2025
46.48
46.89
46.18
46.89
36.73
33,400
Sep 18, 2025
0.361 Dividend 

Sep 18, 2025
46.27
46.75
46.09
46.43
36.37
32,100
Sep 17, 2025
46.02
46.02
45.30
45.78
35.58
29,400
Sep 16, 2025
46.03
46.22
45.77
45.94
35.70
71,300
Sep 15, 2025
45.81
46.05
45.68
46.01
35.75
39,200
Sep 12, 2025
45.33
45.44
45.13
45.39
35.27
37,400
Sep 11, 2025
0.296 Dividend 

Sep 11, 2025
45.73
45.73
45.28
45.31
35.21
31,000
Sep 10, 2025
45.50
46.03
45.49
45.71
35.29
41,300
Sep 9, 2025
44.50
44.89
44.33
44.71
34.52
44,500
Sep 8, 2025
44.31
44.50
44.22
44.37
34.26
40,700
Sep 5, 2025
44.16
44.35
43.47
43.95
33.93
47,500
Sep 4, 2025
0.299 Dividend 

Sep 4, 2025
43.50
43.88
43.22
43.85
33.85
59,000
Sep 3, 2025
44.44
44.44
43.84
44.06
33.79
52,200
Sep 2, 2025
43.60
44.07
43.40
44.04
33.77
101,900
Aug 29, 2025
44.85
44.97
44.10
44.36
34.02
31,800
Aug 28, 2025
0.292 Dividend 

Aug 28, 2025
44.77
45.19
44.64
45.13
34.61
30,400
Aug 27, 2025
44.65
45.00
44.40
44.70
34.05
25,600
Aug 26, 2025
44.36
44.48
44.24
44.48
33.89
24,500
Aug 25, 2025
44.34
44.49
44.01
44.28
33.73
32,000
Aug 22, 2025
43.46
44.77
43.46
44.32
33.76
34,900
Aug 21, 2025
0.308 Dividend 

Aug 21, 2025
44.10
44.10
43.31
43.48
33.12
24,100
Aug 20, 2025
44.26
44.26
42.92
44.07
33.34
69,400
Aug 19, 2025
45.70
45.70
44.25
44.25
33.48
59,800
Aug 18, 2025
45.47
45.70
45.39
45.65
34.53
61,900
Aug 15, 2025
45.80
45.80
45.49
45.71
34.58
43,700
Aug 14, 2025
0.292 Dividend 

Aug 14, 2025
46.03
46.24
45.53
45.72
34.59
27,800
Aug 13, 2025
47.00
47.00
46.31
46.42
34.90
53,600
Aug 12, 2025
46.26
46.68
45.94
46.68
35.09
33,200
Aug 11, 2025
46.05
46.51
45.66
46.03
34.60
68,200
Aug 8, 2025
46.80
47.00
46.27
46.77
35.16
44,500
Aug 7, 2025
0.304 Dividend 

Aug 7, 2025
46.91
46.93
46.17
46.52
34.97
25,000
Aug 6, 2025
46.28
46.76
46.22
46.74
34.91
44,200
Aug 5, 2025
46.50
46.52
46.02
46.28
34.56
38,000
Aug 4, 2025
45.77
46.36
45.60
46.02
34.37
52,700
Aug 1, 2025
45.61
45.69
44.89
45.15
33.72
95,100
Jul 31, 2025
0.315 Dividend 

Jul 31, 2025
47.34
47.34
46.35
46.51
34.74
42,100
Jul 30, 2025
47.17
47.36
46.58
46.82
34.73
38,500
Jul 29, 2025
47.30
47.45
46.90
46.99
34.86
48,400
Jul 28, 2025
47.18
47.47
47.14
47.25
35.05
40,200
Jul 25, 2025
47.56
47.56
46.88
47.02
34.88
50,700
Jul 24, 2025
0.322 Dividend 

Jul 24, 2025
47.50
47.75
46.88
47.06
34.91
47,300
Jul 23, 2025
47.54
48.18
47.45
47.71
35.15
53,600
Jul 22, 2025
47.82
47.82
46.75
47.43
34.95
51,200
Jul 21, 2025
47.76
48.19
47.61
47.69
35.14
80,100
Jul 18, 2025
47.67
47.97
47.28
47.56
35.05
40,600
Jul 17, 2025
0.296 Dividend 

Jul 17, 2025
47.20
47.77
47.20
47.62
35.09
35,000
Jul 16, 2025
47.58
47.76
47.07
47.72
34.94
50,900
Jul 15, 2025
47.75
47.97
47.58
47.58
34.84
49,600
Jul 14, 2025
46.75
47.22
46.63
47.09
34.48
56,200
Jul 11, 2025
46.92
47.13
46.70
46.77
34.25
41,500
Jul 10, 2025
0.295 Dividend 

Jul 10, 2025
48.27
48.27
46.88
47.07
34.47
56,100
Jul 9, 2025
47.40
48.15
47.25
47.78
34.77
41,000
Jul 8, 2025
47.32
47.59
47.05
47.14
34.31
27,500
Jul 7, 2025
47.04
47.15
46.75
47.01
34.21
51,500
Jul 3, 2025
0.318 Dividend 

Jul 3, 2025
47.00
47.29
46.90
47.24
34.38
26,100
Jul 2, 2025
46.79
47.25
46.73
47.25
34.15
33,600
Jul 1, 2025
47.23
47.23
46.32
46.73
33.78
42,700
Jun 30, 2025
47.48
47.72
47.16
47.33
34.21
54,600
Jun 27, 2025
47.78
47.78
46.50
47.02
33.99
32,900
Jun 26, 2025
0.314 Dividend 

Jun 26, 2025
47.75
47.75
46.94
47.28
34.18
32,600
Jun 25, 2025
47.76
47.76
47.10
47.23
33.91
25,000
Jun 24, 2025
47.06
47.82
46.80
47.45
34.07
48,300
Jun 23, 2025
46.70
46.84
46.01
46.65
33.50
54,600
Jun 20, 2025
0.323 Dividend 

Jun 20, 2025
46.85
46.85
46.23
46.40
33.32
28,200
Jun 18, 2025
46.89
47.06
46.64
46.90
33.44
32,300
Jun 17, 2025
46.71
46.98
46.45
46.77
33.35
32,600
Jun 16, 2025
46.00
46.63
45.95
46.51
33.17
19,900
Jun 13, 2025
45.46
46.14
44.59
45.59
32.51
25,200
Jun 12, 2025
0.307 Dividend 

Jun 12, 2025
46.00
46.26
45.80
46.00
32.80
25,600
Jun 11, 2025
47.18
47.18
45.93
46.23
32.75
26,500
Jun 10, 2025
46.88
46.88
46.00
46.41
32.87
20,000
Jun 9, 2025
45.76
46.68
45.65
46.44
32.89
23,500
Jun 6, 2025
46.19
46.19
45.02
45.43
32.18
17,100
Jun 5, 2025
0.298 Dividend 

Jun 5, 2025
47.05
47.05
44.04
44.66
31.63
41,200
Jun 4, 2025
46.20
46.82
45.35
46.60
32.80
33,000
Jun 3, 2025
44.83
46.16
44.74
46.03
32.40
26,300
Jun 2, 2025
44.14
44.75
44.14
44.65
31.43
34,100
May 30, 2025
44.03
44.24
43.59
44.21
31.11
17,200
May 29, 2025
0.29 Dividend 

May 29, 2025
45.00
45.65
44.00
44.28
31.17
16,000
May 28, 2025
44.79
44.79
44.10
44.11
30.84
13,600
May 27, 2025
43.71
44.45
43.49
44.38
31.03
22,300
May 23, 2025
42.23
43.14
42.23
42.89
29.99
22,100
May 22, 2025
0.291 Dividend 

May 22, 2025
42.81
43.62
42.80
43.05
30.10
27,700
May 21, 2025
43.00
43.89
42.88
43.11
29.94
17,800
May 20, 2025
43.00
44.10
42.74
43.09
29.92
13,100
May 19, 2025
42.59
43.14
42.38
43.03
29.88
16,500
May 16, 2025
42.68
43.23
42.60
43.17
29.98
13,500
May 15, 2025
0.271 Dividend 

May 15, 2025
42.50
42.70
42.16
42.40
29.45
11,900
May 14, 2025
43.19
43.19
42.67
42.93
29.63
17,200
May 13, 2025
41.74
42.68
41.74
42.55
29.36
13,700
May 12, 2025
42.22
42.22
41.21
41.64
28.74
15,100
May 9, 2025
40.67
40.69
40.23
40.35
27.84
5,800
May 8, 2025
0.274 Dividend 

May 8, 2025
40.26
40.54
40.06
40.33
27.83
12,300
May 7, 2025
39.83
40.01
39.47
40.01
27.42
8,800
May 6, 2025
39.83
39.85
39.50
39.85
27.31
5,200
May 5, 2025
40.31
40.50
40.17
40.21
27.56
12,300
May 2, 2025
39.71
40.56
39.71
40.39
27.68
10,700
May 1, 2025
0.293 Dividend 

May 1, 2025
40.01
40.01
39.33
39.33
26.96
7,200
Apr 30, 2025
39.23
39.63
37.93
39.33
26.76
10,900
Apr 29, 2025
39.14
39.64
39.14
39.54
26.90
4,900
Apr 28, 2025
39.48
39.48
38.74
39.32
26.75
9,400
Apr 25, 2025
38.72
39.51
38.28
39.14
26.62
7,000
Apr 24, 2025
0.247 Dividend 

Apr 24, 2025
37.70
38.73
37.70
38.73
26.35
7,100
Apr 23, 2025
37.79
38.69
37.78
37.78
25.53
9,900
Apr 22, 2025
36.14
36.92
36.14
36.58
24.72
5,200
Apr 21, 2025
36.33
36.33
35.40
35.76
24.17
17,600
Apr 17, 2025
0.255 Dividend 

Apr 17, 2025
37.31
37.31
36.63
36.72
24.82
5,500
Apr 16, 2025
37.23
37.55
36.56
37.11
24.91
6,700
Apr 15, 2025
38.11
38.83
38.11
38.31
25.71
7,700
Apr 14, 2025
38.88
39.37
37.63
38.12
25.58
12,200
Apr 11, 2025
37.35
37.82
37.09
37.82
25.38
8,200
Apr 10, 2025
0.236 Dividend 

Apr 10, 2025
38.18
38.18
35.74
37.26
25.01
18,000
Apr 9, 2025
34.76
39.67
34.54
39.17
26.13
29,400
Apr 8, 2025
37.09
37.20
34.42
34.60
23.08
5,300
Apr 7, 2025
33.25
36.99
32.92
35.36
23.59
15,400
Apr 4, 2025
36.20
37.84
34.50
35.07
23.40
32,400
Apr 3, 2025
0.267 Dividend 

Apr 3, 2025
38.10
38.60
37.53
37.53
25.04
20,900
Apr 2, 2025
39.68
40.50
39.68
40.30
26.70
12,300
Apr 1, 2025
39.18
39.87
39.18
39.82
26.39
5,500
Mar 31, 2025
38.52
39.43
38.14
39.43
26.13
26,100
Mar 28, 2025
40.44
40.54
39.50
39.63
26.27
14,500
Mar 27, 2025
0.279 Dividend 

Mar 27, 2025
40.99
41.22
40.67
40.67
26.95
8,800
Mar 26, 2025
42.36
42.38
41.23
41.54
27.34
11,100
Mar 25, 2025
42.46
42.54
42.37
42.45
27.94
7,900
Mar 24, 2025
41.40
42.43
41.40
42.41
27.92
21,600
Mar 21, 2025
40.69
41.44
40.69
41.40
27.25
9,200
Mar 20, 2025
0.264 Dividend 

Mar 20, 2025
40.77
41.41
40.77
41.11
27.06
5,500
Mar 19, 2025
40.89
41.59
40.89
41.45
27.11
17,300
Mar 18, 2025
41.21
41.21
40.56
40.88
26.74
10,900
Mar 17, 2025
41.45
41.63
41.08
41.48
27.13
12,600
Mar 14, 2025
40.55
41.24
40.55
41.18
26.93
13,300
Mar 13, 2025
0.282 Dividend 

Mar 13, 2025
40.78
40.78
39.95
40.12
26.24
12,500
Mar 12, 2025
39.38
43.87
39.38
41.13
26.72
23,900
Mar 11, 2025
40.03
40.74
39.63
40.12
26.06
10,300
Mar 10, 2025
41.31
41.31
39.39
39.76
25.83
25,600
Mar 7, 2025
41.37
41.96
40.04
41.94
27.25
20,000
Mar 6, 2025
0.309 Dividend 

Mar 6, 2025
42.26
42.29
41.03
41.18
26.75
16,200
Mar 5, 2025
42.46
43.39
42.37
43.29
27.92
13,400
Mar 4, 2025
41.95
43.42
41.46
42.65
27.51
18,400
Mar 3, 2025
44.50
44.52
42.23
42.23
27.24
22,100
Feb 28, 2025
43.06
43.82
42.90
43.78
28.24
22,400
Feb 27, 2025
0.313 Dividend 

Feb 27, 2025
45.05
45.07
43.41
43.41
28.00
11,000
Feb 26, 2025
45.04
45.47
44.78
44.93
28.78
25,000
Feb 25, 2025
45.02
45.10
44.19
44.53
28.52
23,400
Feb 24, 2025
46.67
46.69
45.21
45.61
29.21
29,700
Feb 21, 2025
47.83
47.83
46.39
46.51
29.78
23,300
Feb 20, 2025
0.326 Dividend 

Feb 20, 2025
48.12
48.12
46.83
47.68
30.54
23,900
Feb 19, 2025
48.69
48.85
48.05
48.37
30.77
28,600
Feb 18, 2025
48.87
48.88
48.48
48.69
30.97
49,300
Feb 14, 2025
48.55
48.76
48.25
48.40
30.79
19,600
Feb 13, 2025
0.294 Dividend 

Feb 13, 2025
48.57
48.57
48.14
48.54
30.88
21,700
Feb 12, 2025
48.38
48.70
48.03
48.51
30.67
32,100
Feb 11, 2025
49.11
49.11
48.32
48.38
30.59
19,500
Feb 10, 2025
48.75
49.38
48.52
49.07
31.03
29,200
Feb 7, 2025
0.335 Dividend 

Feb 7, 2025
48.89
49.10
48.38
48.46
30.64
45,900
Feb 6, 2025
49.10
49.12
48.80
49.08
30.82
15,400
Feb 5, 2025
48.89
49.51
48.55
49.07
30.81
80,600
Feb 4, 2025
48.57
48.94
48.50
48.90
30.71
43,900
Feb 3, 2025
47.43
48.33
47.11
47.97
30.12
49,600
Jan 31, 2025
48.63
48.95
48.10
48.23
30.28
26,900
Jan 30, 2025
48.48
48.52
47.73
48.44
30.42
50,300
Jan 29, 2025
48.39
48.39
47.71
48.10
30.20
45,500
Jan 28, 2025
47.94
48.47
47.07
48.42
30.41
34,600
Jan 27, 2025
47.86
49.08
46.77
47.22
29.65
160,300
Jan 24, 2025
50.30
50.36
49.65
49.72
31.22
120,700
Jan 23, 2025
49.71
50.43
49.65
50.09
31.45
69,800
