Date
Open
High
Low
Close 

Adj Close 

Volume

May 22, 2026
13.94
13.99
13.56
13.70
13.70
31,500
May 21, 2026
0.219 Dividend 

May 21, 2026
13.26
13.81
13.26
13.74
13.74
17,700
May 20, 2026
13.27
13.68
13.10
13.58
13.36
48,200
May 19, 2026
13.19
13.44
12.90
13.38
13.16
29,400
May 18, 2026
14.17
14.17
13.23
13.23
13.02
49,900
May 15, 2026
13.94
14.60
13.94
14.47
14.24
32,300
May 14, 2026
0.301 Dividend 

May 14, 2026
14.23
14.40
13.75
14.17
13.94
19,000
May 13, 2026
14.68
14.68
13.95
14.26
13.73
81,600
May 12, 2026
14.92
15.49
14.59
14.86
14.31
91,200
May 11, 2026
16.48
17.15
16.34
16.68
16.06
42,600
May 8, 2026
15.00
16.11
14.85
16.02
15.43
63,500
May 7, 2026
0.298 Dividend 

May 7, 2026
15.35
15.51
14.77
14.94
14.39
51,500
May 6, 2026
15.63
15.83
15.29
15.81
14.94
68,300
May 5, 2026
15.84
15.84
15.27
15.47
14.62
25,100
May 4, 2026
16.08
16.28
15.64
15.85
14.97
52,100
May 1, 2026
15.90
16.03
15.69
15.86
14.98
21,200
Apr 30, 2026
0.37 Dividend 

Apr 30, 2026
15.53
15.92
15.10
15.90
15.03
39,200
Apr 29, 2026
16.33
16.33
15.65
15.81
14.59
50,200
Apr 28, 2026
17.09
17.09
16.54
16.64
15.36
21,700
Apr 27, 2026
17.48
18.00
17.30
17.31
15.98
31,200
Apr 24, 2026
17.49
18.12
17.24
17.89
16.51
68,800
Apr 23, 2026
0.41 Dividend 

Apr 23, 2026
17.80
18.08
16.32
16.87
15.57
60,100
Apr 22, 2026
18.27
18.27
17.28
17.71
15.97
136,500
Apr 21, 2026
17.76
18.70
17.43
18.25
16.45
64,400
Apr 20, 2026
17.48
19.13
17.48
18.83
16.97
42,800
Apr 17, 2026
17.05
18.10
17.05
17.64
15.90
58,900
Apr 16, 2026
0.243 Dividend 

Apr 16, 2026
16.89
17.19
15.73
16.92
15.25
83,200
Apr 15, 2026
14.28
15.67
13.97
15.48
13.74
66,000
Apr 14, 2026
14.25
14.36
13.89
14.05
12.47
33,900
Apr 13, 2026
13.09
14.22
13.08
13.95
12.38
34,100
Apr 10, 2026
13.15
13.32
12.93
13.09
11.61
54,900
Apr 9, 2026
0.297 Dividend 

Apr 9, 2026
12.88
13.17
12.81
13.17
11.69
28,600
Apr 8, 2026
13.98
13.98
13.13
13.32
11.56
135,400
Apr 7, 2026
13.32
13.38
13.05
13.29
11.53
15,300
Apr 6, 2026
13.51
13.70
13.35
13.70
11.89
27,800
Apr 2, 2026
0.219 Dividend 

Apr 2, 2026
13.28
13.28
12.86
13.06
11.33
23,600
Apr 1, 2026
14.47
14.48
13.63
13.70
11.70
48,800
Mar 31, 2026
12.96
14.26
12.96
14.14
12.07
9,300
Mar 30, 2026
13.31
13.45
12.91
12.92
11.03
16,700
Mar 27, 2026
13.89
13.89
13.16
13.22
11.29
26,800
Mar 26, 2026
0.215 Dividend 

Mar 26, 2026
13.93
14.34
13.69
14.11
12.05
28,800
Mar 25, 2026
14.70
15.03
14.21
14.39
12.10
31,300
Mar 24, 2026
15.12
15.12
14.48
14.70
12.36
43,000
Mar 23, 2026
15.27
15.64
15.27
15.36
12.92
40,200
Mar 20, 2026
15.92
16.30
14.85
14.99
12.61
24,000
Mar 19, 2026
0.382 Dividend 

Mar 19, 2026
15.61
16.31
15.59
16.28
13.69
28,400
Mar 18, 2026
17.20
17.20
16.06
16.06
13.18
48,400
Mar 17, 2026
17.31
17.36
16.75
17.36
14.25
2,074,100
Mar 16, 2026
16.88
17.28
16.53
17.28
14.19
16,200
Mar 13, 2026
16.47
17.08
16.26
17.03
13.98
9,000
Mar 12, 2026
0.222 Dividend 

Mar 12, 2026
17.92
18.00
16.56
16.60
13.63
20,500
Mar 11, 2026
16.08
19.00
16.00
18.01
14.60
44,800
Mar 10, 2026
16.80
18.08
15.81
16.46
13.35
54,300
Mar 9, 2026
16.54
16.54
14.81
15.61
12.66
64,300
Mar 6, 2026
11.36
11.62
11.30
11.60
9.41
42,500
Mar 5, 2026
0.188 Dividend 

Mar 5, 2026
10.27
10.27
10.27
10.27
8.33
-
Mar 4, 2026
9.88
10.27
9.88
10.27
8.17
30,000
Mar 3, 2026
12.13
12.44
9.53
10.09
8.03
166,800
Mar 2, 2026
11.70
12.39
11.61
12.39
9.86
19,100
Feb 27, 2026
11.44
11.69
11.20
11.20
8.91
1,032,500
Feb 26, 2026
0.172 Dividend 

Feb 26, 2026
12.29
12.29
11.54
12.04
9.58
21,400
Feb 25, 2026
12.15
12.48
11.88
12.25
9.61
28,900
Feb 24, 2026
11.03
12.24
10.87
11.91
9.35
15,800
Feb 23, 2026
11.93
11.94
11.60
11.91
9.35
445,000
Feb 20, 2026
11.91
12.25
11.90
11.90
9.34
4,600
Feb 19, 2026
0.171 Dividend 

Feb 19, 2026
12.15
12.31
11.88
11.94
9.37
9,900
Feb 18, 2026
12.11
12.38
11.95
12.15
9.40
29,700
Feb 17, 2026
12.46
12.46
12.06
12.36
9.56
12,600
Feb 13, 2026
12.21
12.50
12.21
12.31
9.53
5,200
Feb 12, 2026
0.154 Dividend 

Feb 12, 2026
12.37
12.61
11.91
11.95
9.25
4,500
Feb 11, 2026
13.37
13.37
12.69
12.69
9.70
27,300
Feb 10, 2026
14.24
14.24
13.10
13.10
10.01
11,200
Feb 9, 2026
13.48
14.61
12.66
14.61
11.17
30,400
Feb 6, 2026
17.01
17.52
16.17
17.12
13.09
31,000
Feb 5, 2026
0.207 Dividend 

Feb 5, 2026
19.56
19.88
17.19
17.56
13.42
23,500
Feb 4, 2026
19.48
19.48
18.10
18.38
13.89
6,800
Feb 3, 2026
19.90
19.90
18.52
19.12
14.45
2,100
Feb 2, 2026
20.14
20.33
19.82
19.82
14.98
3,500
Jan 30, 2026
22.04
22.04
19.87
20.10
15.19
4,100
Jan 29, 2026
0.234 Dividend 

Jan 29, 2026
21.26
22.27
21.26
21.95
16.59
6,200
Jan 28, 2026
21.85
21.85
21.30
21.51
16.08
3,000
Jan 27, 2026
22.21
22.21
21.77
22.00
16.45
1,700
Jan 26, 2026
21.95
22.54
21.95
22.32
16.68
4,800
Jan 23, 2026
22.04
22.54
21.85
21.96
16.42
4,700
Jan 22, 2026
0.243 Dividend 

Jan 22, 2026
21.52
22.48
21.52
22.48
16.80
8,500
Jan 21, 2026
22.60
22.60
21.13
21.68
16.02
7,200
Jan 20, 2026
22.61
23.10
22.45
22.78
16.84
88,900
Jan 16, 2026
23.23
23.46
23.05
23.17
17.13
3,300
Jan 15, 2026
0.242 Dividend 

Jan 15, 2026
23.03
23.25
22.84
23.18
17.13
10,500
Jan 14, 2026
23.90
23.90
23.19
23.37
17.10
5,300
Jan 13, 2026
24.45
24.46
23.76
23.95
17.52
3,200
Jan 12, 2026
22.56
24.01
22.56
24.01
17.56
6,400
Jan 9, 2026
24.88
24.88
23.31
23.31
17.05
5,600
Jan 8, 2026
0.295 Dividend 

Jan 8, 2026
25.25
25.25
24.75
24.94
18.24
5,300
Jan 7, 2026
25.97
26.26
25.97
26.09
18.87
9,300
Jan 6, 2026
26.00
26.03
25.37
26.03
18.83
6,200
Jan 5, 2026
25.35
26.00
24.97
25.70
18.59
9,700
Jan 2, 2026
0.315 Dividend 

Jan 2, 2026
24.42
24.99
24.37
24.91
18.02
4,300
Dec 31, 2025
24.78
24.78
24.28
24.62
17.58
6,400
Dec 30, 2025
25.55
25.72
25.01
25.01
17.86
10,800
Dec 29, 2025
25.37
26.09
25.37
25.61
18.28
11,400
Dec 26, 2025
0.357 Dividend 

Dec 26, 2025
25.63
25.85
25.34
25.85
18.46
4,100
Dec 24, 2025
26.12
26.47
26.09
26.31
18.53
4,100
Dec 23, 2025
26.48
26.48
25.88
26.37
18.57
5,100
Dec 22, 2025
27.00
27.07
26.36
26.59
18.73
70,200
Dec 19, 2025
26.38
26.75
26.25
26.75
18.84
6,400
Dec 18, 2025
0.233 Dividend 

Dec 18, 2025
26.65
26.86
26.24
26.28
18.51
7,300
Dec 17, 2025
27.40
27.58
26.48
26.56
18.54
3,200
Dec 16, 2025
27.44
27.94
26.88
27.94
19.50
14,800
Dec 15, 2025
28.45
28.45
27.00
27.34
19.08
6,300
Dec 12, 2025
27.92
28.75
27.78
27.81
19.41
8,200
Dec 11, 2025
0.255 Dividend 

Dec 11, 2025
28.00
28.18
27.53
28.18
19.67
16,400
Dec 10, 2025
29.40
29.40
28.34
28.43
19.67
24,500
Dec 9, 2025
29.09
29.80
29.09
29.59
20.47
11,100
Dec 8, 2025
29.03
29.18
28.75
29.13
20.15
8,700
Dec 5, 2025
29.44
30.11
29.31
29.31
20.28
15,200
Dec 4, 2025
0.675 Dividend 

Dec 4, 2025
28.55
29.75
28.45
29.75
20.59
23,900
Dec 3, 2025
28.35
28.68
27.87
28.67
19.37
35,100
Dec 2, 2025
28.95
29.15
28.04
28.04
18.94
9,300
Dec 1, 2025
29.87
29.87
28.83
28.83
19.47
12,900
Nov 28, 2025
0.522 Dividend 

Nov 28, 2025
29.44
30.22
29.44
30.15
20.37
6,000
Nov 26, 2025
29.64
30.06
29.61
29.99
19.90
9,800
Nov 25, 2025
29.80
29.80
29.26
29.40
19.52
7,100
Nov 24, 2025
28.34
29.64
28.34
29.64
19.67
112,500
Nov 21, 2025
26.82
28.07
26.70
28.03
18.61
13,300
Nov 20, 2025
0.631 Dividend 

Nov 20, 2025
29.32
29.32
27.06
27.08
17.97
10,700
Nov 19, 2025
29.85
29.85
28.48
29.25
19.00
24,800
Nov 18, 2025
27.66
29.58
27.66
29.58
19.21
11,000
Nov 17, 2025
30.75
30.75
28.02
29.21
18.97
20,700
Nov 14, 2025
29.31
30.25
29.16
29.84
19.38
8,500
Nov 13, 2025
0.679 Dividend 

Nov 13, 2025
31.53
31.53
29.09
29.09
18.89
13,900
Nov 12, 2025
32.75
32.80
31.92
32.13
20.43
14,600
Nov 11, 2025
32.77
33.32
32.53
32.53
20.68
1,600
Nov 10, 2025
33.75
33.75
32.89
33.45
21.27
1,800
Nov 7, 2025
33.13
33.27
32.09
33.24
21.13
3,700
Nov 6, 2025
0.59 Dividend 

Nov 6, 2025
34.46
34.68
32.57
33.73
21.44
12,700
Nov 5, 2025
36.53
37.70
35.56
35.75
22.35
25,000
Nov 4, 2025
38.88
38.88
34.90
34.90
21.82
12,300
Nov 3, 2025
37.15
37.15
35.85
35.85
22.42
6,800
Oct 31, 2025
36.57
37.38
36.43
36.84
23.03
6,000
Oct 30, 2025
0.75 Dividend 

Oct 30, 2025
37.28
37.54
35.59
35.59
22.25
6,200
Oct 29, 2025
38.40
39.26
37.89
38.16
23.39
21,100
Oct 28, 2025
39.37
39.39
38.62
38.62
23.67
4,600
Oct 27, 2025
39.97
39.97
39.21
39.21
24.03
3,500
Oct 24, 2025
40.40
40.67
39.60
39.60
24.27
3,500
Oct 23, 2025
0.627 Dividend 

Oct 23, 2025
38.53
39.18
38.23
39.18
24.01
12,900
Oct 22, 2025
40.29
40.29
38.32
39.18
23.63
14,500
Oct 21, 2025
41.66
42.21
40.75
40.87
24.65
23,300
Oct 20, 2025
42.48
42.93
41.60
42.40
25.57
653,900
Oct 17, 2025
46.45
46.45
40.92
40.92
24.68
5,200
Oct 16, 2025
2.063 Dividend 

Oct 16, 2025
51.15
51.15
47.44
48.32
29.14
20,100
Oct 15, 2025
47.70
53.97
47.70
53.18
30.83
12,400
Oct 14, 2025
46.98
47.54
46.78
47.06
27.28
2,400
Oct 13, 2025
47.59
47.59
47.59
47.59
27.59
600
Oct 10, 2025
49.91
49.91
46.77
46.77
27.12
2,800
Oct 9, 2025
49.00
50.00
48.90
50.00
28.99
900
Oct 8, 2025
49.78
49.78
49.78
49.78
28.86
200
Oct 7, 2025
48.88
50.24
47.80
50.24
29.13
700
Oct 6, 2025
46.11
47.70
46.01
47.70
27.66
12,200
Oct 3, 2025
48.67
48.67
45.78
45.78
26.54
14,100
Oct 2, 2025
50.06
50.11
49.93
49.93
28.95
500
Oct 1, 2025
48.91
49.03
48.59
48.59
28.17
4,400
Sep 30, 2025
50.20
50.20
48.69
48.69
28.23
200
Sep 29, 2025
50.41
50.78
50.41
50.49
29.27
800
Sep 26, 2025
48.81
50.00
48.80
50.00
28.99
1,100
Sep 25, 2025
45.66
47.23
45.14
47.23
27.38
7,800
Sep 24, 2025
47.50
47.58
46.03
46.09
26.72
3,800
Sep 23, 2025
48.38
49.11
48.09
48.32
28.01
2,800
