Date
Open
High
Low
Close 

Adj Close 

Volume
May 26, 2026
10.22
10.27
10.15
10.15
10.15
2,328
May 22, 2026
10.06
10.24
10.06
10.09
10.09
2,600
May 21, 2026
10.36
10.36
10.35
10.35
10.35
700
May 20, 2026
10.19
10.31
10.19
10.31
10.31
2,100
May 19, 2026
0.057 Dividend 

May 19, 2026
10.26
10.26
10.10
10.10
10.10
2,900
May 18, 2026
10.40
10.85
10.37
10.57
10.51
1,100
May 15, 2026
10.70
10.70
10.56
10.56
10.50
1,300
May 14, 2026
10.47
11.04
10.34
10.99
10.93
2,300
May 13, 2026
10.52
10.55
10.48
10.48
10.43
1,100
May 12, 2026
0.065 Dividend 

May 12, 2026
10.70
10.73
10.47
10.64
10.58
4,400
May 11, 2026
10.67
10.95
10.67
10.95
10.83
3,400
May 8, 2026
10.19
10.49
10.19
10.49
10.37
1,800
May 7, 2026
10.60
10.62
10.35
10.39
10.27
2,800
May 6, 2026
10.42
10.67
10.42
10.66
10.54
1,400
May 5, 2026
0.062 Dividend 

May 5, 2026
10.46
10.52
10.43
10.43
10.31
15,400
May 4, 2026
10.25
10.56
10.25
10.44
10.26
7,600
May 1, 2026
10.12
10.28
10.08
10.13
9.96
4,900
Apr 30, 2026
10.01
10.11
10.01
10.11
9.94
3,000
Apr 29, 2026
9.94
10.06
9.59
9.78
9.62
9,800
Apr 28, 2026
0.064 Dividend 

Apr 28, 2026
11.39
11.59
11.39
11.52
11.33
5,200
Apr 27, 2026
11.89
12.06
11.80
11.84
11.58
2,800
Apr 24, 2026
11.98
11.98
11.74
11.95
11.68
700
Apr 23, 2026
12.26
12.26
11.73
11.78
11.51
2,400
Apr 22, 2026
12.60
12.68
12.34
12.42
12.14
2,500
Apr 21, 2026
0.062 Dividend 

Apr 21, 2026
12.51
12.51
12.09
12.09
11.81
1,600
Apr 20, 2026
12.70
12.89
12.47
12.85
12.50
4,600
Apr 17, 2026
12.70
12.79
12.70
12.78
12.43
700
Apr 16, 2026
12.65
12.65
12.21
12.42
12.08
3,300
Apr 15, 2026
12.13
12.45
12.09
12.45
12.11
5,300
Apr 14, 2026
0.05 Dividend 

Apr 14, 2026
11.24
11.65
11.24
11.65
11.34
3,700
Apr 13, 2026
10.38
10.89
10.38
10.89
10.54
1,300
Apr 10, 2026
10.47
10.55
10.47
10.55
10.21
3,400
Apr 9, 2026
10.80
10.80
10.65
10.65
10.32
700
Apr 8, 2026
11.40
11.40
10.82
10.83
10.49
2,600
Apr 7, 2026
0.053 Dividend 

Apr 7, 2026
10.17
10.55
10.09
10.55
10.22
4,000
Apr 6, 2026
10.51
10.62
10.49
10.57
10.18
3,100
Apr 2, 2026
10.10
10.41
10.10
10.41
10.03
2,700
Apr 1, 2026
10.53
10.57
10.53
10.57
10.18
300
Mar 31, 2026
0.05 Dividend 

Mar 31, 2026
9.96
10.35
9.92
10.35
9.97
600
Mar 30, 2026
10.00
10.20
9.57
9.76
9.36
4,400
Mar 27, 2026
10.21
10.21
9.89
9.90
9.49
2,900
Mar 26, 2026
10.71
10.90
10.47
10.53
10.09
3,500
Mar 25, 2026
11.11
11.17
10.90
10.90
10.45
2,400
Mar 24, 2026
0.053 Dividend 

Mar 24, 2026
10.62
10.68
10.29
10.29
9.87
2,700
Mar 23, 2026
10.75
11.06
10.75
10.90
10.40
2,900
Mar 20, 2026
10.94
10.94
10.58
10.64
10.15
1,400
Mar 19, 2026
10.73
11.08
10.73
11.08
10.57
1,300
Mar 18, 2026
11.43
11.43
11.19
11.19
10.67
2,500
Mar 17, 2026
0.069 Dividend 

Mar 17, 2026
11.23
11.51
11.23
11.51
10.98
5,000
Mar 16, 2026
11.23
11.29
11.16
11.29
10.70
4,700
Mar 13, 2026
11.49
11.49
10.89
10.93
10.36
1,700
Mar 12, 2026
11.44
11.54
11.30
11.30
10.71
2,900
Mar 11, 2026
11.60
11.65
11.40
11.65
11.05
1,000
Mar 10, 2026
0.07 Dividend 

Mar 10, 2026
11.84
11.84
11.60
11.61
11.01
1,300
Mar 9, 2026
11.19
11.74
11.19
11.74
11.06
7,200
Mar 6, 2026
11.45
11.46
11.38
11.38
10.73
2,600
Mar 5, 2026
11.89
11.99
11.50
11.73
11.05
3,100
Mar 4, 2026
11.54
11.89
11.54
11.89
11.20
3,100
Mar 3, 2026
0.066 Dividend 

Mar 3, 2026
10.73
11.11
10.73
11.09
10.45
2,400
Mar 2, 2026
10.81
11.60
10.78
11.57
10.84
4,800
Feb 27, 2026
11.26
11.43
11.17
11.17
10.47
5,200
Feb 26, 2026
11.19
11.62
11.19
11.59
10.86
2,000
Feb 25, 2026
11.23
11.31
10.92
11.30
10.59
3,800
Feb 24, 2026
0.062 Dividend 

Feb 24, 2026
10.25
10.66
10.12
10.66
9.99
2,800
Feb 23, 2026
10.91
10.93
10.44
10.44
9.73
2,900
Feb 20, 2026
11.06
11.28
11.06
11.11
10.35
4,800
Feb 19, 2026
10.83
11.05
10.82
11.05
10.29
4,000
Feb 18, 2026
0.099 Dividend 

Feb 18, 2026
10.85
11.24
10.83
10.98
10.23
5,700
Feb 17, 2026
10.91
11.22
10.75
11.04
10.19
9,600
Feb 13, 2026
11.05
11.18
11.05
11.07
10.22
4,000
Feb 12, 2026
11.73
11.73
10.40
10.42
9.62
4,400
Feb 11, 2026
11.70
11.70
11.18
11.59
10.70
8,300
Feb 10, 2026
0.099 Dividend 

Feb 10, 2026
12.46
12.52
12.39
12.39
11.44
4,600
Feb 9, 2026
12.36
12.80
12.26
12.62
11.56
8,300
Feb 6, 2026
11.32
12.10
11.31
12.10
11.08
7,000
Feb 5, 2026
11.58
11.58
10.52
10.56
9.67
9,500
Feb 4, 2026
12.63
12.66
11.40
11.86
10.86
5,700
Feb 3, 2026
0.065 Dividend 

Feb 3, 2026
13.37
13.37
12.75
13.06
11.96
4,800
Feb 2, 2026
14.76
14.76
13.51
13.73
12.52
8,400
Jan 30, 2026
15.74
15.83
15.20
15.36
14.00
8,900
Jan 29, 2026
15.97
15.98
15.46
15.63
14.25
6,500
Jan 28, 2026
16.19
16.55
15.91
15.99
14.57
8,000
Jan 27, 2026
0.077 Dividend 

Jan 27, 2026
16.49
16.55
16.26
16.26
14.82
3,400
Jan 26, 2026
16.54
16.77
16.54
16.56
15.02
3,200
Jan 23, 2026
16.77
17.01
16.66
16.77
15.22
2,700
Jan 22, 2026
16.55
16.77
16.53
16.71
15.16
2,700
Jan 21, 2026
0.077 Dividend 

Jan 21, 2026
16.58
17.08
16.43
16.58
15.04
5,900
Jan 20, 2026
16.46
16.98
16.40
16.66
15.05
6,900
Jan 16, 2026
17.54
17.54
16.88
17.15
15.48
7,000
Jan 15, 2026
18.91
18.91
17.33
17.35
15.67
6,200
Jan 14, 2026
18.98
18.98
18.62
18.86
17.03
4,200
Jan 13, 2026
0.089 Dividend 

Jan 13, 2026
18.42
18.84
18.40
18.83
17.01
4,700
Jan 12, 2026
17.84
18.61
17.84
18.54
16.66
4,700
Jan 9, 2026
18.56
18.56
18.09
18.22
16.38
6,400
Jan 8, 2026
18.14
18.25
18.02
18.08
16.25
2,600
Jan 7, 2026
18.58
18.58
18.26
18.30
16.45
3,500
Jan 6, 2026
0.09 Dividend 

Jan 6, 2026
19.02
19.02
18.49
18.79
16.89
4,100
Jan 5, 2026
18.37
19.07
18.37
19.07
17.06
3,200
Jan 2, 2026
17.82
18.04
17.22
17.98
16.08
29,600
Dec 31, 2025
18.02
18.02
17.64
17.66
15.80
4,200
Dec 30, 2025
0.09 Dividend 

Dec 30, 2025
18.35
18.48
18.08
18.08
16.18
2,100
Dec 29, 2025
18.68
18.69
18.36
18.51
16.48
4,600
Dec 26, 2025
18.85
18.96
18.58
18.58
16.53
5,400
Dec 24, 2025
18.68
18.93
18.68
18.93
16.85
2,900
Dec 23, 2025
0.102 Dividend 

Dec 23, 2025
18.88
18.95
18.49
18.95
16.87
4,800
Dec 22, 2025
19.42
19.42
19.15
19.21
17.01
3,700
Dec 19, 2025
18.66
19.18
18.66
19.02
16.84
5,100
Dec 18, 2025
19.13
19.26
18.29
18.29
16.19
5,300
Dec 17, 2025
19.15
19.15
18.00
18.00
15.94
6,800
Dec 16, 2025
0.109 Dividend 

Dec 16, 2025
18.17
18.70
18.17
18.67
16.53
6,300
Dec 15, 2025
19.03
19.03
17.83
17.96
15.81
8,200
Dec 12, 2025
19.50
19.50
18.89
18.92
16.65
5,100
Dec 11, 2025
20.29
20.29
19.24
19.36
17.04
10,100
Dec 10, 2025
21.57
21.76
21.35
21.62
19.03
4,800
Dec 9, 2025
0.124 Dividend 

Dec 9, 2025
21.87
21.87
21.51
21.51
18.93
6,100
Dec 8, 2025
21.31
21.96
21.17
21.71
19.00
10,400
Dec 5, 2025
21.67
21.67
20.86
20.96
18.34
2,400
Dec 4, 2025
21.25
21.71
21.20
21.71
19.00
3,400
Dec 3, 2025
19.99
21.32
19.99
21.26
18.61
2,500
Dec 2, 2025
0.132 Dividend 

Dec 2, 2025
19.84
20.47
19.84
20.02
17.52
5,500
Dec 1, 2025
19.59
19.79
18.87
19.56
17.00
6,100
Nov 28, 2025
20.48
20.59
20.43
20.46
17.78
3,600
Nov 26, 2025
20.15
20.51
19.99
20.48
17.80
9,800
Nov 25, 2025
0.1 Dividend 

Nov 25, 2025
18.74
19.15
18.42
19.15
16.65
8,000
Nov 24, 2025
18.46
19.17
18.45
19.17
16.57
8,000
Nov 21, 2025
18.04
18.34
17.36
18.34
15.86
4,500
Nov 20, 2025
20.60
20.60
17.91
18.06
15.61
11,000
Nov 19, 2025
19.40
20.05
19.31
19.99
17.28
4,400
Nov 18, 2025
0.122 Dividend 

Nov 18, 2025
19.26
19.63
19.10
19.28
16.67
2,400
Nov 17, 2025
20.15
20.36
19.20
19.56
16.81
5,800
Nov 14, 2025
20.37
21.25
20.37
20.70
17.79
3,000
Nov 13, 2025
21.63
21.80
20.28
20.45
17.57
6,200
Nov 12, 2025
22.89
22.89
21.92
22.69
19.49
4,100
Nov 11, 2025
22.77
22.77
22.35
22.44
19.29
2,000
Nov 10, 2025
23.13
23.21
22.76
23.02
19.78
9,500
Nov 7, 2025
20.88
22.25
20.55
22.16
19.04
6,700
Nov 6, 2025
23.43
23.43
21.76
22.00
18.90
4,900
Nov 5, 2025
23.71
24.56
23.20
24.41
20.97
4,500
Nov 4, 2025
24.05
24.55
23.24
23.24
19.97
8,900
