Date
Open
High
Low
Close 

Adj Close 

Volume

May 22, 2026
22.68
22.88
21.63
21.77
21.77
282,500
May 21, 2026
22.25
22.90
22.16
22.58
22.58
164,500
May 20, 2026
22.13
22.70
21.81
22.53
22.53
163,600
May 19, 2026
22.72
22.72
21.65
22.00
22.00
199,600
May 18, 2026
0.334 Dividend 

May 18, 2026
22.64
24.00
22.46
23.06
23.06
163,300
May 15, 2026
23.85
23.85
23.10
23.33
23.00
126,700
May 14, 2026
23.08
25.06
22.65
24.64
24.29
200,500
May 13, 2026
23.30
23.55
22.75
23.22
22.89
180,400
May 12, 2026
24.12
24.42
23.15
23.76
23.42
197,500
May 11, 2026
0.115 Dividend 

May 11, 2026
23.20
24.77
22.54
24.67
24.32
249,900
May 8, 2026
23.16
23.48
22.47
23.45
23.00
248,500
May 7, 2026
24.09
24.25
22.93
23.17
22.73
226,700
May 6, 2026
23.70
24.34
23.23
24.18
23.72
253,200
May 5, 2026
23.84
23.96
23.31
23.51
23.06
358,100
May 4, 2026
0.257 Dividend 

May 4, 2026
22.63
23.92
22.63
23.34
22.89
235,800
May 1, 2026
22.51
23.09
22.27
22.55
21.87
244,200
Apr 30, 2026
21.64
22.57
21.48
22.26
21.58
216,300
Apr 29, 2026
21.98
22.44
21.14
21.58
20.93
482,500
Apr 28, 2026
25.39
26.11
25.27
25.68
24.90
248,300
Apr 27, 2026
0.492 Dividend 

Apr 27, 2026
26.50
27.07
26.15
26.44
25.64
145,100
Apr 24, 2026
27.30
27.32
26.48
27.24
25.94
210,100
Apr 23, 2026
27.97
28.30
26.08
26.74
25.46
276,600
Apr 22, 2026
29.09
29.27
28.32
28.70
27.33
95,300
Apr 21, 2026
29.73
29.73
27.83
27.85
26.52
179,300
Apr 20, 2026
0.283 Dividend 

Apr 20, 2026
29.07
30.13
28.61
29.74
28.32
191,200
Apr 17, 2026
29.56
30.82
29.45
29.88
28.18
239,700
Apr 16, 2026
29.43
29.44
27.27
28.41
26.79
261,000
Apr 15, 2026
27.29
28.65
26.41
28.65
27.02
361,400
Apr 14, 2026
23.98
25.53
23.98
25.50
24.05
225,000
Apr 13, 2026
0.338 Dividend 

Apr 13, 2026
21.35
22.80
21.24
22.80
21.50
194,600
Apr 10, 2026
22.48
22.66
21.78
22.11
20.53
206,800
Apr 9, 2026
23.01
23.28
21.94
22.47
20.87
164,900
Apr 8, 2026
24.93
25.29
22.91
23.06
21.42
251,300
Apr 7, 2026
21.79
22.30
21.13
22.30
20.71
191,300
Apr 6, 2026
0.218 Dividend 

Apr 6, 2026
22.23
22.64
21.93
22.28
20.69
160,600
Apr 2, 2026
21.48
22.64
20.92
22.17
20.39
153,800
Apr 1, 2026
23.09
23.18
22.33
22.71
20.88
155,100
Mar 31, 2026
20.98
22.37
20.76
22.37
20.57
253,700
Mar 30, 2026
0.273 Dividend 

Mar 30, 2026
21.33
21.80
20.13
20.61
18.95
249,300
Mar 27, 2026
22.34
22.43
21.32
21.34
19.37
253,700
Mar 26, 2026
23.35
24.19
22.87
23.08
20.95
151,100
Mar 25, 2026
23.66
24.72
23.66
23.98
21.77
284,700
Mar 24, 2026
23.56
23.64
22.45
22.57
20.49
278,900
Mar 23, 2026
0.277 Dividend 

Mar 23, 2026
23.53
24.38
23.40
23.91
21.71
227,800
Mar 20, 2026
24.56
24.56
23.24
23.57
21.15
634,000
Mar 19, 2026
24.17
25.30
23.94
24.90
22.34
194,000
Mar 18, 2026
25.69
26.17
25.19
25.23
22.64
213,300
Mar 17, 2026
25.41
26.30
25.39
26.24
23.54
193,500
Mar 16, 2026
0.394 Dividend 

Mar 16, 2026
25.30
25.55
24.92
25.37
22.76
202,700
Mar 13, 2026
26.36
26.68
24.77
24.98
22.06
442,400
Mar 12, 2026
26.72
26.86
25.70
26.00
22.96
134,900
Mar 11, 2026
26.96
27.63
26.45
27.19
24.01
109,000
Mar 10, 2026
27.88
27.94
26.85
27.09
23.92
103,300
Mar 9, 2026
0.354 Dividend 

Mar 9, 2026
25.94
27.61
25.88
27.49
24.27
194,800
Mar 6, 2026
27.16
27.66
26.66
26.92
23.46
160,400
Mar 5, 2026
29.09
30.04
27.56
28.41
24.76
146,400
Mar 4, 2026
27.78
29.73
27.78
29.06
25.32
211,300
Mar 3, 2026
25.76
27.00
24.90
26.44
23.04
158,600
Mar 2, 2026
0.35 Dividend 

Mar 2, 2026
25.28
27.90
25.08
27.57
24.02
194,700
Feb 27, 2026
26.95
27.54
26.38
26.71
22.97
160,600
Feb 26, 2026
27.17
28.43
27.04
28.43
24.45
122,600
Feb 25, 2026
27.17
27.67
26.29
27.50
23.65
144,500
Feb 24, 2026
24.63
25.86
23.96
25.68
22.08
138,600
Feb 23, 2026
0.255 Dividend 

Feb 23, 2026
26.26
26.34
24.89
25.01
21.51
149,800
Feb 20, 2026
26.71
27.96
26.71
27.17
23.15
226,900
Feb 19, 2026
26.34
27.09
26.15
26.80
22.83
98,300
Feb 18, 2026
26.66
28.09
26.26
26.72
22.76
135,000
Feb 17, 2026
0.175 Dividend 

Feb 17, 2026
26.36
27.36
25.80
26.81
22.84
148,300
Feb 13, 2026
25.62
27.71
25.35
27.27
23.08
191,000
Feb 12, 2026
28.57
28.64
24.88
25.18
21.31
247,000
Feb 11, 2026
27.99
28.76
26.56
28.18
23.85
267,000
Feb 10, 2026
31.51
32.64
31.32
31.61
26.76
186,800
Feb 9, 2026
0.328 Dividend 

Feb 9, 2026
31.27
32.76
30.45
32.08
27.15
195,100
Feb 6, 2026
28.11
31.24
28.11
30.69
25.70
460,700
Feb 5, 2026
28.00
28.99
25.55
25.79
21.60
539,800
Feb 4, 2026
31.46
31.66
28.27
29.51
24.71
644,100
Feb 3, 2026
34.10
34.10
31.58
32.54
27.25
482,000
Feb 2, 2026
0.442 Dividend 

Feb 2, 2026
36.51
36.64
33.30
33.89
28.38
655,700
Jan 30, 2026
40.03
41.01
38.23
38.77
32.10
252,800
Jan 29, 2026
40.76
40.85
38.70
39.50
32.70
476,500
Jan 28, 2026
41.64
42.44
40.49
40.52
33.54
359,200
Jan 27, 2026
42.60
43.28
41.25
41.53
34.38
272,700
Jan 26, 2026
0.382 Dividend 

Jan 26, 2026
42.02
43.02
41.44
42.26
34.98
213,400
Jan 23, 2026
42.63
44.43
42.53
42.60
34.95
206,600
Jan 22, 2026
42.90
43.25
41.90
42.45
34.83
134,900
Jan 21, 2026
42.21
43.47
41.80
42.22
34.64
319,100
Jan 20, 2026
0.549 Dividend 

Jan 20, 2026
41.59
43.46
41.59
42.25
34.66
363,600
Jan 16, 2026
45.71
45.71
43.34
44.24
35.85
575,200
Jan 15, 2026
49.51
49.63
44.95
45.10
36.54
466,400
Jan 14, 2026
49.96
50.10
48.11
49.56
40.16
233,200
Jan 13, 2026
48.65
49.99
47.89
49.82
40.37
285,900
Jan 12, 2026
0.506 Dividend 

Jan 12, 2026
46.94
49.60
46.87
48.71
39.47
355,300
Jan 9, 2026
48.77
49.41
47.83
47.91
38.41
329,700
Jan 8, 2026
48.25
49.01
47.38
48.06
38.53
232,200
Jan 7, 2026
50.27
50.27
48.65
48.94
39.23
232,400
Jan 6, 2026
52.32
52.53
49.40
51.30
41.13
236,300
Jan 5, 2026
0.653 Dividend 

Jan 5, 2026
49.07
52.07
49.07
51.91
41.62
408,900
Jan 2, 2026
48.59
49.04
46.20
48.46
38.33
371,600
Dec 31, 2025
48.60
48.92
47.50
47.50
37.57
312,400
Dec 30, 2025
49.83
50.32
48.68
48.86
38.64
439,100
Dec 29, 2025
0.829 Dividend 

Dec 29, 2025
49.36
50.59
49.15
49.68
39.29
266,600
Dec 26, 2025
52.39
52.44
50.86
51.01
39.69
319,000
Dec 24, 2025
51.94
52.28
51.30
52.06
40.50
89,400
Dec 23, 2025
52.27
52.56
50.38
52.08
40.52
307,900
Dec 22, 2025
0.559 Dividend 

Dec 22, 2025
53.88
54.46
52.67
53.23
41.41
229,400
Dec 19, 2025
52.56
54.15
51.71
53.43
41.14
435,500
Dec 18, 2025
53.63
54.80
51.07
51.21
39.43
288,000
Dec 17, 2025
53.31
55.07
50.30
50.50
38.88
434,900
Dec 16, 2025
50.70
53.01
50.70
52.37
40.32
360,200
Dec 15, 2025
1.011 Dividend 

Dec 15, 2025
52.95
53.19
49.60
50.25
38.69
393,600
Dec 12, 2025
56.68
56.99
52.60
53.51
40.42
826,700
Dec 11, 2025
60.22
60.29
55.15
55.65
42.03
787,800
Dec 10, 2025
62.12
63.20
61.09
62.42
47.15
170,000
Dec 9, 2025
61.50
64.48
61.06
62.14
46.94
241,300
Dec 8, 2025
1.002 Dividend 

Dec 8, 2025
61.55
63.64
60.35
62.54
47.24
260,200
Dec 5, 2025
63.25
63.25
60.01
61.41
45.63
421,100
Dec 4, 2025
62.08
64.19
61.46
64.07
47.61
196,600
Dec 3, 2025
58.22
62.58
57.36
62.19
46.21
288,900
Dec 2, 2025
57.69
59.70
57.16
58.08
43.15
264,300
Dec 1, 2025
0.525 Dividend 

Dec 1, 2025
56.64
57.54
54.04
56.50
41.98
298,600
Nov 28, 2025
59.99
60.73
59.00
59.98
44.18
210,500
Nov 26, 2025
56.22
60.27
55.88
59.68
43.96
492,700
Nov 25, 2025
51.35
53.63
49.56
52.93
38.98
265,900
Nov 24, 2025
0.787 Dividend 

Nov 24, 2025
49.81
53.00
49.33
52.74
38.84
378,400
Nov 21, 2025
49.67
50.79
46.40
49.21
35.66
646,400
Nov 20, 2025
57.45
57.92
48.07
48.80
35.37
739,400
Nov 19, 2025
53.43
56.00
52.90
55.61
40.30
509,700
Nov 18, 2025
52.87
54.87
52.17
53.18
38.54
387,800
Nov 17, 2025
0.699 Dividend 

Nov 17, 2025
56.77
57.08
52.22
54.24
39.31
658,200
Nov 14, 2025
54.10
60.89
53.71
58.59
41.96
735,300
Nov 13, 2025
63.19
63.19
57.06
58.23
41.70
830,300
Nov 12, 2025
65.00
65.39
62.18
64.82
46.41
369,900
Nov 11, 2025
65.36
65.78
63.70
64.31
46.05
412,500
Nov 10, 2025
1.377 Dividend 

Nov 10, 2025
67.05
68.27
64.01
66.69
47.76
447,500
Nov 7, 2025
61.45
65.71
58.84
65.17
45.68
997,200
Nov 6, 2025
71.29
71.29
62.40
62.88
44.08
881,000
Nov 5, 2025
70.59
73.49
67.99
72.42
50.76
345,700
Nov 4, 2025
70.53
73.31
68.68
68.68
48.14
391,800
Nov 3, 2025
1.265 Dividend 

Nov 3, 2025
76.43
76.43
72.27
74.95
52.54
272,500
Oct 31, 2025
74.00
78.35
74.00
76.19
52.52
424,300
Oct 30, 2025
73.58
74.25
70.36
70.80
48.80
252,800
Oct 29, 2025
75.98
76.54
73.80
74.99
51.69
220,300
Oct 28, 2025
75.43
76.92
75.42
75.70
52.18
272,200
Oct 27, 2025
0.85 Dividend 

Oct 27, 2025
75.01
77.68
74.11
75.69
52.17
342,400
Oct 24, 2025
71.85
74.10
71.07
72.80
49.60
423,000
Oct 23, 2025
65.50
70.19
65.04
69.49
47.34
335,900
Oct 22, 2025
67.56
68.24
61.21
64.96
44.26
600,000
Oct 21, 2025
70.17
70.17
67.65
67.94
46.29
329,900
Oct 20, 2025
1.488 Dividend 

Oct 20, 2025
69.02
73.04
68.68
70.47
48.01
397,200
Oct 17, 2025
67.13
69.09
65.36
68.33
45.54
608,600
Oct 16, 2025
71.63
72.97
68.74
69.31
46.19
383,800
Oct 15, 2025
73.80
74.42
70.60
70.95
47.28
397,500
Oct 14, 2025
2.183 Dividend 

Oct 14, 2025
72.46
75.50
70.40
71.60
47.72
382,500
Oct 13, 2025
79.66
81.36
74.66
77.49
50.19
517,600
Oct 10, 2025
84.93
86.00
76.36
76.70
49.68
941,000
Oct 9, 2025
84.09
85.75
81.86
85.41
55.32
205,900
Oct 8, 2025
80.89
84.59
80.26
84.37
54.64
241,400
Oct 7, 2025
81.12
81.67
77.95
80.50
52.14
262,600
Oct 6, 2025
1.827 Dividend 

Oct 6, 2025
85.77
86.16
79.90
80.05
51.85
432,300
Oct 3, 2025
83.60
85.76
82.46
84.78
53.73
541,200
Oct 2, 2025
80.63
83.45
79.20
82.82
52.48
329,400
Oct 1, 2025
80.08
81.08
77.60
78.58
49.80
287,100
Sep 30, 2025
75.92
81.47
75.90
80.98
51.32
379,000
Sep 29, 2025
2.227 Dividend 

Sep 29, 2025
68.20
76.97
68.20
76.97
48.78
407,100
Sep 26, 2025
70.80
71.50
68.36
69.34
42.53
628,300
Sep 25, 2025
70.12
72.00
68.58
69.81
42.82
234,600
Sep 24, 2025
73.05
74.86
71.50
72.60
44.53
124,700
Sep 23, 2025
71.80
73.36
71.00
72.19
44.28
180,900
Sep 22, 2025
1.046 Dividend 

Sep 22, 2025
70.65
72.53
69.45
71.52
43.87
245,900
Sep 19, 2025
70.29
72.60
69.95
72.34
43.73
330,200
Sep 18, 2025
69.22
72.16
69.22
69.85
42.22
217,900
Sep 17, 2025
67.15
68.55
65.74
68.16
41.20
166,300
Sep 16, 2025
65.90
67.92
64.93
67.42
40.75
165,400
Sep 15, 2025
1.583 Dividend 

Sep 15, 2025
66.04
66.87
64.02
65.55
39.62
244,100
Sep 12, 2025
69.46
70.00
66.81
67.59
39.90
440,000
Sep 11, 2025
69.52
72.00
69.09
69.09
40.79
119,200
Sep 10, 2025
71.34
73.14
68.62
68.98
40.72
171,500
Sep 9, 2025
68.25
69.89
66.55
69.71
41.15
259,800
Sep 8, 2025
0.75 Dividend 

Sep 8, 2025
64.36
68.94
64.21
68.94
40.70
450,700
Sep 5, 2025
61.44
62.00
54.91
58.86
34.30
345,500
Sep 4, 2025
58.40
61.19
58.40
59.84
34.87
149,000
Sep 3, 2025
59.14
59.70
57.50
58.40
34.04
141,700
Sep 2, 2025
0.84 Dividend 

Sep 2, 2025
58.03
59.25
56.48
58.40
34.04
303,500
Aug 29, 2025
60.91
61.91
60.00
61.69
35.46
241,600
Aug 28, 2025
61.90
62.52
60.85
61.50
35.35
215,300
Aug 27, 2025
64.95
65.30
60.79
60.98
35.06
372,800
Aug 26, 2025
63.68
65.46
62.50
65.23
37.50
232,700
Aug 25, 2025
1.054 Dividend 

Aug 25, 2025
64.90
65.87
63.24
64.50
37.08
275,700
Aug 22, 2025
63.82
68.34
62.50
66.62
37.69
428,900
Aug 21, 2025
63.28
65.71
63.10
64.34
36.40
195,600
Aug 20, 2025
64.64
65.59
59.28
63.68
36.03
335,400
Aug 19, 2025
71.69
72.48
64.54
65.29
36.94
425,300
Aug 18, 2025
2.458 Dividend 

Aug 18, 2025
69.41
70.90
67.00
70.87
40.10
416,400
Aug 15, 2025
70.13
72.85
68.55
72.74
39.76
449,000
Aug 14, 2025
67.97
70.51
66.95
70.17
38.36
185,100
Aug 13, 2025
73.93
74.04
67.53
68.53
37.46
247,100
Aug 12, 2025
73.26
75.27
72.00
72.47
39.62
140,400
Aug 11, 2025
1.598 Dividend 

Aug 11, 2025
74.40
75.14
72.22
72.39
39.57
160,200
Aug 8, 2025
72.10
76.46
71.83
74.70
39.96
229,200
Aug 7, 2025
69.70
73.04
69.48
71.95
38.49
95,600
Aug 6, 2025
66.99
67.89
64.50
67.77
36.25
61,300
Aug 5, 2025
68.11
69.00
66.08
67.56
36.14
100,800
Aug 4, 2025
0.834 Dividend 

Aug 4, 2025
64.42
68.61
61.76
68.44
36.61
119,000
Aug 1, 2025
62.56
67.72
59.25
64.17
33.88
223,500
Jul 31, 2025
68.07
71.37
65.58
66.89
35.32
215,800
Jul 30, 2025
67.63
70.14
67.61
69.22
36.55
83,200
Jul 29, 2025
69.70
70.16
66.97
67.14
35.45
98,600
Jul 28, 2025
1.273 Dividend 

Jul 28, 2025
69.52
70.10
68.13
69.87
36.89
123,400
Jul 25, 2025
66.92
70.77
66.50
69.55
36.05
256,100
Jul 24, 2025
67.76
67.87
66.12
67.73
35.11
48,200
Jul 23, 2025
67.51
67.58
66.27
67.48
34.98
56,600
Jul 22, 2025
69.01
70.34
64.85
67.12
34.79
95,500
Jul 21, 2025
1.128 Dividend 

Jul 21, 2025
73.10
73.97
69.19
69.19
35.86
140,700
Jul 18, 2025
74.54
77.54
72.56
74.65
38.11
154,600
Jul 17, 2025
69.81
72.24
69.21
71.47
36.49
60,700
Jul 16, 2025
67.07
70.57
66.89
69.46
35.46
83,700
Jul 15, 2025
66.16
67.91
64.77
66.67
34.04
78,700
Jul 14, 2025
1.182 Dividend 

Jul 14, 2025
67.76
68.51
66.19
66.82
34.11
80,900
Jul 11, 2025
66.11
69.37
66.00
66.94
33.57
172,600
Jul 10, 2025
64.93
67.21
63.00
67.21
33.71
53,800
Jul 9, 2025
62.57
63.85
61.74
63.85
32.02
36,700
Jul 8, 2025
64.44
66.24
60.75
61.16
30.67
35,900
Jul 7, 2025
0.969 Dividend 

Jul 7, 2025
62.97
64.50
61.31
63.02
31.60
65,900
Jul 3, 2025
65.70
65.70
63.00
64.65
31.94
87,700
Jul 2, 2025
62.26
69.71
62.26
67.50
33.34
49,500
Jul 1, 2025
65.28
68.23
61.29
63.07
31.16
51,600
Jun 30, 2025
0.919 Dividend 

Jun 30, 2025
58.20
64.30
57.69
64.05
31.64
57,400
Jun 27, 2025
57.80
57.80
55.71
56.52
27.47
81,200
Jun 26, 2025
56.61
57.80
56.38
57.72
28.05
7,900
Jun 25, 2025
58.12
58.12
55.70
56.22
27.32
5,900
Jun 24, 2025
54.38
55.66
53.83
55.66
27.05
6,100
Jun 23, 2025
52.88
52.95
50.00
51.15
24.86
5,000
Jun 20, 2025
52.90
53.35
50.98
52.83
25.67
8,000
Jun 18, 2025
50.66
52.75
50.26
52.75
25.63
6,900
