Date
Open
High
Low
Close 

Adj Close 

Volume
Jun 5, 2026
28.87
29.10
26.83
27.86
27.86
115,000
Jun 4, 2026
0.606 Dividend 

Jun 4, 2026
28.00
29.45
27.79
29.40
29.40
88,500
Jun 3, 2026
29.53
29.53
28.32
28.45
27.84
203,800
Jun 2, 2026
29.87
30.20
29.30
29.93
29.29
83,000
Jun 1, 2026
30.25
31.01
29.06
30.44
29.79
141,800
May 29, 2026
29.01
31.59
28.79
31.50
30.83
187,800
May 28, 2026
0.339 Dividend 

May 28, 2026
26.45
28.90
26.15
28.66
28.05
155,000
May 27, 2026
26.50
27.36
26.45
27.36
26.45
102,200
May 26, 2026
26.78
27.07
26.47
26.68
25.79
110,900
May 22, 2026
27.06
27.27
26.35
26.50
25.61
103,700
May 21, 2026
0.36 Dividend 

May 21, 2026
26.80
27.23
26.75
27.12
26.21
45,300
May 20, 2026
27.09
27.55
26.67
27.46
26.19
144,100
May 19, 2026
27.70
27.70
26.55
26.92
25.68
111,700
May 18, 2026
27.53
28.58
27.27
27.71
26.43
90,800
May 15, 2026
28.00
28.20
27.53
27.65
26.38
94,000
May 14, 2026
0.434 Dividend 

May 14, 2026
27.37
28.83
27.26
28.61
27.29
109,400
May 13, 2026
28.00
28.30
27.70
28.00
26.30
107,200
May 12, 2026
28.73
28.74
27.93
28.37
26.64
67,200
May 11, 2026
27.80
29.10
27.41
28.93
27.17
158,900
May 8, 2026
27.79
28.06
27.25
28.06
26.35
125,600
May 7, 2026
0.408 Dividend 

May 7, 2026
28.04
28.24
27.53
27.81
26.12
83,200
May 6, 2026
28.30
28.74
28.05
28.58
26.46
121,300
May 5, 2026
28.50
28.52
28.12
28.19
26.10
131,000
May 4, 2026
27.54
28.52
27.54
28.00
25.92
120,800
May 1, 2026
27.25
27.80
27.18
27.43
25.39
110,200
Apr 30, 2026
0.496 Dividend 

Apr 30, 2026
26.66
27.42
26.55
27.12
25.11
166,100
Apr 29, 2026
27.53
27.85
26.55
26.95
24.49
321,700
Apr 28, 2026
30.64
30.91
30.31
30.60
27.81
157,000
Apr 27, 2026
31.46
31.79
31.01
31.20
28.35
87,800
Apr 24, 2026
31.34
31.55
30.77
31.35
28.49
90,100
Apr 23, 2026
0.683 Dividend 

Apr 23, 2026
32.24
32.36
30.45
31.03
28.20
102,000
Apr 22, 2026
33.56
33.61
32.92
33.27
29.61
151,200
Apr 21, 2026
33.98
33.98
32.45
32.54
28.96
141,300
Apr 20, 2026
33.57
34.13
33.09
33.90
30.17
47,600
Apr 17, 2026
33.66
34.50
33.42
33.60
29.90
91,700
Apr 16, 2026
0.439 Dividend 

Apr 16, 2026
33.13
33.27
31.50
32.35
28.79
86,900
Apr 15, 2026
31.88
33.24
31.03
33.24
29.19
112,300
Apr 14, 2026
28.99
30.34
28.99
30.25
26.57
81,700
Apr 13, 2026
27.46
28.34
27.11
28.34
24.89
66,900
Apr 10, 2026
27.85
27.85
27.25
27.63
24.27
48,800
Apr 9, 2026
0.404 Dividend 

Apr 9, 2026
27.74
28.02
27.28
27.70
24.33
35,000
Apr 8, 2026
29.45
29.93
28.20
28.40
24.59
108,300
Apr 7, 2026
27.24
27.64
26.84
27.64
23.93
46,500
Apr 6, 2026
27.59
28.02
27.50
27.75
24.02
44,200
Apr 2, 2026
0.382 Dividend 

Apr 2, 2026
27.01
27.84
26.30
27.66
23.95
105,500
Apr 1, 2026
28.50
28.56
27.94
28.30
24.17
50,800
Mar 31, 2026
26.54
27.97
26.54
27.86
23.79
72,200
Mar 30, 2026
27.15
27.40
25.85
26.50
22.63
122,400
Mar 27, 2026
27.50
27.61
26.71
26.73
22.83
60,200
Mar 26, 2026
0.375 Dividend 

Mar 26, 2026
28.27
29.16
27.91
28.16
24.05
34,200
Mar 25, 2026
28.85
29.95
28.85
29.44
24.82
47,800
Mar 24, 2026
28.99
28.99
27.93
28.13
23.72
55,100
Mar 23, 2026
29.00
29.59
28.81
29.27
24.68
42,800
Mar 20, 2026
29.18
29.28
28.33
28.68
24.18
65,000
Mar 19, 2026
0.422 Dividend 

Mar 19, 2026
29.07
30.05
28.73
29.82
25.14
38,500
Mar 18, 2026
30.53
31.05
30.25
30.25
25.15
48,600
Mar 17, 2026
30.44
31.18
30.44
31.16
25.91
727,500
Mar 16, 2026
30.39
30.54
29.96
30.44
25.31
59,000
Mar 13, 2026
30.88
30.98
29.48
29.76
24.74
81,200
Mar 12, 2026
0.43 Dividend 

Mar 12, 2026
30.72
30.94
30.21
30.64
25.48
45,700
Mar 11, 2026
31.45
32.05
31.13
31.72
26.02
109,200
Mar 10, 2026
32.28
32.36
31.31
31.74
26.03
72,800
Mar 9, 2026
30.51
31.89
30.51
31.83
26.10
75,200
Mar 6, 2026
31.46
31.68
30.77
31.25
25.63
287,400
Mar 5, 2026
0.384 Dividend 

Mar 5, 2026
32.30
32.74
31.28
31.90
26.16
70,300
Mar 4, 2026
31.69
32.93
31.69
32.57
26.40
128,800
Mar 3, 2026
30.25
31.14
29.44
30.72
24.90
91,600
Mar 2, 2026
29.63
31.75
29.63
31.43
25.47
81,500
Feb 27, 2026
30.71
31.07
30.29
30.51
24.73
469,600
Feb 26, 2026
0.342 Dividend 

Feb 26, 2026
30.67
31.72
30.67
31.64
25.64
46,500
Feb 25, 2026
31.29
31.55
30.42
31.48
25.24
118,400
Feb 24, 2026
29.11
30.16
28.40
29.75
23.85
46,000
Feb 23, 2026
30.38
30.38
29.13
29.34
23.52
206,300
Feb 20, 2026
30.34
31.20
30.34
30.78
24.68
98,800
Feb 19, 2026
0.331 Dividend 

Feb 19, 2026
30.20
30.69
29.89
30.56
24.50
42,300
Feb 18, 2026
30.71
31.65
30.42
30.86
24.47
61,300
Feb 17, 2026
30.26
31.09
29.85
30.62
24.28
94,000
Feb 13, 2026
29.62
31.12
29.38
30.71
24.36
93,200
Feb 12, 2026
0.342 Dividend 

Feb 12, 2026
32.15
32.15
29.00
29.38
23.30
184,400
Feb 11, 2026
32.00
32.38
30.75
32.34
25.38
155,800
Feb 10, 2026
34.41
35.05
34.21
34.36
26.96
75,800
Feb 9, 2026
34.03
35.16
33.66
34.70
27.23
70,200
Feb 6, 2026
31.47
33.80
31.47
33.53
26.31
187,100
Feb 5, 2026
0.355 Dividend 

Feb 5, 2026
31.70
32.36
29.36
29.58
23.21
257,100
Feb 4, 2026
34.85
34.89
32.00
33.02
25.63
218,900
Feb 3, 2026
37.00
37.06
34.95
35.69
27.71
185,800
Feb 2, 2026
39.34
39.34
36.50
37.05
28.76
259,300
Jan 30, 2026
41.63
42.40
40.27
40.63
31.54
137,700
Jan 29, 2026
0.454 Dividend 

Jan 29, 2026
42.27
42.46
40.60
41.50
32.22
163,000
Jan 28, 2026
43.47
43.95
42.53
42.61
32.72
179,900
Jan 27, 2026
44.03
44.60
43.10
43.49
33.40
104,900
Jan 26, 2026
43.47
44.42
43.25
43.79
33.63
325,500
Jan 23, 2026
43.63
44.84
43.63
43.71
33.57
138,100
Jan 22, 2026
0.464 Dividend 

Jan 22, 2026
43.77
43.90
43.10
43.67
33.54
80,500
Jan 21, 2026
43.88
44.85
43.35
43.63
33.15
174,300
Jan 20, 2026
43.29
44.60
43.16
43.80
33.28
254,200
Jan 16, 2026
45.54
45.54
44.00
44.63
33.91
211,300
Jan 15, 2026
0.55 Dividend 

Jan 15, 2026
48.12
48.12
45.25
45.42
34.51
186,700
Jan 14, 2026
48.99
49.10
48.00
48.95
36.78
90,300
Jan 13, 2026
48.10
49.00
47.66
48.87
36.72
95,300
Jan 12, 2026
47.09
48.70
47.09
48.26
36.26
117,300
Jan 9, 2026
47.86
48.33
47.23
47.25
35.50
101,600
Jan 8, 2026
0.553 Dividend 

Jan 8, 2026
47.50
48.00
46.77
47.34
35.57
62,300
Jan 7, 2026
49.39
49.39
48.10
48.57
36.08
93,400
Jan 6, 2026
50.31
50.31
48.58
49.76
36.96
158,500
Jan 5, 2026
48.36
50.21
48.36
50.10
37.21
132,500
Jan 2, 2026
0.573 Dividend 

Jan 2, 2026
47.87
48.20
46.04
47.57
35.33
154,700
Dec 31, 2025
48.41
48.69
47.43
47.43
34.80
161,100
Dec 30, 2025
49.03
49.60
48.38
48.54
35.62
144,300
Dec 29, 2025
48.85
49.50
48.64
49.18
36.09
141,900
Dec 26, 2025
0.682 Dividend 

Dec 26, 2025
50.25
50.25
49.00
49.09
36.02
83,900
Dec 24, 2025
50.23
50.85
49.89
50.85
36.81
88,200
Dec 23, 2025
50.38
50.71
49.25
50.50
36.56
163,900
Dec 22, 2025
51.37
51.55
50.68
51.22
37.08
107,000
Dec 19, 2025
50.12
51.00
49.51
50.35
36.45
209,900
Dec 18, 2025
0.425 Dividend 

Dec 18, 2025
50.42
51.35
48.95
48.95
35.44
114,100
Dec 17, 2025
50.91
52.00
48.85
48.90
35.09
214,800
Dec 16, 2025
49.30
50.49
48.87
50.39
36.16
233,000
Dec 15, 2025
50.56
50.62
48.08
48.69
34.94
157,900
Dec 12, 2025
52.30
52.48
49.40
49.90
35.81
234,100
Dec 11, 2025
0.725 Dividend 

Dec 11, 2025
54.95
54.95
51.18
51.75
37.14
257,300
Dec 10, 2025
56.85
57.35
56.10
57.06
40.43
186,700
Dec 9, 2025
56.39
57.94
55.91
56.59
40.10
307,600
Dec 8, 2025
56.45
57.45
55.46
56.95
40.35
391,600
Dec 5, 2025
56.07
56.17
54.68
55.40
39.25
247,000
Dec 4, 2025
1.322 Dividend 

Dec 4, 2025
56.08
56.91
55.63
56.91
40.32
225,100
Dec 3, 2025
54.91
57.38
54.33
57.29
39.65
231,900
Dec 2, 2025
53.96
55.60
53.87
54.75
37.90
189,600
Dec 1, 2025
53.51
54.03
51.82
53.43
36.98
282,100
Nov 28, 2025
0.738 Dividend 

Nov 28, 2025
55.32
55.82
54.90
55.51
38.42
83,700
Nov 26, 2025
53.61
56.24
53.61
56.16
38.36
194,900
Nov 25, 2025
51.40
52.49
50.22
52.40
35.79
221,100
Nov 24, 2025
50.77
52.28
49.96
52.03
35.54
171,300
Nov 21, 2025
49.36
50.42
47.06
49.18
33.59
270,200
Nov 20, 2025
0.79 Dividend 

Nov 20, 2025
55.97
56.05
48.38
49.03
33.49
349,000
Nov 19, 2025
53.63
55.33
53.00
55.13
37.12
213,700
Nov 18, 2025
52.28
54.30
52.20
53.30
35.89
358,500
Nov 17, 2025
55.25
56.00
52.30
53.88
36.28
345,000
Nov 14, 2025
52.93
57.96
52.64
56.27
37.89
328,200
Nov 13, 2025
0.921 Dividend 

Nov 13, 2025
59.20
59.75
55.13
56.21
37.85
235,200
Nov 12, 2025
61.32
61.62
59.76
61.36
40.69
249,700
Nov 11, 2025
61.98
61.98
60.55
61.06
40.49
152,400
Nov 10, 2025
61.51
63.15
60.73
62.32
41.33
206,900
Nov 7, 2025
57.39
60.88
56.07
60.04
39.82
430,400
Nov 6, 2025
1.257 Dividend 

Nov 6, 2025
65.00
65.00
58.74
59.19
39.25
413,800
Nov 5, 2025
65.76
67.60
63.76
66.75
43.43
290,800
Nov 4, 2025
66.87
67.41
64.14
64.42
41.92
178,300
Nov 3, 2025
68.80
69.04
66.62
68.53
44.59
142,400
Oct 31, 2025
67.19
69.00
67.19
68.08
44.30
257,100
Oct 30, 2025
1.343 Dividend 

Oct 30, 2025
66.29
67.12
64.70
65.37
42.54
136,100
Oct 29, 2025
69.34
69.78
68.00
68.93
43.98
230,500
Oct 28, 2025
69.49
69.78
69.00
69.25
44.18
145,200
Oct 27, 2025
68.69
70.72
68.40
69.23
44.17
218,900
Oct 24, 2025
66.07
67.61
66.07
66.67
42.54
275,900
Oct 23, 2025
0.73 Dividend 

Oct 23, 2025
63.20
66.00
62.56
65.32
41.67
202,500
Oct 22, 2025
65.65
65.65
60.13
63.13
39.81
299,500
Oct 21, 2025
66.66
66.75
65.11
65.43
41.26
173,700
Oct 20, 2025
65.29
68.20
65.29
66.58
41.99
317,200
Oct 17, 2025
63.50
65.00
62.30
64.48
40.66
394,900
Oct 16, 2025
5.947 Dividend 

Oct 16, 2025
67.04
67.75
64.57
65.00
40.99
558,800
Oct 15, 2025
74.41
75.00
72.00
72.35
41.88
985,900
Oct 14, 2025
73.66
75.79
71.70
72.78
42.12
223,300
Oct 13, 2025
77.13
77.60
73.30
75.18
43.51
209,600
Oct 10, 2025
80.43
80.99
74.02
74.16
42.92
192,500
Oct 9, 2025
79.53
80.69
78.28
80.69
46.70
58,200
Oct 8, 2025
77.15
79.78
76.79
79.53
46.03
109,200
Oct 7, 2025
77.54
77.54
75.19
76.76
44.43
121,100
Oct 6, 2025
79.27
79.88
76.05
76.05
44.02
192,600
Oct 3, 2025
77.84
78.49
77.00
78.00
45.15
117,200
Oct 2, 2025
75.74
77.55
74.80
76.94
44.53
194,000
Oct 1, 2025
75.40
75.88
73.58
74.59
43.17
133,600
Sep 30, 2025
72.58
76.00
72.58
75.70
43.82
267,200
Sep 29, 2025
68.02
73.24
68.02
73.24
42.39
430,200
Sep 26, 2025
68.27
68.93
66.82
67.20
38.90
109,900
Sep 25, 2025
68.00
68.98
66.70
67.55
39.10
112,200
Sep 24, 2025
69.00
70.20
68.54
69.08
39.98
172,300
Sep 23, 2025
68.12
69.30
68.00
68.80
39.82
157,100
Sep 22, 2025
67.70
68.80
67.01
68.03
39.38
247,800
Sep 19, 2025
66.50
68.05
66.42
68.00
39.36
303,700
Sep 18, 2025
3.864 Dividend 

Sep 18, 2025
66.15
67.82
66.07
66.69
38.60
306,600
Sep 17, 2025
68.70
69.68
67.32
69.25
37.85
512,600
Sep 16, 2025
67.73
68.97
66.91
68.36
37.36
177,900
Sep 15, 2025
67.50
68.30
66.20
67.45
36.86
226,900
Sep 12, 2025
69.01
69.16
66.75
67.56
36.92
138,600
Sep 11, 2025
68.93
70.50
68.67
68.82
37.61
68,700
Sep 10, 2025
70.09
71.10
68.35
68.64
37.51
263,700
Sep 9, 2025
68.33
69.30
67.27
69.10
37.76
109,500
Sep 8, 2025
66.12
68.70
66.00
68.51
37.44
348,400
Sep 5, 2025
64.23
64.45
59.27
62.22
34.00
154,200
Sep 4, 2025
62.00
64.20
62.00
63.47
34.69
61,000
Sep 3, 2025
62.65
63.13
61.40
62.24
34.01
53,200
Sep 2, 2025
62.09
62.49
60.42
61.91
33.83
102,600
Aug 29, 2025
63.19
63.82
62.45
63.66
34.79
80,900
Aug 28, 2025
63.92
64.25
62.85
63.26
34.57
79,500
Aug 27, 2025
66.01
66.26
62.75
62.76
34.30
148,400
Aug 26, 2025
64.82
66.33
64.06
65.98
36.06
192,200
Aug 25, 2025
65.61
66.40
64.50
65.64
35.87
183,700
Aug 22, 2025
63.57
67.25
62.93
65.93
36.03
343,600
Aug 21, 2025
3.856 Dividend 

Aug 21, 2025
63.21
65.25
63.08
64.18
35.07
214,500
Aug 20, 2025
68.45
68.71
64.07
67.74
34.91
559,700
Aug 19, 2025
72.51
72.78
68.23
68.80
35.46
456,600
Aug 18, 2025
71.41
72.11
69.64
71.83
37.02
411,200
Aug 15, 2025
70.03
71.75
68.86
71.75
36.98
254,300
Aug 14, 2025
67.88
70.31
67.36
70.31
36.24
194,500
Aug 13, 2025
72.20
72.48
67.86
68.77
35.44
303,300
Aug 12, 2025
72.13
73.12
71.15
71.82
37.02
138,000
Aug 11, 2025
72.50
72.80
71.09
71.27
36.73
214,400
Aug 8, 2025
71.00
72.35
70.51
71.82
37.02
257,900
Aug 7, 2025
69.40
71.14
69.40
70.65
36.41
179,100
Aug 6, 2025
67.67
68.77
66.12
68.77
35.44
122,700
Aug 5, 2025
68.17
69.14
67.25
68.36
35.23
133,900
Aug 4, 2025
66.08
68.75
64.10
68.75
35.43
183,200
Aug 1, 2025
64.40
68.17
61.30
65.26
33.63
354,300
Jul 31, 2025
67.90
70.25
66.13
67.61
34.85
189,800
Jul 30, 2025
66.65
68.56
66.65
67.90
35.00
284,000
Jul 29, 2025
68.50
68.67
66.43
66.77
34.41
214,800
Jul 28, 2025
68.14
68.53
67.40
68.50
35.30
292,700
Jul 25, 2025
65.53
68.23
65.40
67.36
34.72
328,800
Jul 24, 2025
6.898 Dividend 

Jul 24, 2025
66.56
66.57
64.89
66.00
34.02
363,800
Jul 23, 2025
73.00
73.13
71.79
72.83
33.98
1,495,700
Jul 22, 2025
73.86
74.65
70.50
72.67
33.91
379,100
Jul 21, 2025
77.08
77.55
73.91
73.99
34.52
521,000
Jul 18, 2025
77.39
78.77
76.34
77.49
36.16
283,400
Jul 17, 2025
74.58
75.88
74.07
75.62
35.28
154,300
Jul 16, 2025
72.92
75.00
72.79
74.30
34.67
130,500
Jul 15, 2025
72.50
73.34
71.28
72.58
33.86
93,200
Jul 14, 2025
73.20
73.20
71.94
72.63
33.89
71,700
Jul 11, 2025
71.24
73.21
70.90
71.62
33.42
74,700
Jul 10, 2025
69.88
71.70
68.39
71.70
33.45
78,400
Jul 9, 2025
67.86
69.04
66.99
69.04
32.21
89,300
Jul 8, 2025
69.79
70.97
66.26
66.33
30.95
116,300
Jul 7, 2025
68.00
69.38
66.64
67.97
31.71
103,500
Jul 3, 2025
69.22
69.22
66.71
68.30
31.87
78,300
Jul 2, 2025
65.80
71.39
65.80
70.01
32.67
282,500
Jul 1, 2025
68.11
70.64
65.23
66.58
31.06
229,900
Jun 30, 2025
63.28
67.60
63.28
67.60
31.54
312,900
Jun 27, 2025
62.65
62.97
61.80
62.34
29.09
186,400
Jun 26, 2025
6.503 Dividend 

Jun 26, 2025
62.17
62.90
61.71
62.90
29.35
241,300
Jun 25, 2025
69.68
69.68
67.66
68.79
29.06
995,700
Jun 24, 2025
66.98
67.69
64.50
67.69
28.60
154,700
Jun 23, 2025
65.59
66.04
62.75
64.55
27.27
539,900
Jun 20, 2025
66.00
66.00
63.85
65.52
27.68
31,800
Jun 18, 2025
63.52
65.22
63.50
64.97
27.45
16,700
Jun 17, 2025
63.50
63.83
62.00
63.29
26.74
10,300
Jun 16, 2025
62.89
64.16
62.89
64.16
27.11
11,500
Jun 13, 2025
60.68
63.14
60.68
61.46
25.97
14,100
Jun 12, 2025
63.52
63.71
62.44
62.56
26.43
12,500
Jun 11, 2025
62.00
63.63
61.69
63.22
26.71
13,400
Jun 10, 2025
63.39
63.39
60.09
61.43
25.95
14,700
Jun 9, 2025
61.04
61.82
58.12
61.82
26.12
45,800
Jun 6, 2025
62.82
64.54
62.13
62.71
26.49
23,600
Jun 5, 2025
62.75
63.65
60.38
61.10
25.81
17,000
Jun 4, 2025
62.00
62.00
60.38
61.01
25.78
15,700
Jun 3, 2025
59.49
60.97
59.39
60.45
25.54
21,500
Jun 2, 2025
57.46
58.54
57.03
58.41
24.68
19,400
May 30, 2025
55.33
57.58
55.33
57.58
24.33
26,900
May 29, 2025
3.304 Dividend 

May 29, 2025
57.92
57.92
55.92
55.92
23.63
20,600
May 28, 2025
62.25
62.25
60.07
60.57
24.19
48,300
May 27, 2025
60.50
61.36
59.07
60.77
24.27
13,600
May 23, 2025
57.51
59.07
57.51
58.17
23.23
9,800
May 22, 2025
59.82
60.10
59.10
59.96
23.95
5,000
May 21, 2025
59.34
60.37
58.74
59.10
23.61
13,100
May 20, 2025
58.07
59.79
58.07
59.55
23.79
7,800
May 19, 2025
58.05
59.22
58.05
59.22
23.65
6,300
May 16, 2025
58.88
58.94
57.60
57.94
23.14
10,100
May 15, 2025
55.51
57.21
54.81
57.16
22.83
5,900
May 14, 2025
58.49
59.01
57.55
57.61
23.01
9,200
May 13, 2025
57.28
58.96
57.28
58.39
23.32
7,400
May 12, 2025
58.94
58.94
54.98
55.59
22.20
10,900
May 9, 2025
53.60
54.53
53.29
53.58
21.40
4,400
May 8, 2025
52.05
53.43
51.76
52.82
21.10
37,700
