Date
Open
High
Low
Close 

Adj Close 

Volume
May 26, 2026
49.41
49.41
49.35
49.40
49.40
16,462
May 22, 2026
49.36
49.37
49.27
49.31
49.31
28,400
May 21, 2026
49.20
49.32
49.16
49.28
49.28
28,800
May 20, 2026
49.05
49.22
49.03
49.19
49.19
25,000
May 19, 2026
49.03
49.06
48.98
49.01
49.01
11,200
May 18, 2026
49.12
49.12
48.95
49.03
49.03
45,800
May 15, 2026
49.18
49.20
49.08
49.09
49.09
66,300
May 14, 2026
49.35
49.42
49.35
49.37
49.37
35,800
May 13, 2026
0.333 Dividend 

May 13, 2026
49.31
49.46
49.24
49.34
49.34
48,400
May 12, 2026
49.62
49.66
49.58
49.65
49.32
44,600
May 11, 2026
49.80
49.83
49.72
49.73
49.40
34,800
May 8, 2026
49.70
49.81
49.70
49.79
49.46
22,700
May 7, 2026
49.78
49.83
49.68
49.69
49.36
34,400
May 6, 2026
49.73
49.84
49.73
49.83
49.49
25,900
May 5, 2026
49.65
49.73
49.65
49.69
49.36
36,200
May 4, 2026
49.74
49.74
49.53
49.63
49.29
57,800
May 1, 2026
49.74
49.80
49.72
49.74
49.41
18,100
Apr 30, 2026
49.56
49.71
49.56
49.69
49.36
13,900
Apr 29, 2026
49.64
49.64
49.45
49.51
49.18
27,600
Apr 28, 2026
49.65
49.71
49.65
49.68
49.35
16,200
Apr 27, 2026
49.71
49.73
49.70
49.72
49.39
11,900
Apr 24, 2026
49.65
49.72
49.65
49.71
49.38
12,200
Apr 23, 2026
49.64
49.71
49.56
49.63
49.30
22,600
Apr 22, 2026
49.69
49.70
49.63
49.69
49.35
19,500
Apr 21, 2026
49.70
49.70
49.60
49.61
49.28
12,200
Apr 20, 2026
49.75
49.77
49.68
49.72
49.39
16,100
Apr 17, 2026
49.67
49.81
49.67
49.76
49.42
40,700
Apr 16, 2026
49.65
49.65
49.56
49.58
49.25
29,800
Apr 15, 2026
0.334 Dividend 

Apr 15, 2026
49.82
49.82
49.62
49.66
49.33
29,100
Apr 14, 2026
49.92
50.01
49.92
49.98
49.31
25,600
Apr 13, 2026
49.74
49.88
49.69
49.88
49.21
53,100
Apr 10, 2026
49.83
49.85
49.74
49.76
49.10
36,700
Apr 9, 2026
49.80
49.87
49.77
49.82
49.16
11,200
Apr 8, 2026
49.83
49.84
49.72
49.74
49.07
10,000
Apr 7, 2026
49.52
49.58
49.46
49.58
48.91
8,700
Apr 6, 2026
49.51
49.57
49.50
49.56
48.90
16,800
Apr 2, 2026
49.39
49.55
49.39
49.51
48.85
17,400
Apr 1, 2026
49.46
49.52
49.23
49.47
48.81
33,000
Mar 31, 2026
49.40
49.48
49.39
49.47
48.81
20,800
Mar 30, 2026
49.31
49.35
49.29
49.31
48.65
5,800
Mar 27, 2026
49.33
49.35
49.26
49.26
48.60
6,800
Mar 26, 2026
49.36
49.41
49.33
49.33
48.68
33,700
Mar 25, 2026
49.37
49.41
49.36
49.40
48.74
8,000
Mar 24, 2026
49.31
49.36
49.31
49.34
48.68
12,600
Mar 23, 2026
49.38
49.41
49.29
49.37
48.71
14,700
Mar 20, 2026
49.42
49.42
49.22
49.26
48.60
18,300
Mar 19, 2026
49.30
49.50
49.30
49.46
48.80
42,100
Mar 18, 2026
49.46
49.47
49.39
49.39
48.73
13,000
Mar 17, 2026
49.45
49.48
49.43
49.47
48.81
11,100
Mar 16, 2026
49.39
49.42
49.33
49.37
48.71
19,400
Mar 13, 2026
49.40
49.40
49.21
49.24
48.58
54,500
Mar 12, 2026
49.50
49.50
49.34
49.34
48.68
35,800
Mar 11, 2026
0.335 Dividend 

Mar 11, 2026
49.59
49.60
49.54
49.56
48.90
12,300
Mar 10, 2026
49.96
50.08
49.92
49.97
48.97
17,700
Mar 9, 2026
49.65
49.98
49.65
49.98
48.98
18,300
Mar 6, 2026
49.77
49.90
49.76
49.78
48.78
12,100
Mar 5, 2026
50.02
50.04
49.87
49.96
48.96
17,400
Mar 4, 2026
50.01
50.14
50.01
50.10
49.10
9,300
Mar 3, 2026
49.77
50.03
49.76
49.99
49.00
22,100
Mar 2, 2026
49.89
50.13
49.89
50.09
49.09
17,900
Feb 27, 2026
50.10
50.19
50.10
50.15
49.14
23,800
Feb 26, 2026
50.27
50.28
50.17
50.26
49.26
36,700
Feb 25, 2026
50.22
50.29
50.22
50.27
49.26
20,500
Feb 24, 2026
50.17
50.22
50.11
50.19
49.19
22,300
Feb 23, 2026
50.27
50.31
50.19
50.21
49.20
20,400
Feb 20, 2026
50.18
50.32
50.18
50.29
49.29
19,600
Feb 19, 2026
50.19
50.22
50.15
50.21
49.21
13,300
Feb 18, 2026
50.16
50.24
50.15
50.20
49.20
13,300
Feb 17, 2026
50.12
50.14
50.05
50.13
49.12
26,900
Feb 13, 2026
50.10
50.23
50.10
50.14
49.14
34,800
Feb 12, 2026
50.15
50.17
50.06
50.08
49.08
16,800
Feb 11, 2026
0.338 Dividend 

Feb 11, 2026
50.15
50.15
50.04
50.13
49.13
32,400
Feb 10, 2026
50.50
50.58
50.47
50.48
49.14
21,900
Feb 9, 2026
50.37
50.50
50.37
50.49
49.15
26,000
Feb 6, 2026
50.30
50.44
50.30
50.44
49.11
15,000
Feb 5, 2026
50.20
50.25
50.16
50.21
48.88
16,000
Feb 4, 2026
50.37
50.37
50.24
50.28
48.95
22,600
Feb 3, 2026
50.37
50.39
50.23
50.31
48.98
20,900
Feb 2, 2026
50.38
50.42
50.34
50.40
49.06
16,700
Jan 30, 2026
50.25
50.35
50.25
50.33
49.00
12,500
Jan 29, 2026
50.30
50.30
50.20
50.30
48.97
17,700
Jan 28, 2026
50.33
50.37
50.30
50.32
48.99
34,500
Jan 27, 2026
50.36
50.41
50.34
50.38
49.04
26,500
Jan 26, 2026
50.36
50.45
50.35
50.39
49.05
36,200
Jan 23, 2026
50.34
50.39
50.29
50.33
49.00
27,300
Jan 22, 2026
50.34
50.36
50.31
50.34
49.00
17,300
Jan 21, 2026
50.18
50.30
50.18
50.28
48.94
17,400
Jan 20, 2026
50.06
50.19
50.02
50.06
48.74
20,800
Jan 16, 2026
50.30
50.31
50.23
50.28
48.95
38,300
Jan 15, 2026
50.28
50.28
50.21
50.25
48.92
19,000
Jan 14, 2026
0.339 Dividend 

Jan 14, 2026
50.22
50.26
50.16
50.24
48.91
21,800
Jan 13, 2026
50.61
50.61
50.51
50.58
48.91
22,000
Jan 12, 2026
50.50
50.59
50.50
50.58
48.91
35,900
Jan 9, 2026
50.52
50.61
50.52
50.58
48.91
31,000
Jan 8, 2026
50.48
50.53
50.47
50.53
48.86
20,800
Jan 7, 2026
50.53
50.55
50.53
50.53
48.86
10,100
Jan 6, 2026
50.48
50.54
50.47
50.53
48.86
20,500
Jan 5, 2026
50.40
50.51
50.39
50.49
48.82
26,100
Jan 2, 2026
50.39
50.39
50.31
50.37
48.70
23,700
Dec 31, 2025
50.33
50.39
50.33
50.33
48.66
8,900
Dec 30, 2025
50.34
50.41
50.32
50.38
48.72
15,500
Dec 29, 2025
50.29
50.36
50.28
50.35
48.68
39,000
Dec 26, 2025
50.32
50.34
50.30
50.31
48.65
26,100
Dec 24, 2025
0.338 Dividend 

Dec 24, 2025
50.24
50.33
50.23
50.32
48.66
6,300
Dec 23, 2025
50.49
50.59
50.49
50.57
48.57
21,400
Dec 22, 2025
50.53
50.54
50.47
50.50
48.50
25,400
Dec 19, 2025
50.51
50.55
50.47
50.49
48.49
92,000
Dec 18, 2025
50.49
50.52
50.42
50.50
48.50
64,700
Dec 17, 2025
50.42
50.42
50.31
50.33
48.34
107,900
Dec 16, 2025
50.37
50.49
50.34
50.43
48.43
22,800
Dec 15, 2025
50.44
50.44
50.36
50.40
48.41
13,700
Dec 12, 2025
50.42
50.42
50.32
50.38
48.38
12,200
Dec 11, 2025
50.48
50.49
50.43
50.44
48.45
6,800
Dec 10, 2025
50.25
50.48
50.25
50.46
48.47
9,100
Dec 9, 2025
50.33
50.34
50.21
50.27
48.28
52,600
Dec 8, 2025
50.46
50.46
50.31
50.33
48.34
17,500
Dec 5, 2025
50.45
50.50
50.38
50.44
48.45
19,000
Dec 4, 2025
50.45
50.47
50.36
50.41
48.42
10,900
Dec 3, 2025
50.36
50.47
50.36
50.44
48.45
23,800
Dec 2, 2025
50.30
50.38
50.29
50.35
48.36
30,500
Dec 1, 2025
50.22
50.31
50.20
50.28
48.29
16,000
Nov 28, 2025
50.38
50.39
50.36
50.37
48.38
20,600
Nov 26, 2025
0.337 Dividend 

Nov 26, 2025
50.27
50.32
50.24
50.31
48.32
10,900
Nov 25, 2025
50.40
50.61
50.40
50.61
48.29
8,900
Nov 24, 2025
50.36
50.41
50.32
50.40
48.08
23,300
Nov 21, 2025
50.17
50.36
50.10
50.28
47.97
11,500
Nov 20, 2025
50.39
50.42
50.12
50.12
47.82
13,700
Nov 19, 2025
50.16
50.27
50.16
50.21
47.90
10,500
Nov 18, 2025
50.11
50.20
50.07
50.16
47.85
14,200
Nov 17, 2025
50.26
50.31
50.14
50.17
47.87
9,600
Nov 14, 2025
50.15
50.39
50.15
50.32
48.01
24,000
Nov 13, 2025
50.44
50.44
50.26
50.26
47.96
15,500
Nov 12, 2025
50.58
50.58
50.47
50.53
48.22
44,900
Nov 11, 2025
50.51
50.59
50.51
50.58
48.25
6,100
Nov 10, 2025
50.43
50.53
50.34
50.51
48.19
33,200
Nov 7, 2025
50.21
50.28
50.12
50.24
47.94
16,200
Nov 6, 2025
50.26
50.29
50.20
50.25
47.94
9,200
Nov 5, 2025
50.19
50.28
50.19
50.25
47.94
8,400
Nov 4, 2025
50.03
50.23
49.78
50.13
47.83
73,800
Nov 3, 2025
50.36
50.36
50.26
50.26
47.96
22,300
Oct 31, 2025
50.36
50.43
50.30
50.36
48.05
24,400
Oct 30, 2025
50.31
50.42
50.28
50.36
48.05
13,200
Oct 29, 2025
50.58
50.60
49.99
50.44
48.12
25,700
Oct 28, 2025
50.59
50.62
50.57
50.59
48.27
18,500
Oct 27, 2025
50.58
50.67
50.55
50.65
48.33
20,500
Oct 24, 2025
50.50
50.51
50.46
50.49
48.18
22,200
Oct 23, 2025
50.35
50.39
50.33
50.36
48.05
27,000
Oct 22, 2025
0.345 Dividend 

Oct 22, 2025
50.38
50.38
50.33
50.35
48.04
13,200
Oct 21, 2025
50.76
50.78
50.71
50.72
48.07
12,300
Oct 20, 2025
50.68
50.78
50.66
50.78
48.11
24,100
Oct 17, 2025
50.50
50.62
50.48
50.62
47.97
15,300
Oct 16, 2025
50.63
50.64
50.53
50.54
47.89
12,900
Oct 15, 2025
50.58
50.71
50.58
50.63
47.98
14,900
Oct 14, 2025
50.55
50.55
50.36
50.53
47.88
335,500
Oct 13, 2025
50.27
50.57
50.27
50.57
47.92
17,400
Oct 10, 2025
50.54
50.55
50.13
50.17
47.54
27,100
Oct 9, 2025
50.64
50.64
50.51
50.53
47.88
13,700
Oct 8, 2025
50.78
50.80
50.72
50.72
48.06
9,400
Oct 7, 2025
50.81
50.83
50.78
50.78
48.12
9,700
Oct 6, 2025
50.76
50.82
50.76
50.79
48.13
9,100
Oct 3, 2025
50.77
50.79
50.74
50.76
48.10
14,500
Oct 2, 2025
50.70
50.82
50.70
50.78
48.12
13,700
Oct 1, 2025
50.67
50.78
50.67
50.77
48.11
9,400
Sep 30, 2025
50.72
50.72
50.65
50.71
48.05
18,200
Sep 29, 2025
50.68
50.74
50.68
50.74
48.08
15,800
Sep 26, 2025
50.60
50.67
50.35
50.63
47.98
31,200
Sep 25, 2025
50.55
50.60
50.55
50.58
47.93
56,900
Sep 24, 2025
0.358 Dividend 

Sep 24, 2025
50.73
50.75
50.69
50.70
48.04
8,100
Sep 23, 2025
51.17
51.17
51.10
51.11
48.09
5,400
Sep 22, 2025
51.08
51.15
51.08
51.13
48.11
5,300
Sep 19, 2025
51.03
51.12
51.03
51.07
48.06
16,800
Sep 18, 2025
50.99
51.04
50.99
51.03
48.02
9,400
Sep 17, 2025
51.01
51.04
50.93
50.96
47.95
8,900
Sep 16, 2025
51.01
51.03
50.98
51.01
47.99
19,900
Sep 15, 2025
50.93
51.05
50.93
51.03
48.02
14,900
Sep 12, 2025
50.89
50.93
50.89
50.90
47.89
14,500
Sep 11, 2025
50.90
50.94
50.89
50.93
47.93
2,600
Sep 10, 2025
50.82
50.86
50.78
50.78
47.78
9,300
Sep 9, 2025
50.78
50.78
50.70
50.76
47.76
6,000
Sep 8, 2025
50.82
50.85
50.81
50.81
47.81
11,400
Sep 5, 2025
50.83
50.87
50.56
50.79
47.80
16,300
Sep 4, 2025
50.65
50.74
50.65
50.74
47.75
8,600
Sep 3, 2025
50.49
50.60
50.49
50.60
47.61
7,400
Sep 2, 2025
50.38
50.46
50.36
50.45
47.47
33,900
Aug 29, 2025
50.57
50.62
50.55
50.57
47.58
4,700
Aug 28, 2025
50.60
50.72
50.60
50.62
47.63
11,400
Aug 27, 2025
50.55
50.69
50.54
50.60
47.62
11,600
Aug 26, 2025
50.51
50.55
50.46
50.53
47.55
5,300
Aug 25, 2025
50.61
50.61
50.46
50.48
47.50
11,100
Aug 22, 2025
50.19
50.51
50.16
50.48
47.50
46,400
Aug 21, 2025
50.19
50.19
50.11
50.12
47.16
11,600
Aug 20, 2025
0.354 Dividend 

Aug 20, 2025
50.25
50.37
50.19
50.25
47.28
22,000
Aug 19, 2025
50.60
50.63
50.60
50.62
47.30
13,900
Aug 18, 2025
50.62
50.66
50.62
50.63
47.30
8,700
Aug 15, 2025
50.60
50.64
50.60
50.63
47.30
5,900
Aug 14, 2025
50.68
50.68
50.57
50.58
47.27
12,800
Aug 13, 2025
50.67
50.71
50.65
50.71
47.38
7,800
Aug 12, 2025
50.55
50.58
50.51
50.58
47.26
12,400
Aug 11, 2025
50.47
50.53
50.45
50.47
47.15
24,800
Aug 8, 2025
50.50
50.50
50.45
50.47
47.15
8,300
Aug 7, 2025
50.54
50.54
50.44
50.46
47.14
18,000
Aug 6, 2025
50.44
50.51
50.43
50.51
47.20
28,900
Aug 5, 2025
50.45
50.47
50.36
50.44
47.13
12,100
Aug 4, 2025
50.34
50.46
50.31
50.44
47.13
16,400
Aug 1, 2025
50.26
50.26
50.09
50.21
46.92
19,300
Jul 31, 2025
50.26
50.31
50.26
50.29
46.99
8,200
Jul 30, 2025
50.32
50.33
50.23
50.26
46.96
3,100
Jul 29, 2025
50.34
50.39
50.30
50.35
47.05
5,900
Jul 28, 2025
50.35
50.38
50.30
50.33
47.03
16,500
Jul 25, 2025
50.34
50.40
50.31
50.35
47.05
22,600
Jul 24, 2025
50.34
50.37
50.30
50.35
47.04
5,500
Jul 23, 2025
0.364 Dividend 

Jul 23, 2025
50.34
50.39
50.33
50.37
47.07
21,000
Jul 22, 2025
50.65
50.71
50.63
50.69
47.02
18,700
Jul 21, 2025
50.63
50.67
50.61
50.63
46.97
7,700
Jul 18, 2025
50.54
50.56
50.53
50.53
46.88
8,300
Jul 17, 2025
50.38
50.51
50.38
50.49
46.84
14,400
Jul 16, 2025
50.38
50.42
50.31
50.42
46.77
14,800
Jul 15, 2025
50.46
50.46
50.31
50.32
46.68
9,200
Jul 14, 2025
50.42
50.46
50.40
50.44
46.80
42,600
Jul 11, 2025
50.46
50.52
50.35
50.52
46.87
79,000
Jul 10, 2025
50.54
50.60
50.49
50.53
46.88
54,600
Jul 9, 2025
50.45
50.57
50.42
50.51
46.86
46,900
Jul 8, 2025
50.42
50.49
50.36
50.41
46.76
28,900
Jul 7, 2025
50.53
50.54
50.42
50.42
46.77
6,200
Jul 3, 2025
50.56
50.60
50.55
50.57
46.91
5,200
Jul 2, 2025
50.30
50.66
50.30
50.62
46.96
13,200
Jul 1, 2025
50.45
50.57
50.33
50.53
46.88
73,900
Jun 30, 2025
50.41
50.47
50.39
50.46
46.81
7,600
Jun 27, 2025
50.35
50.38
50.28
50.36
46.72
20,000
Jun 26, 2025
50.30
50.36
50.25
50.33
46.69
6,600
Jun 25, 2025
0.363 Dividend 

Jun 25, 2025
50.19
50.22
50.16
50.21
46.58
75,400
Jun 24, 2025
50.53
50.60
50.53
50.60
46.60
4,500
Jun 23, 2025
50.31
50.44
50.31
50.44
46.46
31,300
Jun 20, 2025
50.26
50.32
50.22
50.30
46.33
5,800
Jun 18, 2025
50.10
50.21
50.10
50.17
46.21
17,500
Jun 17, 2025
50.17
50.17
50.06
50.06
46.11
12,000
Jun 16, 2025
50.14
50.18
50.13
50.17
46.20
6,200
Jun 13, 2025
50.07
50.10
49.99
50.00
46.05
34,900
Jun 12, 2025
50.10
50.15
50.10
50.15
46.19
29,100
Jun 11, 2025
50.14
50.17
50.10
50.10
46.14
5,600
Jun 10, 2025
50.08
50.12
50.02
50.12
46.16
12,500
Jun 9, 2025
50.00
50.06
49.99
50.04
46.09
16,000
Jun 6, 2025
50.04
50.05
49.99
50.00
46.05
3,300
Jun 5, 2025
50.06
50.06
49.98
50.00
46.05
3,500
Jun 4, 2025
50.00
50.12
50.00
50.08
46.12
6,300
Jun 3, 2025
49.93
49.99
49.90
49.99
46.04
7,700
Jun 2, 2025
49.79
49.86
49.53
49.83
45.89
39,800
May 30, 2025
49.77
49.86
49.77
49.86
45.92
15,400
May 29, 2025
49.81
49.81
49.80
49.81
45.88
3,000
May 28, 2025
49.68
49.80
49.67
49.71
45.78
9,900
May 27, 2025
49.68
49.76
49.68
49.74
45.82
4,300
