Date
Open
High
Low
Close 

Adj Close 

Volume
Jun 5, 2026
53.56
54.11
52.47
52.53
52.53
315,300
Jun 4, 2026
54.69
54.69
54.11
54.30
54.30
145,600
Jun 3, 2026
53.99
54.10
53.77
53.97
53.97
139,400
Jun 2, 2026
54.64
54.64
54.31
54.45
54.45
159,600
Jun 1, 2026
54.17
54.42
53.94
54.31
54.31
207,000
May 29, 2026
54.63
55.45
54.62
54.96
54.96
194,400
May 28, 2026
53.50
54.58
53.43
54.52
54.52
162,700
May 27, 2026
53.39
53.90
53.24
53.80
53.80
274,600
May 26, 2026
54.61
54.75
54.26
54.54
54.54
259,000
May 22, 2026
54.79
54.96
54.28
54.50
54.50
184,400
May 21, 2026
54.49
55.03
54.25
54.92
54.92
187,600
May 20, 2026
0.555 Dividend 

May 20, 2026
54.34
55.04
54.00
55.04
55.04
198,600
May 19, 2026
54.99
55.06
54.55
54.83
54.28
252,300
May 18, 2026
55.74
55.82
55.27
55.57
55.01
239,300
May 15, 2026
55.45
55.56
55.02
55.38
54.82
295,200
May 14, 2026
56.74
56.90
56.56
56.62
56.05
206,000
May 13, 2026
56.93
57.03
56.64
56.95
56.37
210,000
May 12, 2026
56.93
57.18
56.32
57.18
56.60
166,600
May 11, 2026
57.20
57.32
56.97
57.25
56.67
287,200
May 8, 2026
57.19
57.36
56.90
57.23
56.65
219,500
May 7, 2026
57.44
57.50
56.75
57.05
56.47
224,600
May 6, 2026
57.04
57.04
56.68
56.88
56.30
234,800
May 5, 2026
55.63
55.75
55.37
55.53
54.97
230,300
May 4, 2026
55.50
55.65
54.80
55.08
54.52
247,800
May 1, 2026
55.78
56.43
55.69
56.00
55.43
165,900
Apr 30, 2026
56.08
56.15
55.85
56.07
55.50
108,000
Apr 29, 2026
55.15
55.39
54.77
55.20
54.64
189,800
Apr 28, 2026
55.71
55.84
55.31
55.83
55.26
367,400
Apr 27, 2026
57.09
57.09
56.56
56.84
56.26
183,100
Apr 24, 2026
56.91
57.30
56.74
57.13
56.55
109,500
Apr 23, 2026
57.28
57.36
56.47
57.00
56.42
143,200
Apr 22, 2026
0.586 Dividend 

Apr 22, 2026
57.38
57.54
57.12
57.35
56.77
140,600
Apr 21, 2026
58.14
58.46
57.18
57.21
56.05
189,700
Apr 20, 2026
58.60
58.78
58.40
58.75
57.56
218,400
Apr 17, 2026
58.89
59.31
58.89
59.16
57.96
178,200
Apr 16, 2026
58.68
58.70
58.25
58.40
57.22
154,300
Apr 15, 2026
58.75
58.75
58.30
58.48
57.30
194,000
Apr 14, 2026
58.27
58.92
58.20
58.92
57.73
206,800
Apr 13, 2026
57.74
58.00
57.38
57.94
56.77
184,700
Apr 10, 2026
58.12
58.32
57.84
58.08
56.90
143,000
Apr 9, 2026
57.81
58.34
57.75
58.07
56.89
137,800
Apr 8, 2026
58.36
58.36
57.15
57.67
56.50
184,200
Apr 7, 2026
56.65
57.30
56.14
57.12
55.96
104,900
Apr 6, 2026
56.85
57.15
56.64
56.84
55.69
191,000
Apr 2, 2026
56.09
57.00
55.83
56.84
55.69
187,000
Apr 1, 2026
57.47
58.06
57.33
57.86
56.69
240,000
Mar 31, 2026
55.48
56.94
55.43
56.87
55.72
174,600
Mar 30, 2026
55.42
55.53
54.60
54.80
53.69
190,700
Mar 27, 2026
53.67
55.25
53.64
54.97
53.86
187,600
Mar 26, 2026
53.97
54.40
53.02
53.12
52.04
163,300
Mar 25, 2026
55.50
55.54
54.59
55.19
54.07
156,900
Mar 24, 2026
53.07
53.84
52.88
53.54
52.46
141,900
Mar 23, 2026
53.65
54.75
52.89
53.29
52.21
356,700
Mar 20, 2026
56.50
56.58
54.45
54.57
53.46
262,900
Mar 19, 2026
55.50
56.54
55.15
56.24
55.10
494,600
Mar 18, 2026
0.613 Dividend 

Mar 18, 2026
59.07
59.44
58.75
58.82
57.63
199,700
Mar 17, 2026
61.42
61.73
60.96
61.34
59.50
148,600
Mar 16, 2026
61.31
61.57
60.90
61.32
59.48
204,900
Mar 13, 2026
62.31
62.45
61.24
61.38
59.54
132,700
Mar 12, 2026
63.08
63.09
62.01
62.01
60.15
164,100
Mar 11, 2026
63.09
63.50
62.80
63.32
61.42
68,600
Mar 10, 2026
63.29
63.61
62.88
63.32
61.42
128,800
Mar 9, 2026
62.13
62.66
61.67
62.52
60.64
174,100
Mar 6, 2026
62.18
62.81
61.89
62.80
60.91
139,800
Mar 5, 2026
62.15
62.31
61.57
61.81
59.95
124,500
Mar 4, 2026
62.70
62.87
62.20
62.50
60.62
104,400
Mar 3, 2026
62.58
62.58
60.95
61.86
60.00
308,300
Mar 2, 2026
64.55
64.57
63.72
64.55
62.61
207,400
Feb 27, 2026
63.50
63.84
63.24
63.84
61.92
156,200
Feb 26, 2026
62.95
63.24
62.64
63.24
61.34
104,500
Feb 25, 2026
62.91
63.27
62.62
62.79
60.90
119,500
Feb 24, 2026
62.20
62.79
62.15
62.77
60.88
177,600
Feb 23, 2026
62.69
63.40
62.68
63.40
61.49
271,400
Feb 20, 2026
61.49
62.19
61.00
62.19
60.32
214,200
Feb 19, 2026
60.88
61.28
60.68
61.11
59.27
105,100
Feb 18, 2026
0.62 Dividend 

Feb 18, 2026
60.75
61.19
60.62
60.98
59.15
151,400
Feb 17, 2026
60.87
60.87
60.10
60.54
58.12
173,100
Feb 13, 2026
61.76
62.18
61.40
62.16
59.67
143,600
Feb 12, 2026
62.33
62.54
60.54
60.79
58.36
189,600
Feb 11, 2026
62.49
62.73
62.12
62.73
60.22
166,300
Feb 10, 2026
62.31
62.48
61.74
62.14
59.66
288,900
Feb 9, 2026
61.63
62.50
61.63
62.50
60.00
246,600
Feb 6, 2026
60.35
61.17
60.33
61.02
58.58
120,100
Feb 5, 2026
59.50
60.38
59.17
59.30
56.93
361,300
Feb 4, 2026
61.57
61.57
59.92
60.74
58.31
132,200
Feb 3, 2026
60.64
61.20
60.05
60.79
58.36
208,500
Feb 2, 2026
58.16
59.04
57.08
57.59
55.29
450,400
Jan 30, 2026
61.03
61.27
58.50
59.71
57.32
358,000
Jan 29, 2026
63.86
63.86
61.17
62.69
60.18
273,900
Jan 28, 2026
62.32
62.83
62.03
62.83
60.32
244,400
Jan 27, 2026
61.13
61.77
61.00
61.77
59.30
259,200
Jan 26, 2026
61.31
61.37
60.75
61.03
58.59
340,900
Jan 23, 2026
60.49
60.70
60.36
60.63
58.20
221,800
Jan 22, 2026
59.82
60.39
59.71
60.35
57.94
113,300
Jan 21, 2026
0.609 Dividend 

Jan 21, 2026
60.02
60.36
59.26
59.78
57.39
268,700
Jan 20, 2026
59.99
60.03
59.66
59.94
56.96
360,000
Jan 16, 2026
58.90
58.99
58.26
58.65
55.73
155,800
Jan 15, 2026
58.83
59.04
58.77
58.88
55.95
159,200
Jan 14, 2026
59.00
59.03
58.66
58.99
56.06
144,200
Jan 13, 2026
59.00
59.00
58.45
58.65
55.73
148,300
Jan 12, 2026
58.58
58.89
58.25
58.60
55.69
214,900
Jan 9, 2026
57.72
57.94
57.56
57.92
55.04
122,700
Jan 8, 2026
57.19
57.66
57.02
57.66
54.79
107,000
Jan 7, 2026
57.32
57.49
57.03
57.40
54.54
130,800
Jan 6, 2026
57.46
57.74
57.40
57.74
54.87
184,700
Jan 5, 2026
56.85
57.29
56.85
57.21
54.36
226,200
Jan 2, 2026
56.33
56.38
55.87
56.05
53.26
150,900
Dec 31, 2025
56.11
56.19
55.78
55.88
53.10
125,000
Dec 30, 2025
56.49
56.85
56.12
56.13
53.34
176,300
Dec 29, 2025
56.61
56.61
55.71
56.02
53.23
290,800
Dec 26, 2025
57.72
57.80
57.51
57.76
54.89
179,200
Dec 24, 2025
0.598 Dividend 

Dec 24, 2025
57.27
57.30
56.94
57.26
54.41
104,600
Dec 23, 2025
57.75
58.05
57.41
58.05
54.59
135,600
Dec 22, 2025
57.24
57.75
57.24
57.59
54.16
254,500
Dec 19, 2025
56.54
56.84
56.49
56.66
53.29
136,600
Dec 18, 2025
56.64
56.93
56.35
56.60
53.23
170,300
Dec 17, 2025
56.50
56.75
56.42
56.74
53.36
251,000
Dec 16, 2025
56.46
56.64
56.17
56.40
53.04
193,300
Dec 15, 2025
56.61
56.61
56.04
56.35
53.00
137,100
Dec 12, 2025
56.40
56.65
55.76
56.26
52.91
166,400
Dec 11, 2025
55.51
56.05
55.46
56.03
52.69
110,700
Dec 10, 2025
55.17
55.53
54.99
55.49
52.19
140,700
Dec 9, 2025
55.14
55.35
55.04
55.35
52.06
104,100
Dec 8, 2025
55.24
55.24
54.83
55.14
51.86
104,900
Dec 5, 2025
55.40
55.67
55.05
55.21
51.92
156,100
Dec 4, 2025
55.19
55.28
54.97
55.27
51.98
68,700
Dec 3, 2025
55.25
55.36
54.93
55.18
51.90
120,700
Dec 2, 2025
55.28
55.47
54.60
55.12
51.84
223,700
Dec 1, 2025
55.68
55.68
55.11
55.47
52.17
136,500
Nov 28, 2025
55.10
55.28
54.96
55.22
51.93
68,600
Nov 26, 2025
0.571 Dividend 

Nov 26, 2025
54.56
54.80
54.51
54.78
51.52
172,500
Nov 25, 2025
55.13
55.25
54.70
55.02
51.21
330,400
Nov 24, 2025
54.42
55.36
54.37
55.08
51.26
139,800
Nov 21, 2025
54.25
54.52
54.10
54.32
50.56
129,900
Nov 20, 2025
54.37
54.65
54.07
54.40
50.63
106,800
Nov 19, 2025
54.59
54.81
54.06
54.37
50.60
135,800
Nov 18, 2025
54.33
54.35
53.86
54.29
50.53
91,000
Nov 17, 2025
54.23
54.32
53.55
54.03
50.29
144,900
Nov 14, 2025
53.97
54.51
53.73
54.28
50.52
127,700
Nov 13, 2025
55.40
55.55
54.79
55.03
51.22
121,300
Nov 12, 2025
54.83
55.34
54.67
55.28
51.45
129,400
Nov 11, 2025
54.78
54.78
54.39
54.74
50.95
134,300
Nov 10, 2025
54.56
54.67
54.26
54.62
50.84
242,000
Nov 7, 2025
53.49
53.81
53.31
53.72
50.00
66,600
Nov 6, 2025
53.42
53.58
53.09
53.27
49.58
106,400
Nov 5, 2025
53.13
53.43
53.00
53.41
49.71
78,100
Nov 4, 2025
53.54
53.64
52.64
52.78
49.12
107,400
Nov 3, 2025
53.37
53.73
53.25
53.60
49.89
79,000
Oct 31, 2025
53.63
53.63
53.05
53.45
49.75
86,900
Oct 30, 2025
52.95
53.56
52.76
53.56
49.85
92,500
Oct 29, 2025
53.46
53.46
52.62
52.85
49.19
77,300
Oct 28, 2025
52.55
52.96
52.41
52.78
49.12
115,300
Oct 27, 2025
53.74
53.74
52.92
53.19
49.50
214,600
Oct 24, 2025
53.79
54.14
53.79
53.82
50.09
125,800
Oct 23, 2025
54.13
54.20
53.75
53.77
50.04
112,100
Oct 22, 2025
0.581 Dividend 

Oct 22, 2025
53.41
53.88
53.08
53.84
50.11
152,100
Oct 21, 2025
54.62
55.10
54.04
54.31
50.01
256,600
Oct 20, 2025
55.69
56.01
55.38
56.01
51.57
172,300
Oct 17, 2025
55.53
55.67
54.69
54.98
50.62
174,900
Oct 16, 2025
55.28
55.45
55.10
55.41
51.02
207,800
Oct 15, 2025
55.02
55.08
54.76
54.99
50.63
141,800
Oct 14, 2025
54.49
54.69
54.32
54.60
50.27
213,300
Oct 13, 2025
54.33
54.83
54.19
54.83
50.48
242,800
Oct 10, 2025
53.63
53.72
53.33
53.69
49.44
119,400
Oct 9, 2025
54.09
54.11
53.11
53.40
49.17
105,100
Oct 8, 2025
53.98
54.08
53.81
53.99
49.71
158,200
Oct 7, 2025
53.59
53.61
53.29
53.53
49.29
119,700
Oct 6, 2025
53.17
53.42
53.06
53.36
49.13
138,200
Oct 3, 2025
52.63
52.68
52.38
52.59
48.42
97,500
Oct 2, 2025
52.48
52.69
51.82
52.20
48.06
166,300
Oct 1, 2025
52.41
52.51
52.16
52.19
48.05
107,300
Sep 30, 2025
52.12
52.33
52.00
52.33
48.18
131,900
Sep 29, 2025
52.14
52.15
51.77
52.13
48.00
166,400
Sep 26, 2025
51.83
51.97
51.76
51.97
47.85
108,900
Sep 25, 2025
51.50
51.87
51.50
51.75
47.65
103,300
Sep 24, 2025
0.543 Dividend 

Sep 24, 2025
51.91
51.91
51.40
51.49
47.41
119,300
Sep 23, 2025
52.55
52.63
52.32
52.41
47.76
155,500
Sep 22, 2025
52.73
52.73
52.16
52.38
47.73
198,700
Sep 19, 2025
51.82
52.03
51.80
52.00
47.38
99,100
Sep 18, 2025
51.84
51.97
51.62
51.72
47.13
130,800
Sep 17, 2025
51.91
52.00
51.68
51.83
47.23
107,400
Sep 16, 2025
52.09
52.22
51.87
51.95
47.34
121,700
Sep 15, 2025
51.77
51.99
51.71
51.71
47.12
139,300
Sep 12, 2025
51.77
51.81
51.62
51.69
47.10
112,900
Sep 11, 2025
51.52
51.62
51.45
51.61
47.03
109,000
Sep 10, 2025
51.72
51.74
51.60
51.70
47.11
87,200
Sep 9, 2025
51.75
51.79
51.40
51.47
46.90
124,400
Sep 8, 2025
51.51
51.63
51.38
51.55
46.97
147,400
Sep 5, 2025
51.12
51.35
51.06
51.20
46.65
151,400
Sep 4, 2025
50.75
50.87
50.70
50.84
46.33
120,300
Sep 3, 2025
50.70
51.02
50.65
50.87
46.35
83,900
Sep 2, 2025
50.17
50.78
50.06
50.70
46.20
169,800
Aug 29, 2025
49.66
49.87
49.53
49.80
45.38
88,000
Aug 28, 2025
49.48
49.66
49.44
49.66
45.25
44,800
Aug 27, 2025
49.33
49.44
49.22
49.35
44.97
86,300
Aug 26, 2025
49.19
49.39
49.09
49.34
44.96
60,600
Aug 25, 2025
49.14
49.25
49.08
49.13
44.77
56,100
Aug 22, 2025
48.75
49.22
48.66
49.19
44.82
61,200
Aug 21, 2025
48.90
48.91
48.78
48.84
44.50
51,900
Aug 20, 2025
0.511 Dividend 

Aug 20, 2025
49.00
49.00
48.75
48.99
44.64
55,900
Aug 19, 2025
49.26
49.33
48.94
49.08
44.26
68,500
Aug 18, 2025
49.31
49.38
49.20
49.20
44.37
73,400
Aug 15, 2025
49.27
49.33
49.14
49.33
44.48
78,500
Aug 14, 2025
49.43
49.60
49.12
49.27
44.43
59,100
Aug 13, 2025
49.35
49.50
49.30
49.36
44.51
58,700
Aug 12, 2025
49.30
49.34
49.08
49.29
44.45
65,500
Aug 11, 2025
49.43
49.56
49.14
49.30
44.46
113,000
Aug 8, 2025
49.70
49.74
49.50
49.69
44.81
53,000
Aug 7, 2025
49.62
49.72
49.41
49.72
44.83
42,400
Aug 6, 2025
49.47
49.53
49.30
49.51
44.64
53,000
Aug 5, 2025
49.44
49.60
49.35
49.53
44.66
27,800
Aug 4, 2025
49.47
49.50
49.27
49.50
44.64
39,800
Aug 1, 2025
49.25
49.29
48.98
49.27
44.43
21,900
Jul 31, 2025
48.79
48.79
48.50
48.50
43.73
18,300
Jul 30, 2025
48.79
48.79
48.27
48.30
43.55
27,500
Jul 29, 2025
48.94
49.05
48.76
48.92
44.11
26,100
Jul 28, 2025
49.01
49.01
48.65
48.87
44.07
41,200
Jul 25, 2025
49.12
49.15
48.88
49.04
44.22
52,100
Jul 24, 2025
49.25
49.40
49.19
49.39
44.54
42,500
Jul 23, 2025
0.52 Dividend 

Jul 23, 2025
49.73
49.74
49.42
49.54
44.67
51,700
Jul 22, 2025
50.30
50.40
50.16
50.38
44.96
38,000
Jul 21, 2025
49.79
50.18
49.79
50.00
44.62
76,600
Jul 18, 2025
49.75
49.75
49.58
49.62
44.28
16,800
Jul 17, 2025
49.25
49.53
49.20
49.50
44.17
31,200
Jul 16, 2025
49.52
49.78
49.29
49.50
44.17
55,600
Jul 15, 2025
49.60
49.65
49.18
49.44
44.12
46,300
Jul 14, 2025
49.68
49.68
49.39
49.57
44.24
40,800
Jul 11, 2025
49.65
49.74
49.51
49.63
44.29
44,600
Jul 10, 2025
49.34
49.36
49.13
49.31
44.00
19,900
Jul 9, 2025
49.05
49.26
48.92
49.22
43.92
27,700
Jul 8, 2025
49.33
49.33
48.85
49.08
43.80
33,500
Jul 7, 2025
49.22
49.43
49.00
49.43
44.11
37,200
Jul 3, 2025
49.33
49.50
49.18
49.34
44.03
30,900
Jul 2, 2025
49.44
49.56
49.30
49.50
44.17
44,400
Jul 1, 2025
49.44
49.48
49.23
49.38
44.07
25,100
Jun 30, 2025
48.59
49.03
48.54
48.96
43.69
36,800
Jun 27, 2025
48.45
48.57
48.25
48.37
43.17
42,700
Jun 26, 2025
49.20
49.34
49.06
49.28
43.98
17,100
Jun 25, 2025
0.522 Dividend 

Jun 25, 2025
49.13
49.39
49.02
49.39
44.08
39,100
Jun 24, 2025
49.52
49.68
49.29
49.65
43.84
40,500
Jun 23, 2025
50.22
50.51
50.20
50.29
44.41
31,000
Jun 20, 2025
50.05
50.26
50.00
50.17
44.30
23,000
Jun 18, 2025
50.46
50.46
50.04
50.04
44.19
16,300
Jun 17, 2025
50.43
50.45
50.16
50.31
44.43
33,400
Jun 16, 2025
50.75
50.82
50.31
50.33
44.45
24,100
Jun 13, 2025
50.89
50.94
50.56
50.74
44.81
25,100
Jun 12, 2025
50.29
50.33
50.15
50.30
44.42
19,800
Jun 11, 2025
49.86
49.88
49.54
49.84
44.01
10,800
Jun 10, 2025
49.85
49.85
49.51
49.63
43.83
16,200
Jun 9, 2025
49.50
49.72
49.41
49.59
43.79
53,700
Jun 6, 2025
49.91
50.06
49.38
49.41
43.63
39,600
Jun 5, 2025
50.11
50.36
49.67
49.88
44.05
50,800
