Date
Open
High
Low
Close 

Adj Close 

Volume
Jun 5, 2026
52.12
52.16
50.79
51.05
51.05
456,200
Jun 4, 2026
52.05
52.71
51.83
52.54
52.54
253,200
Jun 3, 2026
52.29
52.29
51.83
51.97
51.97
265,700
Jun 2, 2026
52.11
52.52
52.10
52.51
52.51
228,400
Jun 1, 2026
52.07
52.32
51.72
52.13
52.13
391,800
May 29, 2026
52.38
52.38
52.05
52.33
52.33
216,800
May 28, 2026
52.22
52.53
51.97
52.49
52.49
208,400
May 27, 2026
52.31
52.35
52.06
52.24
52.24
175,200
May 26, 2026
51.97
52.19
51.86
52.17
52.17
266,100
May 22, 2026
51.32
51.66
51.32
51.44
51.44
244,400
May 21, 2026
50.57
51.30
50.42
51.16
51.16
648,700
May 20, 2026
0.605 Dividend 

May 20, 2026
50.07
50.81
49.81
50.77
50.77
256,200
May 19, 2026
50.50
50.69
49.97
50.40
49.80
340,000
May 18, 2026
51.17
51.25
50.49
50.87
50.26
449,000
May 15, 2026
51.40
51.41
50.97
51.10
50.49
466,900
May 14, 2026
51.87
52.11
51.63
52.01
51.39
240,300
May 13, 2026
51.77
51.83
51.34
51.76
51.14
271,500
May 12, 2026
51.88
51.88
51.08
51.82
51.20
297,900
May 11, 2026
52.01
52.24
51.94
52.10
51.47
330,600
May 8, 2026
51.80
52.00
51.67
51.90
51.28
301,800
May 7, 2026
52.26
52.28
51.46
51.61
50.99
410,200
May 6, 2026
52.04
52.26
51.74
52.22
51.59
386,700
May 5, 2026
51.26
51.70
51.26
51.59
50.97
267,700
May 4, 2026
51.11
51.38
50.70
50.98
50.37
317,500
May 1, 2026
51.12
51.26
50.82
51.23
50.62
380,400
Apr 30, 2026
50.51
51.02
50.40
51.02
50.41
311,900
Apr 29, 2026
50.57
50.57
50.15
50.37
49.77
236,900
Apr 28, 2026
50.79
50.82
50.40
50.58
49.97
218,100
Apr 27, 2026
50.80
50.97
50.74
50.87
50.25
246,600
Apr 24, 2026
50.80
50.91
50.51
50.80
50.19
283,400
Apr 23, 2026
50.73
50.89
50.20
50.63
50.02
248,500
Apr 22, 2026
0.612 Dividend 

Apr 22, 2026
50.87
50.87
50.56
50.76
50.15
391,400
Apr 21, 2026
51.59
51.69
51.03
51.14
49.92
420,100
Apr 20, 2026
51.16
51.47
51.11
51.45
50.22
403,600
Apr 17, 2026
51.00
51.45
50.96
51.25
50.03
480,600
Apr 16, 2026
50.60
50.65
50.39
50.64
49.43
250,600
Apr 15, 2026
50.49
50.56
50.32
50.54
49.34
346,400
Apr 14, 2026
50.32
50.53
50.17
50.47
49.27
475,800
Apr 13, 2026
49.29
50.04
49.29
49.99
48.80
361,600
Apr 10, 2026
49.66
49.66
49.37
49.51
48.33
216,200
Apr 9, 2026
49.13
49.65
49.13
49.56
48.37
214,400
Apr 8, 2026
49.49
49.54
48.98
49.29
48.12
279,600
Apr 7, 2026
47.94
48.21
47.67
48.21
47.06
298,600
Apr 6, 2026
47.91
48.23
47.81
48.16
47.01
656,400
Apr 2, 2026
46.87
48.03
46.87
47.89
46.75
286,700
Apr 1, 2026
47.72
48.07
47.57
47.60
46.47
293,300
Mar 31, 2026
46.43
47.54
46.36
47.40
46.27
345,700
Mar 30, 2026
46.85
46.85
45.64
45.80
44.71
423,100
Mar 27, 2026
47.00
47.11
46.33
46.47
45.36
191,500
Mar 26, 2026
47.53
48.02
47.22
47.26
46.13
403,800
Mar 25, 2026
48.01
48.23
47.69
48.05
46.91
366,500
Mar 24, 2026
46.86
47.70
46.74
47.47
46.34
289,100
Mar 23, 2026
47.17
47.95
47.04
47.23
46.10
604,300
Mar 20, 2026
47.15
47.24
45.94
46.31
45.21
512,500
Mar 19, 2026
46.42
47.69
46.38
47.25
46.12
438,200
Mar 18, 2026
0.571 Dividend 

Mar 18, 2026
47.44
47.58
46.97
47.01
45.89
423,700
Mar 17, 2026
48.28
48.57
48.13
48.32
46.61
761,300
Mar 16, 2026
48.13
48.37
47.87
48.01
46.31
305,600
Mar 13, 2026
47.93
48.21
47.33
47.49
45.81
571,700
Mar 12, 2026
47.99
48.07
47.55
47.68
45.99
754,900
Mar 11, 2026
48.53
48.82
48.25
48.65
46.93
281,200
Mar 10, 2026
48.66
49.42
48.59
48.70
46.98
334,300
Mar 9, 2026
47.65
48.88
47.10
48.73
47.01
902,400
Mar 6, 2026
48.39
48.67
48.09
48.23
46.52
374,300
Mar 5, 2026
49.65
49.87
48.79
49.27
47.53
448,000
Mar 4, 2026
49.93
50.20
49.54
50.01
48.24
523,200
Mar 3, 2026
49.31
49.89
48.60
49.58
47.83
476,900
Mar 2, 2026
49.27
50.38
49.27
50.27
48.49
381,000
Feb 27, 2026
50.10
50.11
49.68
49.99
48.22
676,600
Feb 26, 2026
50.52
50.65
50.04
50.60
48.81
481,200
Feb 25, 2026
50.41
50.52
50.09
50.40
48.62
422,700
Feb 24, 2026
49.71
50.28
49.66
50.19
48.42
450,000
Feb 23, 2026
50.19
50.29
49.34
49.71
47.95
629,100
Feb 20, 2026
50.03
50.65
49.96
50.35
48.57
595,200
Feb 19, 2026
50.05
50.29
49.79
50.29
48.51
332,600
Feb 18, 2026
0.602 Dividend 

Feb 18, 2026
50.01
50.60
49.90
50.23
48.45
248,200
Feb 17, 2026
50.55
50.84
50.01
50.66
48.29
645,500
Feb 13, 2026
50.26
50.93
49.90
50.60
48.23
511,800
Feb 12, 2026
51.21
51.27
49.90
50.07
47.73
502,200
Feb 11, 2026
51.39
51.47
50.48
50.92
48.54
516,200
Feb 10, 2026
51.24
51.40
51.05
51.10
48.71
324,800
Feb 9, 2026
50.80
51.26
50.64
51.17
48.77
321,700
Feb 6, 2026
49.98
50.94
49.98
50.84
48.46
399,700
Feb 5, 2026
49.98
50.32
49.31
49.44
47.12
394,300
Feb 4, 2026
50.76
50.77
49.65
50.18
47.83
437,600
Feb 3, 2026
50.68
50.85
49.89
50.56
48.19
489,500
Feb 2, 2026
49.92
50.68
49.86
50.47
48.11
448,100
Jan 30, 2026
50.29
50.39
49.85
50.07
47.73
262,700
Jan 29, 2026
50.57
50.60
49.99
50.45
48.09
281,400
Jan 28, 2026
50.76
50.76
50.36
50.48
48.12
309,300
Jan 27, 2026
50.52
50.57
50.35
50.57
48.20
301,800
Jan 26, 2026
50.52
50.69
50.42
50.47
48.11
403,900
Jan 23, 2026
50.93
50.96
50.46
50.53
48.16
548,700
Jan 22, 2026
50.86
51.09
50.86
50.90
48.52
365,700
Jan 21, 2026
0.608 Dividend 

Jan 21, 2026
50.45
50.80
50.23
50.73
48.35
426,200
Jan 20, 2026
50.75
51.08
50.67
50.79
47.83
621,700
Jan 16, 2026
51.25
51.29
51.01
51.14
48.16
364,400
Jan 15, 2026
51.00
51.27
50.95
51.11
48.13
395,300
Jan 14, 2026
50.68
50.89
50.53
50.88
47.92
230,800
Jan 13, 2026
50.84
50.85
50.60
50.64
47.69
236,600
Jan 12, 2026
50.53
50.74
50.31
50.74
47.79
422,100
Jan 9, 2026
50.53
50.68
50.30
50.60
47.65
259,700
Jan 8, 2026
49.93
50.39
49.90
50.33
47.40
153,700
Jan 7, 2026
50.00
50.12
49.79
49.99
47.08
263,900
Jan 6, 2026
49.60
50.08
49.46
50.07
47.15
286,400
Jan 5, 2026
49.15
49.74
49.15
49.64
46.75
251,800
Jan 2, 2026
48.85
49.10
48.63
49.06
46.21
342,100
Dec 31, 2025
49.01
49.06
48.67
48.68
45.85
147,200
Dec 30, 2025
49.37
49.37
48.99
48.99
46.14
330,200
Dec 29, 2025
49.38
49.54
49.20
49.31
46.44
312,600
Dec 26, 2025
49.67
49.67
49.36
49.55
46.66
239,000
Dec 24, 2025
0.599 Dividend 

Dec 24, 2025
49.60
49.71
49.45
49.68
46.79
169,100
Dec 23, 2025
50.24
50.33
50.08
50.20
46.71
337,900
Dec 22, 2025
50.22
50.56
50.16
50.36
46.86
433,500
Dec 19, 2025
49.75
50.01
49.65
49.95
46.48
340,600
Dec 18, 2025
49.78
49.90
49.46
49.55
46.11
248,500
Dec 17, 2025
49.92
50.04
49.19
49.28
45.86
204,700
Dec 16, 2025
49.79
49.99
49.47
49.72
46.27
228,000
Dec 15, 2025
50.39
50.39
49.80
49.86
46.40
292,900
Dec 12, 2025
50.62
50.64
50.00
50.11
46.63
251,700
Dec 11, 2025
50.10
50.60
50.08
50.58
47.07
200,200
Dec 10, 2025
49.61
50.36
49.51
50.15
46.67
326,800
Dec 9, 2025
49.55
49.85
49.44
49.65
46.20
148,300
Dec 8, 2025
49.76
49.79
49.46
49.53
46.09
174,800
Dec 5, 2025
49.67
49.79
49.45
49.55
46.11
278,700
Dec 4, 2025
49.29
49.76
49.19
49.67
46.22
167,700
Dec 3, 2025
48.78
49.35
48.72
49.32
45.89
235,800
Dec 2, 2025
48.92
48.95
48.65
48.65
45.27
104,700
Dec 1, 2025
48.60
48.98
48.60
48.70
45.32
167,500
Nov 28, 2025
49.13
49.16
48.90
49.14
45.73
209,800
Nov 26, 2025
0.573 Dividend 

Nov 26, 2025
48.65
49.15
48.50
48.88
45.48
233,200
Nov 25, 2025
48.34
49.17
48.23
49.12
45.17
284,800
Nov 24, 2025
47.49
48.25
47.36
48.20
44.33
179,100
Nov 21, 2025
46.40
47.61
46.24
47.38
43.57
333,200
Nov 20, 2025
47.68
48.02
46.08
46.15
42.44
242,700
Nov 19, 2025
46.95
47.50
46.78
46.95
43.18
92,900
Nov 18, 2025
46.50
47.23
46.45
46.93
43.16
174,800
Nov 17, 2025
47.55
47.74
46.63
46.83
43.07
353,400
Nov 14, 2025
47.00
47.86
46.90
47.68
43.85
145,800
Nov 13, 2025
48.42
48.49
47.34
47.51
43.69
272,100
Nov 12, 2025
49.01
49.10
48.65
48.70
44.79
172,800
Nov 11, 2025
48.70
48.86
48.50
48.81
44.89
162,700
Nov 10, 2025
48.69
48.94
48.45
48.74
44.82
214,600
Nov 7, 2025
47.84
48.28
47.35
48.28
44.40
317,600
Nov 6, 2025
48.71
48.74
48.01
48.08
44.22
284,900
Nov 5, 2025
48.40
48.92
48.27
48.79
44.87
140,400
Nov 4, 2025
48.32
48.61
48.14
48.16
44.29
143,600
Nov 3, 2025
48.97
48.98
48.37
48.86
44.94
149,200
Oct 31, 2025
48.73
49.03
48.58
48.97
45.04
166,100
Oct 30, 2025
48.69
49.19
48.69
48.75
44.83
101,100
Oct 29, 2025
49.28
49.50
48.73
48.99
45.05
180,800
Oct 28, 2025
49.43
49.49
49.16
49.26
45.30
131,200
Oct 27, 2025
49.67
49.67
49.32
49.42
45.45
131,900
Oct 24, 2025
49.34
49.47
49.23
49.31
45.35
174,300
Oct 23, 2025
48.58
48.94
48.46
48.86
44.94
106,600
Oct 22, 2025
0.59 Dividend 

Oct 22, 2025
48.89
48.89
47.99
48.42
44.53
136,200
Oct 21, 2025
49.61
49.67
49.28
49.51
44.99
132,900
Oct 20, 2025
49.24
49.63
49.24
49.61
45.08
186,800
Oct 17, 2025
48.85
49.07
48.57
48.88
44.42
122,800
Oct 16, 2025
49.79
49.85
48.87
49.04
44.56
289,500
Oct 15, 2025
49.70
49.99
49.29
49.73
45.19
126,800
Oct 14, 2025
48.67
49.64
48.39
49.42
44.91
132,800
Oct 13, 2025
48.67
49.06
48.59
49.04
44.56
131,700
Oct 10, 2025
49.16
49.33
47.94
47.98
43.60
194,100
Oct 9, 2025
49.11
49.41
48.96
49.10
44.62
155,800
Oct 8, 2025
49.13
49.37
48.94
49.34
44.84
176,500
Oct 7, 2025
49.47
49.47
48.84
48.97
44.50
134,300
Oct 6, 2025
49.34
49.49
49.19
49.30
44.80
167,000
Oct 3, 2025
48.98
49.39
48.98
49.17
44.68
156,600
Oct 2, 2025
48.66
48.91
48.52
48.87
44.41
93,000
Oct 1, 2025
48.43
48.75
48.40
48.71
44.26
99,100
Sep 30, 2025
48.44
48.63
48.19
48.58
44.14
100,600
Sep 29, 2025
48.60
48.63
48.38
48.49
44.06
123,900
Sep 26, 2025
48.29
48.49
48.13
48.45
44.03
129,900
Sep 25, 2025
48.12
48.17
47.81
48.11
43.72
127,900
Sep 24, 2025
0.587 Dividend 

Sep 24, 2025
48.77
48.77
48.38
48.41
43.99
137,500
Sep 23, 2025
49.48
49.65
49.20
49.25
44.22
168,300
Sep 22, 2025
49.13
49.38
48.89
49.33
44.29
299,900
Sep 19, 2025
49.40
49.49
49.06
49.11
44.09
308,100
Sep 18, 2025
48.87
49.37
48.74
49.35
44.31
198,900
Sep 17, 2025
48.45
49.15
48.22
48.49
43.54
194,600
Sep 16, 2025
48.50
48.50
48.16
48.40
43.46
149,600
Sep 15, 2025
48.52
48.56
48.35
48.43
43.48
392,800
Sep 12, 2025
48.65
48.67
48.28
48.30
43.37
373,700
Sep 11, 2025
48.10
48.64
48.05
48.63
43.66
141,800
Sep 10, 2025
48.17
48.25
47.82
47.93
43.04
115,400
Sep 9, 2025
48.27
48.27
47.82
48.04
43.13
142,700
Sep 8, 2025
48.22
48.29
47.97
48.24
43.31
235,900
Sep 5, 2025
48.20
48.40
47.70
48.16
43.24
211,000
Sep 4, 2025
47.63
47.99
47.43
47.99
43.09
92,000
Sep 3, 2025
47.50
47.67
47.27
47.49
42.64
154,100
Sep 2, 2025
47.29
47.53
47.06
47.49
42.64
307,000
Aug 29, 2025
47.96
47.96
47.56
47.70
42.83
98,900
Aug 28, 2025
47.67
47.80
47.64
47.74
42.86
133,400
Aug 27, 2025
47.60
47.76
47.47
47.76
42.88
105,400
Aug 26, 2025
47.48
47.59
47.31
47.53
42.68
119,200
Aug 25, 2025
47.51
47.51
47.28
47.31
42.48
144,200
Aug 22, 2025
46.63
47.58
46.53
47.54
42.69
164,800
Aug 21, 2025
46.21
46.43
46.10
46.40
41.66
119,500
Aug 20, 2025
0.562 Dividend 

Aug 20, 2025
46.47
46.65
46.02
46.32
41.59
116,900
Aug 19, 2025
47.31
47.32
46.90
46.97
41.66
280,500
Aug 18, 2025
47.11
47.29
47.04
47.25
41.92
175,400
Aug 15, 2025
47.26
47.28
46.92
47.06
41.75
219,400
Aug 14, 2025
47.13
47.29
46.92
47.28
41.94
160,400
Aug 13, 2025
47.20
47.61
47.13
47.59
42.22
165,400
Aug 12, 2025
46.15
47.00
46.15
46.95
41.65
108,800
Aug 11, 2025
46.15
46.15
45.86
45.93
40.75
87,300
Aug 8, 2025
46.00
46.13
45.89
45.96
40.77
101,000
Aug 7, 2025
46.36
46.36
45.65
45.83
40.65
76,000
Aug 6, 2025
46.10
46.10
45.77
45.98
40.79
67,200
Aug 5, 2025
46.00
46.04
45.53
46.01
40.82
69,900
Aug 4, 2025
45.25
46.08
45.21
45.82
40.65
99,100
Aug 1, 2025
45.22
45.23
44.52
44.94
39.87
154,700
Jul 31, 2025
46.05
46.30
45.65
45.76
40.60
108,300
Jul 30, 2025
46.30
46.54
45.88
46.05
40.85
77,100
Jul 29, 2025
46.51
46.60
46.17
46.20
40.99
88,800
Jul 28, 2025
46.54
46.54
46.32
46.37
41.14
114,800
Jul 25, 2025
46.41
46.47
46.13
46.38
41.15
86,300
Jul 24, 2025
46.39
46.61
46.22
46.22
41.00
72,800
Jul 23, 2025
0.562 Dividend 

Jul 23, 2025
46.36
46.68
46.28
46.68
41.41
120,500
Jul 22, 2025
46.53
46.80
46.34
46.73
40.96
75,300
Jul 21, 2025
46.81
46.88
46.44
46.49
40.74
97,800
Jul 18, 2025
47.00
47.00
46.50
46.57
40.82
92,200
Jul 17, 2025
46.47
46.83
46.33
46.83
41.04
104,500
Jul 16, 2025
46.28
46.40
45.68
46.29
40.57
99,300
Jul 15, 2025
46.83
46.83
45.99
46.00
40.32
159,300
Jul 14, 2025
46.38
46.62
46.30
46.62
40.86
98,100
Jul 11, 2025
46.68
46.68
46.37
46.38
40.65
66,800
Jul 10, 2025
46.62
46.95
46.53
46.80
41.02
53,100
Jul 9, 2025
46.48
46.65
46.26
46.65
40.89
70,300
Jul 8, 2025
46.09
46.38
46.06
46.27
40.55
56,200
Jul 7, 2025
46.42
46.46
45.81
46.06
40.37
116,000
Jul 3, 2025
46.49
46.55
46.30
46.52
40.77
51,100
Jul 2, 2025
45.81
46.18
45.58
46.18
40.48
44,600
Jul 1, 2025
45.03
46.05
45.03
45.65
40.01
112,300
Jun 30, 2025
45.63
45.63
45.35
45.43
39.82
79,700
Jun 27, 2025
45.49
45.51
45.19
45.37
39.77
50,300
Jun 26, 2025
44.92
45.39
44.92
45.28
39.69
75,900
Jun 25, 2025
0.557 Dividend 

Jun 25, 2025
45.13
45.16
44.88
44.88
39.34
105,000
Jun 24, 2025
45.37
45.77
45.37
45.69
39.56
65,400
Jun 23, 2025
44.95
45.33
44.64
45.33
39.25
103,500
Jun 20, 2025
45.33
45.43
44.81
44.89
38.86
67,700
Jun 18, 2025
44.85
45.16
44.72
44.99
38.95
54,200
Jun 17, 2025
44.97
45.34
44.75
44.79
38.78
121,600
Jun 16, 2025
44.99
45.49
44.99
45.09
39.04
213,700
Jun 13, 2025
44.96
45.10
44.56
44.78
38.77
99,100
Jun 12, 2025
45.30
45.34
45.10
45.33
39.25
64,400
Jun 11, 2025
45.55
45.65
45.30
45.42
39.32
51,500
Jun 10, 2025
45.45
45.55
45.31
45.44
39.34
54,300
Jun 9, 2025
45.26
45.41
45.05
45.22
39.15
88,600
Jun 6, 2025
44.97
45.21
44.90
45.03
38.99
40,400
Jun 5, 2025
44.73
44.77
44.36
44.59
38.61
65,700
Jun 4, 2025
44.69
44.87
44.50
44.65
38.66
73,500
Jun 3, 2025
44.35
44.70
44.20
44.67
38.67
48,500
Jun 2, 2025
44.20
44.24
43.69
44.24
38.30
36,600
May 30, 2025
44.12
44.22
43.85
44.19
38.26
43,400
May 29, 2025
44.44
44.51
43.92
44.22
38.28
54,500
May 28, 2025
44.47
44.53
44.03
44.15
38.22
54,500
May 27, 2025
44.16
44.37
43.80
44.32
38.37
57,800
May 23, 2025
43.20
43.75
43.19
43.65
37.79
86,500
May 22, 2025
43.46
43.81
43.20
43.53
37.69
118,400
May 21, 2025
0.553 Dividend 

May 21, 2025
44.31
44.38
43.54
43.65
37.79
116,000
May 20, 2025
45.02
45.22
44.88
45.12
38.59
82,200
May 19, 2025
44.78
45.06
44.68
45.06
38.53
55,200
May 16, 2025
45.03
45.17
44.77
45.08
38.55
53,500
May 15, 2025
44.65
44.94
44.49
44.94
38.43
49,000
May 14, 2025
44.81
44.90
44.63
44.66
38.19
97,800
May 13, 2025
45.01
45.04
44.81
44.86
38.36
87,100
May 12, 2025
45.04
45.04
44.50
44.81
38.32
56,800
May 9, 2025
43.91
43.99
43.56
43.78
37.44
33,500
May 8, 2025
43.55
43.96
43.26
43.74
37.41
65,700
May 7, 2025
43.25
43.27
42.85
43.16
36.91
32,100
May 6, 2025
42.94
43.27
42.81
43.03
36.80
35,900
May 5, 2025
43.20
43.59
43.20
43.39
37.11
52,800
May 2, 2025
43.17
43.67
43.17
43.54
37.23
58,600
May 1, 2025
42.84
43.11
42.57
42.96
36.74
55,700
Apr 30, 2025
42.32
42.67
41.76
42.57
36.40
50,400
Apr 29, 2025
42.56
43.18
42.21
42.97
36.75
48,800
Apr 28, 2025
42.44
42.83
42.14
42.60
36.43
31,100
Apr 25, 2025
42.14
42.55
41.95
42.55
36.39
69,100
Apr 24, 2025
41.66
42.44
41.57
42.32
36.19
96,800
Apr 23, 2025
0.498 Dividend 

Apr 23, 2025
42.18
42.59
41.54
41.54
35.52
106,000
Apr 22, 2025
41.02
41.61
40.94
41.61
35.16
19,200
Apr 21, 2025
41.01
41.01
40.13
40.49
34.21
43,700
Apr 17, 2025
41.08
42.21
40.89
41.42
35.00
90,400
Apr 16, 2025
41.17
41.36
40.50
40.96
34.61
164,800
Apr 15, 2025
41.31
41.83
41.26
41.46
35.03
58,400
Apr 14, 2025
41.55
41.55
40.72
41.43
35.01
49,500
Apr 11, 2025
40.18
40.92
39.60
40.92
34.57
84,700
Apr 10, 2025
40.92
41.03
38.83
40.38
34.12
78,900
Apr 9, 2025
38.29
42.60
38.00
41.78
35.30
147,100
Apr 8, 2025
41.10
41.61
38.28
38.73
32.72
65,300
Apr 7, 2025
38.56
41.52
38.05
39.70
33.54
178,500
Apr 4, 2025
40.28
41.14
39.15
40.01
33.81
183,300
Apr 3, 2025
42.71
42.94
41.79
41.94
35.44
104,000
Apr 2, 2025
43.16
44.41
43.16
44.22
37.36
54,600
Apr 1, 2025
43.52
44.04
43.22
43.64
36.87
60,300
Mar 31, 2025
43.36
43.98
42.84
43.65
36.88
96,600
Mar 28, 2025
44.87
44.87
43.75
44.00
37.18
81,800
Mar 27, 2025
45.06
45.20
44.67
44.94
37.97
45,800
Mar 26, 2025
0.569 Dividend 

Mar 26, 2025
45.45
45.62
44.86
44.90
37.94
60,000
Mar 25, 2025
46.26
46.32
45.88
46.12
38.49
78,700
Mar 24, 2025
45.91
46.32
45.88
46.32
38.65
56,300
Mar 21, 2025
45.05
45.32
44.84
45.31
37.81
39,000
Mar 20, 2025
45.34
45.92
45.34
45.55
38.01
34,400
Mar 19, 2025
45.03
45.95
45.03
45.64
38.09
30,200
Mar 18, 2025
45.25
45.25
44.89
45.09
37.63
64,300
Mar 17, 2025
44.88
45.49
44.80
45.49
37.96
37,700
Mar 14, 2025
44.18
45.13
44.02
44.97
37.53
43,800
Mar 13, 2025
44.58
44.61
43.61
43.81
36.56
43,800
Mar 12, 2025
44.92
44.92
44.20
44.57
37.19
40,800
Mar 11, 2025
44.47
44.91
43.99
44.32
36.99
63,100
Mar 10, 2025
44.81
45.11
43.91
44.20
36.89
101,700
Mar 7, 2025
45.15
45.57
44.59
45.35
37.85
136,400
Mar 6, 2025
45.29
45.74
44.93
45.07
37.61
111,800
Mar 5, 2025
45.52
45.92
45.15
45.88
38.29
63,000
Mar 4, 2025
45.34
46.03
44.83
45.39
37.88
96,900
Mar 3, 2025
46.88
47.13
45.60
45.75
38.18
96,200
Feb 28, 2025
46.32
46.95
46.17
46.88
39.12
174,300
Feb 27, 2025
47.11
47.23
46.37
46.37
38.70
82,400
Feb 26, 2025
0.583 Dividend 

Feb 26, 2025
47.21
47.70
46.99
47.10
39.31
62,300
Feb 25, 2025
47.83
48.03
47.29
47.65
39.28
56,900
Feb 24, 2025
48.44
48.44
47.60
47.78
39.39
79,100
Feb 21, 2025
49.88
49.88
48.09
48.27
39.79
144,000
Feb 20, 2025
49.91
49.91
49.22
49.60
40.89
80,300
Feb 19, 2025
49.53
49.98
49.53
49.80
41.05
45,800
Feb 18, 2025
49.95
50.02
49.70
49.98
41.20
63,200
Feb 14, 2025
49.95
50.07
49.68
49.83
41.07
59,300
Feb 13, 2025
49.62
49.84
49.33
49.84
41.08
69,100
Feb 12, 2025
49.14
49.43
48.94
49.38
40.70
94,400
Feb 11, 2025
49.59
49.75
49.45
49.71
40.98
68,300
Feb 10, 2025
49.96
50.00
49.60
49.86
41.10
80,200
Feb 7, 2025
50.11
50.15
49.55
49.71
40.98
237,000
Feb 6, 2025
50.25
50.30
49.84
50.02
41.23
39,900
Feb 5, 2025
50.00
50.23
49.69
50.23
41.40
48,700
Feb 4, 2025
49.25
49.85
49.04
49.85
41.09
115,000
Feb 3, 2025
48.78
49.47
48.55
49.27
40.61
83,500
Jan 31, 2025
49.79
50.24
49.46
49.61
40.89
79,500
Jan 30, 2025
49.78
50.24
49.77
49.80
41.05
68,500
Jan 29, 2025
49.76
49.87
49.28
49.51
40.82
114,700
Jan 28, 2025
49.57
49.79
49.25
49.61
40.89
124,500
Jan 27, 2025
49.58
49.99
49.34
49.47
40.78
133,500
Jan 24, 2025
50.04
50.17
49.82
49.96
41.18
68,300
Jan 23, 2025
49.77
50.14
49.61
50.08
41.28
65,600
Jan 22, 2025
0.609 Dividend 

Jan 22, 2025
50.04
50.05
49.74
49.90
41.13
55,600
Jan 21, 2025
50.27
50.66
50.14
50.50
41.13
92,100
Jan 17, 2025
50.16
50.16
49.80
49.94
40.67
87,900
Jan 16, 2025
49.67
49.85
49.42
49.82
40.57
52,100
Jan 15, 2025
49.72
49.85
49.47
49.68
40.46
56,600
Jan 14, 2025
48.84
48.90
48.34
48.89
39.81
39,600
Jan 13, 2025
47.69
48.36
47.65
48.27
39.31
69,500
Jan 10, 2025
48.48
48.60
47.94
48.25
39.29
143,900
Jan 8, 2025
49.00
49.19
48.53
49.14
40.02
991,800
Jan 7, 2025
49.88
49.90
49.08
49.40
40.23
61,600
Jan 6, 2025
49.92
50.02
49.59
49.68
40.46
65,100
Jan 3, 2025
49.16
49.69
49.00
49.69
40.47
90,900
Jan 2, 2025
49.37
49.49
48.67
49.03
39.93
93,800
Dec 31, 2024
49.20
49.37
48.74
48.97
39.88
55,500
Dec 30, 2024
48.88
49.08
48.22
48.76
39.71
149,600
Dec 27, 2024
49.57
49.80
48.72
49.23
40.09
158,100
Dec 26, 2024
49.26
50.08
49.00
50.08
40.78
58,400
Dec 24, 2024
0.611 Dividend 

Dec 24, 2024
49.06
49.55
48.87
49.55
40.35
29,000
Dec 23, 2024
49.61
49.78
49.19
49.57
39.87
76,300
Dec 20, 2024
48.92
50.23
48.78
49.61
39.90
98,000
Dec 19, 2024
50.00
50.17
49.18
49.29
39.65
175,300
Dec 18, 2024
51.92
51.95
49.02
49.64
39.93
158,100
Dec 17, 2024
51.97
52.02
51.54
51.57
41.48
80,500
Dec 16, 2024
52.03
52.34
51.76
52.21
41.99
48,700
Dec 13, 2024
52.28
52.31
51.67
52.01
41.83
79,800
Dec 12, 2024
52.76
52.76
52.17
52.31
42.07
68,000
Dec 11, 2024
52.92
53.02
52.64
52.84
42.50
36,700
Dec 10, 2024
52.83
52.94
52.46
52.65
42.35
60,000
Dec 9, 2024
53.43
53.43
52.76
52.86
42.52
73,700
Dec 6, 2024
52.92
53.10
52.87
52.96
42.60
22,800
Dec 5, 2024
53.22
53.25
52.74
52.86
42.52
58,700
Dec 4, 2024
53.31
53.38
53.00
53.38
42.93
56,600
Dec 3, 2024
53.44
53.44
52.94
53.17
42.77
61,900
Dec 2, 2024
53.55
53.55
53.01
53.44
42.98
59,100
Nov 29, 2024
53.55
53.55
53.19
53.45
42.99
30,200
Nov 27, 2024
53.52
53.52
53.16
53.35
42.91
33,800
Nov 26, 2024
53.34
53.48
52.90
53.24
42.82
263,700
Nov 25, 2024
53.41
53.53
53.21
53.35
42.91
74,300
Nov 22, 2024
52.81
53.00
52.61
53.00
42.63
58,800
Nov 21, 2024
52.39
52.61
52.08
52.52
42.24
68,100
Nov 20, 2024
0.634 Dividend 

Nov 20, 2024
52.12
52.12
51.60
52.11
41.91
102,300
Nov 19, 2024
52.22
52.70
52.12
52.63
41.82
36,200
Nov 18, 2024
52.65
52.65
52.32
52.46
41.69
208,100
Nov 15, 2024
52.66
52.84
52.23
52.45
41.68
52,000
Nov 14, 2024
53.25
53.35
52.75
52.78
41.94
51,900
Nov 13, 2024
53.68
53.68
53.13
53.21
42.28
48,100
Nov 12, 2024
53.76
53.76
53.24
53.32
42.37
78,900
Nov 11, 2024
53.78
53.81
53.56
53.70
42.67
67,100
Nov 8, 2024
53.13
53.42
53.11
53.35
42.39
74,000
Nov 7, 2024
53.34
53.34
53.04
53.16
42.24
58,700
Nov 6, 2024
52.62
53.16
52.43
53.02
42.13
90,400
Nov 5, 2024
50.66
51.42
50.62
51.42
40.86
25,100
Nov 4, 2024
50.45
50.92
50.28
50.72
40.31
28,600
Nov 1, 2024
50.71
50.81
50.40
50.58
40.19
31,400
Oct 31, 2024
50.95
51.00
50.30
50.40
40.05
36,800
Oct 30, 2024
50.90
51.43
50.90
51.06
40.57
11,000
Oct 29, 2024
50.98
51.19
50.65
51.10
40.61
52,800
Oct 28, 2024
50.68
51.18
50.68
51.03
40.55
32,000
Oct 25, 2024
50.93
50.99
50.38
50.49
40.12
41,900
Oct 24, 2024
50.84
50.84
50.41
50.71
40.30
52,300
Oct 23, 2024
0.624 Dividend 

Oct 23, 2024
50.71
50.73
50.18
50.63
40.23
66,600
Oct 22, 2024
51.60
51.60
51.31
51.55
40.47
62,600
Oct 21, 2024
52.18
52.18
51.53
51.72
40.60
72,700
Oct 18, 2024
52.32
52.38
52.15
52.17
40.95
51,100
Oct 17, 2024
52.34
52.34
52.03
52.31
41.06
59,900
Oct 16, 2024
52.11
52.27
51.88
52.25
41.02
30,100
Oct 15, 2024
51.70
52.03
51.50
51.79
40.66
67,700
Oct 14, 2024
51.55
51.70
51.25
51.69
40.58
85,000
Oct 11, 2024
50.62
51.53
50.62
51.53
40.45
19,900
Oct 10, 2024
50.56
50.69
50.20
50.69
39.79
45,300
Oct 9, 2024
50.83
51.38
50.52
50.94
39.99
66,700
Oct 8, 2024
50.82
50.87
50.55
50.87
39.93
74,500
Oct 7, 2024
50.95
50.95
50.35
50.76
39.85
72,500
Oct 4, 2024
51.04
51.04
50.56
50.97
40.01
72,200
Oct 3, 2024
50.50
50.54
50.15
50.35
39.53
51,400
Oct 2, 2024
50.52
50.81
50.25
50.81
39.89
47,400
Oct 1, 2024
51.21
51.21
50.30
50.85
39.92
77,400
Sep 30, 2024
50.94
51.37
50.72
51.37
40.33
116,000
Sep 27, 2024
51.22
51.45
50.85
50.95
40.00
72,900
Sep 26, 2024
51.24
51.24
50.69
50.79
39.87
61,300
Sep 25, 2024
0.623 Dividend 

Sep 25, 2024
51.10
51.10
50.53
50.58
39.71
74,200
Sep 24, 2024
51.64
51.74
51.35
51.40
39.86
79,500
Sep 23, 2024
52.03
52.03
51.39
51.64
40.05
103,500
Sep 20, 2024
52.79
52.79
51.60
51.64
40.05
59,300
Sep 19, 2024
52.24
52.24
51.51
51.96
40.30
51,700
Sep 18, 2024
51.01
51.94
50.85
51.12
39.64
82,400
Sep 17, 2024
51.19
51.42
50.90
51.01
39.56
81,100
Sep 16, 2024
51.05
51.05
50.47
50.74
39.35
45,100
Sep 13, 2024
50.12
50.65
50.01
50.64
39.27
50,200
Sep 12, 2024
49.28
49.72
48.98
49.53
38.41
27,700
Sep 11, 2024
48.59
49.09
48.00
49.03
38.02
33,100
Sep 10, 2024
49.08
49.08
48.36
48.97
37.98
42,100
Sep 9, 2024
48.90
49.24
48.86
48.89
37.91
34,000
Sep 6, 2024
49.71
49.89
48.65
48.86
37.89
66,800
Sep 5, 2024
50.06
50.06
49.41
49.59
38.46
28,400
Sep 4, 2024
49.86
50.27
49.54
49.86
38.67
37,400
Sep 3, 2024
51.02
51.06
49.67
49.92
38.71
83,400
Aug 30, 2024
51.11
51.19
50.54
51.16
39.67
30,100
Aug 29, 2024
50.88
51.22
50.48
50.88
39.46
28,900
Aug 28, 2024
50.70
50.86
50.25
50.55
39.20
32,200
Aug 27, 2024
51.09
51.14
50.58
50.87
39.45
36,200
Aug 26, 2024
51.61
51.61
51.07
51.22
39.72
40,200
Aug 23, 2024
50.05
51.23
49.87
51.19
39.70
44,100
Aug 22, 2024
50.14
50.22
49.50
49.69
38.53
49,700
Aug 21, 2024
0.658 Dividend 

Aug 21, 2024
49.83
50.11
49.50
50.11
38.86
35,500
Aug 20, 2024
50.73
50.73
49.92
50.05
38.30
84,600
Aug 19, 2024
50.26
50.71
50.13
50.71
38.81
118,300
Aug 16, 2024
49.84
50.27
49.79
50.13
38.36
20,600
Aug 15, 2024
49.83
50.10
49.47
49.96
38.23
26,100
Aug 14, 2024
49.17
49.17
48.50
48.77
37.32
19,300
Aug 13, 2024
48.60
48.98
48.32
48.95
37.46
18,300
Aug 12, 2024
48.71
48.71
48.08
48.23
36.91
41,100
Aug 9, 2024
48.76
48.76
48.31
48.61
37.20
15,900
Aug 8, 2024
47.99
48.66
47.88
48.55
37.16
37,500
Aug 7, 2024
48.95
48.95
47.50
47.55
36.39
38,400
Aug 6, 2024
47.73
48.74
47.45
48.18
36.87
41,400
Aug 5, 2024
46.75
48.20
46.37
47.52
36.37
130,500
Aug 2, 2024
49.19
49.36
48.71
49.15
37.61
38,500
Aug 1, 2024
52.28
52.42
50.43
50.79
38.87
27,300
Jul 31, 2024
52.44
52.49
51.97
52.14
39.90
25,300
Jul 30, 2024
52.03
52.17
51.91
52.07
39.85
21,200
Jul 29, 2024
52.49
52.49
51.87
51.95
39.76
27,200
Jul 26, 2024
52.39
52.39
51.89
52.15
39.91
20,500
Jul 25, 2024
51.68
52.08
51.42
51.83
39.67
27,800
Jul 24, 2024
0.602 Dividend 

Jul 24, 2024
51.95
52.02
51.54
51.54
39.44
27,600
Jul 23, 2024
52.58
52.73
52.32
52.58
39.78
27,900
Jul 22, 2024
52.00
52.41
51.86
52.38
39.63
24,900
Jul 19, 2024
52.10
52.11
51.96
51.99
39.33
14,100
Jul 18, 2024
52.58
52.69
52.00
52.06
39.39
14,900
Jul 17, 2024
52.22
52.84
52.22
52.47
39.70
29,300
Jul 16, 2024
52.47
52.70
52.30
52.69
39.86
65,100
Jul 15, 2024
51.92
52.40
51.76
52.02
39.36
49,500
Jul 12, 2024
51.69
51.70
51.56
51.61
39.05
49,700
Jul 11, 2024
51.06
51.28
50.83
51.25
38.77
14,400
Jul 10, 2024
49.99
50.15
49.82
50.15
37.94
16,500
Jul 9, 2024
49.88
49.92
49.67
49.78
37.66
11,200
Jul 8, 2024
49.99
50.15
49.89
49.97
37.80
13,400
Jul 5, 2024
49.80
49.80
49.50
49.68
37.59
12,300
Jul 3, 2024
49.86
50.09
49.82
49.84
37.71
19,200
Jul 2, 2024
49.71
49.88
49.68
49.79
37.67
4,300
Jul 1, 2024
50.28
50.28
49.60
49.71
37.61
12,800
Jun 28, 2024
50.28
50.28
49.81
50.02
37.84
5,800
Jun 27, 2024
49.49
49.79
49.48
49.78
37.66
14,300
Jun 26, 2024
0.545 Dividend 

Jun 26, 2024
49.41
49.41
49.24
49.41
37.38
4,700
Jun 25, 2024
50.00
50.01
49.88
49.99
37.40
3,700
