Date
Open
High
Low
Close 

Adj Close 

Volume
Jun 5, 2026
19.62
19.62
18.97
19.06
19.06
116,800
Jun 4, 2026
0.114 Dividend 

Jun 4, 2026
19.43
19.78
19.40
19.75
19.75
49,300
Jun 3, 2026
19.77
19.77
19.52
19.59
19.48
60,000
Jun 2, 2026
19.65
19.87
19.65
19.86
19.74
93,200
Jun 1, 2026
19.55
19.75
19.50
19.67
19.56
41,800
May 29, 2026
19.79
19.81
19.61
19.73
19.62
72,200
May 28, 2026
0.114 Dividend 

May 28, 2026
19.66
19.88
19.62
19.83
19.71
58,200
May 27, 2026
19.88
19.93
19.80
19.85
19.62
62,900
May 26, 2026
19.68
19.87
19.68
19.87
19.64
37,400
May 22, 2026
19.48
19.60
19.44
19.52
19.29
81,500
May 21, 2026
0.109 Dividend 

May 21, 2026
19.11
19.42
19.08
19.35
19.13
44,700
May 20, 2026
18.97
19.32
18.90
19.30
18.97
99,800
May 19, 2026
18.97
18.99
18.71
18.86
18.54
42,600
May 18, 2026
19.15
19.22
18.94
19.08
18.75
45,100
May 15, 2026
19.37
19.37
19.14
19.17
18.84
73,300
May 14, 2026
0.114 Dividend 

May 14, 2026
19.57
19.70
19.51
19.63
19.29
51,700
May 13, 2026
19.59
19.64
19.45
19.64
19.19
36,300
May 12, 2026
19.69
19.69
19.32
19.60
19.16
30,900
May 11, 2026
19.70
19.90
19.70
19.81
19.36
90,600
May 8, 2026
19.81
19.81
19.66
19.74
19.29
40,300
May 7, 2026
0.114 Dividend 

May 7, 2026
19.95
19.95
19.56
19.62
19.17
97,100
May 6, 2026
19.93
20.04
19.84
20.01
19.44
102,200
May 5, 2026
19.56
19.78
19.56
19.76
19.20
87,000
May 4, 2026
19.46
19.62
19.37
19.45
18.90
35,800
May 1, 2026
19.58
19.58
19.40
19.56
19.00
33,300
Apr 30, 2026
0.113 Dividend 

Apr 30, 2026
19.23
19.48
19.14
19.48
18.93
29,200
Apr 29, 2026
19.30
19.31
19.09
19.18
18.53
57,100
Apr 28, 2026
19.43
19.50
19.24
19.28
18.62
35,300
Apr 27, 2026
19.48
19.55
19.45
19.50
18.83
31,600
Apr 24, 2026
19.46
19.57
19.35
19.48
18.81
49,900
Apr 23, 2026
0.112 Dividend 

Apr 23, 2026
19.47
19.53
19.15
19.40
18.74
25,600
Apr 22, 2026
19.71
19.71
19.50
19.56
18.78
27,900
Apr 21, 2026
19.70
19.81
19.45
19.46
18.69
35,600
Apr 20, 2026
19.52
19.67
19.50
19.63
18.85
59,700
Apr 17, 2026
19.41
19.70
19.40
19.58
18.80
57,700
Apr 16, 2026
0.111 Dividend 

Apr 16, 2026
19.17
19.20
19.10
19.19
18.43
33,200
Apr 15, 2026
19.29
19.30
19.21
19.29
18.42
44,700
Apr 14, 2026
19.09
19.30
19.09
19.25
18.38
29,100
Apr 13, 2026
18.73
19.03
18.68
19.01
18.15
89,800
Apr 10, 2026
18.81
18.84
18.74
18.77
17.92
52,300
Apr 9, 2026
0.105 Dividend 

Apr 9, 2026
18.60
18.87
18.60
18.84
17.99
27,400
Apr 8, 2026
18.85
18.92
18.70
18.80
17.85
61,900
Apr 7, 2026
18.20
18.28
18.07
18.26
17.34
25,400
Apr 6, 2026
18.11
18.27
18.11
18.25
17.33
62,900
Apr 2, 2026
0.101 Dividend 

Apr 2, 2026
17.72
18.20
17.72
18.17
17.26
33,200
Apr 1, 2026
18.20
18.42
18.17
18.20
17.19
72,200
Mar 31, 2026
17.72
18.13
17.71
18.09
17.08
83,800
Mar 30, 2026
17.87
17.87
17.44
17.49
16.51
72,400
Mar 27, 2026
17.98
18.00
17.72
17.73
16.74
64,400
Mar 26, 2026
0.106 Dividend 

Mar 26, 2026
18.18
18.33
18.04
18.04
17.03
40,800
Mar 25, 2026
18.11
18.55
18.11
18.45
17.32
52,000
Mar 24, 2026
18.18
18.36
18.03
18.26
17.14
25,400
Mar 23, 2026
17.83
18.49
17.83
18.20
17.09
61,100
Mar 20, 2026
18.18
18.19
17.67
17.81
16.72
53,700
Mar 19, 2026
0.107 Dividend 

Mar 19, 2026
17.91
18.38
17.89
18.24
17.12
56,800
Mar 18, 2026
18.40
18.45
18.22
18.22
17.00
18,800
Mar 17, 2026
18.57
18.65
18.47
18.52
17.29
38,200
Mar 16, 2026
18.48
18.60
18.42
18.42
17.19
35,100
Mar 13, 2026
18.42
18.51
18.22
18.26
17.04
59,900
Mar 12, 2026
0.109 Dividend 

Mar 12, 2026
18.74
18.74
18.29
18.36
17.14
38,800
Mar 11, 2026
18.74
18.89
18.66
18.81
17.45
25,900
Mar 10, 2026
18.81
19.09
18.80
18.81
17.45
25,800
Mar 9, 2026
18.39
18.89
18.19
18.86
17.50
64,800
Mar 6, 2026
18.67
18.83
18.57
18.65
17.31
70,700
Mar 5, 2026
0.112 Dividend 

Mar 5, 2026
19.29
19.34
18.89
19.09
17.71
81,400
Mar 4, 2026
19.60
19.63
19.38
19.59
18.07
48,000
Mar 3, 2026
19.25
19.52
18.93
19.39
17.89
66,600
Mar 2, 2026
19.39
19.73
19.14
19.73
18.20
110,600
Feb 27, 2026
19.65
19.67
19.45
19.54
18.03
69,400
Feb 26, 2026
0.115 Dividend 

Feb 26, 2026
19.79
19.91
19.67
19.88
18.34
78,800
Feb 25, 2026
20.00
20.00
19.83
19.93
18.28
77,800
Feb 24, 2026
19.56
19.91
19.56
19.86
18.22
99,800
Feb 23, 2026
19.86
19.95
19.52
19.66
18.03
111,300
Feb 20, 2026
19.79
20.12
19.79
19.95
18.30
87,600
Feb 19, 2026
0.116 Dividend 

Feb 19, 2026
19.86
19.98
19.75
19.98
18.33
62,200
Feb 18, 2026
20.00
20.26
19.95
20.03
18.27
78,700
Feb 17, 2026
19.95
20.05
19.70
19.98
18.22
104,200
Feb 13, 2026
19.85
20.16
19.69
19.96
18.20
68,300
Feb 12, 2026
0.118 Dividend 

Feb 12, 2026
20.29
20.33
19.71
19.76
18.02
59,100
Feb 11, 2026
20.47
20.53
20.08
20.26
18.37
42,500
Feb 10, 2026
20.36
20.46
20.33
20.33
18.43
48,800
Feb 9, 2026
20.25
20.43
20.17
20.36
18.46
97,800
Feb 6, 2026
19.76
20.31
19.76
20.24
18.35
102,300
Feb 5, 2026
0.117 Dividend 

Feb 5, 2026
19.81
19.98
19.50
19.55
17.72
114,400
Feb 4, 2026
20.15
20.30
19.79
20.01
18.04
99,400
Feb 3, 2026
20.16
20.36
19.93
20.17
18.18
79,300
Feb 2, 2026
19.90
20.29
19.89
20.14
18.15
117,200
Jan 30, 2026
20.15
20.24
19.90
20.00
18.03
126,100
Jan 29, 2026
0.118 Dividend 

Jan 29, 2026
20.28
20.37
19.99
20.25
18.25
103,000
Jan 28, 2026
20.50
20.55
20.34
20.39
18.27
111,400
Jan 27, 2026
20.42
20.48
20.37
20.45
18.33
102,700
Jan 26, 2026
20.48
20.59
20.40
20.42
18.30
84,500
Jan 23, 2026
20.79
20.81
20.46
20.48
18.35
84,700
Jan 22, 2026
0.119 Dividend 

Jan 22, 2026
20.85
20.98
20.84
20.84
18.68
88,700
Jan 21, 2026
20.60
20.89
20.51
20.83
18.56
86,000
Jan 20, 2026
20.35
20.64
20.35
20.48
18.25
62,800
Jan 16, 2026
20.68
20.77
20.64
20.67
18.42
91,500
Jan 15, 2026
0.119 Dividend 

Jan 15, 2026
20.63
20.78
20.58
20.66
18.41
182,700
Jan 14, 2026
20.49
20.68
20.49
20.67
18.31
71,200
Jan 13, 2026
20.54
20.62
20.49
20.53
18.19
52,900
Jan 12, 2026
20.42
20.55
20.36
20.53
18.19
77,400
Jan 9, 2026
20.41
20.60
20.37
20.49
18.15
153,300
Jan 8, 2026
0.118 Dividend 

Jan 8, 2026
20.16
20.42
20.16
20.36
18.04
65,500
Jan 7, 2026
20.34
20.37
20.21
20.29
17.87
108,400
Jan 6, 2026
20.17
20.36
20.05
20.36
17.93
146,700
Jan 5, 2026
19.90
20.19
19.90
20.11
17.71
141,700
Jan 2, 2026
19.74
19.89
19.69
19.86
17.49
188,400
Dec 31, 2025
0.116 Dividend 

Dec 31, 2025
19.82
19.85
19.70
19.70
17.35
167,200
Dec 30, 2025
20.07
20.08
19.94
19.99
17.50
154,300
Dec 29, 2025
20.08
20.18
20.04
20.06
17.56
129,100
Dec 26, 2025
20.25
20.25
20.11
20.15
17.64
162,200
Dec 24, 2025
0.119 Dividend 

Dec 24, 2025
20.24
20.27
20.18
20.27
17.75
56,900
Dec 23, 2025
20.40
20.41
20.32
20.36
17.72
67,600
Dec 22, 2025
20.29
20.56
20.29
20.42
17.78
84,900
Dec 19, 2025
20.15
20.32
20.15
20.25
17.63
127,900
Dec 18, 2025
0.118 Dividend 

Dec 18, 2025
20.19
20.35
20.14
20.14
17.53
45,000
Dec 17, 2025
20.38
20.52
20.14
20.16
17.45
142,300
Dec 16, 2025
20.50
20.50
20.30
20.42
17.67
66,200
Dec 15, 2025
20.57
20.67
20.48
20.48
17.72
479,300
Dec 12, 2025
20.83
20.86
20.55
20.60
17.83
82,100
Dec 11, 2025
0.119 Dividend 

Dec 11, 2025
20.64
20.84
20.64
20.82
18.02
83,700
Dec 10, 2025
20.58
20.82
20.55
20.79
17.89
145,700
Dec 9, 2025
20.52
20.60
20.51
20.57
17.70
55,500
Dec 8, 2025
20.48
20.55
20.48
20.55
17.68
85,800
Dec 5, 2025
20.45
20.56
20.43
20.47
17.61
151,500
Dec 4, 2025
0.157 Dividend 

Dec 4, 2025
20.40
20.50
20.32
20.48
17.62
85,500
Dec 3, 2025
20.44
20.57
20.43
20.55
17.55
99,000
Dec 2, 2025
20.49
20.49
20.41
20.43
17.44
83,800
Dec 1, 2025
20.42
20.56
20.38
20.39
17.41
106,400
Nov 28, 2025
20.54
20.62
20.51
20.61
17.60
68,000
Nov 26, 2025
0.288 Dividend 

Nov 26, 2025
20.41
20.59
20.41
20.53
17.53
82,000
Nov 25, 2025
20.55
20.73
20.55
20.70
17.43
100,600
Nov 24, 2025
20.35
20.59
20.35
20.56
17.31
122,200
Nov 21, 2025
20.24
20.41
20.23
20.30
17.09
243,100
Nov 20, 2025
0.159 Dividend 

Nov 20, 2025
20.74
20.74
20.15
20.15
16.97
124,400
Nov 19, 2025
20.56
20.75
20.54
20.61
17.22
158,000
Nov 18, 2025
20.31
20.59
20.31
20.38
17.03
165,200
Nov 17, 2025
20.67
20.84
20.35
20.42
17.06
232,500
Nov 14, 2025
20.41
20.80
20.41
20.66
17.26
190,200
Nov 13, 2025
0.165 Dividend 

Nov 13, 2025
21.12
21.17
20.57
20.65
17.25
360,200
Nov 12, 2025
21.42
21.50
21.38
21.41
17.75
84,600
Nov 11, 2025
21.31
21.44
21.26
21.40
17.74
82,700
Nov 10, 2025
21.30
21.34
21.28
21.31
17.67
132,600
Nov 7, 2025
20.89
21.18
20.71
21.18
17.56
256,500
Nov 6, 2025
0.165 Dividend 

Nov 6, 2025
21.34
21.41
21.01
21.02
17.43
162,600
Nov 5, 2025
21.40
21.56
21.39
21.52
17.70
146,600
Nov 4, 2025
21.49
21.68
21.39
21.41
17.61
173,000
Nov 3, 2025
21.63
21.75
21.48
21.73
17.88
323,500
Oct 31, 2025
21.61
21.77
21.58
21.77
17.91
255,200
Oct 30, 2025
0.169 Dividend 

Oct 30, 2025
21.59
21.81
21.58
21.62
17.79
173,800
Oct 29, 2025
21.99
22.08
21.68
21.85
17.84
254,500
Oct 28, 2025
22.04
22.10
21.91
21.95
17.92
230,400
Oct 27, 2025
22.08
22.08
21.98
22.07
18.02
175,700
Oct 24, 2025
21.86
21.93
21.86
21.90
17.88
162,400
Oct 23, 2025
0.221 Dividend 

Oct 23, 2025
21.62
21.73
21.61
21.70
17.71
90,300
Oct 22, 2025
22.00
22.08
21.58
21.82
17.63
200,600
Oct 21, 2025
22.10
22.19
21.96
22.11
17.87
75,900
Oct 20, 2025
22.06
22.13
22.01
22.01
17.79
121,100
Oct 17, 2025
21.92
22.01
21.77
21.91
17.70
190,300
Oct 16, 2025
0.247 Dividend 

Oct 16, 2025
22.47
22.49
21.91
22.02
17.79
145,600
Oct 15, 2025
22.59
22.67
22.51
22.65
18.10
222,800
Oct 14, 2025
22.17
22.50
22.03
22.48
17.97
178,600
Oct 13, 2025
22.30
22.37
22.30
22.33
17.85
200,100
Oct 10, 2025
22.82
22.89
22.13
22.13
17.69
502,700
Oct 9, 2025
0.231 Dividend 

Oct 9, 2025
22.97
22.97
22.70
22.79
18.21
158,900
Oct 8, 2025
23.12
23.20
23.03
23.18
18.34
214,500
Oct 7, 2025
23.25
23.30
22.95
23.04
18.23
170,400
Oct 6, 2025
23.23
23.25
23.16
23.25
18.40
140,700
Oct 3, 2025
23.08
23.12
23.00
23.11
18.29
157,400
Oct 2, 2025
0.228 Dividend 

Oct 2, 2025
22.91
23.00
22.82
22.94
18.15
169,300
Oct 1, 2025
22.97
23.14
22.93
23.12
18.11
163,500
Sep 30, 2025
22.90
23.00
22.76
23.00
18.02
164,100
Sep 29, 2025
22.89
22.93
22.84
22.89
17.93
159,700
Sep 26, 2025
22.75
22.85
22.70
22.84
17.89
148,700
Sep 25, 2025
0.362 Dividend 

Sep 25, 2025
22.71
22.75
22.53
22.68
17.77
227,000
Sep 24, 2025
23.45
23.47
23.25
23.25
17.93
213,300
Sep 23, 2025
23.45
23.53
23.38
23.39
18.04
93,400
Sep 22, 2025
23.27
23.44
23.17
23.40
18.05
147,400
Sep 19, 2025
23.41
23.44
23.26
23.32
17.99
124,200
Sep 18, 2025
0.232 Dividend 

Sep 18, 2025
23.27
23.40
23.27
23.37
18.02
118,800
Sep 17, 2025
23.26
23.48
23.20
23.40
17.87
359,500
Sep 16, 2025
23.18
23.24
23.06
23.19
17.71
139,700
Sep 15, 2025
23.13
23.19
23.10
23.19
17.71
178,800
Sep 12, 2025
23.15
23.20
23.01
23.01
17.57
169,400
Sep 11, 2025
0.232 Dividend 

Sep 11, 2025
23.09
23.23
23.01
23.22
17.73
147,300
Sep 10, 2025
23.25
23.29
23.12
23.16
17.51
169,400
Sep 9, 2025
23.29
23.29
23.05
23.20
17.54
146,500
Sep 8, 2025
23.21
23.28
23.09
23.27
17.59
198,200
Sep 5, 2025
23.06
23.17
22.90
23.17
17.52
178,000
Sep 4, 2025
0.231 Dividend 

Sep 4, 2025
22.88
22.96
22.85
22.96
17.36
102,900
Sep 3, 2025
22.96
23.10
22.95
23.04
17.24
116,100
Sep 2, 2025
22.89
23.05
22.77
23.04
17.24
136,300
Aug 29, 2025
23.15
23.20
23.01
23.07
17.27
107,600
Aug 28, 2025
0.232 Dividend 

Aug 28, 2025
23.14
23.15
23.00
23.14
17.32
113,600
Aug 27, 2025
23.15
23.26
23.10
23.22
17.20
115,300
Aug 26, 2025
23.08
23.16
23.04
23.11
17.12
146,600
Aug 25, 2025
23.20
23.20
23.00
23.00
17.04
131,400
Aug 22, 2025
23.02
23.19
22.98
23.19
17.18
170,500
Aug 21, 2025
0.23 Dividend 

Aug 21, 2025
22.70
22.91
22.67
22.89
16.96
98,200
Aug 20, 2025
23.05
23.05
22.85
23.04
16.90
185,000
Aug 19, 2025
23.22
23.25
23.01
23.06
16.92
128,500
Aug 18, 2025
23.09
23.19
23.05
23.19
17.01
88,100
Aug 15, 2025
23.15
23.15
22.92
23.00
16.87
86,500
Aug 14, 2025
0.231 Dividend 

Aug 14, 2025
23.12
23.12
22.86
23.08
16.93
138,000
Aug 13, 2025
23.54
23.58
23.48
23.57
17.12
91,600
Aug 12, 2025
23.32
23.43
23.32
23.42
17.01
83,000
Aug 11, 2025
23.15
23.24
23.15
23.19
16.84
101,000
Aug 8, 2025
23.14
23.16
23.06
23.14
16.81
83,300
Aug 7, 2025
0.229 Dividend 

Aug 7, 2025
23.20
23.20
22.88
23.04
16.74
88,300
Aug 6, 2025
23.21
23.29
23.13
23.28
16.74
102,500
Aug 5, 2025
23.12
23.22
23.04
23.20
16.69
82,300
Aug 4, 2025
23.03
23.12
22.99
23.12
16.63
105,400
Aug 1, 2025
22.93
23.00
22.53
22.88
16.46
217,300
Jul 31, 2025
0.237 Dividend 

Jul 31, 2025
23.18
23.40
23.13
23.14
16.64
105,500
Jul 30, 2025
23.70
23.79
23.42
23.56
16.77
131,200
Jul 29, 2025
23.80
23.80
23.57
23.61
16.81
89,000
Jul 28, 2025
23.80
23.80
23.67
23.76
16.92
147,900
Jul 25, 2025
23.60
23.70
23.49
23.70
16.87
131,900
Jul 24, 2025
0.238 Dividend 

Jul 24, 2025
23.84
23.84
23.55
23.58
16.79
194,800
Jul 23, 2025
24.02
24.10
24.01
24.08
16.97
118,400
Jul 22, 2025
23.80
23.96
23.80
23.96
16.89
95,600
Jul 21, 2025
23.89
23.98
23.81
23.81
16.78
198,100
Jul 18, 2025
23.95
24.00
23.79
23.80
16.78
140,600
Jul 17, 2025
0.24 Dividend 

Jul 17, 2025
23.85
23.92
23.74
23.92
16.86
81,600
Jul 16, 2025
23.90
24.00
23.66
23.97
16.73
140,400
Jul 15, 2025
24.28
24.31
23.77
23.77
16.59
181,300
Jul 14, 2025
24.08
24.20
24.02
24.20
16.89
138,400
Jul 11, 2025
24.24
24.24
24.01
24.02
16.76
196,200
Jul 10, 2025
0.244 Dividend 

Jul 10, 2025
24.22
24.32
24.12
24.30
16.96
66,200
Jul 9, 2025
24.31
24.42
24.28
24.40
16.86
101,100
Jul 8, 2025
24.25
24.27
24.17
24.25
16.75
118,300
Jul 7, 2025
24.37
24.44
23.98
24.09
16.64
163,100
Jul 3, 2025
0.241 Dividend 

Jul 3, 2025
24.28
24.40
24.26
24.38
16.84
110,700
Jul 2, 2025
24.36
24.47
24.30
24.47
16.74
129,300
Jul 1, 2025
24.11
24.34
24.03
24.34
16.65
99,900
Jun 30, 2025
24.08
24.19
24.08
24.11
16.49
102,200
Jun 27, 2025
24.09
24.09
23.89
24.05
16.45
91,600
Jun 26, 2025
0.24 Dividend 

Jun 26, 2025
23.96
23.97
23.89
23.96
16.39
82,800
Jun 25, 2025
24.31
24.31
24.02
24.03
16.27
132,600
Jun 24, 2025
24.27
24.29
24.21
24.27
16.44
135,300
Jun 23, 2025
23.93
24.16
23.80
24.16
16.36
80,500
Jun 20, 2025
24.11
24.11
23.89
23.98
16.24
86,200
Jun 18, 2025
0.238 Dividend 

Jun 18, 2025
23.75
23.90
23.64
23.90
16.19
57,500
Jun 17, 2025
23.99
24.10
23.90
23.92
16.04
66,100
Jun 16, 2025
23.97
24.10
23.97
24.05
16.13
73,300
Jun 13, 2025
24.03
24.14
23.77
23.81
15.96
185,800
Jun 12, 2025
0.241 Dividend 

Jun 12, 2025
24.13
24.27
24.11
24.26
16.27
58,000
Jun 11, 2025
24.58
24.68
24.49
24.50
16.27
169,500
Jun 10, 2025
24.38
24.50
24.37
24.49
16.26
62,700
Jun 9, 2025
24.19
24.31
24.19
24.30
16.13
89,800
Jun 6, 2025
24.08
24.14
24.02
24.14
16.03
107,100
