Date
Open
High
Low
Close 

Adj Close 

Volume
May 26, 2026
49.39
49.58
49.25
49.42
49.42
70,595
May 22, 2026
49.44
49.50
49.06
49.33
49.33
127,000
May 21, 2026
49.07
49.28
48.72
49.28
49.28
74,000
May 20, 2026
0.441 Dividend 

May 20, 2026
48.57
49.25
48.57
49.25
49.25
62,300
May 19, 2026
48.88
49.21
48.75
49.21
48.77
55,600
May 18, 2026
48.45
49.06
48.45
48.89
48.45
109,900
May 15, 2026
49.00
49.02
48.44
48.45
48.02
162,100
May 14, 2026
49.47
49.50
49.11
49.19
48.75
116,700
May 13, 2026
49.65
49.65
49.17
49.46
49.02
86,300
May 12, 2026
49.70
49.76
49.41
49.65
49.21
63,000
May 11, 2026
49.59
49.90
49.52
49.78
49.33
82,000
May 8, 2026
49.62
49.85
49.57
49.57
49.13
46,200
May 7, 2026
49.70
49.79
49.37
49.50
49.06
43,000
May 6, 2026
49.39
49.90
49.39
49.70
49.25
52,000
May 5, 2026
49.42
49.50
49.02
49.40
48.96
63,000
May 4, 2026
49.30
49.57
49.05
49.30
48.86
70,000
May 1, 2026
49.43
49.63
49.31
49.45
49.01
52,600
Apr 30, 2026
49.01
49.64
49.01
49.64
49.20
52,900
Apr 29, 2026
49.21
49.40
49.10
49.16
48.72
88,600
Apr 28, 2026
49.36
49.36
49.01
49.35
48.91
84,500
Apr 27, 2026
49.22
49.35
49.09
49.09
48.65
58,400
Apr 24, 2026
49.16
49.42
49.16
49.30
48.86
68,100
Apr 23, 2026
49.08
49.34
49.01
49.31
48.87
66,900
Apr 22, 2026
0.451 Dividend 

Apr 22, 2026
49.31
49.43
48.94
49.10
48.66
81,100
Apr 21, 2026
50.10
50.11
49.64
49.81
48.92
69,800
Apr 20, 2026
50.00
50.22
49.91
50.22
49.32
57,800
Apr 17, 2026
49.68
50.06
49.68
50.00
49.10
82,400
Apr 16, 2026
49.46
49.68
49.45
49.68
48.79
57,100
Apr 15, 2026
49.47
49.49
49.22
49.43
48.54
58,900
Apr 14, 2026
49.18
49.49
49.06
49.49
48.60
61,200
Apr 13, 2026
48.86
49.15
48.79
49.00
48.12
95,600
Apr 10, 2026
48.98
49.09
48.81
48.84
47.96
55,200
Apr 9, 2026
48.54
49.16
48.54
48.83
47.95
67,800
Apr 8, 2026
48.55
48.69
48.39
48.69
47.82
62,400
Apr 7, 2026
47.83
48.15
47.72
48.08
47.22
37,800
Apr 6, 2026
47.95
48.12
47.74
48.02
47.16
78,600
Apr 2, 2026
47.20
48.08
47.16
48.08
47.22
41,000
Apr 1, 2026
47.37
47.57
47.23
47.57
46.72
69,600
Mar 31, 2026
46.91
47.43
46.69
47.29
46.44
56,900
Mar 30, 2026
46.59
47.12
46.38
46.45
45.62
56,300
Mar 27, 2026
46.61
46.87
46.29
46.39
45.56
77,100
Mar 26, 2026
46.52
47.06
46.50
46.71
45.87
55,200
Mar 25, 2026
47.05
47.12
46.54
46.86
46.02
66,800
Mar 24, 2026
46.74
47.18
46.65
46.70
45.86
64,500
Mar 23, 2026
47.41
47.62
47.01
47.01
46.17
98,700
Mar 20, 2026
48.20
48.26
46.50
46.89
46.05
147,600
Mar 19, 2026
48.34
48.35
47.99
48.22
47.36
92,800
Mar 18, 2026
0.443 Dividend 

Mar 18, 2026
48.87
48.93
48.37
48.37
47.50
113,900
Mar 17, 2026
49.49
49.80
49.46
49.49
48.17
77,600
Mar 16, 2026
49.28
49.60
49.18
49.36
48.04
82,800
Mar 13, 2026
49.00
49.40
48.86
48.93
47.62
50,700
Mar 12, 2026
48.89
49.18
48.69
48.88
47.57
54,700
Mar 11, 2026
49.52
49.52
49.02
49.12
47.81
57,400
Mar 10, 2026
49.63
50.00
49.34
49.68
48.35
39,700
Mar 9, 2026
49.11
49.75
48.66
49.69
48.36
98,100
Mar 6, 2026
49.72
49.79
49.32
49.56
48.24
78,600
Mar 5, 2026
50.10
50.10
49.64
49.96
48.62
124,400
Mar 4, 2026
50.28
50.44
49.93
50.44
49.09
87,600
Mar 3, 2026
50.11
50.47
49.61
50.45
49.10
141,700
Mar 2, 2026
50.31
50.72
50.10
50.62
49.27
101,800
Feb 27, 2026
50.45
50.65
50.33
50.54
49.19
125,800
Feb 26, 2026
50.20
50.48
50.20
50.41
49.06
59,500
Feb 25, 2026
50.33
50.39
50.12
50.25
48.91
52,600
Feb 24, 2026
50.24
50.42
50.10
50.36
49.01
70,900
Feb 23, 2026
50.25
50.50
50.16
50.29
48.95
84,600
Feb 20, 2026
50.08
50.25
49.96
50.25
48.90
83,000
Feb 19, 2026
50.03
50.22
49.87
49.99
48.65
69,300
Feb 18, 2026
0.455 Dividend 

Feb 18, 2026
50.38
50.38
50.03
50.16
48.82
106,200
Feb 17, 2026
50.71
50.89
50.49
50.80
49.00
162,800
Feb 13, 2026
50.26
50.71
50.21
50.59
48.80
91,800
Feb 12, 2026
50.45
50.70
50.14
50.14
48.36
77,100
Feb 11, 2026
50.33
50.38
50.14
50.21
48.43
65,700
Feb 10, 2026
49.88
50.42
49.86
50.32
48.54
79,100
Feb 9, 2026
49.72
49.95
49.45
49.94
48.17
108,600
Feb 6, 2026
49.37
49.86
49.30
49.86
48.09
80,900
Feb 5, 2026
49.12
49.39
48.94
49.25
47.50
87,700
Feb 4, 2026
48.87
49.43
48.73
49.33
47.58
79,300
Feb 3, 2026
48.76
48.94
48.47
48.80
47.07
87,000
Feb 2, 2026
49.29
49.30
48.81
48.81
47.08
110,600
Jan 30, 2026
49.31
49.31
48.90
49.31
47.56
62,400
Jan 29, 2026
48.99
49.27
48.79
49.23
47.49
61,400
Jan 28, 2026
49.00
49.20
48.76
48.82
47.09
84,800
Jan 27, 2026
49.14
49.19
48.95
49.19
47.45
51,700
Jan 26, 2026
49.08
49.32
49.03
49.14
47.40
74,800
Jan 23, 2026
49.01
49.16
48.88
49.13
47.39
91,300
Jan 22, 2026
49.36
49.38
48.96
49.07
47.33
88,200
Jan 21, 2026
0.451 Dividend 

Jan 21, 2026
49.42
49.46
48.96
49.35
47.60
96,300
Jan 20, 2026
50.01
50.02
49.52
49.67
47.47
183,500
Jan 16, 2026
49.64
50.26
49.64
50.12
47.90
185,500
Jan 15, 2026
49.60
49.89
49.57
49.81
47.61
75,500
Jan 14, 2026
49.27
49.61
49.20
49.54
47.35
89,600
Jan 13, 2026
49.10
49.25
48.70
49.25
47.07
83,600
Jan 12, 2026
48.98
49.15
48.92
49.11
46.94
99,900
Jan 9, 2026
48.96
49.14
48.90
48.96
46.80
58,200
Jan 8, 2026
48.48
49.03
48.45
48.90
46.74
70,200
Jan 7, 2026
48.99
49.20
48.55
48.55
46.40
69,000
Jan 6, 2026
48.69
49.07
48.56
49.00
46.83
64,500
Jan 5, 2026
48.56
48.88
48.36
48.76
46.60
114,100
Jan 2, 2026
48.60
48.80
48.36
48.56
46.41
73,700
Dec 31, 2025
48.90
48.99
48.60
48.60
46.45
74,600
Dec 30, 2025
48.98
49.04
48.85
48.98
46.82
80,000
Dec 29, 2025
48.86
49.08
48.80
48.98
46.82
80,800
Dec 26, 2025
48.80
49.00
48.65
48.91
46.75
80,600
Dec 24, 2025
0.44 Dividend 

Dec 24, 2025
48.52
48.92
48.52
48.92
46.76
43,900
Dec 23, 2025
48.98
48.98
48.71
48.91
46.33
76,200
Dec 22, 2025
48.66
48.94
48.48
48.94
46.36
79,200
Dec 19, 2025
48.78
48.94
48.65
48.67
46.10
128,300
Dec 18, 2025
49.14
49.20
48.72
48.90
46.32
115,500
Dec 17, 2025
48.91
49.19
48.85
49.14
46.55
83,500
Dec 16, 2025
49.22
49.26
48.79
48.91
46.33
134,100
Dec 15, 2025
49.13
49.29
48.88
49.29
46.69
97,600
Dec 12, 2025
49.15
49.31
48.83
49.13
46.54
65,000
Dec 11, 2025
48.80
49.17
48.80
48.95
46.37
37,400
Dec 10, 2025
48.75
49.08
48.70
48.86
46.28
57,500
Dec 9, 2025
49.02
49.28
48.67
48.80
46.22
106,300
Dec 8, 2025
49.36
49.40
48.97
49.05
46.46
103,300
Dec 5, 2025
49.31
49.55
49.30
49.38
46.77
51,700
Dec 4, 2025
49.34
49.56
49.22
49.32
46.72
66,300
Dec 3, 2025
49.24
49.38
49.12
49.33
46.73
71,400
Dec 2, 2025
49.40
49.40
49.02
49.29
46.69
42,100
Dec 1, 2025
49.70
49.70
49.28
49.38
46.77
92,800
Nov 28, 2025
49.94
50.01
49.64
50.01
47.37
60,000
Nov 26, 2025
0.446 Dividend 

Nov 26, 2025
49.70
49.93
49.39
49.85
47.22
43,900
Nov 25, 2025
49.71
50.18
49.70
50.06
46.99
84,500
Nov 24, 2025
49.66
49.71
49.24
49.71
46.67
95,600
Nov 21, 2025
49.09
49.63
48.93
49.52
46.49
46,100
Nov 20, 2025
49.21
49.47
48.87
48.87
45.88
63,100
Nov 19, 2025
49.33
49.33
48.85
49.12
46.11
56,000
Nov 18, 2025
49.10
49.41
49.00
49.23
46.22
95,900
Nov 17, 2025
49.51
49.56
49.06
49.26
46.24
110,800
Nov 14, 2025
49.17
49.47
49.15
49.33
46.31
47,700
Nov 13, 2025
49.76
49.76
49.20
49.34
46.32
61,200
Nov 12, 2025
49.95
49.99
49.63
49.63
46.59
48,900
Nov 11, 2025
49.56
50.06
49.56
49.93
46.87
48,400
Nov 10, 2025
49.95
49.95
49.34
49.71
46.67
57,300
Nov 7, 2025
49.18
49.82
49.16
49.82
46.77
42,900
Nov 6, 2025
49.32
49.32
49.06
49.20
46.19
54,100
Nov 5, 2025
49.32
49.33
49.00
49.33
46.31
49,800
Nov 4, 2025
49.27
49.37
49.01
49.37
46.35
42,100
Nov 3, 2025
49.05
49.31
48.60
49.31
46.29
64,100
Oct 31, 2025
48.86
49.34
48.68
49.20
46.19
54,900
Oct 30, 2025
48.97
49.34
48.77
49.20
46.19
37,900
Oct 29, 2025
50.06
50.06
48.75
48.94
45.94
117,500
Oct 28, 2025
50.69
50.69
50.00
50.13
47.06
100,200
Oct 27, 2025
50.61
50.85
50.52
50.85
47.74
65,300
Oct 24, 2025
50.70
50.85
50.70
50.77
47.66
35,300
Oct 23, 2025
50.69
50.69
50.17
50.69
47.59
41,000
Oct 22, 2025
0.464 Dividend 

Oct 22, 2025
50.51
50.71
50.32
50.66
47.56
58,900
Oct 21, 2025
51.03
51.17
50.75
51.01
47.45
61,600
Oct 20, 2025
50.85
51.12
50.62
51.12
47.55
52,600
Oct 17, 2025
50.24
50.64
50.17
50.51
46.99
38,200
Oct 16, 2025
50.50
50.59
50.17
50.33
46.82
45,500
Oct 15, 2025
49.83
50.47
49.83
50.35
46.84
42,500
Oct 14, 2025
49.14
49.84
49.14
49.68
46.21
54,800
Oct 13, 2025
49.21
49.43
49.09
49.41
45.96
54,900
Oct 10, 2025
49.80
49.80
49.07
49.22
45.79
84,500
Oct 9, 2025
49.70
49.90
49.52
49.60
46.14
73,000
Oct 8, 2025
50.11
50.11
49.69
49.80
46.33
64,800
Oct 7, 2025
50.19
50.19
49.81
50.12
46.62
89,400
Oct 6, 2025
50.47
50.49
50.01
50.16
46.66
60,600
Oct 3, 2025
50.36
50.72
50.31
50.47
46.95
41,000
Oct 2, 2025
50.45
50.45
50.03
50.35
46.84
39,200
Oct 1, 2025
50.37
50.57
50.35
50.46
46.94
44,700
Sep 30, 2025
50.37
50.54
50.16
50.54
47.01
64,900
Sep 29, 2025
50.37
50.37
50.10
50.31
46.80
64,300
Sep 26, 2025
49.87
50.29
49.87
50.24
46.73
45,300
Sep 25, 2025
49.75
50.01
49.75
49.81
46.33
50,700
Sep 24, 2025
0.464 Dividend 

Sep 24, 2025
50.40
50.41
49.89
49.90
46.42
97,900
Sep 23, 2025
50.53
50.77
50.48
50.77
46.80
46,600
Sep 22, 2025
50.65
50.66
50.21
50.59
46.63
92,400
Sep 19, 2025
50.85
50.85
50.50
50.58
46.62
47,800
Sep 18, 2025
50.70
50.80
50.51
50.74
46.77
57,000
Sep 17, 2025
50.76
51.09
50.55
50.71
46.74
52,300
Sep 16, 2025
50.90
51.21
50.56
50.64
46.68
103,700
Sep 15, 2025
51.05
51.13
50.71
50.88
46.90
76,400
Sep 12, 2025
51.02
51.09
50.82
51.03
47.04
47,900
Sep 11, 2025
50.63
51.19
50.55
51.19
47.18
44,000
Sep 10, 2025
50.51
50.70
50.39
50.47
46.52
38,300
Sep 9, 2025
50.41
50.55
50.35
50.40
46.45
55,000
Sep 8, 2025
50.53
50.72
50.20
50.62
46.66
75,300
Sep 5, 2025
50.60
50.97
50.46
50.86
46.88
55,000
Sep 4, 2025
50.25
50.49
50.02
50.49
46.54
58,000
Sep 3, 2025
50.06
50.30
49.94
50.15
46.22
69,800
Sep 2, 2025
50.51
50.56
49.91
50.11
46.19
75,700
Aug 29, 2025
50.68
50.83
50.51
50.83
46.85
46,700
Aug 28, 2025
50.78
50.78
50.30
50.60
46.64
42,700
Aug 27, 2025
50.67
50.72
50.48
50.64
46.68
61,300
Aug 26, 2025
50.48
50.57
50.28
50.41
46.46
31,500
Aug 25, 2025
50.79
50.79
50.40
50.57
46.61
52,400
Aug 22, 2025
50.19
50.83
50.09
50.71
46.74
26,000
Aug 21, 2025
49.90
50.14
49.80
49.94
46.03
191,200
Aug 20, 2025
0.457 Dividend 

Aug 20, 2025
49.70
50.32
49.70
49.90
45.99
52,800
Aug 19, 2025
49.81
50.43
49.81
50.43
46.06
40,200
Aug 18, 2025
50.26
50.26
49.71
49.81
45.49
58,400
Aug 15, 2025
49.96
50.25
49.85
50.20
45.85
18,800
Aug 14, 2025
49.97
49.97
49.59
49.92
45.60
35,600
Aug 13, 2025
49.79
50.21
49.59
50.21
45.86
49,100
Aug 12, 2025
49.81
49.81
49.36
49.76
45.45
71,700
Aug 11, 2025
49.94
49.94
49.57
49.58
45.29
71,200
Aug 8, 2025
50.10
50.29
49.82
49.87
45.55
48,700
Aug 7, 2025
50.05
50.19
49.92
50.12
45.78
40,100
Aug 6, 2025
50.58
50.58
49.96
50.07
45.73
38,600
Aug 5, 2025
50.25
50.35
49.98
50.35
45.99
29,400
Aug 4, 2025
49.96
50.23
49.84
50.23
45.88
31,500
Aug 1, 2025
49.90
49.95
49.35
49.55
45.26
56,000
Jul 31, 2025
50.44
50.44
49.78
49.90
45.58
68,800
Jul 30, 2025
50.89
50.89
50.13
50.44
46.07
44,100
Jul 29, 2025
50.49
50.87
50.26
50.87
46.46
65,800
Jul 28, 2025
50.77
50.85
50.26
50.29
45.93
49,800
Jul 25, 2025
50.80
50.88
50.37
50.88
46.47
33,500
Jul 24, 2025
51.01
51.01
50.61
50.81
46.41
29,900
Jul 23, 2025
0.47 Dividend 

Jul 23, 2025
50.74
50.87
50.52
50.87
46.46
35,700
Jul 22, 2025
50.96
51.25
50.69
51.25
46.38
49,900
Jul 21, 2025
50.79
50.93
50.51
50.69
45.87
69,300
Jul 18, 2025
50.54
50.58
50.34
50.58
45.77
32,600
Jul 17, 2025
50.65
50.65
50.21
50.44
45.65
27,900
Jul 16, 2025
50.16
50.50
50.03
50.50
45.70
38,300
Jul 15, 2025
50.64
50.65
49.99
50.11
45.35
58,300
Jul 14, 2025
50.42
50.60
50.26
50.60
45.79
64,000
Jul 11, 2025
50.29
50.39
50.00
50.37
45.58
51,900
Jul 10, 2025
50.13
50.53
49.92
50.40
45.61
37,600
Jul 9, 2025
50.06
50.18
49.90
50.17
45.40
43,500
Jul 8, 2025
50.01
50.14
49.81
50.05
45.29
30,800
Jul 7, 2025
50.46
50.50
49.88
50.13
45.37
79,300
Jul 3, 2025
50.35
50.43
50.10
50.40
45.61
28,400
Jul 2, 2025
50.24
50.36
49.92
50.36
45.58
27,600
Jul 1, 2025
49.98
50.44
49.72
50.24
45.47
35,200
Jun 30, 2025
50.00
50.00
49.29
50.00
45.25
69,600
Jun 27, 2025
49.71
49.97
49.28
49.76
45.03
41,100
Jun 26, 2025
49.70
49.70
49.15
49.64
44.92
63,100
Jun 25, 2025
0.466 Dividend 

Jun 25, 2025
50.57
50.57
49.64
49.70
44.98
78,400
Jun 24, 2025
51.03
51.03
50.56
50.98
45.71
45,800
Jun 23, 2025
50.49
50.81
50.17
50.81
45.56
72,500
Jun 20, 2025
50.24
50.66
50.08
50.22
45.03
35,100
Jun 18, 2025
50.30
50.34
50.01
50.26
45.07
13,500
Jun 17, 2025
50.28
50.28
49.94
50.14
44.96
30,200
Jun 16, 2025
50.24
50.68
50.06
50.18
45.00
21,900
Jun 13, 2025
50.40
50.46
49.89
50.24
45.05
45,800
Jun 12, 2025
50.15
50.60
50.15
50.52
45.30
13,500
Jun 11, 2025
50.19
50.67
50.13
50.13
44.95
19,900
Jun 10, 2025
50.35
50.57
50.24
50.56
45.34
17,800
Jun 9, 2025
50.10
50.45
49.76
50.25
45.06
23,400
Jun 6, 2025
50.32
50.32
49.84
50.19
45.01
20,000
Jun 5, 2025
49.90
50.11
49.75
49.75
44.61
17,700
Jun 4, 2025
50.03
50.10
49.55
49.95
44.79
22,900
Jun 3, 2025
50.03
50.03
49.45
49.77
44.63
45,700
Jun 2, 2025
49.93
50.14
49.25
50.00
44.84
24,600
May 30, 2025
49.77
49.98
49.47
49.98
44.82
15,900
May 29, 2025
49.64
49.97
49.55
49.89
44.74
47,900
May 28, 2025
49.57
49.57
49.07
49.46
44.35
16,600
May 27, 2025
49.31
49.59
48.85
49.59
44.47
24,400
