Date
Open
High
Low
Close 

Adj Close 

Volume
Jun 5, 2026
55.74
55.91
55.44
55.52
55.52
5,757,400
Jun 4, 2026
55.71
55.86
55.57
55.71
55.71
5,659,600
Jun 3, 2026
55.30
55.53
55.28
55.41
55.41
5,991,000
Jun 2, 2026
55.28
55.42
55.10
55.33
55.33
7,067,600
Jun 1, 2026
0.389 Dividend 

Jun 1, 2026
55.65
55.68
55.24
55.32
55.32
7,748,600
May 29, 2026
56.15
56.18
55.96
56.04
55.65
6,469,300
May 28, 2026
56.31
56.32
56.06
56.20
55.81
5,732,000
May 27, 2026
56.25
56.47
56.25
56.28
55.89
5,335,900
May 26, 2026
56.40
56.46
56.21
56.22
55.83
5,998,700
May 22, 2026
56.26
56.40
56.17
56.33
55.94
4,164,500
May 21, 2026
56.02
56.12
55.74
56.08
55.69
4,982,200
May 20, 2026
56.08
56.22
55.90
56.18
55.79
8,007,100
May 19, 2026
56.13
56.30
55.96
56.08
55.69
5,300,200
May 18, 2026
55.85
56.16
55.75
56.13
55.74
5,539,900
May 15, 2026
56.00
56.08
55.83
55.89
55.50
4,958,200
May 14, 2026
56.01
56.06
55.88
55.99
55.60
11,621,700
May 13, 2026
55.98
56.13
55.80
55.93
55.54
5,118,300
May 12, 2026
55.89
56.25
55.77
56.08
55.69
5,811,500
May 11, 2026
55.93
56.04
55.74
55.85
55.46
7,700,600
May 8, 2026
56.35
56.38
55.95
55.96
55.57
7,172,300
May 7, 2026
56.51
56.58
56.23
56.28
55.89
6,271,400
May 6, 2026
56.55
56.69
56.44
56.48
56.09
6,851,000
May 5, 2026
56.72
56.74
56.41
56.50
56.11
7,280,900
May 4, 2026
56.73
56.93
56.61
56.67
56.28
5,995,600
May 1, 2026
0.448 Dividend 

May 1, 2026
57.27
57.27
56.76
56.82
56.43
5,639,500
Apr 30, 2026
57.10
57.61
57.09
57.59
56.75
5,353,200
Apr 29, 2026
57.21
57.32
57.04
57.12
56.28
7,745,100
Apr 28, 2026
57.21
57.34
57.01
57.13
56.29
4,961,100
Apr 27, 2026
57.30
57.37
57.01
57.05
56.21
5,821,100
Apr 24, 2026
57.55
57.55
57.26
57.32
56.48
4,838,800
Apr 23, 2026
57.37
57.61
57.35
57.59
56.75
4,899,600
Apr 22, 2026
57.65
57.71
57.23
57.30
56.46
4,974,100
Apr 21, 2026
57.79
57.81
57.47
57.50
56.66
4,919,100
Apr 20, 2026
57.82
57.92
57.69
57.76
56.91
3,902,200
Apr 17, 2026
57.69
57.84
57.61
57.79
56.94
4,727,800
Apr 16, 2026
57.65
57.74
57.53
57.59
56.75
4,545,000
Apr 15, 2026
57.91
57.91
57.50
57.61
56.77
5,116,500
Apr 14, 2026
57.88
57.93
57.72
57.84
56.99
4,505,900
Apr 13, 2026
57.45
57.86
57.45
57.86
57.01
3,883,500
Apr 10, 2026
57.86
57.86
57.48
57.54
56.70
4,115,600
Apr 9, 2026
57.59
57.93
57.47
57.80
56.95
4,036,200
Apr 8, 2026
57.36
57.62
57.28
57.61
56.77
6,154,200
Apr 7, 2026
56.60
56.61
56.22
56.52
55.69
5,286,400
Apr 6, 2026
56.48
56.72
56.36
56.70
55.87
5,816,600
Apr 2, 2026
55.99
56.63
55.89
56.45
55.62
5,043,400
Apr 1, 2026
0.421 Dividend 

Apr 1, 2026
56.40
56.63
56.29
56.41
55.58
5,904,100
Mar 31, 2026
56.15
56.78
55.92
56.68
55.43
5,557,100
Mar 30, 2026
55.97
56.06
55.47
55.65
54.43
4,827,800
Mar 27, 2026
56.09
56.09
55.44
55.55
54.33
5,900,600
Mar 26, 2026
56.48
56.82
56.15
56.19
54.95
4,300,500
Mar 25, 2026
56.93
57.06
56.49
56.73
55.48
4,210,200
Mar 24, 2026
56.28
56.83
56.17
56.56
55.32
5,182,000
Mar 23, 2026
56.77
57.13
56.54
56.58
55.34
7,801,500
Mar 20, 2026
56.63
56.69
55.83
56.09
54.86
5,329,800
Mar 19, 2026
56.53
56.91
56.35
56.68
55.43
6,199,300
Mar 18, 2026
57.47
57.51
56.74
56.77
55.52
6,171,900
Mar 17, 2026
57.91
58.09
57.67
57.70
56.43
5,108,400
Mar 16, 2026
57.50
57.81
57.47
57.59
56.32
4,714,600
Mar 13, 2026
57.40
57.68
57.03
57.09
55.83
5,081,000
Mar 12, 2026
57.57
57.72
57.15
57.18
55.92
7,814,700
Mar 11, 2026
58.21
58.23
57.75
57.96
56.69
7,138,600
Mar 10, 2026
58.38
58.72
58.07
58.19
56.91
5,699,400
Mar 9, 2026
57.62
58.49
57.26
58.38
57.10
7,824,200
Mar 6, 2026
58.12
58.25
57.69
58.09
56.81
6,030,300
Mar 5, 2026
58.85
58.95
58.24
58.62
57.33
7,232,800
Mar 4, 2026
58.97
59.19
58.70
59.08
57.78
6,071,300
Mar 3, 2026
58.67
59.03
58.12
58.83
57.54
7,045,300
Mar 2, 2026
0.351 Dividend 

Mar 2, 2026
59.14
59.58
59.03
59.38
58.07
4,873,700
Feb 27, 2026
59.29
59.90
59.29
59.88
58.22
5,019,400
Feb 26, 2026
59.59
59.67
59.26
59.59
57.94
5,137,000
Feb 25, 2026
59.58
59.60
59.31
59.51
57.86
4,503,700
Feb 24, 2026
59.15
59.50
59.08
59.45
57.80
5,437,700
Feb 23, 2026
59.36
59.55
58.97
59.15
57.51
6,493,100
Feb 20, 2026
59.19
59.58
59.10
59.49
57.84
4,613,400
Feb 19, 2026
59.24
59.30
59.03
59.26
57.62
4,678,200
Feb 18, 2026
59.40
59.46
59.17
59.33
57.69
4,274,900
Feb 17, 2026
59.24
59.47
58.87
59.20
57.56
5,306,600
Feb 13, 2026
59.05
59.60
58.98
59.31
57.67
5,642,200
Feb 12, 2026
59.47
59.72
58.98
59.01
57.37
7,075,400
Feb 11, 2026
59.39
59.40
59.05
59.27
57.63
4,714,000
Feb 10, 2026
59.13
59.40
59.11
59.21
57.57
4,957,400
Feb 9, 2026
59.04
59.11
58.85
59.06
57.42
5,075,900
Feb 6, 2026
58.50
59.17
58.50
59.11
57.47
5,977,400
Feb 5, 2026
58.45
58.58
58.17
58.24
56.63
6,391,200
Feb 4, 2026
58.40
58.70
58.33
58.58
56.96
6,867,400
Feb 3, 2026
58.35
58.51
57.96
58.26
56.65
6,102,300
Feb 2, 2026
0.344 Dividend 

Feb 2, 2026
58.17
58.49
58.08
58.42
56.80
5,285,500
Jan 30, 2026
58.48
58.60
58.16
58.56
56.60
6,366,400
Jan 29, 2026
58.56
58.63
58.21
58.55
56.59
5,071,400
Jan 28, 2026
58.51
58.60
58.35
58.42
56.47
4,173,900
Jan 27, 2026
58.61
58.63
58.44
58.59
56.63
4,964,500
Jan 26, 2026
58.44
58.68
58.43
58.61
56.65
4,133,700
Jan 23, 2026
58.30
58.39
58.21
58.38
56.43
4,613,500
Jan 22, 2026
58.39
58.51
58.22
58.34
56.39
4,143,000
Jan 21, 2026
57.78
58.32
57.70
58.19
56.24
6,261,900
Jan 20, 2026
57.89
58.03
57.54
57.62
55.69
7,837,600
Jan 16, 2026
58.45
58.50
58.29
58.41
56.46
4,556,300
Jan 15, 2026
58.46
58.55
58.35
58.43
56.48
5,298,700
Jan 14, 2026
58.16
58.36
58.07
58.34
56.39
5,324,000
Jan 13, 2026
58.28
58.32
58.10
58.25
56.30
4,418,600
Jan 12, 2026
58.14
58.31
58.05
58.30
56.35
4,573,800
Jan 9, 2026
58.10
58.32
58.10
58.25
56.30
4,458,800
Jan 8, 2026
57.71
58.10
57.62
58.04
56.10
5,455,800
Jan 7, 2026
58.00
58.12
57.72
57.76
55.83
8,869,500
Jan 6, 2026
57.46
58.02
57.40
57.95
56.01
6,191,600
Jan 5, 2026
57.33
57.57
57.27
57.47
55.55
7,731,400
Jan 2, 2026
57.38
57.38
57.04
57.32
55.40
7,480,500
Dec 31, 2025
0.427 Dividend 

Dec 31, 2025
57.57
57.57
57.22
57.24
55.33
4,299,900
Dec 30, 2025
58.01
58.04
57.91
57.98
55.63
5,111,400
Dec 29, 2025
58.00
58.06
57.91
57.98
55.63
4,659,000
Dec 26, 2025
58.00
58.02
57.88
58.02
55.67
3,634,200
Dec 24, 2025
57.85
58.01
57.83
57.97
55.62
2,459,300
Dec 23, 2025
57.75
57.83
57.72
57.82
55.48
5,049,600
Dec 22, 2025
57.66
57.80
57.57
57.76
55.42
4,767,100
Dec 19, 2025
57.42
57.69
57.40
57.54
55.21
4,107,500
Dec 18, 2025
57.47
57.70
57.30
57.41
55.08
6,623,200
Dec 17, 2025
57.56
57.66
57.21
57.24
54.92
6,223,600
Dec 16, 2025
57.77
57.79
57.35
57.52
55.19
5,487,200
Dec 15, 2025
57.89
57.90
57.58
57.77
55.43
5,137,400
Dec 12, 2025
57.85
57.97
57.58
57.73
55.39
4,776,400
Dec 11, 2025
57.38
57.80
57.38
57.79
55.45
4,011,100
Dec 10, 2025
57.06
57.51
57.03
57.41
55.08
4,421,200
Dec 9, 2025
57.21
57.29
57.02
57.02
54.71
3,592,100
Dec 8, 2025
57.47
57.48
57.11
57.17
54.85
4,184,600
Dec 5, 2025
57.49
57.59
57.39
57.43
55.10
4,209,000
Dec 4, 2025
57.52
57.54
57.31
57.46
55.13
4,235,900
Dec 3, 2025
57.22
57.50
57.18
57.48
55.15
5,444,300
Dec 2, 2025
57.30
57.30
57.03
57.16
54.84
5,470,400
Dec 1, 2025
0.371 Dividend 

Dec 1, 2025
57.33
57.48
57.17
57.21
54.89
4,782,800
Nov 28, 2025
57.76
57.93
57.68
57.91
55.21
2,300,600
Nov 26, 2025
57.53
57.81
57.51
57.67
54.98
3,656,500
Nov 25, 2025
56.88
57.52
56.88
57.44
54.76
5,367,300
Nov 24, 2025
56.81
56.98
56.55
56.84
54.19
4,252,000
Nov 21, 2025
56.09
56.88
56.04
56.59
53.95
7,627,900
Nov 20, 2025
56.78
56.99
55.81
55.85
53.24
7,419,600
Nov 19, 2025
56.36
56.56
56.10
56.32
53.69
3,812,000
Nov 18, 2025
56.25
56.60
56.04
56.29
53.66
4,868,400
Nov 17, 2025
56.75
56.85
56.21
56.39
53.76
5,969,400
Nov 14, 2025
56.65
56.93
56.48
56.74
54.09
4,919,100
Nov 13, 2025
57.20
57.31
56.80
56.86
54.20
4,519,500
Nov 12, 2025
57.12
57.35
57.12
57.28
54.61
4,887,200
Nov 11, 2025
56.74
57.14
56.73
57.11
54.44
4,504,300
Nov 10, 2025
56.60
56.80
56.42
56.72
54.07
5,992,000
Nov 7, 2025
56.16
56.45
55.95
56.45
53.81
7,509,200
Nov 6, 2025
56.43
56.47
56.13
56.25
53.62
5,460,200
Nov 5, 2025
56.34
56.62
56.29
56.47
53.83
5,827,100
Nov 4, 2025
56.23
56.47
56.19
56.39
53.76
5,675,900
Nov 3, 2025
0.346 Dividend 

Nov 3, 2025
56.53
56.62
56.06
56.39
53.76
5,685,800
Oct 31, 2025
56.83
56.96
56.71
56.88
53.89
5,991,700
Oct 30, 2025
56.65
57.18
56.65
56.91
53.92
6,341,500
Oct 29, 2025
57.16
57.17
56.78
56.90
53.91
5,921,500
Oct 28, 2025
57.66
57.66
57.22
57.23
54.23
5,247,000
Oct 27, 2025
57.67
57.68
57.52
57.60
54.58
4,517,100
Oct 24, 2025
57.67
57.71
57.46
57.46
54.44
3,744,300
Oct 23, 2025
57.31
57.53
57.22
57.46
54.44
4,205,400
Oct 22, 2025
57.46
57.58
57.21
57.29
54.28
8,908,700
Oct 21, 2025
57.22
57.58
57.22
57.52
54.50
4,784,700
Oct 20, 2025
56.97
57.23
56.95
57.17
54.17
4,256,100
Oct 17, 2025
56.58
56.90
56.48
56.86
53.88
4,752,700
Oct 16, 2025
56.97
56.99
56.29
56.51
53.54
4,905,900
Oct 15, 2025
56.94
57.21
56.52
56.87
53.88
5,075,400
Oct 14, 2025
56.26
57.03
56.19
56.88
53.89
5,940,800
Oct 13, 2025
56.28
56.67
56.24
56.55
53.58
6,160,700
Oct 10, 2025
56.82
56.93
55.98
56.00
53.06
5,921,300
Oct 9, 2025
56.92
56.99
56.71
56.75
53.77
4,309,600
Oct 8, 2025
56.88
56.98
56.79
56.91
53.92
4,877,400
Oct 7, 2025
56.93
57.04
56.83
56.87
53.88
4,288,700
Oct 6, 2025
57.00
57.01
56.86
56.97
53.98
4,608,400
Oct 3, 2025
57.00
57.14
56.85
57.03
54.04
7,367,800
Oct 2, 2025
56.80
56.91
56.72
56.85
53.87
4,296,700
Oct 1, 2025
0.361 Dividend 

Oct 1, 2025
56.70
56.87
56.67
56.85
53.87
4,425,900
Sep 30, 2025
56.93
57.10
56.92
57.10
53.76
5,437,200
Sep 29, 2025
57.07
57.07
56.87
56.96
53.63
4,924,900
Sep 26, 2025
56.79
56.97
56.75
56.94
53.61
5,354,600
Sep 25, 2025
56.86
56.86
56.52
56.65
53.34
6,363,900
Sep 24, 2025
56.89
56.92
56.83
56.88
53.55
3,910,000
Sep 23, 2025
56.85
56.94
56.76
56.84
53.52
3,889,800
Sep 22, 2025
56.78
56.90
56.78
56.82
53.50
5,198,400
Sep 19, 2025
57.06
57.06
56.81
56.86
53.53
4,690,500
Sep 18, 2025
57.00
57.03
56.88
56.93
53.60
4,440,000
Sep 17, 2025
56.79
57.10
56.72
56.92
53.59
4,153,300
Sep 16, 2025
56.83
56.90
56.73
56.77
53.45
4,092,100
Sep 15, 2025
56.91
56.98
56.79
56.82
53.50
5,118,700
Sep 12, 2025
57.18
57.22
56.89
56.90
53.57
4,073,400
Sep 11, 2025
56.95
57.26
56.94
57.25
53.90
4,532,500
Sep 10, 2025
56.97
57.03
56.81
56.90
53.57
3,707,200
Sep 9, 2025
56.81
56.82
56.66
56.75
53.43
3,330,600
Sep 8, 2025
56.79
56.82
56.56
56.81
53.49
4,158,800
Sep 5, 2025
56.88
57.03
56.57
56.78
53.46
3,783,700
Sep 4, 2025
56.59
56.76
56.50
56.76
53.44
5,402,400
Sep 3, 2025
56.65
56.71
56.35
56.58
53.27
4,519,200
Sep 2, 2025
0.368 Dividend 

Sep 2, 2025
56.49
56.65
56.28
56.65
53.34
4,884,700
Aug 29, 2025
57.22
57.28
57.02
57.15
53.46
4,210,000
Aug 28, 2025
57.24
57.24
57.11
57.19
53.50
4,345,200
Aug 27, 2025
57.11
57.20
57.04
57.13
53.44
3,366,100
Aug 26, 2025
57.05
57.12
56.93
57.09
53.41
3,431,400
Aug 25, 2025
57.31
57.34
57.01
57.04
53.36
3,702,400
Aug 22, 2025
57.04
57.50
57.04
57.37
53.67
4,456,500
Aug 21, 2025
56.97
57.04
56.76
56.88
53.21
2,744,900
Aug 20, 2025
57.00
57.19
56.90
57.10
53.41
4,461,900
Aug 19, 2025
56.79
57.03
56.77
56.93
53.26
3,186,100
Aug 18, 2025
56.65
56.83
56.65
56.74
53.08
3,098,400
Aug 15, 2025
56.70
56.78
56.58
56.69
53.03
2,862,600
Aug 14, 2025
56.53
56.65
56.46
56.62
52.97
3,310,300
Aug 13, 2025
56.40
56.69
56.40
56.68
53.02
3,847,200
Aug 12, 2025
56.10
56.38
56.10
56.34
52.70
3,720,300
Aug 11, 2025
56.10
56.20
55.96
56.04
52.42
4,174,600
Aug 8, 2025
55.97
56.13
55.97
56.06
52.44
3,305,000
Aug 7, 2025
56.20
56.23
55.75
55.90
52.29
6,139,000
Aug 6, 2025
55.94
56.07
55.74
55.99
52.38
4,141,500
Aug 5, 2025
56.22
56.22
55.88
55.90
52.29
4,959,300
Aug 4, 2025
55.83
56.25
55.79
56.23
52.60
4,461,000
Aug 1, 2025
0.358 Dividend 

Aug 1, 2025
55.86
55.86
55.45
55.61
52.02
7,691,900
Jul 31, 2025
56.77
56.90
56.38
56.48
52.50
5,414,700
Jul 30, 2025
57.11
57.11
56.67
56.84
52.83
4,856,300
Jul 29, 2025
57.17
57.22
57.08
57.16
53.13
3,687,000
Jul 28, 2025
57.35
57.35
57.13
57.17
53.14
4,131,100
Jul 25, 2025
57.23
57.33
57.13
57.32
53.28
3,306,200
Jul 24, 2025
57.23
57.29
57.15
57.17
53.14
3,941,700
Jul 23, 2025
57.16
57.27
57.08
57.23
53.20
3,629,000
Jul 22, 2025
56.86
57.18
56.85
57.15
53.12
3,131,800
Jul 21, 2025
57.04
57.04
56.83
56.85
52.84
3,687,600
Jul 18, 2025
57.12
57.12
56.88
56.97
52.95
7,796,600
Jul 17, 2025
56.65
57.05
56.65
57.02
53.00
3,978,500
Jul 16, 2025
56.51
56.69
56.26
56.66
52.67
4,078,800
Jul 15, 2025
56.85
56.85
56.45
56.46
52.48
4,619,000
Jul 14, 2025
56.72
56.85
56.64
56.83
52.82
3,811,500
Jul 11, 2025
56.83
56.85
56.68
56.76
52.76
3,578,600
Jul 10, 2025
56.88
57.06
56.81
56.96
52.95
3,763,700
Jul 9, 2025
56.89
56.89
56.67
56.85
52.84
4,565,600
Jul 8, 2025
56.78
56.90
56.69
56.81
52.81
3,907,100
Jul 7, 2025
56.90
56.91
56.57
56.71
52.71
5,618,600
Jul 3, 2025
56.91
56.98
56.80
56.96
52.95
4,004,500
Jul 2, 2025
56.78
56.82
56.63
56.81
52.81
4,569,500
Jul 1, 2025
0.4 Dividend 

Jul 1, 2025
56.49
56.85
56.38
56.78
52.78
5,303,500
Jun 30, 2025
56.75
56.85
56.65
56.85
52.47
5,880,200
Jun 27, 2025
56.56
56.78
56.48
56.66
52.30
4,168,600
Jun 26, 2025
56.48
56.48
56.26
56.40
52.06
4,210,200
Jun 25, 2025
56.62
56.62
56.31
56.36
52.02
3,733,200
Jun 24, 2025
56.38
56.62
56.30
56.57
52.21
4,119,500
Jun 23, 2025
55.84
56.17
55.57
56.13
51.81
4,095,900
Jun 20, 2025
55.98
56.00
55.67
55.75
51.46
3,833,900
Jun 18, 2025
55.95
56.07
55.72
55.74
51.45
3,515,800
Jun 17, 2025
56.19
56.24
55.82
55.87
51.57
4,508,100
Jun 16, 2025
56.24
56.46
56.18
56.26
51.93
3,252,300
Jun 13, 2025
56.15
56.35
55.91
56.04
51.72
5,395,200
Jun 12, 2025
56.18
56.44
56.13
56.44
52.09
4,224,700
Jun 11, 2025
56.25
56.29
56.06
56.18
51.85
4,513,400
Jun 10, 2025
56.10
56.24
56.03
56.19
51.86
4,094,500
Jun 9, 2025
56.10
56.17
55.91
56.02
51.71
5,841,300
Jun 6, 2025
55.96
56.07
55.91
56.03
51.71
3,867,300
