Date
Open
High
Low
Close 

Adj Close 

Volume

May 22, 2026
13.69
13.75
13.66
13.70
13.70
17,000
May 21, 2026
0.065 Dividend 

May 21, 2026
13.47
13.65
13.47
13.61
13.61
5,700
May 20, 2026
13.44
13.72
13.36
13.72
13.65
15,500
May 19, 2026
13.60
13.60
13.42
13.46
13.40
18,300
May 18, 2026
13.49
13.61
13.49
13.59
13.53
24,600
May 15, 2026
13.56
13.56
13.43
13.51
13.44
18,600
May 14, 2026
0.065 Dividend 

May 14, 2026
13.66
13.66
13.55
13.59
13.52
7,100
May 13, 2026
13.85
13.85
13.61
13.61
13.48
21,200
May 12, 2026
13.54
13.86
13.45
13.83
13.70
11,800
May 11, 2026
13.65
13.74
13.55
13.58
13.45
63,900
May 8, 2026
14.06
14.06
13.61
13.70
13.57
40,800
May 7, 2026
0.102 Dividend 

May 7, 2026
14.24
14.24
13.91
13.91
13.78
35,700
May 6, 2026
14.29
14.36
14.24
14.35
14.11
18,300
May 5, 2026
14.03
14.15
14.03
14.10
13.87
5,700
May 4, 2026
14.22
14.22
13.98
14.03
13.80
25,100
May 1, 2026
14.30
14.32
14.22
14.24
14.00
8,800
Apr 30, 2026
0.121 Dividend 

Apr 30, 2026
14.11
14.29
14.05
14.25
14.01
21,700
Apr 29, 2026
14.18
14.31
14.15
14.20
13.85
22,800
Apr 28, 2026
14.38
14.38
14.25
14.28
13.93
8,200
Apr 27, 2026
14.18
14.29
14.18
14.28
13.92
17,400
Apr 24, 2026
14.34
14.34
14.11
14.15
13.80
22,100
Apr 23, 2026
0.115 Dividend 

Apr 23, 2026
14.38
14.38
14.16
14.26
13.91
20,400
Apr 22, 2026
14.50
14.50
14.36
14.38
13.91
20,500
Apr 21, 2026
14.50
14.62
14.36
14.36
13.89
5,200
Apr 20, 2026
14.34
14.51
14.32
14.51
14.04
10,800
Apr 17, 2026
14.40
14.44
14.30
14.30
13.83
11,900
Apr 16, 2026
0.122 Dividend 

Apr 16, 2026
14.13
14.25
14.11
14.25
13.78
10,700
Apr 15, 2026
14.55
14.55
14.16
14.24
13.66
23,500
Apr 14, 2026
14.43
14.51
14.29
14.46
13.87
23,500
Apr 13, 2026
14.30
14.46
14.15
14.40
13.81
16,700
Apr 10, 2026
14.28
14.38
14.20
14.38
13.79
21,800
Apr 9, 2026
0.075 Dividend 

Apr 9, 2026
14.24
14.38
14.24
14.28
13.69
14,300
Apr 8, 2026
14.23
14.44
14.23
14.36
13.70
21,400
Apr 7, 2026
13.85
14.00
13.80
13.96
13.32
9,600
Apr 6, 2026
13.78
13.95
13.78
13.89
13.25
9,100
Apr 2, 2026
0.072 Dividend 

Apr 2, 2026
13.69
13.78
13.66
13.77
13.13
20,800
Apr 1, 2026
13.94
14.00
13.89
13.94
13.23
12,200
Mar 31, 2026
13.63
13.88
13.63
13.88
13.17
11,200
Mar 30, 2026
13.49
13.60
13.43
13.48
12.79
19,700
Mar 27, 2026
13.73
13.73
13.38
13.43
12.74
30,200
Mar 26, 2026
0.069 Dividend 

Mar 26, 2026
13.86
13.86
13.76
13.78
13.07
3,400
Mar 25, 2026
13.96
13.98
13.87
13.97
13.19
7,500
Mar 24, 2026
13.59
13.93
13.59
13.84
13.07
8,800
Mar 23, 2026
13.84
13.92
13.68
13.73
12.97
36,900
Mar 20, 2026
13.68
13.69
13.54
13.60
12.84
12,900
Mar 19, 2026
0.071 Dividend 

Mar 19, 2026
13.53
13.68
13.51
13.63
12.87
8,600
Mar 18, 2026
13.62
13.72
13.62
13.67
12.84
6,900
Mar 17, 2026
13.68
13.83
13.62
13.63
12.81
1,244,200
Mar 16, 2026
13.59
13.74
13.53
13.65
12.82
33,700
Mar 13, 2026
13.46
13.65
13.46
13.52
12.70
34,100
Mar 12, 2026
0.068 Dividend 

Mar 12, 2026
13.58
13.58
13.32
13.45
12.64
38,400
Mar 11, 2026
13.72
13.84
13.67
13.73
12.84
16,000
Mar 10, 2026
13.79
13.97
13.73
13.83
12.93
24,700
Mar 9, 2026
13.64
13.88
13.44
13.82
12.92
37,900
Mar 6, 2026
13.82
13.83
13.54
13.74
12.84
37,700
Mar 5, 2026
0.074 Dividend 

Mar 5, 2026
14.22
14.31
13.94
14.00
13.09
31,400
Mar 4, 2026
14.35
14.39
14.18
14.25
13.25
35,100
Mar 3, 2026
13.94
14.42
13.88
14.37
13.36
36,700
Mar 2, 2026
14.03
14.29
14.03
14.23
13.23
36,900
Feb 27, 2026
14.38
14.41
14.14
14.34
13.34
453,100
Feb 26, 2026
0.073 Dividend 

Feb 26, 2026
14.35
14.65
14.35
14.57
13.55
21,700
Feb 25, 2026
14.36
14.55
14.36
14.50
13.42
8,300
Feb 24, 2026
14.23
14.33
13.96
14.33
13.26
27,500
Feb 23, 2026
14.69
14.71
14.16
14.22
13.16
126,700
Feb 20, 2026
14.59
14.85
14.59
14.71
13.61
20,800
Feb 19, 2026
0.057 Dividend 

Feb 19, 2026
14.74
14.75
14.64
14.70
13.60
14,400
Feb 18, 2026
14.87
14.94
14.81
14.82
13.66
20,100
Feb 17, 2026
14.46
14.77
14.46
14.72
13.57
45,200
Feb 13, 2026
14.37
14.62
14.33
14.53
13.39
22,700
Feb 12, 2026
0.062 Dividend 

Feb 12, 2026
14.98
14.98
14.46
14.57
13.43
45,600
Feb 11, 2026
15.30
15.38
14.87
15.04
13.81
36,800
Feb 10, 2026
15.51
15.62
15.22
15.29
14.03
29,300
Feb 9, 2026
15.50
15.63
15.43
15.45
14.19
27,700
Feb 6, 2026
15.21
15.50
15.10
15.43
14.16
25,300
Feb 5, 2026
0.075 Dividend 

Feb 5, 2026
15.13
15.15
14.86
14.94
13.71
18,000
Feb 4, 2026
15.28
15.40
15.27
15.30
13.98
22,000
Feb 3, 2026
14.96
15.26
14.96
15.23
13.91
20,700
Feb 2, 2026
14.91
15.02
14.80
14.96
13.66
36,500
Jan 30, 2026
14.94
15.00
14.78
14.90
13.61
24,600
Jan 29, 2026
0.059 Dividend 

Jan 29, 2026
14.60
14.93
14.60
14.77
13.49
27,900
Jan 28, 2026
14.56
14.76
14.56
14.70
13.37
17,600
Jan 27, 2026
14.78
14.81
14.60
14.65
13.33
33,900
Jan 26, 2026
14.53
14.76
14.53
14.74
13.41
58,300
Jan 23, 2026
14.81
14.81
14.53
14.54
13.23
69,100
Jan 22, 2026
0.057 Dividend 

Jan 22, 2026
14.86
15.05
14.82
14.92
13.57
26,400
Jan 21, 2026
14.84
14.97
14.80
14.80
13.41
44,900
Jan 20, 2026
15.15
15.24
14.79
14.79
13.40
79,700
Jan 16, 2026
15.27
15.44
15.20
15.31
13.88
25,500
Jan 15, 2026
0.077 Dividend 

Jan 15, 2026
15.09
15.30
15.09
15.20
13.78
46,200
Jan 14, 2026
15.30
15.35
15.02
15.17
13.68
69,400
Jan 13, 2026
16.00
16.00
15.30
15.32
13.81
107,200
Jan 12, 2026
15.99
16.02
15.87
15.93
14.37
36,700
Jan 9, 2026
16.18
16.23
16.14
16.17
14.58
28,200
Jan 8, 2026
0.054 Dividend 

Jan 8, 2026
16.19
16.21
16.07
16.16
14.57
27,400
Jan 7, 2026
16.33
16.33
16.05
16.22
14.58
45,200
Jan 6, 2026
16.40
16.44
16.29
16.40
14.74
30,700
Jan 5, 2026
15.98
16.49
15.98
16.30
14.65
40,800
Jan 2, 2026
0.081 Dividend 

Jan 2, 2026
15.98
16.10
15.80
16.10
14.47
44,500
Dec 31, 2025
16.00
16.09
16.00
16.00
14.31
25,400
Dec 30, 2025
16.06
16.08
15.95
16.04
14.34
27,000
Dec 29, 2025
16.18
16.22
16.04
16.05
14.35
48,100
Dec 26, 2025
0.063 Dividend 

Dec 26, 2025
16.30
16.30
16.12
16.20
14.49
29,700
Dec 24, 2025
16.10
16.36
16.10
16.30
14.52
10,400
Dec 23, 2025
16.10
16.29
16.08
16.23
14.46
30,000
Dec 22, 2025
15.90
16.09
15.90
16.06
14.30
78,900
Dec 19, 2025
15.78
15.93
15.78
15.85
14.12
28,500
Dec 18, 2025
0.071 Dividend 

Dec 18, 2025
15.85
15.90
15.64
15.80
14.07
14,100
Dec 17, 2025
15.93
16.01
15.83
15.83
14.04
28,300
Dec 16, 2025
16.00
16.01
15.83
15.93
14.12
59,100
Dec 15, 2025
16.10
16.10
15.91
16.10
14.28
78,700
Dec 12, 2025
16.00
16.02
15.87
15.92
14.12
40,000
Dec 11, 2025
0.076 Dividend 

Dec 11, 2025
15.65
15.93
15.56
15.90
14.10
40,500
Dec 10, 2025
15.27
15.70
15.13
15.70
13.85
48,100
Dec 9, 2025
15.98
16.04
15.17
15.22
13.43
147,700
Dec 8, 2025
16.04
16.04
15.84
15.95
14.07
25,500
Dec 5, 2025
16.06
16.06
15.91
15.97
14.09
42,200
Dec 4, 2025
0.19 Dividend 

Dec 4, 2025
15.90
16.05
15.88
15.98
14.10
26,700
Dec 3, 2025
15.78
16.00
15.78
15.90
13.86
39,600
Dec 2, 2025
15.96
15.96
15.83
15.88
13.84
53,100
Dec 1, 2025
16.10
16.10
15.84
15.90
13.86
60,700
Nov 28, 2025
0.081 Dividend 

Nov 28, 2025
15.91
16.07
15.88
16.07
14.01
31,200
Nov 26, 2025
15.93
15.93
15.81
15.90
13.79
28,200
Nov 25, 2025
15.60
15.81
15.47
15.79
13.69
26,800
Nov 24, 2025
15.42
15.64
15.42
15.51
13.45
256,700
Nov 21, 2025
15.55
15.63
15.30
15.54
13.48
52,100
Nov 20, 2025
0.073 Dividend 

Nov 20, 2025
15.80
16.04
15.51
15.51
13.45
46,800
Nov 19, 2025
15.73
15.85
15.68
15.81
13.65
23,600
Nov 18, 2025
15.62
15.82
15.54
15.68
13.54
45,000
Nov 17, 2025
15.98
15.98
15.60
15.62
13.49
27,100
Nov 14, 2025
16.06
16.06
15.73
15.87
13.70
47,200
Nov 13, 2025
0.109 Dividend 

Nov 13, 2025
16.73
16.73
16.13
16.17
13.96
67,300
Nov 12, 2025
16.70
16.80
16.61
16.75
14.37
43,600
Nov 11, 2025
16.56
16.66
16.56
16.58
14.22
48,800
Nov 10, 2025
16.65
16.65
16.52
16.59
14.23
39,200
Nov 7, 2025
16.59
16.59
16.22
16.52
14.17
42,300
Nov 6, 2025
0.15 Dividend 

Nov 6, 2025
16.48
16.51
16.34
16.50
14.15
53,100
Nov 5, 2025
16.29
16.59
16.21
16.48
14.01
39,200
Nov 4, 2025
16.30
16.50
16.21
16.33
13.88
46,400
Nov 3, 2025
16.57
16.57
16.26
16.42
13.96
57,100
Oct 31, 2025
16.46
16.51
16.35
16.50
14.02
32,600
Oct 30, 2025
0.131 Dividend 

Oct 30, 2025
16.34
16.49
16.28
16.42
13.96
19,800
Oct 29, 2025
16.40
16.51
16.37
16.46
13.88
34,800
Oct 28, 2025
16.36
16.53
16.32
16.41
13.84
25,500
Oct 27, 2025
16.18
16.38
16.18
16.28
13.73
18,700
Oct 24, 2025
16.04
16.32
16.04
16.26
13.71
33,200
Oct 23, 2025
0.084 Dividend 

Oct 23, 2025
15.92
16.04
15.92
15.95
13.45
19,200
Oct 22, 2025
16.25
16.25
15.86
16.01
13.43
57,500
Oct 21, 2025
16.43
16.51
16.20
16.24
13.62
19,700
Oct 20, 2025
16.38
16.46
16.24
16.38
13.74
237,400
Oct 17, 2025
16.13
16.25
16.05
16.10
13.50
62,600
Oct 16, 2025
0.057 Dividend 

Oct 16, 2025
16.60
16.70
16.17
16.26
13.64
43,100
Oct 15, 2025
16.50
16.90
16.50
16.60
13.88
46,800
Oct 14, 2025
16.57
16.66
16.07
16.42
13.73
79,500
Oct 13, 2025
16.50
16.73
16.45
16.65
13.92
35,300
Oct 10, 2025
16.60
16.75
16.36
16.38
13.69
54,400
Oct 9, 2025
0.423 Dividend 

Oct 9, 2025
16.47
16.65
16.47
16.55
13.83
36,700
Oct 8, 2025
17.15
17.15
16.83
16.86
13.74
80,200
Oct 7, 2025
17.27
17.27
16.93
17.10
13.94
35,200
Oct 6, 2025
17.14
17.20
16.97
17.08
13.92
56,200
Oct 3, 2025
16.98
17.14
16.98
17.08
13.92
55,800
Oct 2, 2025
17.24
17.24
16.89
16.99
13.85
49,100
Oct 1, 2025
17.28
17.28
16.95
17.14
13.97
37,200
Sep 30, 2025
17.49
17.49
17.12
17.34
14.13
29,700
Sep 29, 2025
17.41
17.41
17.25
17.34
14.13
24,900
Sep 26, 2025
17.30
17.42
17.25
17.36
14.15
30,600
Sep 25, 2025
17.19
17.27
17.13
17.18
14.00
28,500
Sep 24, 2025
17.03
17.34
17.03
17.10
13.94
31,000
Sep 23, 2025
16.98
17.29
16.98
17.00
13.85
49,800
Sep 22, 2025
17.01
17.20
17.01
17.14
13.97
256,800
Sep 19, 2025
17.14
17.22
17.02
17.10
13.94
20,400
Sep 18, 2025
17.04
17.15
17.04
17.15
13.97
13,200
Sep 17, 2025
17.10
17.17
16.98
17.13
13.96
34,100
Sep 16, 2025
16.99
17.06
16.89
16.96
13.82
22,800
Sep 15, 2025
16.92
17.00
16.88
16.99
13.85
51,900
Sep 12, 2025
16.76
16.90
16.70
16.80
13.69
33,200
Sep 11, 2025
0.271 Dividend 

Sep 11, 2025
16.79
16.84
16.71
16.84
13.73
19,300
Sep 10, 2025
16.65
16.96
16.65
16.80
13.47
35,900
Sep 9, 2025
16.50
16.84
16.50
16.75
13.43
41,900
Sep 8, 2025
16.66
16.72
16.50
16.57
13.29
90,600
Sep 5, 2025
17.07
17.07
16.61
16.63
13.33
49,900
Sep 4, 2025
16.83
17.09
16.83
17.07
13.69
26,800
Sep 3, 2025
16.78
16.94
16.71
16.82
13.49
25,900
Sep 2, 2025
16.95
16.95
16.61
16.87
13.53
25,500
Aug 29, 2025
16.95
17.01
16.91
16.96
13.60
39,900
Aug 28, 2025
16.90
16.94
16.85
16.92
13.57
30,900
Aug 27, 2025
16.84
16.93
16.80
16.85
13.51
35,600
Aug 26, 2025
16.70
16.84
16.58
16.84
13.50
24,100
Aug 25, 2025
16.75
16.75
16.65
16.70
13.39
16,400
Aug 22, 2025
16.54
16.74
16.47
16.73
13.41
27,200
Aug 21, 2025
16.49
16.55
16.40
16.47
13.21
15,500
Aug 20, 2025
16.35
16.55
16.25
16.45
13.19
64,700
Aug 19, 2025
16.46
16.53
16.40
16.46
13.20
26,200
Aug 18, 2025
16.40
16.48
16.33
16.44
13.18
225,800
Aug 15, 2025
16.55
16.58
16.40
16.40
13.15
31,600
Aug 14, 2025
0.282 Dividend 

Aug 14, 2025
16.36
16.51
16.36
16.49
13.22
27,700
Aug 13, 2025
16.76
16.84
16.50
16.70
13.16
61,600
Aug 12, 2025
16.76
16.90
16.66
16.90
13.32
54,800
Aug 11, 2025
16.71
16.71
16.58
16.68
13.15
33,000
Aug 8, 2025
16.60
16.65
16.43
16.63
13.11
32,200
Aug 7, 2025
16.75
16.75
16.47
16.55
13.05
27,600
Aug 6, 2025
16.69
16.75
16.63
16.70
13.16
23,100
Aug 5, 2025
16.91
16.91
16.47
16.69
13.16
25,200
Aug 4, 2025
16.69
16.80
16.61
16.80
13.24
19,900
Aug 1, 2025
16.70
16.70
16.31
16.61
13.09
33,900
Jul 31, 2025
17.10
17.10
16.83
16.89
13.31
22,000
Jul 30, 2025
17.00
17.10
16.95
17.10
13.48
20,700
Jul 29, 2025
17.00
17.10
16.91
16.95
13.36
40,500
Jul 28, 2025
16.87
17.00
16.87
16.95
13.36
28,200
Jul 25, 2025
16.81
16.96
16.81
16.90
13.32
477,900
Jul 24, 2025
16.89
16.97
16.89
16.90
13.32
44,800
Jul 23, 2025
16.72
16.89
16.72
16.86
13.29
41,400
Jul 22, 2025
16.72
16.79
16.62
16.67
13.14
99,800
Jul 21, 2025
16.66
16.82
16.66
16.71
13.17
105,100
Jul 18, 2025
16.62
16.72
16.59
16.69
13.16
51,900
Jul 17, 2025
0.508 Dividend 

Jul 17, 2025
16.45
16.65
16.41
16.62
13.10
71,400
Jul 16, 2025
17.08
17.15
16.82
16.94
12.95
84,500
Jul 15, 2025
17.06
17.10
16.92
17.00
13.00
39,100
Jul 14, 2025
17.09
17.09
16.91
17.03
13.02
36,400
Jul 11, 2025
16.95
16.99
16.82
16.92
12.94
17,100
Jul 10, 2025
16.80
17.05
16.75
17.03
13.02
13,100
Jul 9, 2025
17.05
17.05
16.72
16.80
12.85
23,300
Jul 8, 2025
17.02
17.07
16.60
16.71
12.78
35,700
Jul 7, 2025
17.46
17.46
17.13
17.25
13.19
64,200
Jul 3, 2025
17.25
17.43
17.25
17.42
13.32
15,200
Jul 2, 2025
17.22
17.22
17.10
17.20
13.15
25,900
Jul 1, 2025
17.19
17.19
16.98
17.18
13.14
15,000
Jun 30, 2025
16.92
17.20
16.92
17.13
13.10
20,400
Jun 27, 2025
17.10
17.10
16.83
17.00
13.00
29,500
Jun 26, 2025
16.69
17.06
16.69
17.02
13.01
22,100
Jun 25, 2025
16.70
16.81
16.53
16.80
12.85
26,900
Jun 24, 2025
16.54
16.78
16.54
16.78
12.83
34,400
Jun 23, 2025
16.37
16.57
16.30
16.54
12.65
184,300
Jun 20, 2025
0.277 Dividend 

Jun 20, 2025
16.27
16.50
16.27
16.38
12.52
36,300
Jun 18, 2025
16.57
16.78
16.57
16.61
12.49
54,500
Jun 17, 2025
16.61
16.61
16.45
16.60
12.48
18,500
Jun 16, 2025
16.40
16.61
16.30
16.57
12.46
25,100
Jun 13, 2025
16.20
16.43
16.16
16.30
12.26
19,600
Jun 12, 2025
16.38
16.47
16.38
16.46
12.38
8,000
Jun 11, 2025
16.44
16.50
16.38
16.41
12.34
18,800
Jun 10, 2025
16.40
16.45
16.32
16.43
12.35
13,900
Jun 9, 2025
16.33
16.41
16.21
16.40
12.33
40,400
Jun 6, 2025
16.19
16.33
16.19
16.28
12.24
9,700
Jun 5, 2025
16.11
16.19
16.00
16.07
12.08
21,500
Jun 4, 2025
16.38
16.38
16.19
16.20
12.18
10,200
Jun 3, 2025
16.20
16.34
16.17
16.27
12.23
29,800
Jun 2, 2025
16.16
16.25
16.08
16.25
12.22
13,400
May 30, 2025
16.12
16.21
16.08
16.17
12.16
17,500
May 29, 2025
16.10
16.17
16.04
16.11
12.11
4,800
May 28, 2025
16.11
16.20
16.07
16.08
12.09
68,700
May 27, 2025
16.08
16.15
15.96
16.13
12.13
30,600
May 23, 2025
15.70
16.00
15.57
15.89
11.95
41,700
May 22, 2025
0.392 Dividend 

May 22, 2025
15.97
16.05
15.86
15.88
11.94
31,300
May 21, 2025
16.72
16.72
16.29
16.41
12.04
38,100
May 20, 2025
16.53
16.67
16.50
16.66
12.23
47,200
May 19, 2025
16.68
16.73
16.40
16.61
12.19
119,100
May 16, 2025
16.74
16.75
16.53
16.75
12.29
40,600
May 15, 2025
16.72
16.74
16.51
16.74
12.29
27,900
May 14, 2025
16.57
16.60
16.48
16.59
12.18
31,000
May 13, 2025
16.46
16.50
16.34
16.47
12.09
35,200
May 12, 2025
16.37
16.41
16.26
16.41
12.04
25,900
May 9, 2025
16.10
16.10
16.01
16.03
11.76
20,800
May 8, 2025
16.03
16.13
15.89
16.08
11.80
29,400
May 7, 2025
15.90
15.94
15.81
15.88
11.65
9,800
May 6, 2025
15.95
15.95
15.80
15.80
11.59
26,300
May 5, 2025
15.81
16.06
15.81
15.96
11.71
32,300
May 2, 2025
15.94
15.99
15.82
15.99
11.73
15,200
May 1, 2025
15.60
15.84
15.48
15.72
11.54
34,100
Apr 30, 2025
15.43
15.60
15.27
15.60
11.45
23,600
Apr 29, 2025
15.47
15.68
15.47
15.65
11.49
16,200
Apr 28, 2025
15.72
15.72
15.43
15.58
11.43
27,900
Apr 25, 2025
15.37
15.60
15.37
15.50
11.38
43,800
Apr 24, 2025
0.561 Dividend 

Apr 24, 2025
15.45
15.58
15.34
15.50
11.38
101,800
Apr 23, 2025
15.88
16.17
15.87
15.93
11.28
67,800
Apr 22, 2025
15.59
15.81
15.53
15.81
11.19
21,800
Apr 21, 2025
15.50
15.52
15.18
15.29
10.83
108,400
Apr 17, 2025
15.44
15.64
15.44
15.53
11.00
11,700
Apr 16, 2025
15.61
15.61
15.20
15.43
10.92
87,300
Apr 15, 2025
15.82
15.84
15.60
15.65
11.08
22,200
Apr 14, 2025
15.91
15.91
15.53
15.66
11.09
36,400
Apr 11, 2025
15.23
15.72
15.18
15.56
11.02
54,200
Apr 10, 2025
15.40
15.40
14.80
15.09
10.68
19,200
Apr 9, 2025
14.60
15.58
14.33
15.36
10.88
50,700
Apr 8, 2025
14.96
15.14
14.47
14.62
10.35
36,000
Apr 7, 2025
13.73
14.56
13.64
14.47
10.25
31,300
Apr 4, 2025
14.46
14.59
14.09
14.12
10.00
60,300
Apr 3, 2025
15.90
15.90
15.21
15.43
10.92
32,600
Apr 2, 2025
16.19
16.42
16.17
16.29
11.53
10,700
Apr 1, 2025
16.33
16.36
16.02
16.32
11.56
19,300
Mar 31, 2025
16.03
16.37
15.79
16.37
11.59
25,700
Mar 28, 2025
16.29
16.42
16.03
16.10
11.40
48,100
Mar 27, 2025
0.372 Dividend 

Mar 27, 2025
16.65
16.65
16.40
16.40
11.61
19,900
Mar 26, 2025
17.17
17.23
16.94
17.04
11.80
37,100
Mar 25, 2025
17.19
17.19
17.00
17.14
11.87
347,900
Mar 24, 2025
17.05
17.07
16.88
16.97
11.75
105,800
Mar 21, 2025
16.68
16.81
16.55
16.73
11.59
46,200
Mar 20, 2025
16.65
16.68
16.61
16.61
11.50
13,500
Mar 19, 2025
16.50
16.66
16.46
16.51
11.43
25,200
Mar 18, 2025
16.44
16.64
16.36
16.50
11.43
24,100
Mar 17, 2025
16.30
16.48
16.23
16.48
11.41
23,700
Mar 14, 2025
16.08
16.31
16.00
16.27
11.27
38,200
Mar 13, 2025
15.91
16.03
15.73
15.76
10.92
41,500
Mar 12, 2025
16.24
16.37
15.90
15.95
11.04
24,500
Mar 11, 2025
16.08
16.41
15.94
16.02
11.10
27,800
Mar 10, 2025
16.50
16.56
16.00
16.18
11.21
78,500
Mar 7, 2025
17.13
17.14
16.74
17.05
11.81
25,900
Mar 6, 2025
17.15
17.25
17.02
17.10
11.84
33,800
Mar 5, 2025
17.67
17.67
17.27
17.50
12.12
26,800
Mar 4, 2025
17.75
17.85
17.13
17.67
12.24
36,100
Mar 3, 2025
18.14
18.33
17.85
18.13
12.56
30,000
Feb 28, 2025
17.98
18.28
17.90
18.23
12.63
55,700
Feb 27, 2025
0.295 Dividend 

Feb 27, 2025
18.00
18.16
17.88
17.94
12.42
24,900
Feb 26, 2025
18.13
18.33
18.04
18.25
12.44
43,100
Feb 25, 2025
18.52
18.52
17.82
18.18
12.39
101,300
Feb 24, 2025
18.73
18.76
18.26
18.30
12.47
96,400
Feb 21, 2025
18.71
18.86
18.41
18.62
12.69
50,400
Feb 20, 2025
19.52
19.52
18.65
18.82
12.82
74,200
Feb 19, 2025
19.52
19.52
19.35
19.50
13.29
44,700
Feb 18, 2025
19.33
19.51
19.26
19.51
13.29
60,800
Feb 14, 2025
19.33
19.36
19.26
19.28
13.14
28,800
Feb 13, 2025
19.15
19.29
19.10
19.21
13.09
19,200
Feb 12, 2025
19.30
19.32
19.00
19.32
13.16
28,000
Feb 11, 2025
19.14
19.22
18.80
19.11
13.02
39,700
Feb 10, 2025
19.21
19.21
18.80
18.91
12.88
83,600
Feb 7, 2025
19.18
19.31
19.03
19.18
13.07
20,200
Feb 6, 2025
19.08
19.27
19.04
19.27
13.13
27,600
Feb 5, 2025
18.98
19.00
18.90
19.00
12.95
21,400
Feb 4, 2025
18.79
18.99
18.75
18.88
12.86
28,300
Feb 3, 2025
18.51
18.88
18.42
18.78
12.80
36,800
Jan 31, 2025
18.95
19.00
18.80
18.86
12.85
42,500
Jan 30, 2025
0.693 Dividend 

Jan 30, 2025
19.00
19.00
18.63
18.88
12.86
45,400
Jan 29, 2025
19.69
19.69
19.38
19.47
12.79
47,300
Jan 28, 2025
19.55
19.55
19.33
19.48
12.80
23,700
Jan 27, 2025
19.27
19.39
19.14
19.39
12.74
29,600
Jan 24, 2025
19.38
19.38
19.27
19.28
12.67
23,500
Jan 23, 2025
19.18
19.36
19.18
19.27
12.66
21,500
Jan 22, 2025
19.24
19.24
19.01
19.18
12.60
34,200
Jan 21, 2025
19.17
19.19
19.00
19.07
12.53
214,500
Jan 17, 2025
18.78
19.05
18.62
18.94
12.45
29,300
Jan 16, 2025
18.56
18.84
18.27
18.74
12.31
27,300
Jan 15, 2025
18.64
18.69
18.39
18.61
12.23
51,100
Jan 14, 2025
18.29
18.39
18.17
18.39
12.08
24,500
Jan 13, 2025
17.82
18.20
17.82
18.13
11.91
18,800
Jan 10, 2025
18.10
18.10
17.89
17.92
11.78
42,300
Jan 8, 2025
18.11
18.11
17.93
18.10
11.89
64,900
Jan 7, 2025
17.94
18.11
17.94
18.00
11.83
27,200
Jan 6, 2025
18.01
18.11
17.90
17.92
11.78
21,900
Jan 3, 2025
0.301 Dividend 

Jan 3, 2025
18.01
18.03
17.83
17.95
11.80
24,600
Jan 2, 2025
18.26
18.39
18.04
18.05
11.66
28,800
Dec 31, 2024
18.14
18.17
18.01
18.11
11.70
19,900
Dec 30, 2024
18.20
18.20
17.90
18.07
11.68
46,100
Dec 27, 2024
18.25
18.25
18.07
18.17
11.74
12,700
Dec 26, 2024
18.19
18.24
18.09
18.24
11.79
13,800
Dec 24, 2024
18.20
18.20
17.97
18.20
11.76
14,300
Dec 23, 2024
17.96
18.14
17.81
18.14
11.72
108,300
Dec 20, 2024
17.49
18.07
17.49
17.93
11.59
11,200
Dec 19, 2024
17.78
17.95
17.58
17.72
11.45
15,300
Dec 18, 2024
18.21
18.21
17.45
17.51
11.31
24,300
Dec 17, 2024
18.12
18.12
17.94
18.07
11.68
17,500
Dec 16, 2024
18.13
18.19
18.00
18.18
11.75
21,200
Dec 13, 2024
18.32
18.32
18.06
18.12
11.71
19,900
Dec 12, 2024
18.26
18.39
18.18
18.31
11.83
16,500
Dec 11, 2024
18.29
18.44
18.25
18.34
11.85
23,100
Dec 10, 2024
18.43
18.56
18.25
18.37
11.87
14,800
Dec 9, 2024
18.62
18.65
18.43
18.44
11.92
20,100
Dec 6, 2024
18.50
18.62
18.41
18.62
12.03
35,400
Dec 5, 2024
0.319 Dividend 

Dec 5, 2024
18.44
18.61
18.39
18.50
11.95
36,200
Dec 4, 2024
18.87
18.87
18.61
18.81
11.95
36,900
Dec 3, 2024
18.87
19.05
18.75
18.78
11.93
69,700
Dec 2, 2024
19.20
19.20
18.78
18.88
11.99
34,100
Nov 29, 2024
19.20
19.23
19.06
19.13
12.15
19,500
Nov 27, 2024
19.00
19.15
18.97
19.09
12.13
13,100
Nov 26, 2024
19.09
19.14
19.00
19.11
12.14
15,800
Nov 25, 2024
19.12
19.17
19.01
19.11
12.14
32,900
Nov 22, 2024
18.70
19.06
18.70
19.06
12.11
11,900
Nov 21, 2024
18.68
18.92
18.68
18.86
11.98
9,700
Nov 20, 2024
18.75
18.76
18.45
18.68
11.87
35,900
Nov 19, 2024
18.82
18.93
18.68
18.81
11.95
16,400
Nov 18, 2024
19.08
19.08
18.77
18.85
11.97
90,300
Nov 15, 2024
18.70
18.94
18.63
18.92
12.02
26,300
Nov 14, 2024
18.78
18.86
18.71
18.82
11.95
14,700
Nov 13, 2024
18.81
18.81
18.60
18.73
11.90
16,600
Nov 12, 2024
18.64
18.70
18.57
18.57
11.80
25,400
Nov 11, 2024
18.70
18.70
18.54
18.60
11.81
20,100
Nov 8, 2024
18.33
18.58
18.27
18.49
11.75
33,600
Nov 7, 2024
0.35 Dividend 

Nov 7, 2024
18.75
19.01
18.31
18.46
11.73
46,400
Nov 6, 2024
19.26
19.40
18.76
19.35
12.07
68,600
Nov 5, 2024
18.39
18.39
18.20
18.25
11.38
13,200
Nov 4, 2024
18.54
18.54
18.13
18.13
11.31
15,100
Nov 1, 2024
18.29
18.53
18.29
18.44
11.50
11,200
Oct 31, 2024
18.40
18.44
18.22
18.29
11.41
8,500
Oct 30, 2024
18.15
18.44
18.15
18.44
11.50
6,300
Oct 29, 2024
18.48
18.48
18.26
18.29
11.41
8,600
Oct 28, 2024
18.40
18.41
18.27
18.35
11.45
8,500
Oct 25, 2024
18.33
18.33
18.14
18.25
11.38
10,100
Oct 24, 2024
18.18
18.28
18.17
18.28
11.40
12,900
Oct 23, 2024
18.26
18.26
18.13
18.21
11.36
10,100
Oct 22, 2024
18.27
18.27
18.10
18.19
11.35
8,500
Oct 21, 2024
18.41
18.41
18.11
18.11
11.30
37,200
Oct 18, 2024
18.36
18.36
18.11
18.29
11.41
5,300
Oct 17, 2024
18.30
18.31
18.16
18.21
11.36
9,500
Oct 16, 2024
18.25
18.25
18.06
18.20
11.35
5,900
Oct 15, 2024
18.13
18.28
18.07
18.12
11.30
11,400
Oct 14, 2024
18.20
18.20
17.85
18.07
11.27
17,900
Oct 11, 2024
17.81
18.19
17.81
18.06
11.26
17,700
Oct 10, 2024
0.377 Dividend 

Oct 10, 2024
17.74
17.90
17.74
17.81
11.11
9,600
Oct 9, 2024
18.15
18.31
18.01
18.26
11.15
21,600
Oct 8, 2024
18.26
18.26
17.98
18.12
11.07
8,300
Oct 7, 2024
18.35
18.35
18.05
18.15
11.09
14,900
Oct 4, 2024
17.95
18.14
17.90
18.13
11.08
7,200
Oct 3, 2024
17.92
17.92
17.61
17.66
10.79
6,000
Oct 2, 2024
17.82
17.96
17.81
17.83
10.89
11,400
Oct 1, 2024
18.16
18.16
17.80
17.91
10.94
12,300
Sep 30, 2024
18.05
18.09
17.77
18.09
11.05
13,300
Sep 27, 2024
17.99
18.13
17.99
18.08
11.04
6,500
Sep 26, 2024
18.12
18.12
17.95
18.04
11.02
11,000
Sep 25, 2024
18.20
18.25
17.94
18.02
11.01
10,900
Sep 24, 2024
18.05
18.18
18.05
18.16
11.09
9,100
Sep 23, 2024
18.00
18.11
17.98
18.04
11.02
27,200
Sep 20, 2024
18.00
18.10
17.92
18.05
11.02
14,100
Sep 19, 2024
17.94
18.09
17.80
18.02
11.01
8,300
Sep 18, 2024
17.98
17.98
17.75
17.81
10.88
5,000
Sep 17, 2024
17.96
18.00
17.77
17.91
10.94
6,800
Sep 16, 2024
17.82
17.82
17.66
17.76
10.85
4,200
Sep 13, 2024
18.00
18.00
17.44
17.62
10.76
17,800
Sep 12, 2024
17.69
17.74
17.65
17.67
10.79
10,600
Sep 11, 2024
17.54
17.79
17.36
17.78
10.86
10,000
Sep 10, 2024
18.00
18.02
17.21
17.70
10.81
40,000
Sep 9, 2024
18.32
18.76
18.32
18.66
11.40
11,000
Sep 6, 2024
0.523 Dividend 

Sep 6, 2024
18.80
18.80
18.22
18.36
11.22
9,800
Sep 5, 2024
19.46
19.48
19.13
19.23
11.43
24,000
Sep 4, 2024
19.49
19.54
19.16
19.32
11.48
9,800
Sep 3, 2024
19.66
19.68
19.30
19.34
11.50
16,400
Aug 30, 2024
19.50
19.60
19.50
19.57
11.63
7,200
Aug 29, 2024
19.50
19.59
19.40
19.55
11.62
3,900
Aug 28, 2024
19.46
19.49
19.32
19.47
11.57
9,200
Aug 27, 2024
19.29
19.45
19.29
19.41
11.53
5,900
Aug 26, 2024
19.20
19.35
19.20
19.30
11.47
5,000
Aug 23, 2024
19.39
19.39
19.18
19.28
11.46
11,300
Aug 22, 2024
19.18
19.27
19.14
19.22
11.42
9,400
Aug 21, 2024
19.06
19.13
19.00
19.06
11.33
3,400
Aug 20, 2024
19.10
19.14
19.00
19.11
11.36
11,000
Aug 19, 2024
19.17
19.17
18.98
19.02
11.30
68,900
Aug 16, 2024
18.88
19.01
18.88
19.00
11.29
29,900
Aug 15, 2024
18.91
18.94
18.85
18.94
11.25
5,300
Aug 14, 2024
18.71
18.91
18.71
18.88
11.22
6,600
Aug 13, 2024
18.65
18.75
18.59
18.75
11.14
9,900
Aug 12, 2024
18.75
18.75
18.54
18.66
11.09
7,500
Aug 9, 2024
18.67
18.67
18.49
18.61
11.06
7,900
Aug 8, 2024
18.43
18.53
18.36
18.50
10.99
17,100
Aug 7, 2024
0.371 Dividend 

Aug 7, 2024
18.00
18.51
18.00
18.20
10.82
9,900
Aug 6, 2024
18.58
18.68
18.17
18.63
10.85
14,800
Aug 5, 2024
17.68
18.15
17.62
18.11
10.55
11,800
Aug 2, 2024
19.00
19.00
18.24
18.41
10.72
27,500
Aug 1, 2024
19.70
19.70
19.07
19.14
11.14
9,600
Jul 31, 2024
19.82
19.82
19.58
19.60
11.42
10,700
Jul 30, 2024
19.45
19.67
19.45
19.66
11.45
9,800
Jul 29, 2024
19.48
19.48
19.37
19.39
11.30
9,600
Jul 26, 2024
19.25
19.50
19.25
19.47
11.34
6,300
Jul 25, 2024
19.00
19.26
19.00
19.15
11.15
11,300
Jul 24, 2024
19.25
19.40
19.12
19.13
11.14
9,800
Jul 23, 2024
19.24
19.39
19.20
19.32
11.25
8,300
Jul 22, 2024
19.39
19.44
19.24
19.33
11.26
19,700
Jul 19, 2024
19.40
19.45
19.14
19.14
11.15
98,700
Jul 18, 2024
19.86
19.86
19.19
19.26
11.22
16,200
Jul 17, 2024
19.85
19.85
19.72
19.78
11.52
11,300
Jul 16, 2024
19.68
19.83
19.68
19.83
11.55
11,600
Jul 15, 2024
19.53
19.73
19.53
19.70
11.47
18,100
Jul 12, 2024
19.37
19.65
19.21
19.49
11.35
13,000
Jul 11, 2024
19.46
19.70
19.46
19.68
11.46
10,800
Jul 10, 2024
19.55
19.68
19.50
19.68
11.46
7,400
Jul 9, 2024
19.41
19.87
19.41
19.70
11.47
25,300
Jul 8, 2024
19.66
19.66
19.36
19.54
11.38
15,800
Jul 5, 2024
0.221 Dividend 

Jul 5, 2024
19.70
19.70
19.35
19.44
11.32
21,300
Jul 3, 2024
19.86
19.91
19.70
19.91
11.47
15,000
Jul 2, 2024
19.86
19.92
19.82
19.86
11.44
21,900
Jul 1, 2024
19.68
19.86
19.68
19.81
11.41
28,800
Jun 28, 2024
19.63
19.68
19.58
19.60
11.29
9,500
Jun 27, 2024
19.53
19.60
19.49
19.58
11.27
20,300
Jun 26, 2024
19.44
19.50
19.34
19.44
11.20
7,100
Jun 25, 2024
19.45
19.52
19.44
19.48
11.22
5,100
Jun 24, 2024
19.44
19.50
19.27
19.43
11.19
48,400
Jun 21, 2024
19.49
19.50
19.24
19.43
11.19
18,800
Jun 20, 2024
19.40
19.40
19.26
19.40
11.17
10,800
Jun 18, 2024
19.20
19.32
19.20
19.27
11.10
68,900
Jun 17, 2024
19.10
19.21
18.99
19.15
11.03
17,700
Jun 14, 2024
19.07
19.14
18.85
19.06
10.98
7,900
Jun 13, 2024
18.90
19.18
18.81
19.06
10.98
16,100
Jun 12, 2024
19.27
19.27
18.80
18.81
10.83
23,200
Jun 11, 2024
19.40
19.40
19.07
19.09
11.00
20,000
Jun 10, 2024
19.60
19.64
19.46
19.62
11.30
19,800
Jun 7, 2024
19.22
19.68
19.22
19.57
11.27
30,800
Jun 6, 2024
0.348 Dividend 

Jun 6, 2024
19.55
19.55
19.20
19.35
11.14
21,800
Jun 5, 2024
20.23
20.23
19.66
19.74
11.17
27,200
Jun 4, 2024
19.79
19.98
19.74
19.81
11.21
29,400
Jun 3, 2024
20.18
20.19
19.83
19.98
11.30
11,700
May 31, 2024
19.89
20.15
19.70
20.14
11.39
14,000
May 30, 2024
19.83
19.86
19.66
19.73
11.16
8,800
May 29, 2024
19.65
19.78
19.56
19.62
11.10
8,400
May 28, 2024
19.89
19.89
19.65
19.75
11.17
16,000
May 24, 2024
19.51
19.83
19.51
19.81
11.21
11,200
May 23, 2024
19.60
19.60
19.40
19.51
11.04
10,900
May 22, 2024
19.67
19.73
19.57
19.60
11.09
5,600
May 21, 2024
19.38
19.68
19.37
19.67
11.13
35,500
May 20, 2024
20.20
20.20
19.33
19.38
10.96
68,200
May 17, 2024
20.22
20.22
20.07
20.20
11.43
8,400
May 16, 2024
19.89
20.12
19.89
20.08
11.36
10,000
May 15, 2024
20.00
20.09
20.00
20.02
11.33
8,100
May 14, 2024
20.01
20.01
19.89
20.00
11.32
6,700
May 13, 2024
19.92
19.95
19.82
19.90
11.26
19,200
May 10, 2024
19.66
19.92
19.66
19.87
11.24
9,000
May 9, 2024
19.63
19.80
19.63
19.78
11.19
9,800
May 8, 2024
19.58
19.75
19.54
19.72
11.16
15,700
May 7, 2024
19.54
19.68
19.50
19.53
11.05
10,700
May 6, 2024
0.417 Dividend 

May 6, 2024
19.56
19.56
19.39
19.53
11.05
10,800
May 3, 2024
20.02
20.03
19.68
19.82
10.98
20,700
May 2, 2024
20.25
20.25
19.80
19.95
11.05
13,700
May 1, 2024
19.85
20.16
19.81
19.95
11.05
10,000
Apr 30, 2024
20.29
20.29
19.95
19.96
11.05
7,100
Apr 29, 2024
20.22
20.22
19.96
20.12
11.14
16,000
Apr 26, 2024
20.20
20.20
20.02
20.04
11.10
4,500
Apr 25, 2024
20.11
20.12
20.00
20.06
11.11
8,100
Apr 24, 2024
20.27
20.27
20.00
20.16
11.17
12,200
Apr 23, 2024
20.15
20.15
20.01
20.06
11.11
10,400
Apr 22, 2024
19.91
20.04
19.91
20.02
11.09
30,600
Apr 19, 2024
19.54
19.91
19.54
19.91
11.03
11,700
Apr 18, 2024
19.59
19.78
19.54
19.61
10.86
18,800
Apr 17, 2024
19.66
19.76
19.44
19.55
10.83
8,100
Apr 16, 2024
19.81
19.81
19.51
19.65
10.88
12,000
Apr 15, 2024
19.83
20.28
19.82
19.86
11.00
24,200
Apr 12, 2024
20.77
20.77
19.85
19.91
11.03
46,800
Apr 11, 2024
20.97
21.05
20.75
21.00
11.63
9,300
Apr 10, 2024
21.05
21.11
20.90
20.97
11.61
8,400
Apr 9, 2024
21.31
21.36
20.99
21.16
11.72
22,600
Apr 8, 2024
21.26
21.33
21.18
21.31
11.80
11,200
Apr 5, 2024
20.95
21.20
20.69
21.18
11.73
43,600
Apr 4, 2024
0.65 Dividend 

Apr 4, 2024
21.70
21.70
20.95
20.95
11.60
19,400
Apr 3, 2024
22.23
22.23
21.74
21.78
11.70
15,800
Apr 2, 2024
21.78
21.88
21.73
21.78
11.70
7,600
Apr 1, 2024
22.30
22.30
21.75
21.81
11.72
16,400
Mar 28, 2024
21.81
21.92
21.77
21.86
11.75
22,300
Mar 27, 2024
21.46
21.78
21.46
21.78
11.70
6,400
Mar 26, 2024
21.31
21.44
21.26
21.41
11.50
4,500
Mar 25, 2024
21.64
21.64
21.28
21.28
11.44
17,600
Mar 22, 2024
21.64
21.67
21.58
21.62
11.62
21,900
Mar 21, 2024
21.57
21.64
21.53
21.60
11.61
8,400
Mar 20, 2024
21.54
21.63
21.52
21.55
11.58
12,300
Mar 19, 2024
21.54
21.55
21.42
21.51
11.56
50,700
Mar 18, 2024
21.33
21.42
21.27
21.41
11.51
7,200
Mar 15, 2024
21.11
21.33
21.11
21.29
11.44
11,400
Mar 14, 2024
21.35
21.35
20.95
20.97
11.27
13,300
Mar 13, 2024
21.15
21.35
21.15
21.26
11.43
8,100
Mar 12, 2024
20.83
21.17
20.83
21.16
11.37
11,900
Mar 11, 2024
21.03
21.03
20.78
20.97
11.27
12,600
Mar 8, 2024
21.05
21.09
20.96
21.00
11.28
8,200
Mar 7, 2024
20.96
21.00
20.83
20.92
11.24
4,700
Mar 6, 2024
0.493 Dividend 

Mar 6, 2024
21.37
21.37
20.95
21.00
11.29
4,800
Mar 5, 2024
21.22
21.44
21.22
21.34
11.20
6,700
Mar 4, 2024
21.11
21.38
21.11
21.33
11.20
12,900
Mar 1, 2024
21.22
21.28
21.19
21.19
11.12
2,900
Feb 29, 2024
21.20
21.23
21.07
21.23
11.14
4,200
Feb 28, 2024
21.14
21.14
21.04
21.14
11.10
4,800
Feb 27, 2024
20.90
21.10
20.85
21.10
11.08
10,400
Feb 26, 2024
21.00
21.22
20.82
20.98
11.01
11,900
Feb 23, 2024
21.04
21.05
20.98
21.05
11.05
4,200
Feb 22, 2024
20.82
20.96
20.82
20.95
11.00
7,200
Feb 21, 2024
20.98
20.98
20.36
20.36
10.69
14,600
Feb 20, 2024
20.65
20.77
20.57
20.72
10.88
12,200
Feb 16, 2024
20.63
20.64
20.57
20.64
10.83
5,300
Feb 15, 2024
20.20
20.62
20.20
20.58
10.81
5,700
Feb 14, 2024
20.28
20.40
20.24
20.31
10.66
7,900
Feb 13, 2024
20.34
20.34
20.14
20.18
10.59
6,000
Feb 12, 2024
20.25
20.41
20.25
20.30
10.66
7,700
Feb 9, 2024
20.20
20.28
20.10
20.26
10.63
14,100
Feb 8, 2024
20.14
20.21
20.08
20.19
10.60
10,100
Feb 7, 2024
0.238 Dividend 

Feb 7, 2024
20.29
20.31
20.12
20.27
10.64
9,200
Feb 6, 2024
20.42
20.50
20.34
20.48
10.63
8,700
Feb 5, 2024
20.58
20.58
20.21
20.41
10.59
7,300
Feb 2, 2024
20.44
20.49
20.28
20.49
10.63
4,700
Feb 1, 2024
20.31
20.31
20.12
20.25
10.51
7,100
Jan 31, 2024
20.38
20.45
20.32
20.32
10.54
6,900
Jan 30, 2024
20.24
20.39
20.24
20.38
10.57
7,000
Jan 29, 2024
20.09
20.21
20.05
20.21
10.49
9,200
Jan 26, 2024
20.06
20.21
20.04
20.21
10.48
9,700
Jan 25, 2024
20.09
20.17
20.03
20.17
10.46
17,000
Jan 24, 2024
19.93
20.09
19.93
20.03
10.39
7,700
Jan 23, 2024
20.03
20.04
19.92
19.95
10.35
4,000
Jan 22, 2024
20.09
20.09
19.94
19.99
10.37
8,900
Jan 19, 2024
19.79
19.99
19.79
19.97
10.36
2,800
Jan 18, 2024
19.84
19.84
19.51
19.79
10.27
17,900
Jan 17, 2024
19.84
20.00
19.69
19.76
10.25
17,100
Jan 16, 2024
19.94
19.94
19.31
19.85
10.30
17,000
Jan 12, 2024
20.09
20.33
19.94
19.94
10.35
27,900
Jan 11, 2024
19.82
19.88
19.66
19.87
10.31
17,600
Jan 10, 2024
19.76
19.95
19.76
19.92
10.34
8,400
Jan 9, 2024
20.09
20.09
19.85
19.93
10.34
4,000
Jan 8, 2024
20.00
20.00
19.82
19.96
10.36
16,300
Jan 5, 2024
0.249 Dividend 

Jan 5, 2024
20.12
20.12
19.91
19.96
10.35
9,000
Jan 4, 2024
20.11
20.32
20.11
20.17
10.34
10,400
Jan 3, 2024
20.20
20.20
20.03
20.15
10.33
8,700
Jan 2, 2024
19.74
20.20
19.74
20.17
10.34
11,900
Dec 29, 2023
20.00
20.10
20.00
20.04
10.27
8,200
Dec 28, 2023
20.03
20.07
20.02
20.02
10.26
4,200
Dec 27, 2023
19.54
19.93
19.54
19.93
10.21
5,200
Dec 26, 2023
19.80
19.87
19.71
19.81
10.15
17,400
Dec 22, 2023
19.73
19.80
19.72
19.80
10.15
3,800
Dec 21, 2023
19.51
19.77
19.44
19.72
10.10
9,400
Dec 20, 2023
19.69
19.79
19.63
19.64
10.06
5,900
Dec 19, 2023
19.36
19.70
19.36
19.70
10.09
8,600
Dec 18, 2023
19.58
19.66
19.54
19.59
10.04
11,700
Dec 15, 2023
19.32
19.49
19.32
19.46
9.97
10,000
Dec 14, 2023
19.35
19.45
19.33
19.38
9.93
12,500
Dec 13, 2023
19.25
19.39
19.25
19.33
9.91
21,900
Dec 12, 2023
19.12
19.30
19.12
19.27
9.87
13,300
Dec 11, 2023
19.14
19.23
19.12
19.20
9.84
6,800
Dec 8, 2023
19.06
19.14
19.00
19.11
9.80
10,200
Dec 7, 2023
0.201 Dividend 

Dec 7, 2023
19.04
19.06
18.90
18.96
9.72
24,900
Dec 6, 2023
19.49
19.49
19.08
19.09
9.68
33,400
Dec 5, 2023
19.35
19.38
19.21
19.33
9.80
24,400
Dec 4, 2023
19.20
19.30
19.14
19.29
9.78
26,700
Dec 1, 2023
19.27
19.34
19.27
19.31
9.79
9,700
Nov 30, 2023
19.24
19.29
19.24
19.27
9.77
10,700
Nov 29, 2023
19.26
19.26
19.20
19.20
9.74
6,000
Nov 28, 2023
19.11
19.15
19.06
19.15
9.71
19,300
Nov 27, 2023
19.19
19.19
19.05
19.14
9.70
10,700
Nov 24, 2023
19.14
19.17
19.09
19.11
9.69
4,200
Nov 22, 2023
19.16
19.16
19.02
19.07
9.67
13,000
Nov 21, 2023
19.68
19.68
19.02
19.16
9.72
10,700
Nov 20, 2023
19.03
19.10
18.95
19.00
9.63
27,100
Nov 17, 2023
18.95
18.97
18.90
18.97
9.62
9,800
Nov 16, 2023
18.80
18.98
18.80
18.91
9.59
13,400
Nov 15, 2023
18.99
18.99
18.88
18.92
9.60
10,900
Nov 14, 2023
18.83
18.93
18.82
18.88
9.57
10,700
Nov 13, 2023
18.83
18.88
18.80
18.84
9.55
5,600
Nov 10, 2023
18.84
18.87
18.75
18.84
9.56
11,900
Nov 9, 2023
19.09
19.09
18.76
18.78
9.52
21,000
Nov 8, 2023
0.518 Dividend 

Nov 8, 2023
18.85
18.85
18.73
18.82
9.54
23,700
Nov 7, 2023
19.25
19.30
19.15
19.27
9.51
25,800
Nov 6, 2023
19.20
19.26
19.17
19.23
9.49
11,700
Nov 3, 2023
19.05
19.20
19.05
19.18
9.46
4,400
Nov 2, 2023
19.02
19.11
18.93
19.10
9.43
6,900
Nov 1, 2023
18.90
19.00
18.82
18.89
9.32
6,600
Oct 31, 2023
18.74
18.85
18.71
18.85
9.30
4,500
Oct 30, 2023
18.58
18.73
18.47
18.66
9.21
6,000
Oct 27, 2023
18.81
18.81
18.33
18.39
9.07
23,600
Oct 26, 2023
19.07
19.23
19.01
19.10
9.42
6,300
Oct 25, 2023
19.00
19.13
18.93
19.03
9.39
19,300
Oct 24, 2023
19.20
19.20
19.05
19.19
9.47
11,200
Oct 23, 2023
19.38
19.50
19.11
19.11
9.43
5,000
Oct 20, 2023
19.55
19.55
19.32
19.35
9.55
8,700
Oct 19, 2023
19.74
19.84
19.58
19.66
9.70
17,500
Oct 18, 2023
19.99
19.99
19.73
19.74
9.74
9,200
Oct 17, 2023
20.04
20.20
19.89
19.91
9.82
8,900
Oct 16, 2023
20.29
20.29
19.90
20.02
9.88
8,200
Oct 13, 2023
20.38
20.45
20.38
20.42
10.08
4,800
Oct 12, 2023
20.03
20.09
20.01
20.04
9.89
4,000
Oct 11, 2023
20.02
20.12
19.98
20.04
9.89
7,400
Oct 10, 2023
20.03
20.10
20.00
20.00
9.87
4,600
Oct 9, 2023
19.90
19.98
19.79
19.90
9.82
6,600
Oct 6, 2023
0.252 Dividend 

Oct 6, 2023
19.63
19.93
19.63
19.92
9.83
3,100
Oct 5, 2023
19.97
19.98
19.75
19.98
9.73
10,600
Oct 4, 2023
19.81
19.94
19.75
19.94
9.71
3,400
Oct 3, 2023
19.91
20.00
19.78
19.83
9.66
4,300
Oct 2, 2023
20.07
20.07
19.86
19.94
9.72
3,800
Sep 29, 2023
20.35
20.42
20.07
20.07
9.78
7,800
Sep 28, 2023
20.09
20.46
20.09
20.34
9.91
2,500
Sep 27, 2023
20.07
20.14
20.07
20.12
9.80
2,200
Sep 26, 2023
20.10
20.11
19.99
20.05
9.77
5,300
Sep 25, 2023
20.00
20.17
19.88
20.17
9.83
10,300
Sep 22, 2023
20.26
20.31
20.09
20.14
9.81
9,600
Sep 21, 2023
20.44
20.44
20.30
20.30
9.89
7,900
Sep 20, 2023
20.42
20.47
20.38
20.38
9.93
10,700
Sep 19, 2023
20.49
20.49
20.30
20.40
9.94
7,500
Sep 18, 2023
20.39
20.41
20.33
20.41
9.94
27,400
Sep 15, 2023
20.64
20.64
20.33
20.36
9.92
9,300
Sep 14, 2023
20.38
20.43
20.27
20.38
9.93
19,700
Sep 13, 2023
20.37
20.37
20.13
20.18
9.83
30,200
Sep 12, 2023
20.09
20.09
20.04
20.06
9.77
29,200
