Date
Open
High
Low
Close 

Adj Close 

Volume
May 26, 2026
24.38
24.82
24.53
24.82
24.82
32,654
May 22, 2026
24.05
24.14
23.66
24.13
24.13
17,800
May 21, 2026
23.40
24.07
23.32
23.98
23.98
11,700
May 20, 2026
23.25
23.83
23.25
23.78
23.78
19,700
May 19, 2026
23.20
23.23
22.84
23.07
23.07
30,500
May 18, 2026
24.20
24.20
23.46
23.79
23.79
18,000
May 15, 2026
24.22
24.22
23.75
23.75
23.75
54,500
May 14, 2026
25.81
25.81
25.33
25.53
25.53
35,900
May 13, 2026
0.3 Dividend 

May 13, 2026
25.98
26.29
25.79
26.08
26.08
28,200
May 12, 2026
25.30
26.25
25.12
26.25
25.95
47,400
May 11, 2026
25.21
25.60
25.00
25.39
25.10
53,400
May 8, 2026
24.34
24.72
24.34
24.72
24.44
20,900
May 7, 2026
24.09
24.77
23.90
23.90
23.63
19,200
May 6, 2026
24.00
24.15
23.84
24.08
23.80
14,200
May 5, 2026
22.68
22.97
22.68
22.80
22.53
10,000
May 4, 2026
22.65
22.74
22.25
22.34
22.09
22,800
May 1, 2026
24.14
24.14
22.93
22.96
22.70
23,700
Apr 30, 2026
23.20
23.20
22.79
23.14
22.88
13,300
Apr 29, 2026
22.91
22.91
22.58
22.64
22.38
23,300
Apr 28, 2026
24.71
24.71
22.84
22.91
22.65
20,800
Apr 27, 2026
23.77
23.77
23.44
23.64
23.37
15,500
Apr 24, 2026
23.73
23.79
23.60
23.69
23.42
15,800
Apr 23, 2026
23.94
24.19
23.58
23.70
23.43
17,100
Apr 22, 2026
24.14
24.34
24.03
24.34
24.06
13,400
Apr 21, 2026
24.34
24.35
23.45
23.50
23.23
22,600
Apr 20, 2026
24.42
24.42
24.25
24.31
24.03
30,500
Apr 17, 2026
24.46
24.85
24.46
24.55
24.27
17,800
Apr 16, 2026
24.49
24.58
24.30
24.40
24.12
21,300
Apr 15, 2026
0.3 Dividend 

Apr 15, 2026
24.52
24.52
24.30
24.49
24.21
20,900
Apr 14, 2026
24.66
24.83
24.54
24.83
24.25
33,100
Apr 13, 2026
23.78
24.40
23.69
24.39
23.82
28,000
Apr 10, 2026
23.97
24.10
23.76
23.97
23.41
18,600
Apr 9, 2026
23.46
23.55
23.20
23.42
22.87
14,100
Apr 8, 2026
23.35
23.61
23.29
23.52
22.97
31,800
Apr 7, 2026
22.32
22.32
21.89
22.32
21.80
19,900
Apr 6, 2026
22.42
22.47
22.10
22.35
21.83
50,700
Apr 2, 2026
21.87
22.49
21.78
22.42
21.90
41,700
Apr 1, 2026
22.67
22.81
22.33
22.59
22.06
47,800
Mar 31, 2026
21.22
22.29
21.22
22.28
21.76
24,500
Mar 30, 2026
21.61
21.61
21.00
21.14
20.64
24,800
Mar 27, 2026
21.67
21.67
21.10
21.26
20.76
25,200
Mar 26, 2026
21.40
21.59
21.08
21.11
20.62
28,200
Mar 25, 2026
21.74
22.12
21.74
22.00
21.49
23,200
Mar 24, 2026
21.12
21.51
21.10
21.35
20.86
22,000
Mar 23, 2026
21.42
21.84
21.26
21.60
21.10
42,400
Mar 20, 2026
21.25
21.26
20.43
20.61
20.13
55,600
Mar 19, 2026
21.33
21.59
20.46
21.45
20.95
75,500
Mar 18, 2026
22.37
22.37
21.81
21.85
21.34
96,300
Mar 17, 2026
22.99
23.04
22.73
22.84
22.31
244,400
Mar 16, 2026
22.95
23.21
22.84
23.17
22.63
224,600
Mar 13, 2026
23.30
23.30
22.45
22.48
21.95
64,600
Mar 12, 2026
23.50
23.53
23.15
23.30
22.76
24,200
Mar 11, 2026
0.3 Dividend 

Mar 11, 2026
23.79
24.00
23.60
23.85
23.29
24,100
Mar 10, 2026
24.23
24.68
24.23
24.33
23.47
36,300
Mar 9, 2026
23.24
24.12
22.90
24.12
23.27
27,000
Mar 6, 2026
23.70
23.78
23.42
23.60
22.76
28,400
Mar 5, 2026
24.50
24.50
23.76
24.00
23.15
46,900
Mar 4, 2026
25.20
25.20
24.89
25.14
24.25
17,400
Mar 3, 2026
24.75
24.97
24.16
24.77
23.90
47,700
Mar 2, 2026
26.51
26.65
26.00
26.16
25.23
47,400
Feb 27, 2026
26.67
26.83
26.46
26.60
25.66
26,500
Feb 26, 2026
26.35
26.41
25.92
26.39
25.45
21,300
Feb 25, 2026
26.58
26.73
26.34
26.49
25.55
53,000
Feb 24, 2026
25.59
26.21
25.55
26.13
25.20
45,000
Feb 23, 2026
25.43
25.58
25.18
25.52
24.62
33,800
Feb 20, 2026
24.84
26.93
24.76
25.44
24.54
24,000
Feb 19, 2026
24.51
24.75
24.24
24.75
23.87
17,000
Feb 18, 2026
24.79
25.06
24.73
24.90
24.02
17,500
Feb 17, 2026
24.51
24.51
23.84
24.37
23.51
43,100
Feb 13, 2026
24.94
25.24
24.70
25.13
24.24
52,200
