Date
Open
High
Low
Close 

Adj Close 

Volume
Jun 5, 2026
29.02
29.02
28.37
28.41
28.41
92,900
Jun 4, 2026
29.72
29.74
29.33
29.53
29.53
58,300
Jun 3, 2026
0.4 Dividend 

Jun 3, 2026
29.34
29.37
29.17
29.28
29.28
61,400
Jun 2, 2026
30.18
30.18
29.93
29.99
29.59
69,000
Jun 1, 2026
29.86
30.08
29.69
29.97
29.57
127,700
May 29, 2026
30.25
30.65
30.22
30.40
29.99
85,100
May 28, 2026
29.50
30.17
29.40
30.07
29.67
90,600
May 27, 2026
29.48
29.77
29.40
29.73
29.33
92,300
May 26, 2026
30.12
30.27
29.96
30.13
29.73
208,700
May 22, 2026
30.25
30.25
30.02
30.14
29.74
102,600
May 21, 2026
30.10
30.41
29.91
30.41
30.00
106,100
May 20, 2026
30.04
30.45
29.90
30.41
30.00
91,600
May 19, 2026
30.08
30.16
29.77
29.98
29.58
109,000
May 18, 2026
30.54
30.65
30.32
30.47
30.06
67,600
May 15, 2026
30.48
30.57
30.16
30.46
30.05
135,700
May 14, 2026
31.45
31.46
31.14
31.14
30.72
53,800
May 13, 2026
31.47
31.56
31.31
31.47
31.05
74,600
May 12, 2026
31.49
31.64
31.10
31.64
31.22
88,700
May 11, 2026
31.73
31.84
31.60
31.79
31.37
134,700
May 8, 2026
31.70
31.80
31.53
31.68
31.26
50,500
May 7, 2026
31.84
31.96
31.48
31.54
31.12
50,800
May 6, 2026
0.4 Dividend 

May 6, 2026
31.43
31.62
31.34
31.54
31.12
66,500
May 5, 2026
31.03
31.09
30.86
30.89
30.08
55,300
May 4, 2026
30.99
31.05
30.51
30.63
29.83
81,700
May 1, 2026
31.08
31.60
31.08
31.24
30.42
51,500
Apr 30, 2026
31.51
31.51
31.20
31.37
30.55
29,600
Apr 29, 2026
30.75
30.94
30.59
30.84
30.03
50,100
Apr 28, 2026
31.10
31.23
30.90
31.19
30.38
48,800
Apr 27, 2026
31.87
31.91
31.68
31.78
30.95
45,800
Apr 24, 2026
31.94
32.18
31.85
32.08
31.24
30,300
Apr 23, 2026
32.15
32.22
31.77
32.02
31.18
44,800
Apr 22, 2026
32.34
32.38
32.11
32.23
31.39
47,500
Apr 21, 2026
32.52
32.61
31.75
31.82
30.99
76,400
Apr 20, 2026
32.94
32.94
32.64
32.82
31.96
50,700
Apr 17, 2026
33.13
33.32
33.05
33.12
32.26
60,600
Apr 16, 2026
32.86
32.88
32.50
32.66
31.81
29,200
Apr 15, 2026
32.77
32.95
32.66
32.66
31.81
41,600
Apr 14, 2026
32.64
33.07
32.54
33.07
32.21
40,200
Apr 13, 2026
32.27
32.34
31.97
32.30
31.46
97,000
Apr 10, 2026
32.56
32.65
32.35
32.47
31.62
58,700
Apr 9, 2026
32.45
32.74
32.38
32.45
31.60
42,100
Apr 8, 2026
0.45 Dividend 

Apr 8, 2026
32.81
32.81
32.01
32.27
31.43
60,200
Apr 7, 2026
32.24
32.66
31.81
32.53
31.24
100,100
Apr 6, 2026
32.34
32.44
32.12
32.22
30.94
102,100
Apr 2, 2026
31.60
33.71
31.58
32.30
31.02
62,900
Apr 1, 2026
32.65
33.16
32.65
32.94
31.64
90,800
Mar 31, 2026
31.77
32.57
31.72
32.57
31.28
77,000
Mar 30, 2026
31.63
31.68
31.13
31.33
30.09
50,400
Mar 27, 2026
30.43
31.49
30.43
31.27
30.03
71,300
Mar 26, 2026
30.64
30.95
30.15
30.15
28.96
65,600
Mar 25, 2026
31.59
31.60
31.05
31.26
30.02
43,700
Mar 24, 2026
30.08
30.62
30.04
30.35
29.15
47,900
Mar 23, 2026
30.31
31.10
30.06
30.34
29.14
201,100
Mar 20, 2026
32.18
32.22
30.87
31.09
29.86
72,400
Mar 19, 2026
31.71
32.21
31.19
31.80
30.54
95,900
Mar 18, 2026
33.80
34.00
33.56
33.64
32.31
97,400
Mar 17, 2026
34.91
35.00
34.65
34.84
33.46
24,900
Mar 16, 2026
34.94
35.06
34.65
34.90
33.51
45,000
Mar 13, 2026
35.61
35.63
34.83
34.94
33.56
69,300
Mar 12, 2026
36.17
36.17
35.42
35.42
34.02
61,800
Mar 11, 2026
36.27
36.35
36.00
36.27
34.83
32,000
Mar 10, 2026
36.57
36.62
36.12
36.38
34.94
53,300
Mar 9, 2026
35.61
35.96
35.33
35.96
34.54
66,800
Mar 6, 2026
35.48
36.19
35.48
35.98
34.56
42,100
Mar 5, 2026
35.74
35.75
35.21
35.43
34.03
63,000
Mar 4, 2026
0.45 Dividend 

Mar 4, 2026
36.18
36.21
35.63
35.90
34.48
49,900
Mar 3, 2026
36.50
36.50
35.33
36.07
34.21
164,600
Mar 2, 2026
37.80
38.24
37.30
37.81
35.86
92,300
Feb 27, 2026
36.97
37.33
36.94
37.33
35.40
68,200
Feb 26, 2026
36.57
36.83
36.46
36.73
34.84
40,000
Feb 25, 2026
36.71
36.95
36.46
36.49
34.61
46,400
Feb 24, 2026
36.25
36.63
36.08
36.58
34.69
99,500
Feb 23, 2026
36.49
37.12
36.49
37.04
35.13
108,700
Feb 20, 2026
35.66
36.31
35.31
36.17
34.30
66,300
Feb 19, 2026
35.22
35.50
35.10
35.37
33.55
36,100
Feb 18, 2026
34.98
35.40
34.98
35.23
33.41
33,700
Feb 17, 2026
34.55
34.58
34.18
34.37
32.60
104,100
Feb 13, 2026
35.21
35.59
34.99
35.46
33.63
41,000
Feb 12, 2026
35.58
35.79
34.42
34.57
32.79
50,400
Feb 11, 2026
35.83
35.96
35.53
35.96
34.11
41,200
Feb 10, 2026
35.74
35.86
35.26
35.53
33.70
42,400
Feb 9, 2026
35.28
35.84
35.28
35.75
33.91
54,900
Feb 6, 2026
34.41
35.00
34.37
34.82
33.02
72,900
Feb 5, 2026
33.79
34.53
33.72
33.74
32.00
107,000
Feb 4, 2026
0.3 Dividend 

Feb 4, 2026
35.25
35.64
34.26
34.85
33.05
79,900
Feb 3, 2026
35.07
35.44
34.70
35.17
33.07
120,900
Feb 2, 2026
33.45
34.06
32.55
33.00
31.03
158,600
Jan 30, 2026
35.97
36.37
33.11
34.48
32.42
316,900
Jan 29, 2026
39.49
43.44
36.22
38.36
36.07
223,400
Jan 28, 2026
37.30
38.63
37.20
38.63
36.33
152,200
Jan 27, 2026
36.00
36.87
35.91
36.87
34.67
172,900
Jan 26, 2026
36.14
36.30
35.61
35.95
33.81
210,200
Jan 23, 2026
34.89
35.46
34.89
35.38
33.27
136,900
Jan 22, 2026
34.18
34.98
34.12
34.89
32.81
61,800
Jan 21, 2026
34.48
34.50
33.60
34.16
32.12
87,200
Jan 20, 2026
33.58
33.70
33.30
33.63
31.62
100,800
Jan 16, 2026
32.42
32.50
31.88
32.26
30.34
47,500
Jan 15, 2026
32.43
32.51
32.32
32.39
30.46
58,100
Jan 14, 2026
32.63
32.68
32.37
32.65
30.70
49,600
Jan 13, 2026
32.57
32.63
32.17
32.28
30.35
74,100
Jan 12, 2026
32.15
32.58
32.15
32.33
30.40
62,000
Jan 9, 2026
31.62
31.71
31.45
31.69
29.80
40,300
Jan 8, 2026
31.08
31.49
31.04
31.47
29.59
45,700
Jan 7, 2026
0.3 Dividend 

Jan 7, 2026
31.26
31.43
31.07
31.32
29.45
44,700
Jan 6, 2026
31.72
31.97
31.71
31.95
29.76
57,200
Jan 5, 2026
31.33
31.58
31.26
31.56
29.40
109,900
Jan 2, 2026
30.98
30.98
30.50
30.59
28.49
83,500
Dec 31, 2025
30.77
30.80
30.47
30.52
28.43
48,800
Dec 30, 2025
30.96
31.07
30.75
30.77
28.66
66,900
Dec 29, 2025
31.22
31.22
30.50
30.78
28.67
116,500
Dec 26, 2025
32.09
32.42
32.09
32.27
30.06
74,400
Dec 24, 2025
31.93
31.93
31.59
31.87
29.69
26,700
Dec 23, 2025
31.78
32.02
31.43
32.02
29.83
53,400
Dec 22, 2025
31.50
31.57
31.32
31.57
29.41
70,100
Dec 19, 2025
30.73
30.91
30.63
30.79
28.68
34,500
Dec 18, 2025
30.76
31.00
30.50
30.74
28.63
53,700
Dec 17, 2025
30.72
30.80
30.61
30.79
28.68
28,000
Dec 16, 2025
30.74
30.75
30.37
30.54
28.45
65,200
Dec 15, 2025
30.70
30.70
30.37
30.54
28.45
82,100
Dec 12, 2025
30.53
30.66
30.11
30.38
28.30
23,200
Dec 11, 2025
29.92
30.25
29.85
30.18
28.11
68,700
Dec 10, 2025
29.66
30.00
29.58
29.99
27.94
21,100
Dec 9, 2025
29.55
29.81
29.55
29.79
27.75
16,100
Dec 8, 2025
29.70
29.70
29.46
29.59
27.56
21,800
Dec 5, 2025
29.89
29.98
29.66
29.71
27.68
19,900
Dec 4, 2025
29.72
29.75
29.55
29.70
27.67
29,000
Dec 3, 2025
0.3 Dividend 

Dec 3, 2025
29.83
29.83
29.56
29.67
27.64
14,800
Dec 2, 2025
30.10
30.11
29.65
29.89
27.56
59,200
Dec 1, 2025
30.20
30.20
30.00
30.19
27.84
59,700
Nov 28, 2025
29.81
29.99
29.78
29.99
27.66
24,900
Nov 26, 2025
29.39
29.64
29.39
29.57
27.27
31,500
Nov 25, 2025
29.41
29.53
29.21
29.38
27.09
43,800
Nov 24, 2025
28.99
29.38
28.89
29.38
27.09
36,500
Nov 21, 2025
28.74
29.12
28.74
28.91
26.66
19,700
Nov 20, 2025
29.06
29.20
28.72
28.98
26.72
19,800
Nov 19, 2025
29.16
29.37
28.87
28.97
26.72
17,200
Nov 18, 2025
28.75
29.00
28.67
28.86
26.61
29,400
Nov 17, 2025
28.78
28.95
28.47
28.67
26.44
31,000
Nov 14, 2025
28.78
29.09
28.50
29.04
26.78
26,800
Nov 13, 2025
29.88
29.88
29.31
29.40
27.11
23,900
Nov 12, 2025
29.42
29.70
29.17
29.61
27.31
28,100
Nov 11, 2025
29.27
29.41
28.99
29.20
26.93
33,600
Nov 10, 2025
28.72
29.12
28.70
29.03
26.77
32,700
Nov 7, 2025
28.31
28.50
28.20
28.28
26.08
28,600
Nov 6, 2025
28.26
28.32
28.12
28.20
26.00
22,800
Nov 5, 2025
0.3 Dividend 

Nov 5, 2025
28.44
28.44
28.09
28.24
26.04
29,500
Nov 4, 2025
28.41
28.44
28.00
28.21
25.74
54,300
Nov 3, 2025
28.62
28.76
28.55
28.68
26.17
28,500
Oct 31, 2025
28.84
28.84
28.31
28.61
26.10
20,800
Oct 30, 2025
28.11
28.75
28.11
28.70
26.18
24,200
Oct 29, 2025
28.50
28.70
27.71
27.91
25.46
188,800
Oct 28, 2025
27.76
28.15
27.51
28.07
25.61
87,100
Oct 27, 2025
28.81
28.81
28.15
28.37
25.88
78,400
Oct 24, 2025
29.58
29.64
29.34
29.39
26.81
18,400
Oct 23, 2025
29.65
29.77
29.50
29.50
26.91
22,000
Oct 22, 2025
28.95
29.38
28.50
29.38
26.81
64,900
Oct 21, 2025
30.41
30.43
29.13
29.32
26.75
66,700
Oct 20, 2025
30.71
31.57
30.71
31.57
28.80
46,800
Oct 17, 2025
31.19
31.19
30.22
30.40
27.74
74,300
Oct 16, 2025
30.59
31.00
30.57
31.00
28.28
49,700
Oct 15, 2025
30.35
30.36
30.19
30.36
27.70
35,000
Oct 14, 2025
29.83
30.18
29.60
29.89
27.27
61,100
Oct 13, 2025
29.53
29.77
29.40
29.76
27.15
54,200
Oct 10, 2025
28.67
28.90
28.46
28.81
26.28
51,200
Oct 9, 2025
29.01
29.01
28.25
28.46
25.97
28,300
Oct 8, 2025
0.3 Dividend 

Oct 8, 2025
29.00
29.00
28.87
28.95
26.41
34,200
Oct 7, 2025
29.21
29.21
28.90
28.99
26.18
45,400
Oct 6, 2025
28.98
28.98
28.72
28.88
26.07
57,000
Oct 3, 2025
28.57
28.57
28.34
28.44
25.68
36,000
Oct 2, 2025
28.56
28.56
27.95
28.23
25.49
32,600
Oct 1, 2025
28.27
28.28
28.16
28.25
25.51
40,000
Sep 30, 2025
27.92
28.15
27.83
28.15
25.42
38,400
Sep 29, 2025
27.98
27.99
27.85
27.99
25.27
43,000
Sep 26, 2025
27.32
27.67
27.32
27.53
24.86
18,700
Sep 25, 2025
27.25
27.40
27.05
27.31
24.66
35,300
Sep 24, 2025
27.58
27.58
27.05
27.18
24.54
52,800
Sep 23, 2025
27.57
27.57
27.30
27.42
24.76
30,500
Sep 22, 2025
27.35
27.35
27.09
27.25
24.60
32,700
Sep 19, 2025
26.57
26.85
26.57
26.85
24.24
15,200
Sep 18, 2025
26.60
26.60
26.29
26.50
23.93
42,000
Sep 17, 2025
26.72
26.82
26.57
26.62
24.04
20,500
Sep 16, 2025
26.83
26.83
26.68
26.74
24.14
35,100
Sep 15, 2025
26.51
26.70
26.49
26.68
24.09
30,900
Sep 12, 2025
26.42
26.48
26.37
26.40
23.83
16,000
Sep 11, 2025
26.27
26.33
26.22
26.32
23.76
20,400
Sep 10, 2025
26.39
26.43
26.35
26.40
23.84
10,000
Sep 9, 2025
26.52
26.55
26.25
26.25
23.70
13,700
Sep 8, 2025
26.22
26.35
26.20
26.31
23.75
19,200
Sep 5, 2025
26.02
26.04
25.96
26.04
23.51
23,500
Sep 4, 2025
25.93
25.93
25.80
25.87
23.36
31,900
Sep 3, 2025
0.25 Dividend 

Sep 3, 2025
25.92
25.94
25.80
25.88
23.37
44,500
Sep 2, 2025
26.70
29.37
25.72
25.99
23.24
68,900
Aug 29, 2025
25.54
25.64
25.48
25.64
22.93
18,100
Aug 28, 2025
25.61
25.61
25.41
25.51
22.81
7,900
Aug 27, 2025
25.35
25.35
25.26
25.35
22.67
13,600
Aug 26, 2025
25.46
25.46
25.24
25.32
22.64
12,900
Aug 25, 2025
25.39
25.39
25.18
25.20
22.54
60,600
Aug 22, 2025
25.18
25.23
24.98
25.21
22.54
24,400
Aug 21, 2025
25.16
25.16
25.01
25.02
22.37
36,100
Aug 20, 2025
25.15
25.15
25.03
25.08
22.43
43,300
Aug 19, 2025
25.83
25.83
24.88
24.90
22.27
110,600
Aug 18, 2025
25.28
25.28
25.02
25.04
22.39
105,300
Aug 15, 2025
25.02
25.06
24.93
25.02
22.37
11,000
Aug 14, 2025
25.08
25.08
24.98
25.01
22.36
6,700
Aug 13, 2025
25.13
25.13
25.08
25.10
22.45
4,300
Aug 12, 2025
25.05
25.05
24.95
25.03
22.39
5,100
Aug 11, 2025
25.14
25.14
25.02
25.05
22.40
21,700
Aug 8, 2025
25.51
25.51
25.25
25.31
22.63
7,400
Aug 7, 2025
25.44
25.46
25.19
25.30
22.62
6,600
Aug 6, 2025
0.25 Dividend 

Aug 6, 2025
25.07
25.17
25.05
25.08
22.42
6,300
Aug 5, 2025
25.39
25.45
25.31
25.40
22.49
4,400
Aug 4, 2025
25.29
25.39
25.29
25.36
22.45
1,700
Aug 1, 2025
25.40
25.40
25.10
25.20
22.32
2,100
Jul 31, 2025
24.70
24.74
24.67
24.67
21.84
500
Jul 30, 2025
24.65
24.65
24.55
24.55
21.74
3,300
Jul 29, 2025
24.93
24.93
24.93
24.93
22.07
200
Jul 28, 2025
24.76
24.91
24.76
24.88
22.03
1,400
Jul 25, 2025
24.97
25.02
24.97
25.02
22.15
600
Jul 24, 2025
24.75
25.21
24.75
25.21
22.32
500
Jul 23, 2025
25.43
25.43
25.32
25.32
22.41
800
Jul 22, 2025
25.47
25.52
25.47
25.50
22.57
600
Jul 21, 2025
25.33
25.33
25.33
25.33
22.43
600
Jul 18, 2025
25.06
25.06
25.06
25.06
22.18
100
Jul 17, 2025
24.92
25.04
24.90
25.00
22.13
2,700
Jul 16, 2025
25.22
25.22
25.05
25.05
22.18
200
Jul 15, 2025
24.96
25.04
24.87
24.91
22.06
900
Jul 14, 2025
25.09
25.09
25.02
25.02
22.16
900
Jul 11, 2025
25.09
25.09
25.09
25.09
22.21
100
Jul 10, 2025
24.79
24.89
24.79
24.89
22.04
1,400
Jul 9, 2025
24.92
24.92
24.77
24.77
21.94
1,000
