Date
Open
High
Low
Close 

Adj Close 

Volume
May 26, 2026
31.23
31.46
31.05
31.46
31.46
81,451
May 22, 2026
31.00
31.05
30.68
30.79
30.79
84,500
May 21, 2026
30.51
30.90
30.27
30.75
30.75
42,600
May 20, 2026
30.14
30.56
30.11
30.52
30.52
29,000
May 19, 2026
29.99
30.13
29.47
29.85
29.85
36,600
May 18, 2026
30.62
30.62
29.82
30.12
30.12
51,300
May 15, 2026
30.72
30.72
30.21
30.35
30.35
37,200
May 14, 2026
31.00
31.12
30.78
31.03
31.03
46,000
May 13, 2026
30.52
31.12
30.23
30.90
30.90
37,400
May 12, 2026
30.75
30.75
29.95
30.48
30.48
55,500
May 11, 2026
30.77
31.02
30.68
30.89
30.89
64,900
May 8, 2026
30.24
30.79
30.15
30.77
30.77
44,600
May 7, 2026
30.07
30.25
29.82
29.90
29.90
54,500
May 6, 2026
29.55
30.09
29.47
30.08
30.08
77,800
May 5, 2026
28.90
29.32
28.90
29.27
29.27
57,600
May 4, 2026
28.94
28.94
28.50
28.57
28.57
63,700
May 1, 2026
28.50
28.90
28.42
28.75
28.75
56,900
Apr 30, 2026
28.50
28.50
27.88
28.48
28.48
42,300
Apr 29, 2026
0.35 Dividend 

Apr 29, 2026
27.99
28.18
27.83
28.11
28.11
37,800
Apr 28, 2026
28.33
28.33
28.00
28.30
27.95
44,000
Apr 27, 2026
28.58
28.64
28.41
28.64
28.29
54,000
Apr 24, 2026
28.02
28.50
28.02
28.50
28.15
57,700
Apr 23, 2026
27.95
27.95
27.44
27.65
27.30
44,400
Apr 22, 2026
27.71
27.97
27.51
27.97
27.62
59,300
Apr 21, 2026
27.62
27.62
27.27
27.35
27.01
54,000
Apr 20, 2026
27.53
27.64
27.26
27.47
27.13
39,500
Apr 17, 2026
27.34
27.83
27.34
27.70
27.36
47,800
Apr 16, 2026
27.26
27.62
27.18
27.57
27.23
54,700
Apr 15, 2026
26.99
27.38
26.95
27.35
27.01
46,000
Apr 14, 2026
26.44
26.93
26.44
26.90
26.57
37,500
Apr 13, 2026
26.26
26.44
25.98
26.43
26.10
38,400
Apr 10, 2026
25.70
26.18
25.70
26.12
25.80
47,900
Apr 9, 2026
25.53
26.00
25.53
26.00
25.68
27,000
Apr 8, 2026
25.98
25.98
25.56
25.77
25.45
56,900
Apr 7, 2026
24.81
25.02
24.67
25.00
24.69
19,300
Apr 6, 2026
24.87
24.96
24.84
24.89
24.58
19,800
Apr 2, 2026
23.93
24.79
23.93
24.76
24.45
17,300
Apr 1, 2026
24.28
24.86
24.28
24.67
24.36
27,500
Mar 31, 2026
23.87
24.24
23.59
24.16
23.86
34,900
Mar 30, 2026
23.50
23.78
23.13
23.32
23.03
74,200
Mar 27, 2026
24.05
24.05
23.61
23.65
23.35
52,900
Mar 26, 2026
24.70
24.70
24.12
24.12
23.83
57,900
Mar 25, 2026
0.35 Dividend 

Mar 25, 2026
24.58
24.93
24.58
24.80
24.49
25,500
Mar 24, 2026
25.26
25.26
24.91
25.01
24.36
59,100
Mar 23, 2026
25.30
25.56
25.19
25.28
24.62
62,500
Mar 20, 2026
25.53
25.53
24.89
25.01
24.36
52,700
Mar 19, 2026
25.61
25.64
25.30
25.52
24.85
36,900
Mar 18, 2026
26.02
26.02
25.65
25.69
25.02
36,500
Mar 17, 2026
26.00
26.00
25.77
25.90
25.22
39,100
Mar 16, 2026
25.87
25.90
25.75
25.83
25.15
25,700
Mar 13, 2026
25.75
25.84
25.40
25.46
24.80
29,800
Mar 12, 2026
25.83
26.00
25.60
25.68
25.01
31,400
Mar 11, 2026
26.18
26.30
26.03
26.16
25.47
24,200
Mar 10, 2026
26.09
26.29
26.00
26.03
25.35
20,000
Mar 9, 2026
25.40
26.00
25.22
25.95
25.27
33,600
Mar 6, 2026
25.77
25.90
25.53
25.63
24.96
33,400
Mar 5, 2026
25.91
26.06
25.69
26.01
25.33
26,200
Mar 4, 2026
25.50
26.00
25.50
25.91
25.24
37,100
Mar 3, 2026
25.46
25.59
25.07
25.50
24.83
35,800
Mar 2, 2026
25.20
25.81
25.16
25.74
25.07
129,700
Feb 27, 2026
25.60
25.70
25.44
25.70
25.03
40,400
Feb 26, 2026
25.90
25.94
25.46
25.85
25.17
61,900
Feb 25, 2026
0.41 Dividend 

Feb 25, 2026
26.16
26.16
25.86
26.09
25.41
62,800
Feb 24, 2026
26.00
26.23
25.68
26.20
25.11
76,600
Feb 23, 2026
26.29
26.29
25.75
25.83
24.76
47,400
Feb 20, 2026
25.93
26.44
25.93
26.28
25.19
41,900
Feb 19, 2026
26.00
26.07
25.85
25.93
24.86
44,500
Feb 18, 2026
25.75
26.20
25.75
25.97
24.89
35,500
Feb 17, 2026
25.50
25.85
25.33
25.72
24.65
125,000
Feb 13, 2026
26.02
26.02
25.57
25.67
24.61
96,100
Feb 12, 2026
26.63
26.64
25.80
25.87
24.80
70,900
Feb 11, 2026
26.81
26.96
26.45
26.61
25.51
37,300
Feb 10, 2026
26.92
27.00
26.69
26.71
25.60
55,900
Feb 9, 2026
26.54
27.00
26.27
26.89
25.78
72,700
Feb 6, 2026
26.42
26.68
26.12
26.67
25.57
71,600
Feb 5, 2026
26.39
26.51
25.93
26.25
25.16
110,100
Feb 4, 2026
27.30
27.30
26.30
26.60
25.50
118,500
Feb 3, 2026
28.17
28.17
27.03
27.38
26.25
176,700
Feb 2, 2026
27.42
28.03
27.42
27.94
26.78
89,400
Jan 30, 2026
27.95
27.99
27.58
27.66
26.51
70,800
Jan 29, 2026
28.28
28.29
27.34
27.90
26.74
135,700
Jan 28, 2026
0.41 Dividend 

Jan 28, 2026
28.24
28.24
27.90
28.10
26.94
70,600
Jan 27, 2026
28.14
28.39
28.06
28.35
26.78
111,900
Jan 26, 2026
27.88
28.07
27.83
27.95
26.40
102,700
Jan 23, 2026
27.89
27.98
27.69
27.88
26.34
54,000
Jan 22, 2026
27.99
27.99
27.75
27.93
26.39
67,000
Jan 21, 2026
27.24
27.85
27.24
27.66
26.13
109,100
Jan 20, 2026
27.72
27.72
27.23
27.32
25.81
179,300
Jan 16, 2026
28.37
28.37
27.90
28.02
26.47
68,300
Jan 15, 2026
28.39
28.39
27.98
27.99
26.44
110,000
Jan 14, 2026
28.29
28.29
27.76
28.02
26.47
145,300
Jan 13, 2026
28.33
28.49
28.22
28.36
26.79
68,700
Jan 12, 2026
28.04
28.37
28.04
28.28
26.72
89,700
Jan 9, 2026
28.00
28.26
27.92
28.23
26.67
122,700
Jan 8, 2026
28.18
28.18
27.89
28.00
26.45
103,500
Jan 7, 2026
28.17
28.33
28.05
28.15
26.59
106,200
Jan 6, 2026
28.18
28.18
27.92
28.07
26.52
122,200
Jan 5, 2026
28.09
28.21
28.00
28.08
26.53
238,200
Jan 2, 2026
28.35
28.47
27.83
27.95
26.40
143,200
Dec 31, 2025
28.19
28.32
28.05
28.07
26.52
84,900
Dec 30, 2025
28.30
28.35
28.20
28.28
26.72
92,500
Dec 29, 2025
28.35
28.37
28.18
28.30
26.74
120,900
Dec 26, 2025
28.41
28.45
28.32
28.42
26.85
86,600
Dec 24, 2025
28.35
28.42
28.27
28.42
26.85
86,400
Dec 23, 2025
0.41 Dividend 

Dec 23, 2025
28.28
28.35
28.08
28.35
26.78
104,700
Dec 22, 2025
28.85
28.85
28.40
28.49
26.53
278,400
Dec 19, 2025
28.23
28.36
28.16
28.36
26.41
41,500
Dec 18, 2025
28.00
28.15
27.85
28.01
26.08
35,500
Dec 17, 2025
28.46
28.46
27.60
27.65
25.74
106,900
Dec 16, 2025
28.30
28.30
27.95
28.24
26.29
76,100
Dec 15, 2025
28.55
28.55
28.11
28.20
26.26
106,900
Dec 12, 2025
28.99
28.99
28.26
28.39
26.44
35,300
Dec 11, 2025
29.01
29.01
28.66
28.97
26.97
47,100
Dec 10, 2025
29.17
29.22
28.90
29.16
27.15
37,400
Dec 9, 2025
28.91
29.20
28.91
29.14
27.14
25,400
Dec 8, 2025
29.17
29.27
28.94
29.01
27.01
35,100
Dec 5, 2025
29.10
29.28
29.00
29.10
27.10
33,400
Dec 4, 2025
29.11
29.11
28.90
29.06
27.06
66,200
Dec 3, 2025
28.91
29.10
28.83
29.05
27.05
51,500
Dec 2, 2025
29.15
29.21
28.98
29.13
27.12
67,200
Dec 1, 2025
28.84
29.00
28.68
28.97
26.97
92,000
Nov 28, 2025
28.94
29.02
28.85
29.02
27.02
71,300
Nov 26, 2025
28.70
28.89
28.66
28.81
26.83
90,200
Nov 25, 2025
0.41 Dividend 

Nov 25, 2025
28.73
28.73
28.23
28.65
26.68
70,100
Nov 24, 2025
28.66
28.98
28.32
28.97
26.59
93,800
Nov 21, 2025
28.20
28.51
27.73
28.13
25.82
41,700
Nov 20, 2025
29.37
29.40
28.06
28.12
25.81
50,400
Nov 19, 2025
28.51
28.95
28.51
28.69
26.34
34,000
Nov 18, 2025
28.85
28.90
28.19
28.51
26.17
45,500
Nov 17, 2025
28.99
29.19
28.62
28.88
26.51
53,100
Nov 14, 2025
28.39
29.19
28.22
28.94
26.57
44,400
Nov 13, 2025
29.37
29.39
28.79
28.90
26.52
40,400
Nov 12, 2025
30.03
30.03
29.36
29.56
27.13
41,400
Nov 11, 2025
29.76
29.76
29.39
29.68
27.24
59,200
Nov 10, 2025
29.70
29.74
29.40
29.70
27.27
94,600
Nov 7, 2025
29.00
29.02
28.50
29.01
26.63
54,000
Nov 6, 2025
29.21
29.59
29.11
29.16
26.77
51,000
Nov 5, 2025
29.47
29.80
29.40
29.68
27.24
30,000
Nov 4, 2025
29.64
29.91
29.52
29.56
27.13
68,700
Nov 3, 2025
30.25
30.42
30.10
30.14
27.67
64,700
Oct 31, 2025
30.00
30.34
29.92
30.03
27.57
29,000
Oct 30, 2025
30.20
30.20
29.80
29.82
27.37
35,600
Oct 29, 2025
0.45 Dividend 

Oct 29, 2025
30.31
30.37
30.15
30.34
27.85
520,000
Oct 28, 2025
30.46
30.65
30.32
30.53
27.61
62,300
Oct 27, 2025
29.78
30.19
29.78
30.15
27.27
50,200
Oct 24, 2025
29.46
29.72
29.46
29.65
26.81
20,900
Oct 23, 2025
29.15
29.38
29.10
29.33
26.53
15,400
Oct 22, 2025
29.36
29.36
28.90
29.14
26.35
40,000
Oct 21, 2025
29.54
29.54
29.33
29.40
26.59
44,400
Oct 20, 2025
29.41
29.54
29.36
29.47
26.65
52,000
Oct 17, 2025
29.10
29.20
28.82
29.16
26.38
28,500
Oct 16, 2025
29.07
29.32
28.79
29.00
26.22
11,400
Oct 15, 2025
29.10
29.31
28.86
29.01
26.24
29,400
Oct 14, 2025
28.81
29.13
28.65
28.96
26.19
28,300
Oct 13, 2025
29.43
29.43
29.01
29.23
26.44
33,700
Oct 10, 2025
29.41
29.58
28.68
28.68
25.94
23,800
Oct 9, 2025
29.97
29.97
29.33
29.46
26.64
32,400
Oct 8, 2025
29.34
29.47
29.26
29.45
26.64
62,700
Oct 7, 2025
29.60
29.60
29.05
29.24
26.44
28,900
Oct 6, 2025
29.58
29.58
29.15
29.34
26.54
29,000
Oct 3, 2025
29.52
29.52
29.09
29.16
26.37
24,400
Oct 2, 2025
29.56
29.56
29.18
29.26
26.46
18,300
Oct 1, 2025
29.15
29.28
28.97
29.23
26.43
32,000
Sep 30, 2025
29.10
29.17
28.95
29.15
26.36
13,500
Sep 29, 2025
29.55
29.55
29.06
29.06
26.28
46,200
Sep 26, 2025
29.14
29.14
28.84
29.05
26.27
16,300
Sep 25, 2025
29.10
29.10
28.72
28.95
26.18
19,500
Sep 24, 2025
0.45 Dividend 

Sep 24, 2025
29.59
29.60
28.91
29.06
26.28
53,500
Sep 23, 2025
30.48
30.48
29.59
29.65
26.41
126,600
Sep 22, 2025
29.84
30.22
29.82
30.02
26.74
42,400
Sep 19, 2025
29.59
29.83
29.55
29.77
26.52
7,500
Sep 18, 2025
29.42
29.52
29.40
29.40
26.19
9,900
Sep 17, 2025
29.33
29.44
28.94
29.23
26.03
24,600
Sep 16, 2025
29.50
29.59
29.46
29.59
26.36
29,600
Sep 15, 2025
29.10
29.53
29.10
29.51
26.28
30,000
Sep 12, 2025
29.04
29.16
29.04
29.12
25.94
20,400
Sep 11, 2025
28.92
29.03
28.89
28.95
25.79
9,600
Sep 10, 2025
29.01
29.19
28.87
28.94
25.77
4,200
Sep 9, 2025
28.51
28.67
28.43
28.67
25.53
12,400
Sep 8, 2025
28.53
28.66
28.45
28.48
25.36
13,800
Sep 5, 2025
28.35
28.48
28.10
28.26
25.17
7,800
Sep 4, 2025
28.00
28.28
28.00
28.28
25.19
5,400
Sep 3, 2025
28.08
28.08
27.91
28.00
24.94
4,600
Sep 2, 2025
27.66
27.69
27.36
27.69
24.66
9,700
Aug 29, 2025
28.13
28.13
27.86
27.91
24.86
4,600
Aug 28, 2025
28.16
28.55
28.10
28.38
25.28
14,100
Aug 27, 2025
0.3 Dividend 

Aug 27, 2025
28.53
28.53
28.01
28.17
25.09
6,100
Aug 26, 2025
28.32
28.40
28.21
28.40
25.03
10,400
Aug 25, 2025
28.69
28.69
28.22
28.30
24.94
18,200
Aug 22, 2025
28.11
28.35
27.80
28.27
24.92
6,000
Aug 21, 2025
27.76
28.10
27.65
27.80
24.50
23,300
Aug 20, 2025
28.00
28.00
27.52
27.92
24.61
9,000
Aug 19, 2025
28.61
28.61
28.14
28.14
24.80
4,700
Aug 18, 2025
28.80
28.80
28.62
28.72
25.31
8,800
Aug 15, 2025
28.79
28.79
28.68
28.71
25.30
3,700
Aug 14, 2025
28.75
28.82
28.71
28.76
25.35
6,200
Aug 13, 2025
28.82
29.00
28.55
28.63
25.23
12,800
Aug 12, 2025
28.45
28.78
28.41
28.77
25.35
5,900
Aug 11, 2025
28.66
28.66
28.41
28.45
25.07
5,900
Aug 8, 2025
28.50
28.58
28.41
28.53
25.15
11,200
Aug 7, 2025
28.39
28.39
28.06
28.20
24.86
7,400
Aug 6, 2025
27.67
28.06
27.67
28.06
24.73
6,700
Aug 5, 2025
27.91
27.91
27.59
27.59
24.31
6,100
Aug 4, 2025
27.21
27.76
27.21
27.74
24.44
3,700
Aug 1, 2025
27.55
27.55
27.06
27.17
23.94
17,300
Jul 31, 2025
27.90
28.12
27.86
27.87
24.56
4,600
Jul 30, 2025
27.65
27.65
27.57
27.62
24.34
2,600
Jul 29, 2025
27.70
27.70
27.52
27.52
24.25
2,700
Jul 28, 2025
27.73
27.75
27.65
27.74
24.45
6,600
Jul 25, 2025
27.61
27.72
27.58
27.62
24.34
8,000
Jul 24, 2025
27.54
27.61
27.50
27.54
24.27
4,600
Jul 23, 2025
0.2 Dividend 

Jul 23, 2025
27.28
27.45
27.18
27.39
24.13
2,900
Jul 22, 2025
27.57
27.57
27.34
27.40
23.97
6,600
Jul 21, 2025
27.73
27.82
27.60
27.73
24.26
8,200
Jul 18, 2025
27.51
27.57
27.46
27.57
24.12
2,700
Jul 17, 2025
27.28
27.64
27.28
27.62
24.16
10,100
Jul 16, 2025
26.97
27.39
26.97
27.38
23.95
2,700
Jul 15, 2025
27.35
27.52
27.33
27.33
23.91
12,800
Jul 14, 2025
26.99
27.25
26.99
27.25
23.84
4,500
Jul 11, 2025
27.16
27.23
27.11
27.23
23.82
4,100
Jul 10, 2025
27.02
27.16
26.97
27.11
23.72
4,000
Jul 9, 2025
27.25
27.27
27.14
27.14
23.74
5,000
Jul 8, 2025
27.27
27.27
26.82
26.93
23.56
3,100
Jul 7, 2025
27.17
27.17
26.85
26.87
23.51
5,300
Jul 3, 2025
26.85
27.10
26.85
27.09
23.70
3,300
Jul 2, 2025
26.70
26.84
26.70
26.84
23.48
3,500
Jul 1, 2025
26.84
26.98
26.41
26.58
23.25
5,700
Jun 30, 2025
26.74
27.00
26.74
27.00
23.62
8,100
Jun 27, 2025
26.75
26.88
26.69
26.75
23.40
6,100
Jun 26, 2025
26.30
26.74
26.30
26.70
23.36
5,400
Jun 25, 2025
0.2 Dividend 

Jun 25, 2025
26.33
26.43
26.24
26.33
23.03
8,900
Jun 24, 2025
26.09
26.44
26.09
26.29
22.82
10,200
Jun 23, 2025
25.65
25.97
25.46
25.86
22.45
10,700
Jun 20, 2025
25.93
25.93
25.60
25.67
22.29
2,000
Jun 18, 2025
25.29
25.98
25.29
25.86
22.45
8,200
Jun 17, 2025
25.88
25.88
25.71
25.83
22.43
2,100
Jun 16, 2025
25.83
26.02
25.83
26.02
22.59
5,700
Jun 13, 2025
25.40
25.73
25.40
25.54
22.17
2,400
Jun 12, 2025
25.79
25.88
25.75
25.83
22.42
3,100
Jun 11, 2025
25.84
25.90
25.62
25.66
22.28
5,700
Jun 10, 2025
25.84
25.84
25.57
25.76
22.36
10,200
Jun 9, 2025
25.67
25.77
25.67
25.68
22.30
3,400
Jun 6, 2025
25.64
25.67
25.56
25.60
22.23
2,000
Jun 5, 2025
25.68
25.68
25.37
25.38
22.03
3,100
Jun 4, 2025
25.49
25.51
25.33
25.47
22.11
2,900
Jun 3, 2025
25.14
25.42
25.14
25.30
21.97
5,300
Jun 2, 2025
25.04
25.22
24.97
25.22
21.90
5,600
May 30, 2025
24.76
25.10
24.69
25.04
21.74
6,300
May 29, 2025
25.57
25.57
25.05
25.18
21.86
9,400
May 28, 2025
0.25 Dividend 

May 28, 2025
25.24
25.24
25.00
25.00
21.70
4,100
May 27, 2025
25.00
25.39
25.00
25.34
21.78
16,500
