Date
Open
High
Low
Close 

Adj Close 

Volume
May 26, 2026
33.46
33.90
33.33
33.84
33.84
84,396
May 22, 2026
33.46
33.55
32.94
33.12
33.12
58,500
May 21, 2026
32.85
33.92
32.70
33.82
33.82
80,100
May 20, 2026
0.75 Dividend 

May 20, 2026
33.03
33.74
32.72
33.42
33.42
61,500
May 19, 2026
33.48
33.77
32.93
33.33
32.58
123,900
May 18, 2026
35.11
35.43
34.34
34.92
34.13
92,300
May 15, 2026
34.87
34.94
34.09
34.46
33.68
190,700
May 14, 2026
38.81
39.14
37.71
37.84
36.99
62,300
May 13, 2026
39.38
40.49
39.15
39.70
38.81
51,600
May 12, 2026
38.27
39.42
37.75
39.38
38.49
65,900
May 11, 2026
38.53
39.11
38.20
38.98
38.10
84,400
May 8, 2026
36.72
36.88
36.01
36.61
35.79
55,400
May 7, 2026
36.58
37.18
35.57
35.82
35.01
93,900
May 6, 2026
34.70
35.15
34.55
35.07
34.28
50,100
May 5, 2026
33.29
33.44
32.81
32.91
32.17
55,500
May 4, 2026
33.19
34.00
32.68
32.92
32.18
67,300
May 1, 2026
33.65
34.77
33.65
33.93
33.17
51,200
Apr 30, 2026
33.22
33.26
32.85
33.22
32.47
70,800
Apr 29, 2026
32.36
32.48
31.92
32.27
31.54
62,000
Apr 28, 2026
32.75
33.14
32.55
33.13
32.38
57,100
Apr 27, 2026
34.15
34.22
33.81
34.17
33.40
65,600
Apr 24, 2026
34.00
34.85
34.00
34.32
33.55
39,400
Apr 23, 2026
34.46
34.70
33.79
34.32
33.55
111,400
Apr 22, 2026
0.75 Dividend 

Apr 22, 2026
35.22
35.56
35.11
35.11
34.32
46,400
Apr 21, 2026
36.54
36.65
35.00
35.15
33.63
113,600
Apr 20, 2026
37.47
37.47
36.90
37.05
35.44
84,800
Apr 17, 2026
37.96
38.49
37.69
37.85
36.21
73,000
Apr 16, 2026
36.81
37.09
36.30
36.53
34.95
40,300
Apr 15, 2026
36.89
37.41
36.70
37.01
35.41
51,200
Apr 14, 2026
36.01
36.99
35.93
36.99
35.39
58,100
Apr 13, 2026
34.33
35.15
34.05
34.84
33.33
91,500
Apr 10, 2026
35.29
35.68
35.13
35.38
33.85
29,300
Apr 9, 2026
34.57
35.54
34.35
34.80
33.29
46,300
Apr 8, 2026
35.88
35.89
34.04
34.65
33.15
137,700
Apr 7, 2026
33.49
33.80
32.40
33.78
32.32
61,300
Apr 6, 2026
33.68
33.92
33.33
33.83
32.37
62,300
Apr 2, 2026
32.21
33.92
32.21
33.56
32.10
61,500
Apr 1, 2026
34.89
35.26
34.40
34.92
33.41
53,100
Mar 31, 2026
33.83
34.87
33.56
34.87
33.36
55,900
Mar 30, 2026
33.09
33.09
32.20
32.54
31.13
51,800
Mar 27, 2026
31.53
33.20
31.12
32.33
30.93
74,100
Mar 26, 2026
31.61
32.10
30.78
30.85
29.51
61,500
Mar 25, 2026
33.65
33.85
32.85
33.27
31.83
89,300
Mar 24, 2026
31.45
32.40
31.17
31.95
30.56
81,100
Mar 23, 2026
31.03
32.51
30.91
31.62
30.25
110,100
Mar 20, 2026
32.90
33.00
31.05
31.35
29.99
84,900
Mar 19, 2026
31.70
33.37
30.97
33.32
31.88
148,000
Mar 18, 2026
0.75 Dividend 

Mar 18, 2026
35.62
36.17
35.05
35.10
33.58
72,700
Mar 17, 2026
38.42
38.65
37.10
37.54
35.19
90,900
Mar 16, 2026
38.41
38.76
37.75
38.33
35.94
92,500
Mar 13, 2026
40.22
40.30
37.95
38.31
35.92
140,000
Mar 12, 2026
41.73
41.73
40.36
40.36
37.84
41,100
Mar 11, 2026
41.35
41.44
40.53
41.35
38.77
60,500
Mar 10, 2026
42.83
43.06
41.85
42.50
39.84
79,300
Mar 9, 2026
40.59
41.51
39.84
41.47
38.88
99,000
Mar 6, 2026
39.65
40.70
39.40
40.21
37.70
92,400
Mar 5, 2026
39.58
39.87
38.51
39.25
36.80
92,700
Mar 4, 2026
40.17
40.90
39.45
39.71
37.23
83,100
Mar 3, 2026
39.26
40.31
37.96
39.44
36.98
174,300
Mar 2, 2026
43.27
43.85
41.66
43.44
40.73
229,000
Feb 27, 2026
44.43
45.39
44.00
45.31
42.48
99,100
Feb 26, 2026
42.12
43.00
41.25
43.00
40.31
84,300
Feb 25, 2026
43.75
44.10
42.78
42.78
40.11
93,700
Feb 24, 2026
41.73
42.60
41.63
42.26
39.62
66,700
Feb 23, 2026
41.68
42.97
41.54
42.96
40.28
122,600
Feb 20, 2026
38.88
40.76
38.40
40.74
38.19
106,900
Feb 19, 2026
37.13
38.01
36.96
37.57
35.22
62,700
Feb 18, 2026
0.75 Dividend 

Feb 18, 2026
36.58
37.51
36.58
37.10
34.78
80,000
Feb 17, 2026
36.22
36.25
34.94
35.68
32.75
122,700
Feb 13, 2026
38.32
38.47
37.02
37.61
34.52
101,500
Feb 12, 2026
40.84
41.02
36.27
36.51
33.51
229,900
Feb 11, 2026
41.78
41.78
40.60
41.54
38.13
74,500
Feb 10, 2026
40.43
40.68
39.20
39.61
36.35
140,100
Feb 9, 2026
39.18
41.12
39.15
41.08
37.70
127,000
Feb 6, 2026
36.44
38.13
36.44
37.89
34.78
93,400
Feb 5, 2026
36.80
37.83
35.26
35.93
32.98
279,300
Feb 4, 2026
44.99
45.25
41.22
43.06
39.52
119,000
Feb 3, 2026
42.97
43.78
40.20
41.89
38.45
270,900
Feb 2, 2026
39.78
40.50
36.89
39.04
35.84
247,300
Jan 30, 2026
48.98
50.33
37.10
41.34
37.94
751,500
Jan 29, 2026
59.39
59.97
52.74
57.63
52.89
355,400
Jan 28, 2026
56.07
58.73
54.75
58.22
53.44
347,400
Jan 27, 2026
53.42
55.85
51.78
55.85
51.26
331,100
Jan 26, 2026
54.24
58.00
52.46
53.52
49.12
559,800
Jan 23, 2026
49.08
50.64
48.97
50.63
46.47
216,000
Jan 22, 2026
46.01
47.60
46.01
47.43
43.53
130,000
Jan 21, 2026
0.75 Dividend 

Jan 21, 2026
46.47
46.65
44.37
45.50
41.76
233,900
Jan 20, 2026
47.39
47.58
46.44
47.01
42.46
195,900
Jan 16, 2026
43.94
44.50
42.80
44.31
40.02
136,600
Jan 15, 2026
44.01
46.10
43.80
45.56
41.15
160,400
Jan 14, 2026
45.71
46.06
44.90
46.01
41.56
170,200
Jan 13, 2026
44.28
44.56
43.15
43.54
39.32
186,400
Jan 12, 2026
41.95
43.03
41.94
42.67
38.54
133,200
Jan 9, 2026
38.90
40.16
38.76
39.70
35.86
81,100
Jan 8, 2026
36.66
38.14
36.38
38.08
34.39
84,500
Jan 7, 2026
38.01
39.47
37.85
38.88
35.12
171,400
Jan 6, 2026
39.18
40.38
39.18
40.38
36.47
126,000
Jan 5, 2026
37.96
38.52
37.45
37.69
34.04
106,200
Jan 2, 2026
36.65
36.65
35.15
35.74
32.28
106,100
Dec 31, 2025
35.75
36.44
34.39
35.07
31.67
157,300
Dec 30, 2025
37.77
38.94
37.21
37.78
34.12
120,800
Dec 29, 2025
35.96
36.32
34.81
36.01
32.52
223,400
Dec 26, 2025
37.33
39.23
36.98
39.21
35.41
209,400
Dec 24, 2025
35.51
35.69
34.69
35.60
32.15
49,000
Dec 23, 2025
34.67
35.38
33.96
35.38
31.95
55,600
Dec 22, 2025
34.05
34.17
33.57
33.97
30.68
69,700
Dec 19, 2025
32.43
33.25
32.43
33.09
29.89
47,600
Dec 18, 2025
32.47
32.49
31.73
32.08
28.97
62,400
Dec 17, 2025
0.55 Dividend 

Dec 17, 2025
31.87
32.84
31.87
32.63
29.47
104,700
Dec 16, 2025
31.64
31.90
31.25
31.67
28.11
72,500
Dec 15, 2025
31.81
31.88
31.23
31.84
28.26
55,900
Dec 12, 2025
31.88
31.88
30.42
30.60
27.16
56,000
Dec 11, 2025
31.10
31.71
31.06
31.29
27.77
39,300
Dec 10, 2025
31.00
31.16
30.45
31.09
27.59
26,500
Dec 9, 2025
30.07
30.83
30.06
30.83
27.36
37,700
Dec 8, 2025
29.83
29.83
29.51
29.72
26.38
46,200
Dec 5, 2025
29.47
30.13
29.47
29.78
26.43
23,500
Dec 4, 2025
29.47
29.89
28.92
29.18
25.90
32,900
Dec 3, 2025
29.77
29.90
29.53
29.83
26.47
20,500
Dec 2, 2025
29.65
29.86
29.09
29.85
26.49
42,300
Dec 1, 2025
29.11
29.78
28.85
29.42
26.11
122,500
Nov 28, 2025
27.97
28.67
27.97
28.67
25.44
44,200
Nov 26, 2025
26.67
27.39
26.63
27.39
24.31
37,900
Nov 25, 2025
26.25
26.30
25.82
26.27
23.31
53,900
Nov 24, 2025
25.52
26.26
25.40
26.24
23.29
60,400
Nov 21, 2025
25.20
25.70
25.00
25.33
22.48
29,500
Nov 20, 2025
26.04
26.17
25.51
25.71
22.82
32,500
Nov 19, 2025
0.5 Dividend 

Nov 19, 2025
26.41
26.75
25.70
26.11
23.17
42,600
Nov 18, 2025
26.06
26.59
26.06
26.32
22.92
52,600
Nov 17, 2025
26.29
26.45
25.69
25.97
22.61
25,800
Nov 14, 2025
26.28
26.69
26.08
26.31
22.91
26,100
Nov 13, 2025
27.78
27.78
27.02
27.12
23.61
32,900
Nov 12, 2025
26.90
27.83
26.79
27.57
24.00
60,200
Nov 11, 2025
26.40
26.56
26.16
26.55
23.12
26,100
Nov 10, 2025
26.08
26.23
25.72
26.21
22.82
31,000
Nov 7, 2025
25.14
25.31
24.80
25.05
21.81
10,100
Nov 6, 2025
25.08
25.08
24.64
24.84
21.63
17,400
Nov 5, 2025
24.70
24.93
24.67
24.86
21.64
21,400
Nov 4, 2025
24.71
24.71
24.07
24.26
21.12
21,800
Nov 3, 2025
25.30
26.88
24.82
24.94
21.72
29,300
Oct 31, 2025
25.53
25.53
25.07
25.13
21.88
40,800
Oct 30, 2025
24.94
25.39
24.83
25.35
22.07
35,800
Oct 29, 2025
25.06
25.09
24.42
24.64
21.45
193,400
Oct 28, 2025
24.02
24.41
23.89
24.30
21.15
192,600
Oct 27, 2025
24.49
24.73
23.59
24.08
20.96
68,500
Oct 24, 2025
25.15
25.25
24.94
25.00
21.77
19,300
Oct 23, 2025
25.77
25.77
25.12
25.12
21.87
39,100
Oct 22, 2025
0.5 Dividend 

Oct 22, 2025
25.14
25.14
24.50
25.01
21.77
33,400
Oct 21, 2025
27.18
27.79
25.08
25.41
21.69
108,400
Oct 20, 2025
28.08
28.08
27.42
27.85
23.77
36,400
Oct 17, 2025
28.03
28.06
26.63
27.30
23.30
66,600
Oct 16, 2025
28.00
28.60
27.94
28.60
24.41
36,400
Oct 15, 2025
27.48
28.03
27.32
28.03
23.92
19,100
Oct 14, 2025
26.31
27.18
25.75
26.87
22.93
73,000
Oct 13, 2025
26.66
27.09
26.51
26.72
22.81
76,900
Oct 10, 2025
26.23
26.23
25.56
25.83
22.05
29,300
Oct 9, 2025
26.75
26.75
24.75
25.73
21.96
38,200
Oct 8, 2025
26.16
26.16
25.85
25.94
22.14
41,200
Oct 7, 2025
25.79
25.79
25.06
25.34
21.63
20,600
Oct 6, 2025
25.79
25.86
25.61
25.75
21.97
41,700
Oct 3, 2025
25.22
25.59
25.21
25.42
21.70
29,000
Oct 2, 2025
25.66
25.67
24.36
24.91
21.26
40,700
Oct 1, 2025
25.54
25.54
25.16
25.21
21.52
74,800
Sep 30, 2025
24.75
24.97
24.60
24.92
21.27
36,400
