Date
Open
High
Low
Close 

Adj Close 

Volume
May 26, 2026
22.30
22.35
21.99
22.33
22.33
41,112
May 22, 2026
21.82
21.82
21.61
21.65
21.65
22,700
May 21, 2026
21.41
21.73
21.36
21.67
21.67
19,300
May 20, 2026
0.1 Dividend 

May 20, 2026
21.16
21.47
21.06
21.47
21.47
11,600
May 19, 2026
21.00
21.11
20.60
20.89
20.79
20,500
May 18, 2026
21.63
21.63
20.92
21.15
21.05
30,900
May 15, 2026
21.82
21.82
21.36
21.46
21.36
28,700
May 14, 2026
21.91
21.97
21.68
21.91
21.81
37,500
May 13, 2026
0.1 Dividend 

May 13, 2026
21.97
22.00
21.64
21.92
21.82
23,900
May 12, 2026
22.22
22.22
21.68
22.09
21.88
20,300
May 11, 2026
22.28
22.37
22.00
22.36
22.15
65,500
May 8, 2026
22.10
22.10
21.75
22.01
21.81
37,800
May 7, 2026
22.06
22.08
21.57
21.71
21.51
29,900
May 6, 2026
0.1 Dividend 

May 6, 2026
21.60
21.80
21.48
21.80
21.60
26,100
May 5, 2026
20.99
21.26
20.99
21.08
20.78
26,600
May 4, 2026
20.86
21.09
20.69
20.80
20.51
26,600
May 1, 2026
20.61
21.00
20.61
20.92
20.63
29,200
Apr 30, 2026
20.26
20.59
20.26
20.57
20.28
29,600
Apr 29, 2026
0.1 Dividend 

Apr 29, 2026
20.22
20.29
19.90
19.98
19.70
45,600
Apr 28, 2026
20.92
21.01
20.41
20.63
20.24
30,200
Apr 27, 2026
21.24
21.24
20.93
21.15
20.75
47,200
Apr 24, 2026
20.92
21.14
20.80
21.13
20.73
23,900
Apr 23, 2026
20.59
20.70
20.21
20.52
20.13
18,800
Apr 22, 2026
0.1 Dividend 

Apr 22, 2026
20.65
20.65
20.44
20.65
20.26
9,100
Apr 21, 2026
20.64
20.99
20.30
20.30
19.82
21,800
Apr 20, 2026
20.45
20.84
20.45
20.69
20.20
20,300
Apr 17, 2026
20.82
20.99
20.82
20.87
20.38
24,800
Apr 16, 2026
20.36
20.56
20.35
20.43
19.95
21,800
Apr 15, 2026
0.1 Dividend 

Apr 15, 2026
20.44
20.44
20.16
20.41
19.93
23,500
Apr 14, 2026
20.25
20.38
20.17
20.30
19.72
24,200
Apr 13, 2026
19.62
20.09
19.62
20.05
19.48
40,400
Apr 10, 2026
19.79
19.79
19.70
19.76
19.20
17,700
Apr 9, 2026
19.71
19.73
19.50
19.67
19.11
12,700
Apr 8, 2026
0.1 Dividend 

Apr 8, 2026
19.95
19.95
19.58
19.60
19.04
18,800
Apr 7, 2026
19.14
19.31
18.91
19.31
18.66
15,400
Apr 6, 2026
19.25
19.25
18.83
19.16
18.52
27,400
Apr 2, 2026
18.61
19.00
18.41
19.00
18.36
34,500
Apr 1, 2026
0.1 Dividend 

Apr 1, 2026
18.76
19.13
18.76
18.93
18.30
22,900
Mar 31, 2026
18.00
18.72
17.95
18.63
17.91
20,500
Mar 30, 2026
18.36
18.36
17.67
17.80
17.11
44,100
Mar 27, 2026
18.25
18.46
18.20
18.31
17.60
26,800
Mar 26, 2026
18.76
18.86
18.31
18.39
17.68
15,000
Mar 25, 2026
0.1 Dividend 

Mar 25, 2026
19.11
19.18
19.00
19.04
18.31
17,100
Mar 24, 2026
18.77
18.93
18.60
18.86
18.04
40,700
Mar 23, 2026
19.07
19.13
18.62
18.87
18.04
18,800
Mar 20, 2026
19.01
19.04
18.30
18.50
17.69
31,300
Mar 19, 2026
18.86
19.17
18.58
19.06
18.23
23,700
Mar 18, 2026
0.1 Dividend 

Mar 18, 2026
19.50
19.50
19.23
19.26
18.42
16,200
Mar 17, 2026
19.60
19.70
19.48
19.58
18.63
22,800
Mar 16, 2026
19.55
19.62
19.36
19.55
18.60
25,300
Mar 13, 2026
19.59
19.74
19.13
19.13
18.20
21,600
Mar 12, 2026
19.66
19.72
19.45
19.52
18.57
16,300
Mar 11, 2026
0.1 Dividend 

Mar 11, 2026
20.26
20.26
19.76
19.97
19.00
21,100
Mar 10, 2026
20.04
20.23
19.99
20.03
18.96
13,400
Mar 9, 2026
19.18
20.03
19.18
20.01
18.94
49,700
Mar 6, 2026
19.90
19.90
19.37
19.48
18.44
54,700
Mar 5, 2026
20.13
20.29
19.66
20.08
19.01
26,200
Mar 4, 2026
0.1 Dividend 

Mar 4, 2026
20.15
20.28
20.00
20.24
19.16
34,500
Mar 3, 2026
20.04
20.09
19.42
19.99
18.83
61,900
Mar 2, 2026
20.34
20.70
20.25
20.70
19.50
35,200
Feb 27, 2026
20.60
20.60
20.37
20.56
19.37
39,400
Feb 26, 2026
20.90
20.90
20.34
20.82
19.61
26,500
Feb 25, 2026
0.1 Dividend 

Feb 25, 2026
20.64
20.90
20.61
20.80
19.59
33,900
Feb 24, 2026
20.17
20.60
20.00
20.52
19.23
37,200
Feb 23, 2026
20.31
20.45
20.10
20.24
18.97
41,300
Feb 20, 2026
20.17
20.50
20.17
20.49
19.21
50,700
Feb 19, 2026
19.87
20.24
19.87
20.24
18.97
24,000
Feb 18, 2026
0.1 Dividend 

Feb 18, 2026
19.70
20.20
19.28
20.01
18.76
45,700
Feb 17, 2026
19.64
19.98
19.41
19.77
18.44
86,700
Feb 13, 2026
19.62
20.09
19.54
20.03
18.68
36,300
Feb 12, 2026
20.28
20.30
19.47
19.47
18.16
83,400
Feb 11, 2026
0.1 Dividend 

Feb 11, 2026
20.48
20.48
19.89
20.28
18.91
44,500
Feb 10, 2026
20.50
20.50
20.25
20.25
18.79
63,100
Feb 9, 2026
19.97
20.43
19.81
20.40
18.93
45,200
Feb 6, 2026
19.40
19.94
19.21
19.94
18.50
46,800
Feb 5, 2026
19.33
19.64
18.81
18.84
17.48
172,900
Feb 4, 2026
0.165 Dividend 

Feb 4, 2026
20.69
20.69
19.19
19.69
18.27
139,200
Feb 3, 2026
21.23
21.23
20.28
20.74
19.09
88,100
Feb 2, 2026
20.65
21.00
20.64
20.71
19.07
106,900
Jan 30, 2026
21.58
21.82
20.68
20.71
19.07
203,700
Jan 29, 2026
22.97
22.97
21.74
22.22
20.46
143,000
Jan 28, 2026
0.165 Dividend 

Jan 28, 2026
22.58
22.90
22.28
22.90
21.08
108,800
Jan 27, 2026
22.44
22.44
22.12
22.44
20.51
115,000
Jan 26, 2026
22.58
22.67
22.22
22.27
20.35
140,700
Jan 23, 2026
22.31
22.48
22.10
22.33
20.41
83,700
Jan 22, 2026
22.63
22.68
22.28
22.68
20.73
65,500
Jan 21, 2026
0.165 Dividend 

Jan 21, 2026
22.53
22.59
22.03
22.36
20.43
116,500
Jan 20, 2026
22.33
22.95
22.30
22.47
20.38
147,600
Jan 16, 2026
22.94
22.94
22.46
22.63
20.53
67,900
Jan 15, 2026
23.21
23.21
22.70
22.70
20.59
80,300
Jan 14, 2026
0.165 Dividend 

Jan 14, 2026
23.23
23.23
22.64
22.87
20.75
57,000
Jan 13, 2026
22.99
23.19
22.86
23.10
20.80
67,600
Jan 12, 2026
22.44
22.84
22.43
22.75
20.49
70,800
Jan 9, 2026
22.20
22.52
22.20
22.43
20.20
52,400
Jan 8, 2026
22.09
22.16
21.97
22.12
19.92
73,100
Jan 7, 2026
0.165 Dividend 

Jan 7, 2026
22.32
22.44
22.08
22.26
20.05
64,300
Jan 6, 2026
22.41
22.58
22.32
22.57
20.18
61,400
Jan 5, 2026
22.26
22.42
22.15
22.36
19.99
75,200
Jan 2, 2026
21.82
21.95
21.63
21.91
19.59
43,100
Dec 31, 2025
21.85
21.85
21.50
21.50
19.22
71,300
Dec 30, 2025
0.165 Dividend 

Dec 30, 2025
22.00
22.03
21.85
21.87
19.55
73,500
Dec 29, 2025
22.27
22.27
21.87
22.06
19.57
77,900
Dec 26, 2025
22.52
22.52
22.16
22.37
19.85
54,500
Dec 24, 2025
22.35
22.35
22.09
22.29
19.78
36,400
Dec 23, 2025
0.165 Dividend 

Dec 23, 2025
22.44
22.44
22.03
22.34
19.82
55,500
Dec 22, 2025
22.83
22.83
22.47
22.51
19.83
72,300
Dec 19, 2025
22.02
22.41
22.02
22.41
19.74
26,200
Dec 18, 2025
21.81
22.17
21.69
21.70
19.12
38,300
Dec 17, 2025
0.165 Dividend 

Dec 17, 2025
22.15
22.31
21.48
21.49
18.93
33,600
Dec 16, 2025
22.17
22.39
21.96
22.24
19.44
36,900
Dec 15, 2025
23.00
23.01
22.10
22.13
19.35
48,000
Dec 12, 2025
23.56
23.56
22.57
22.95
20.07
83,000
Dec 11, 2025
23.49
23.55
23.00
23.51
20.56
36,400
Dec 10, 2025
0.165 Dividend 

Dec 10, 2025
23.43
23.59
23.07
23.49
20.54
36,800
Dec 9, 2025
23.24
23.61
23.10
23.57
20.46
43,800
Dec 8, 2025
23.39
23.40
23.00
23.17
20.12
38,600
Dec 5, 2025
23.39
23.39
23.07
23.13
20.08
39,200
Dec 4, 2025
23.01
23.26
22.96
23.18
20.13
41,100
Dec 3, 2025
0.165 Dividend 

Dec 3, 2025
23.23
23.23
22.78
23.00
19.97
38,300
Dec 2, 2025
22.99
23.27
22.99
23.01
19.83
37,600
Dec 1, 2025
23.11
23.11
22.77
22.87
19.71
59,200
Nov 28, 2025
23.00
23.20
22.90
23.20
20.00
52,700
Nov 26, 2025
22.34
22.84
22.14
22.76
19.62
33,300
Nov 25, 2025
0.165 Dividend 

Nov 25, 2025
22.20
22.49
21.54
22.19
19.13
55,200
Nov 24, 2025
21.43
22.31
21.43
22.29
19.07
54,500
Nov 21, 2025
21.27
21.58
20.58
21.31
18.23
28,900
Nov 20, 2025
22.81
22.95
21.25
21.30
18.22
72,900
Nov 19, 2025
0.165 Dividend 

Nov 19, 2025
22.38
22.57
22.00
22.45
19.21
38,400
Nov 18, 2025
22.46
22.60
22.03
22.32
18.96
41,100
Nov 17, 2025
23.01
23.07
22.16
22.41
19.03
69,300
Nov 14, 2025
22.90
23.41
22.15
22.94
19.49
59,300
Nov 13, 2025
24.03
24.08
22.87
23.01
19.54
200,700
Nov 12, 2025
0.165 Dividend 

Nov 12, 2025
24.68
24.68
24.05
24.22
20.57
39,700
Nov 11, 2025
24.91
24.91
24.19
24.22
20.43
50,600
Nov 10, 2025
24.82
24.93
24.47
24.70
20.83
93,000
Nov 7, 2025
23.76
24.09
23.15
24.05
20.29
44,300
Nov 6, 2025
24.93
24.93
23.79
23.82
20.09
54,100
Nov 5, 2025
24.12
24.75
24.10
24.58
20.73
64,200
Nov 4, 2025
24.80
24.85
24.00
24.00
20.24
83,900
Nov 3, 2025
25.92
25.92
25.04
25.24
21.29
118,900
