Date
Open
High
Low
Close 

Adj Close 

Volume

May 22, 2026
23.92
23.95
23.51
23.67
23.67
47,500
May 21, 2026
23.43
23.81
23.26
23.77
23.77
55,300
May 20, 2026
0.254 Dividend 

May 20, 2026
22.87
23.54
22.78
23.20
23.20
33,200
May 19, 2026
23.00
23.25
22.57
22.92
22.67
72,600
May 18, 2026
23.65
23.65
22.72
23.24
22.98
131,500
May 15, 2026
24.08
24.39
23.64
23.79
23.53
56,000
May 14, 2026
24.27
25.13
23.90
24.88
24.60
49,300
May 13, 2026
0.264 Dividend 

May 13, 2026
24.25
24.41
23.66
24.15
23.88
112,800
May 12, 2026
24.45
24.64
23.88
24.53
24.00
64,300
May 11, 2026
24.35
25.18
24.00
24.89
24.35
77,900
May 8, 2026
24.50
24.56
23.95
24.36
23.83
64,400
May 7, 2026
24.73
24.73
23.97
24.27
23.74
51,100
May 6, 2026
0.251 Dividend 

May 6, 2026
24.67
24.89
24.22
24.87
24.33
50,100
May 5, 2026
23.88
24.15
23.68
23.99
23.22
125,600
May 4, 2026
22.86
23.80
22.86
23.67
22.91
69,400
May 1, 2026
22.74
23.30
22.74
23.05
22.32
42,700
Apr 30, 2026
22.29
22.87
22.19
22.68
21.96
42,500
Apr 29, 2026
0.223 Dividend 

Apr 29, 2026
22.64
22.71
21.71
21.92
21.22
44,800
Apr 28, 2026
22.75
22.88
22.45
22.87
21.92
61,600
Apr 27, 2026
23.48
23.49
22.96
23.20
22.24
129,300
Apr 24, 2026
23.74
23.74
23.30
23.45
22.48
41,800
Apr 23, 2026
23.84
23.92
22.98
23.34
22.37
42,300
Apr 22, 2026
0.256 Dividend 

Apr 22, 2026
23.62
23.99
23.62
23.87
22.88
88,200
Apr 21, 2026
23.96
24.00
23.15
23.28
22.07
289,200
Apr 20, 2026
23.21
23.95
23.21
23.94
22.70
54,000
Apr 17, 2026
23.75
23.95
23.52
23.78
22.54
77,800
Apr 16, 2026
23.29
23.29
22.66
23.19
21.98
52,600
Apr 15, 2026
0.236 Dividend 

Apr 15, 2026
22.72
23.14
22.65
23.14
21.94
47,700
Apr 14, 2026
22.67
23.21
22.63
22.88
21.47
67,200
Apr 13, 2026
21.10
22.47
21.10
22.47
21.08
50,700
Apr 10, 2026
21.53
21.69
21.38
21.43
20.11
37,000
Apr 9, 2026
21.14
21.56
20.84
21.30
19.99
32,300
Apr 8, 2026
0.22 Dividend 

Apr 8, 2026
21.27
21.57
20.99
21.14
19.84
50,200
Apr 7, 2026
20.34
20.60
19.90
20.56
19.08
24,700
Apr 6, 2026
20.34
20.56
20.15
20.18
18.73
55,400
Apr 2, 2026
19.31
20.08
19.09
20.08
18.64
35,300
Apr 1, 2026
0.203 Dividend 

Apr 1, 2026
20.16
20.30
19.75
20.01
18.57
27,200
Mar 31, 2026
19.29
20.17
19.29
20.17
18.53
45,500
Mar 30, 2026
19.80
20.10
18.83
19.03
17.49
53,300
Mar 27, 2026
20.05
20.09
19.36
19.52
17.94
56,900
Mar 26, 2026
21.00
21.13
20.38
20.45
18.79
56,900
Mar 25, 2026
0.225 Dividend 

Mar 25, 2026
21.22
21.58
21.00
21.16
19.44
67,400
Mar 24, 2026
21.50
21.65
20.84
21.02
19.11
63,200
Mar 23, 2026
21.18
22.00
21.18
21.76
19.78
50,500
Mar 20, 2026
21.52
21.64
20.80
21.06
19.14
36,100
Mar 19, 2026
21.26
21.97
20.97
21.80
19.82
29,100
Mar 18, 2026
0.237 Dividend 

Mar 18, 2026
22.08
22.13
21.50
21.50
19.54
39,500
Mar 17, 2026
22.33
22.64
22.20
22.52
20.26
743,000
Mar 16, 2026
22.00
22.31
21.95
22.27
20.03
112,500
Mar 13, 2026
21.68
22.02
21.43
21.50
19.34
65,800
Mar 12, 2026
21.63
21.63
21.07
21.36
19.22
36,100
Mar 11, 2026
0.23 Dividend 

Mar 11, 2026
21.78
22.03
21.47
21.90
19.70
62,300
Mar 10, 2026
21.74
22.13
21.63
21.81
19.41
30,500
Mar 9, 2026
20.96
21.75
20.91
21.75
19.36
35,400
Mar 6, 2026
21.65
21.68
21.02
21.12
18.80
58,300
Mar 5, 2026
22.59
22.59
21.64
22.05
19.62
86,200
Mar 4, 2026
0.236 Dividend 

Mar 4, 2026
21.64
22.61
21.64
22.49
20.02
36,300
Mar 3, 2026
21.55
21.88
21.03
21.48
18.91
23,800
Mar 2, 2026
20.93
22.30
20.93
21.81
19.20
65,600
Feb 27, 2026
21.52
21.83
21.31
21.62
19.03
39,200
Feb 26, 2026
21.93
22.00
21.41
21.88
19.26
66,400
Feb 25, 2026
0.221 Dividend 

Feb 25, 2026
21.45
21.99
21.45
21.78
19.17
68,900
Feb 24, 2026
20.41
21.49
20.30
21.49
18.72
89,200
Feb 23, 2026
20.62
20.85
20.37
20.62
17.96
63,700
Feb 20, 2026
21.12
21.71
20.90
21.05
18.34
47,400
Feb 19, 2026
20.76
21.28
20.40
21.28
18.54
45,800
Feb 18, 2026
0.229 Dividend 

Feb 18, 2026
20.85
21.41
20.75
20.93
18.23
72,000
Feb 17, 2026
21.01
21.32
20.63
21.01
18.10
75,300
Feb 13, 2026
20.83
21.55
20.78
21.28
18.34
83,700
Feb 12, 2026
21.45
21.50
20.53
20.62
17.77
74,400
Feb 11, 2026
0.217 Dividend 

Feb 11, 2026
22.00
22.00
20.98
21.43
18.47
47,100
Feb 10, 2026
22.16
22.65
22.14
22.33
19.05
70,700
Feb 9, 2026
21.46
22.69
21.46
22.49
19.19
85,200
Feb 6, 2026
20.56
21.71
20.56
21.71
18.53
139,600
Feb 5, 2026
21.29
21.44
19.83
19.84
16.93
314,700
Feb 4, 2026
0.235 Dividend 

Feb 4, 2026
22.47
22.47
21.00
21.61
18.44
192,100
Feb 3, 2026
23.67
23.73
22.30
23.12
19.53
176,500
Feb 2, 2026
23.60
24.11
23.54
23.75
20.06
124,700
Jan 30, 2026
24.64
24.98
23.87
24.12
20.37
140,600
Jan 29, 2026
25.71
25.84
24.66
25.05
21.16
198,100
Jan 28, 2026
0.274 Dividend 

Jan 28, 2026
26.00
26.30
25.80
25.96
21.93
73,800
Jan 27, 2026
25.80
26.30
25.56
26.27
21.96
77,300
Jan 26, 2026
25.68
25.97
25.56
25.56
21.36
59,200
Jan 23, 2026
25.55
26.39
25.24
25.98
21.71
82,600
Jan 22, 2026
25.86
26.10
25.49
25.60
21.40
64,000
Jan 21, 2026
0.282 Dividend 

Jan 21, 2026
25.82
26.32
25.00
25.74
21.51
78,100
Jan 20, 2026
26.32
26.90
25.74
26.10
21.58
131,600
Jan 16, 2026
26.64
27.13
26.39
27.10
22.41
75,200
Jan 15, 2026
26.90
26.90
26.35
26.55
21.95
58,600
Jan 14, 2026
0.284 Dividend 

Jan 14, 2026
26.52
26.90
26.40
26.75
22.12
70,900
Jan 13, 2026
26.52
26.80
26.33
26.70
21.84
74,100
Jan 12, 2026
25.80
26.57
25.80
26.35
21.55
121,300
Jan 9, 2026
26.50
26.54
25.97
26.01
21.28
56,500
Jan 8, 2026
26.10
26.50
25.89
26.22
21.45
50,800
Jan 7, 2026
0.289 Dividend 

Jan 7, 2026
26.32
26.44
26.03
26.10
21.35
72,500
Jan 6, 2026
26.96
27.10
26.37
26.74
21.64
75,700
Jan 5, 2026
26.36
27.02
26.36
27.00
21.85
113,800
Jan 2, 2026
25.28
26.00
25.08
25.99
21.03
124,600
Dec 31, 2025
0.248 Dividend 

Dec 31, 2025
25.21
25.40
24.89
24.95
20.19
146,300
Dec 30, 2025
25.75
25.95
25.46
25.46
20.40
136,400
Dec 29, 2025
25.60
26.23
25.60
25.72
20.61
135,200
Dec 26, 2025
26.10
26.28
25.73
25.81
20.68
129,600
Dec 24, 2025
0.287 Dividend 

Dec 24, 2025
26.03
26.31
26.01
26.09
20.91
87,500
Dec 23, 2025
26.58
26.63
26.24
26.46
20.97
83,500
Dec 22, 2025
26.71
27.06
26.67
26.79
21.23
74,400
Dec 19, 2025
25.85
26.50
25.85
26.43
20.95
119,200
Dec 18, 2025
25.96
26.38
25.56
25.68
20.35
93,000
Dec 17, 2025
0.281 Dividend 

Dec 17, 2025
26.18
26.50
25.29
25.41
20.14
237,300
Dec 16, 2025
26.01
26.41
25.92
26.28
20.61
111,300
Dec 15, 2025
27.55
27.55
26.01
26.04
20.42
183,200
Dec 12, 2025
28.29
28.58
27.41
27.72
21.74
92,000
Dec 11, 2025
28.00
28.52
27.61
28.52
22.36
83,700
Dec 10, 2025
0.331 Dividend 

Dec 10, 2025
28.25
28.76
28.09
28.65
22.46
124,700
Dec 9, 2025
28.35
29.23
28.18
28.52
22.10
97,200
Dec 8, 2025
28.55
28.60
28.13
28.60
22.17
94,900
Dec 5, 2025
28.65
28.65
28.05
28.24
21.89
89,700
Dec 4, 2025
28.23
28.67
27.99
28.64
22.20
149,100
Dec 3, 2025
0.35 Dividend 

Dec 3, 2025
27.80
28.25
27.45
28.25
21.89
115,100
Dec 2, 2025
28.18
28.57
27.87
28.16
21.55
210,600
Dec 1, 2025
27.96
28.15
27.37
27.87
21.33
118,500
Nov 28, 2025
28.30
28.90
28.29
28.60
21.89
62,800
Nov 26, 2025
0.367 Dividend 

Nov 26, 2025
27.60
28.19
27.60
28.17
21.56
103,300
Nov 25, 2025
27.54
27.83
26.95
27.83
21.02
100,800
Nov 24, 2025
26.13
27.74
26.13
27.74
20.95
138,100
Nov 21, 2025
26.19
26.84
25.63
26.61
20.10
211,100
Nov 20, 2025
28.27
28.27
26.31
26.36
19.91
151,400
Nov 19, 2025
0.38 Dividend 

Nov 19, 2025
27.84
28.13
26.89
27.22
20.56
212,500
Nov 18, 2025
27.94
28.66
27.75
28.34
21.12
194,800
Nov 17, 2025
28.21
28.77
27.57
28.20
21.01
330,400
Nov 14, 2025
28.49
29.29
28.10
28.69
21.38
243,400
Nov 13, 2025
30.00
30.15
28.68
28.80
21.46
334,100
Nov 12, 2025
0.505 Dividend 

Nov 12, 2025
31.38
31.38
30.30
30.61
22.81
226,400
Nov 11, 2025
32.09
32.10
31.47
31.53
23.12
202,000
Nov 10, 2025
33.41
33.41
32.26
32.41
23.76
160,600
Nov 7, 2025
31.75
32.74
31.12
32.70
23.98
264,600
Nov 6, 2025
34.00
34.00
32.35
32.51
23.84
295,400
Nov 5, 2025
0.553 Dividend 

Nov 5, 2025
34.03
34.23
33.56
34.23
25.10
166,200
Nov 4, 2025
34.75
35.26
34.03
34.08
24.58
322,500
Nov 3, 2025
35.56
35.90
34.97
35.44
25.56
242,400
Oct 31, 2025
35.50
35.66
34.96
35.36
25.51
148,800
Oct 30, 2025
35.40
35.54
34.82
34.85
25.14
176,500
Oct 29, 2025
0.587 Dividend 

Oct 29, 2025
36.25
36.26
35.40
35.76
25.79
168,800
Oct 28, 2025
36.98
37.21
36.52
36.59
25.97
286,900
Oct 27, 2025
37.01
37.09
36.50
36.98
26.25
135,300
Oct 24, 2025
35.76
36.34
35.68
36.23
25.71
134,900
Oct 23, 2025
34.68
35.58
34.47
35.32
25.07
182,800
Oct 22, 2025
0.579 Dividend 

Oct 22, 2025
36.25
36.36
33.77
34.56
24.53
423,500
Oct 21, 2025
37.59
37.60
36.82
37.42
26.15
296,100
Oct 20, 2025
37.23
38.08
37.10
37.39
26.13
145,400
Oct 17, 2025
36.50
36.72
35.64
36.44
25.46
165,000
Oct 16, 2025
38.16
38.16
36.65
36.76
25.69
208,800
Oct 15, 2025
0.583 Dividend 

Oct 15, 2025
37.79
38.38
37.30
37.82
26.43
161,900
Oct 14, 2025
36.79
38.40
35.99
37.75
25.97
237,100
Oct 13, 2025
37.08
37.78
36.75
37.78
25.99
193,400
Oct 10, 2025
38.31
38.78
36.44
36.63
25.20
296,000
Oct 9, 2025
0.51 Dividend 

Oct 9, 2025
38.00
38.26
37.31
38.19
26.27
127,300
Oct 8, 2025
37.90
38.53
37.79
38.32
26.01
163,400
Oct 7, 2025
38.41
38.48
37.00
37.82
25.67
193,800
Oct 6, 2025
37.79
38.22
37.50
38.20
25.93
186,900
Oct 3, 2025
37.00
37.72
36.88
37.29
25.31
230,500
Oct 2, 2025
0.434 Dividend 

Oct 2, 2025
36.68
36.99
36.32
36.97
25.10
139,800
Oct 1, 2025
36.86
36.91
36.48
36.68
24.60
192,300
Sep 30, 2025
36.50
36.63
36.22
36.52
24.50
123,000
Sep 29, 2025
35.50
36.65
35.50
36.54
24.51
177,900
Sep 26, 2025
35.51
35.51
34.51
35.29
23.67
184,100
Sep 25, 2025
0.512 Dividend 

Sep 25, 2025
35.65
35.75
34.69
35.29
23.67
145,500
Sep 24, 2025
36.94
37.30
36.71
36.92
24.42
183,800
Sep 23, 2025
37.10
37.33
36.36
36.47
24.12
136,200
Sep 22, 2025
36.45
36.99
35.90
36.97
24.46
145,200
Sep 19, 2025
36.81
37.20
36.55
36.75
24.31
126,600
Sep 18, 2025
0.46 Dividend 

Sep 18, 2025
36.77
37.03
36.56
36.95
24.44
80,300
Sep 17, 2025
36.57
36.98
36.08
36.84
24.06
124,800
Sep 16, 2025
36.25
36.56
35.82
36.52
23.86
62,300
Sep 15, 2025
35.75
36.09
35.67
36.01
23.52
95,100
Sep 12, 2025
35.60
35.73
35.35
35.68
23.31
110,900
Sep 11, 2025
0.378 Dividend 

Sep 11, 2025
35.33
35.58
35.05
35.28
23.05
97,900
Sep 10, 2025
35.70
35.94
35.28
35.51
22.95
115,900
Sep 9, 2025
34.65
35.37
34.63
35.37
22.86
132,600
Sep 8, 2025
34.05
34.56
33.93
34.45
22.26
140,800
Sep 5, 2025
34.36
34.63
33.18
33.99
21.97
183,500
Sep 4, 2025
0.441 Dividend 

Sep 4, 2025
34.32
34.50
33.80
34.00
21.97
144,000
Sep 3, 2025
35.48
35.54
34.80
35.01
22.34
164,000
Sep 2, 2025
34.87
35.35
34.30
35.20
22.46
146,500
Aug 29, 2025
35.35
35.40
34.94
35.33
22.55
103,300
Aug 28, 2025
0.447 Dividend 

Aug 28, 2025
35.54
35.61
35.29
35.45
22.62
83,600
Aug 27, 2025
35.75
35.86
35.53
35.62
22.45
110,500
Aug 26, 2025
35.23
35.72
35.10
35.65
22.46
80,400
Aug 25, 2025
35.44
35.58
34.90
35.28
22.23
115,100
Aug 22, 2025
34.60
35.88
34.45
35.76
22.53
134,100
Aug 21, 2025
0.413 Dividend 

Aug 21, 2025
34.99
34.99
34.52
34.82
21.94
78,900
Aug 20, 2025
35.26
35.52
34.24
35.43
22.07
142,400
Aug 19, 2025
36.57
36.57
35.00
35.26
21.96
182,500
Aug 18, 2025
36.03
36.63
35.60
36.00
22.42
222,900
Aug 15, 2025
36.50
36.50
35.90
36.50
22.73
162,500
Aug 14, 2025
0.448 Dividend 

Aug 14, 2025
36.23
36.48
35.71
36.42
22.68
174,900
Aug 13, 2025
37.06
37.49
36.73
37.03
22.78
192,900
Aug 12, 2025
37.00
37.10
36.54
37.03
22.78
97,700
Aug 11, 2025
36.54
37.15
36.37
36.53
22.47
188,900
Aug 8, 2025
36.67
36.79
35.85
36.39
22.39
177,000
Aug 7, 2025
0.437 Dividend 

Aug 7, 2025
36.55
36.73
35.98
36.45
22.43
132,500
Aug 6, 2025
36.07
36.60
35.66
36.53
22.21
162,700
Aug 5, 2025
36.55
36.60
35.63
36.06
21.92
200,500
Aug 4, 2025
36.04
36.57
35.57
36.57
22.23
190,200
Aug 1, 2025
36.30
36.49
35.10
35.62
21.65
302,100
Jul 31, 2025
0.474 Dividend 

Jul 31, 2025
37.96
38.29
37.53
37.63
22.87
173,700
Jul 30, 2025
38.11
38.64
37.71
38.00
22.81
207,800
Jul 29, 2025
38.85
38.98
37.66
37.99
22.81
389,300
Jul 28, 2025
39.44
39.60
38.76
39.15
23.50
296,000
Jul 25, 2025
39.32
39.39
38.76
39.18
23.52
313,300
Jul 24, 2025
0.488 Dividend 

Jul 24, 2025
39.80
39.86
39.30
39.73
23.85
239,400
Jul 23, 2025
40.33
40.33
39.51
40.07
23.76
310,200
Jul 22, 2025
40.73
41.06
39.50
40.55
24.05
291,700
Jul 21, 2025
41.05
41.59
40.35
40.44
23.98
418,400
Jul 18, 2025
41.20
41.63
40.85
41.10
24.37
250,300
Jul 17, 2025
0.48 Dividend 

Jul 17, 2025
40.70
41.30
40.38
41.14
24.40
195,200
Jul 16, 2025
40.65
41.26
40.62
41.15
24.12
230,700
Jul 15, 2025
40.51
40.70
39.96
40.25
23.59
246,300
Jul 14, 2025
40.21
41.00
40.21
40.50
23.74
279,100
Jul 11, 2025
40.42
40.52
39.78
40.05
23.47
272,700
Jul 10, 2025
0.482 Dividend 

Jul 10, 2025
40.10
40.50
39.68
40.40
23.68
252,300
Jul 9, 2025
40.23
40.50
39.63
40.50
23.45
314,800
Jul 8, 2025
40.27
40.50
39.75
39.96
23.14
242,600
Jul 7, 2025
40.38
40.38
39.28
40.05
23.19
287,200
Jul 3, 2025
0.467 Dividend 

Jul 3, 2025
40.89
41.18
40.72
41.00
23.74
88,000
Jul 2, 2025
40.35
41.49
40.19
41.26
23.62
155,100
Jul 1, 2025
40.33
40.74
39.99
40.11
22.96
139,100
Jun 30, 2025
40.22
40.70
39.98
40.60
23.25
148,300
Jun 27, 2025
40.39
40.39
39.54
39.95
22.87
207,600
Jun 26, 2025
0.484 Dividend 

Jun 26, 2025
39.65
40.48
39.54
40.33
23.09
118,500
Jun 25, 2025
40.21
40.40
39.87
40.07
22.66
204,100
Jun 24, 2025
39.05
39.93
38.81
39.93
22.59
212,300
Jun 23, 2025
38.06
38.68
37.52
38.65
21.86
268,900
Jun 20, 2025
0.468 Dividend 

Jun 20, 2025
38.77
39.06
38.30
38.75
21.92
120,200
Jun 18, 2025
38.47
39.24
38.23
39.08
21.84
170,600
Jun 17, 2025
39.14
39.14
38.20
38.62
21.58
120,900
Jun 16, 2025
39.08
39.44
38.70
39.29
21.96
125,600
Jun 13, 2025
38.36
38.90
38.10
38.57
21.56
229,200
Jun 12, 2025
0.472 Dividend 

Jun 12, 2025
39.51
39.81
39.00
39.26
21.94
143,700
Jun 11, 2025
40.59
40.72
39.90
40.32
22.27
158,000
Jun 10, 2025
40.55
40.55
39.82
40.42
22.32
148,500
Jun 9, 2025
40.04
40.24
39.35
40.08
22.14
180,200
Jun 6, 2025
39.41
39.88
39.00
39.87
22.02
109,400
Jun 5, 2025
0.466 Dividend 

Jun 5, 2025
39.75
39.94
38.42
38.52
21.28
138,100
Jun 4, 2025
39.81
40.12
39.46
40.06
21.87
133,600
Jun 3, 2025
39.17
39.98
38.89
39.86
21.76
111,500
Jun 2, 2025
38.48
38.88
38.18
38.88
21.22
123,500
May 30, 2025
38.40
38.78
38.04
38.48
21.01
93,300
May 29, 2025
0.491 Dividend 

May 29, 2025
39.73
39.73
38.60
38.94
21.26
90,900
May 28, 2025
40.51
40.52
39.40
39.70
21.40
175,500
May 27, 2025
40.16
41.00
40.01
40.72
21.95
157,700
May 23, 2025
39.50
40.12
39.20
39.45
21.27
158,500
May 22, 2025
0.492 Dividend 

May 22, 2025
40.00
41.01
40.00
40.64
21.91
76,500
May 21, 2025
40.49
41.72
40.06
40.41
21.52
153,100
May 20, 2025
40.89
41.11
40.35
40.97
21.82
102,100
May 19, 2025
40.00
40.91
39.56
40.85
21.76
121,100
May 16, 2025
39.82
40.60
39.76
40.32
21.47
143,300
May 15, 2025
0.475 Dividend 

May 15, 2025
39.86
39.99
38.75
39.51
21.04
108,800
May 14, 2025
40.35
40.94
40.35
40.66
21.40
182,400
May 13, 2025
39.84
40.40
39.58
40.21
21.16
185,500
May 12, 2025
39.59
39.96
38.62
39.18
20.62
203,500
May 9, 2025
38.08
39.00
38.00
38.46
20.24
130,200
May 8, 2025
0.751 Dividend 

May 8, 2025
37.49
38.24
37.15
38.08
20.04
118,900
May 7, 2025
37.14
37.37
36.75
37.18
19.17
149,500
May 6, 2025
36.21
36.86
36.09
36.85
19.00
34,000
May 5, 2025
37.20
37.20
36.37
36.78
18.97
112,600
May 2, 2025
37.50
38.04
37.26
37.72
19.45
85,400
May 1, 2025
0.472 Dividend 

May 1, 2025
37.52
37.94
36.67
37.03
19.10
75,600
Apr 30, 2025
36.75
36.91
35.68
36.91
18.79
108,200
Apr 29, 2025
36.77
37.49
36.63
37.29
18.99
78,900
Apr 28, 2025
37.31
37.43
36.08
37.00
18.84
94,300
Apr 25, 2025
36.97
37.40
36.64
37.27
18.98
73,100
Apr 24, 2025
0.409 Dividend 

Apr 24, 2025
35.90
36.99
35.90
36.68
18.67
51,700
Apr 23, 2025
36.86
37.00
36.27
36.57
18.41
53,400
Apr 22, 2025
35.19
36.15
34.71
36.12
18.18
74,900
Apr 21, 2025
34.62
34.79
33.70
34.08
17.16
75,000
Apr 17, 2025
0.431 Dividend 

Apr 17, 2025
34.39
34.39
33.46
34.30
17.27
44,800
Apr 16, 2025
34.18
34.74
33.75
34.39
17.10
62,400
Apr 15, 2025
35.43
36.05
34.13
34.60
17.20
60,200
Apr 14, 2025
35.47
36.08
34.80
35.25
17.52
57,000
Apr 11, 2025
33.68
34.95
33.41
34.88
17.34
43,300
Apr 10, 2025
0.417 Dividend 

Apr 10, 2025
34.11
34.11
32.20
33.05
16.43
51,100
Apr 9, 2025
30.86
35.99
30.80
35.24
17.31
106,100
Apr 8, 2025
34.12
34.12
30.54
31.19
15.32
69,200
Apr 7, 2025
30.09
34.50
30.09
32.63
16.03
108,900
Apr 4, 2025
33.27
33.76
31.01
33.36
16.39
99,600
Apr 3, 2025
0.419 Dividend 

Apr 3, 2025
33.37
34.83
33.25
33.89
16.65
67,500
Apr 2, 2025
35.29
36.70
35.12
36.69
17.82
57,800
Apr 1, 2025
34.62
36.08
33.90
36.05
17.51
44,300
Mar 31, 2025
34.50
34.77
33.27
34.47
16.74
82,900
Mar 28, 2025
37.00
37.18
35.04
35.25
17.12
79,100
Mar 27, 2025
0.475 Dividend 

Mar 27, 2025
37.83
38.44
37.32
37.81
18.36
60,000
Mar 26, 2025
39.93
39.94
38.25
38.62
18.52
72,300
Mar 25, 2025
40.17
40.34
39.63
39.90
19.14
65,100
Mar 24, 2025
38.85
40.16
38.79
40.16
19.26
70,100
Mar 21, 2025
37.33
38.16
36.93
37.99
18.22
60,100
Mar 20, 2025
0.472 Dividend 

Mar 20, 2025
37.79
38.40
37.50
37.83
18.15
40,500
Mar 19, 2025
37.48
38.89
37.13
38.45
18.22
60,500
Mar 18, 2025
38.01
38.01
36.74
36.83
17.45
40,800
Mar 17, 2025
37.54
38.52
37.07
38.26
18.13
56,700
Mar 14, 2025
36.44
37.92
36.44
37.78
17.90
48,700
Mar 13, 2025
0.417 Dividend 

Mar 13, 2025
37.46
37.46
35.88
35.89
17.00
45,800
Mar 12, 2025
38.00
38.25
36.50
37.54
17.59
74,500
Mar 11, 2025
36.62
37.67
35.32
37.29
17.47
62,600
Mar 10, 2025
38.61
38.98
35.11
35.81
16.78
108,900
Mar 7, 2025
39.56
40.29
38.10
39.74
18.62
56,400
Mar 6, 2025
0.464 Dividend 

Mar 6, 2025
40.00
40.77
39.21
39.65
18.58
74,100
Mar 5, 2025
40.34
41.25
39.52
41.23
19.10
68,700
Mar 4, 2025
37.93
40.21
36.62
39.31
18.21
90,200
Mar 3, 2025
42.25
42.39
38.54
39.43
18.27
113,500
Feb 28, 2025
38.85
41.00
38.47
40.32
18.68
76,700
Feb 27, 2025
0.539 Dividend 

Feb 27, 2025
40.97
41.38
39.09
39.11
18.12
66,900
Feb 26, 2025
39.80
40.77
39.50
40.25
18.40
93,100
Feb 25, 2025
41.02
41.42
38.63
39.86
18.22
200,600
Feb 24, 2025
44.55
44.85
42.16
42.62
19.48
171,300
Feb 21, 2025
48.01
48.04
44.00
44.37
20.28
207,500
Feb 20, 2025
0.574 Dividend 

Feb 20, 2025
47.65
47.65
46.27
47.61
21.76
105,900
Feb 19, 2025
48.65
48.65
47.65
47.68
21.53
163,900
Feb 18, 2025
49.11
49.11
47.84
48.22
21.77
261,900
Feb 14, 2025
49.17
49.21
48.60
48.97
22.11
106,400
Feb 13, 2025
0.564 Dividend 

Feb 13, 2025
48.15
49.04
47.69
48.91
22.08
57,200
Feb 12, 2025
47.74
48.72
47.40
48.55
21.67
121,100
Feb 11, 2025
49.49
49.49
48.00
48.02
21.43
95,400
Feb 10, 2025
49.21
49.68
49.07
49.49
22.09
109,700
Feb 7, 2025
48.97
50.21
48.50
48.75
21.76
114,700
Feb 6, 2025
0.628 Dividend 

Feb 6, 2025
49.04
49.45
47.91
48.35
21.58
68,500
Feb 5, 2025
50.48
50.55
49.17
49.25
21.70
123,100
Feb 4, 2025
49.93
50.15
49.45
49.72
21.91
70,300
Feb 3, 2025
47.31
49.86
47.04
49.66
21.88
162,400
Jan 31, 2025
50.91
50.92
49.35
49.61
21.86
106,200
Jan 30, 2025
0.629 Dividend 

Jan 30, 2025
49.67
50.66
49.59
50.35
22.18
79,300
Jan 29, 2025
50.49
50.49
48.54
49.68
21.61
112,500
Jan 28, 2025
49.49
49.49
48.38
48.91
21.28
90,300
Jan 27, 2025
51.29
52.02
47.20
48.74
21.20
274,200
Jan 24, 2025
53.96
54.56
53.10
53.96
23.47
120,100
Jan 23, 2025
0.747 Dividend 

Jan 23, 2025
52.80
54.51
52.65
53.29
23.18
135,700
Jan 22, 2025
53.80
54.58
53.08
54.16
23.24
253,300
Jan 21, 2025
54.84
55.00
53.18
54.34
23.31
139,400
Jan 17, 2025
54.94
55.11
54.03
54.42
23.35
81,800
Jan 16, 2025
53.18
54.22
52.44
53.50
22.95
45,600
Jan 15, 2025
52.37
53.55
52.06
53.08
22.77
57,900
Jan 14, 2025
51.91
51.91
50.80
51.25
21.99
27,100
