Date
Open
High
Low
Close 

Adj Close 

Volume
May 26, 2026
23.24
23.25
22.94
23.02
23.02
22,830
May 22, 2026
22.46
23.01
22.46
22.99
22.99
18,700
May 21, 2026
22.15
22.58
22.14
22.53
22.53
48,100
May 20, 2026
22.13
22.14
21.63
21.92
21.92
6,100
May 19, 2026
0.175 Dividend 

May 19, 2026
21.30
21.86
21.10
21.83
21.83
14,400
May 18, 2026
21.69
21.69
21.14
21.36
21.18
11,900
May 15, 2026
21.74
21.90
21.60
21.67
21.49
15,500
May 14, 2026
21.79
21.84
21.61
21.74
21.56
11,300
May 13, 2026
21.38
22.05
21.38
21.92
21.74
20,000
May 12, 2026
0.326 Dividend 

May 12, 2026
20.93
21.51
20.92
21.40
21.22
14,200
May 11, 2026
20.69
21.70
20.69
21.15
20.65
32,800
May 8, 2026
21.39
21.39
20.70
20.70
20.21
21,700
May 7, 2026
21.57
21.57
21.16
21.25
20.75
8,800
May 6, 2026
21.69
21.74
21.57
21.61
21.10
11,800
May 5, 2026
0.337 Dividend 

May 5, 2026
21.35
21.66
21.29
21.60
21.09
9,600
May 4, 2026
21.47
21.67
21.47
21.66
20.82
8,800
May 1, 2026
21.28
21.81
21.28
21.60
20.77
8,100
Apr 30, 2026
20.38
21.28
20.38
21.25
20.43
21,900
Apr 29, 2026
19.63
19.73
19.41
19.41
18.66
18,200
Apr 28, 2026
0.288 Dividend 

Apr 28, 2026
19.97
20.08
19.73
19.98
19.20
27,600
Apr 27, 2026
20.44
20.68
20.15
20.15
19.09
19,300
Apr 24, 2026
20.87
20.89
20.21
20.54
19.46
37,700
Apr 23, 2026
21.45
21.45
21.15
21.23
20.12
15,200
Apr 22, 2026
21.19
21.32
21.19
21.32
20.20
3,500
Apr 21, 2026
0.132 Dividend 

Apr 21, 2026
21.12
21.12
20.36
20.89
19.79
11,800
Apr 20, 2026
21.50
21.57
21.34
21.38
20.13
9,400
Apr 17, 2026
21.50
21.51
21.38
21.49
20.24
5,300
Apr 16, 2026
21.16
21.16
20.85
20.97
19.74
23,100
Apr 15, 2026
21.58
21.66
20.70
21.10
19.87
26,100
Apr 14, 2026
0.135 Dividend 

Apr 14, 2026
21.65
22.01
21.57
21.57
20.31
4,100
Apr 13, 2026
22.00
22.26
21.88
21.91
20.51
13,000
Apr 10, 2026
22.66
22.66
22.04
22.10
20.68
12,500
Apr 9, 2026
22.21
22.55
22.21
22.49
21.05
2,400
Apr 8, 2026
22.07
22.46
21.88
22.36
20.93
9,600
Apr 7, 2026
0.177 Dividend 

Apr 7, 2026
21.67
21.83
20.96
21.83
20.43
13,800
Apr 6, 2026
21.94
22.05
21.73
21.84
20.27
11,800
Apr 2, 2026
22.18
22.29
21.97
22.09
20.51
12,600
Apr 1, 2026
21.94
23.81
21.36
22.35
20.75
7,800
Mar 31, 2026
0.199 Dividend 

Mar 31, 2026
20.87
21.65
20.87
21.65
20.10
15,600
Mar 30, 2026
20.95
21.14
20.85
20.90
19.22
3,900
Mar 27, 2026
21.01
21.01
20.64
20.64
18.98
3,300
Mar 26, 2026
21.54
21.54
21.13
21.13
19.43
4,400
Mar 25, 2026
21.51
21.66
21.51
21.60
19.86
3,200
Mar 24, 2026
0.183 Dividend 

Mar 24, 2026
21.38
21.38
21.12
21.20
19.50
3,000
Mar 23, 2026
21.57
21.94
21.57
21.62
19.71
4,200
Mar 20, 2026
21.68
21.77
21.41
21.47
19.57
18,600
Mar 19, 2026
21.75
21.76
21.70
21.71
19.79
1,800
Mar 18, 2026
21.75
21.89
21.35
21.67
19.76
11,400
Mar 17, 2026
0.212 Dividend 

Mar 17, 2026
22.84
23.13
21.94
22.06
20.11
19,400
Mar 16, 2026
23.88
24.03
23.54
23.80
21.51
9,200
Mar 13, 2026
23.77
24.05
23.73
23.73
21.44
2,800
Mar 12, 2026
23.85
23.85
23.47
23.51
21.24
2,600
Mar 11, 2026
23.91
23.98
23.78
23.96
21.65
3,300
Mar 10, 2026
0.183 Dividend 

Mar 10, 2026
24.00
24.12
23.99
24.02
21.70
2,900
Mar 9, 2026
23.70
24.25
23.70
24.25
21.75
9,300
Mar 6, 2026
23.49
23.84
23.49
23.84
21.38
2,100
Mar 5, 2026
23.99
23.99
23.26
23.64
21.20
8,400
Mar 4, 2026
24.39
24.39
24.03
24.23
21.73
7,000
Mar 3, 2026
0.154 Dividend 

Mar 3, 2026
24.53
24.53
24.21
24.39
21.87
1,900
Mar 2, 2026
25.31
25.47
24.77
24.77
22.08
8,000
Feb 27, 2026
24.97
25.54
24.91
25.54
22.76
3,900
Feb 26, 2026
24.81
24.95
24.52
24.95
22.24
11,800
Feb 25, 2026
25.31
25.49
25.09
25.09
22.36
11,000
Feb 24, 2026
0.138 Dividend 

Feb 24, 2026
25.25
25.65
25.00
25.36
22.60
7,900
Feb 23, 2026
25.62
25.86
25.38
25.75
22.83
6,900
Feb 20, 2026
25.10
25.10
24.58
24.69
21.89
13,400
Feb 19, 2026
24.73
24.98
24.55
24.96
22.13
13,300
Feb 18, 2026
0.247 Dividend 

Feb 18, 2026
25.37
25.37
24.63
24.95
22.12
11,400
Feb 17, 2026
25.85
26.31
25.64
25.67
22.54
20,200
Feb 13, 2026
25.68
26.00
25.64
25.64
22.51
7,100
Feb 12, 2026
25.18
26.03
24.84
25.57
22.45
14,900
Feb 11, 2026
25.17
25.23
24.81
24.84
21.81
6,900
Feb 10, 2026
0.475 Dividend 

Feb 10, 2026
25.75
25.88
25.15
25.15
22.08
8,300
Feb 9, 2026
26.95
27.40
26.22
26.22
22.60
6,800
Feb 6, 2026
26.35
26.50
25.96
26.50
22.84
11,400
Feb 5, 2026
26.62
26.94
25.20
25.48
21.96
8,400
Feb 4, 2026
27.28
27.71
27.08
27.67
23.85
12,300
Feb 3, 2026
0.196 Dividend 

Feb 3, 2026
26.30
26.44
25.29
25.42
21.91
8,000
Feb 2, 2026
26.66
26.83
26.56
26.59
22.75
5,200
Jan 30, 2026
26.26
26.57
26.06
26.44
22.62
8,900
Jan 29, 2026
26.38
26.38
26.14
26.15
22.37
5,900
Jan 28, 2026
26.53
26.53
25.71
26.25
22.46
20,800
Jan 27, 2026
0.168 Dividend 

Jan 27, 2026
27.50
27.66
26.74
26.79
22.92
5,400
Jan 26, 2026
27.59
27.75
27.38
27.62
23.49
10,100
Jan 23, 2026
27.79
28.10
27.79
27.79
23.63
2,300
Jan 22, 2026
28.05
28.37
28.05
28.30
24.06
3,800
Jan 21, 2026
0.18 Dividend 

Jan 21, 2026
27.30
28.14
27.30
28.14
23.93
7,800
Jan 20, 2026
27.02
27.55
27.02
27.47
23.21
10,200
Jan 16, 2026
27.11
27.56
27.07
27.35
23.11
6,900
Jan 15, 2026
28.25
28.25
26.68
27.17
22.96
8,100
Jan 14, 2026
28.21
28.40
28.09
28.40
24.00
3,500
Jan 13, 2026
0.137 Dividend 

Jan 13, 2026
28.37
28.67
28.37
28.50
24.08
3,900
Jan 12, 2026
28.03
28.66
28.03
28.66
24.10
4,500
Jan 9, 2026
29.03
29.03
28.06
28.15
23.67
5,300
Jan 8, 2026
29.29
29.58
28.38
28.74
24.16
5,300
Jan 7, 2026
28.33
29.35
28.33
29.19
24.54
8,600
Jan 6, 2026
0.08 Dividend 

Jan 6, 2026
27.52
28.11
27.52
28.08
23.61
4,900
Jan 5, 2026
28.25
28.41
27.33
27.43
23.00
14,500
Jan 2, 2026
28.52
28.53
27.98
28.53
23.92
18,300
Dec 31, 2025
28.58
28.60
28.47
28.48
23.88
6,800
Dec 30, 2025
0.167 Dividend 

Dec 30, 2025
28.55
28.58
28.45
28.58
23.96
4,500
Dec 29, 2025
28.62
28.84
28.56
28.65
23.88
7,000
Dec 26, 2025
28.51
28.66
28.41
28.66
23.89
3,500
Dec 24, 2025
28.55
28.55
28.50
28.53
23.78
3,100
Dec 23, 2025
0.175 Dividend 

Dec 23, 2025
28.25
28.56
28.25
28.38
23.65
6,400
Dec 22, 2025
28.53
28.64
28.30
28.62
23.71
5,300
Dec 19, 2025
28.33
28.57
28.33
28.44
23.56
1,800
Dec 18, 2025
28.33
28.33
28.19
28.19
23.35
3,300
Dec 17, 2025
28.03
28.20
27.80
27.83
23.05
6,700
Dec 16, 2025
0.157 Dividend 

Dec 16, 2025
28.38
28.38
27.84
28.05
23.24
4,100
Dec 15, 2025
27.56
28.35
27.56
28.31
23.32
13,200
Dec 12, 2025
27.05
27.51
26.95
27.51
22.67
9,900
Dec 11, 2025
26.79
27.48
26.57
26.98
22.23
9,200
Dec 10, 2025
25.97
26.53
25.97
26.49
21.82
7,000
Dec 9, 2025
0.117 Dividend 

Dec 9, 2025
26.62
26.90
25.98
26.05
21.46
14,200
Dec 8, 2025
27.07
27.07
26.55
26.69
21.89
8,800
Dec 5, 2025
27.52
27.52
26.93
27.00
22.14
8,800
Dec 4, 2025
27.68
27.68
27.01
27.07
22.20
18,600
Dec 3, 2025
28.22
28.22
27.58
27.67
22.69
36,200
Dec 2, 2025
0.174 Dividend 

Dec 2, 2025
28.77
28.80
28.09
28.09
23.04
8,700
Dec 1, 2025
29.21
29.30
28.59
28.66
23.36
19,500
Nov 28, 2025
29.79
29.79
28.97
29.16
23.77
14,200
Nov 26, 2025
30.04
30.04
29.54
29.72
24.23
21,600
Nov 25, 2025
0.24 Dividend 

Nov 25, 2025
28.99
29.74
28.99
29.74
24.24
12,400
Nov 24, 2025
28.81
29.23
28.75
29.10
23.53
22,200
Nov 21, 2025
28.50
29.38
28.33
28.76
23.26
34,600
Nov 20, 2025
28.57
28.71
28.32
28.34
22.91
15,600
Nov 19, 2025
28.00
28.56
28.00
28.43
22.99
9,800
Nov 18, 2025
0.432 Dividend 

Nov 18, 2025
27.83
28.14
27.83
28.02
22.65
8,900
Nov 17, 2025
28.00
28.39
28.00
28.21
22.46
3,400
Nov 14, 2025
27.91
28.36
27.72
28.18
22.43
9,200
Nov 13, 2025
28.02
28.22
28.02
28.14
22.40
9,000
Nov 12, 2025
27.74
27.95
27.64
27.95
22.25
2,500
Nov 11, 2025
26.98
27.42
26.98
27.33
21.76
900
Nov 10, 2025
26.97
27.09
26.82
26.92
21.43
16,000
Nov 7, 2025
26.25
26.25
25.19
25.70
20.46
26,600
Nov 6, 2025
25.85
26.42
25.71
26.04
20.73
3,900
Nov 5, 2025
25.42
26.26
25.38
25.75
20.50
2,300
Nov 4, 2025
25.05
25.48
24.81
25.19
20.06
7,100
