Date
Open
High
Low
Close 

Adj Close 

Volume
Jun 5, 2026
25.07
25.07
25.06
25.06
25.06
4,400
Jun 4, 2026
25.05
25.07
25.05
25.07
25.07
1,300
Jun 3, 2026
25.07
25.07
25.06
25.07
25.07
2,500
Jun 2, 2026
25.07
25.09
25.06
25.07
25.07
7,300
Jun 1, 2026
25.06
25.07
25.05
25.07
25.07
3,300
May 29, 2026
25.06
25.07
25.06
25.07
25.07
6,700
May 28, 2026
25.06
25.06
25.06
25.06
25.06
300
May 27, 2026
25.04
25.05
25.04
25.05
25.05
1,100
May 26, 2026
25.05
25.07
25.04
25.05
25.05
3,200
May 22, 2026
25.04
25.05
25.04
25.05
25.05
2,700
May 21, 2026
25.03
25.04
25.01
25.04
25.04
2,600
May 20, 2026
25.02
25.05
25.01
25.03
25.03
6,900
May 19, 2026
25.03
25.03
25.01
25.02
25.02
5,800
May 18, 2026
25.02
25.04
25.02
25.03
25.03
8,800
May 15, 2026
25.02
25.02
25.02
25.02
25.02
3,500
May 14, 2026
25.03
25.05
25.03
25.05
25.05
6,600
May 13, 2026
25.02
25.04
25.01
25.03
25.03
9,900
