Date
Open
High
Low
Close 

Adj Close 

Volume

May 22, 2026
6.57
6.72
6.50
6.64
6.64
384,400
May 21, 2026
0.117 Dividend 

May 21, 2026
6.42
6.55
6.42
6.55
6.55
337,700
May 20, 2026
6.42
6.66
6.34
6.55
6.43
552,600
May 19, 2026
6.10
6.36
5.93
6.33
6.22
462,900
May 18, 2026
6.13
6.24
5.97
6.16
6.05
452,800
May 15, 2026
6.45
6.50
6.16
6.33
6.22
385,200
May 14, 2026
0.132 Dividend 

May 14, 2026
6.40
6.74
6.30
6.62
6.50
490,300
May 13, 2026
6.49
6.64
6.34
6.48
6.23
508,800
May 12, 2026
6.58
6.58
6.08
6.47
6.22
694,400
May 11, 2026
6.60
6.91
6.43
6.77
6.51
574,500
May 8, 2026
6.52
6.69
6.40
6.63
6.38
573,500
May 7, 2026
0.132 Dividend 

May 7, 2026
6.56
6.63
6.41
6.61
6.36
232,400
May 6, 2026
6.59
6.80
6.53
6.74
6.36
583,700
May 5, 2026
6.45
6.51
6.36
6.50
6.13
379,800
May 4, 2026
6.19
6.35
6.11
6.35
5.99
260,000
May 1, 2026
6.57
6.57
6.16
6.19
5.84
338,200
Apr 30, 2026
0.135 Dividend 

Apr 30, 2026
6.03
6.55
6.00
6.43
6.07
328,100
Apr 29, 2026
6.10
6.10
5.75
5.99
5.52
332,300
Apr 28, 2026
6.05
6.14
5.91
6.14
5.66
186,000
Apr 27, 2026
6.36
6.39
6.14
6.20
5.72
249,100
Apr 24, 2026
6.55
6.55
6.23
6.40
5.90
196,800
Apr 23, 2026
0.142 Dividend 

Apr 23, 2026
6.45
6.58
6.35
6.50
5.99
185,200
Apr 22, 2026
6.56
6.73
6.54
6.61
5.96
371,000
Apr 21, 2026
6.52
6.52
6.24
6.31
5.69
540,300
Apr 20, 2026
6.40
6.59
6.28
6.49
5.86
322,700
Apr 17, 2026
6.56
6.72
6.42
6.46
5.83
305,900
Apr 16, 2026
0.107 Dividend 

Apr 16, 2026
6.11
6.52
6.01
6.48
5.85
260,200
Apr 15, 2026
6.20
6.20
6.05
6.18
5.48
268,000
Apr 14, 2026
6.23
6.36
6.14
6.18
5.48
176,000
Apr 13, 2026
5.68
6.12
5.61
6.12
5.43
242,200
Apr 10, 2026
5.84
5.91
5.69
5.75
5.10
95,200
Apr 9, 2026
0.11 Dividend 

Apr 9, 2026
5.77
5.97
5.67
5.84
5.18
141,200
Apr 8, 2026
5.91
6.01
5.77
5.92
5.15
276,300
Apr 7, 2026
5.59
5.67
5.34
5.67
4.93
135,000
Apr 6, 2026
5.59
5.74
5.59
5.60
4.87
185,700
Apr 2, 2026
0.077 Dividend 

Apr 2, 2026
5.12
5.56
5.04
5.55
4.83
256,200
Apr 1, 2026
5.38
5.40
5.29
5.32
4.56
90,300
Mar 31, 2026
5.20
5.46
5.07
5.34
4.58
385,500
Mar 30, 2026
5.32
5.34
5.04
5.15
4.42
302,600
Mar 27, 2026
5.45
5.45
5.06
5.29
4.54
189,000
Mar 26, 2026
0.089 Dividend 

Mar 26, 2026
5.46
5.84
5.46
5.48
4.70
216,900
Mar 25, 2026
5.64
5.68
5.32
5.46
4.61
173,600
Mar 24, 2026
5.76
5.80
5.36
5.43
4.58
156,100
Mar 23, 2026
5.56
5.92
5.56
5.79
4.88
174,800
Mar 20, 2026
5.92
5.92
5.49
5.55
4.68
158,300
Mar 19, 2026
0.117 Dividend 

Mar 19, 2026
5.62
5.98
5.44
5.98
5.04
148,700
Mar 18, 2026
6.02
6.10
5.80
5.80
4.79
251,700
Mar 17, 2026
6.08
6.20
5.99
6.11
5.05
3,845,600
Mar 16, 2026
6.35
6.35
6.01
6.07
5.02
146,400
Mar 13, 2026
6.15
6.33
6.07
6.07
5.02
254,200
Mar 12, 2026
0.098 Dividend 

Mar 12, 2026
5.84
5.99
5.76
5.99
4.95
90,100
Mar 11, 2026
6.01
6.05
5.81
5.97
4.85
150,000
Mar 10, 2026
6.07
6.07
5.93
5.97
4.85
93,100
Mar 9, 2026
5.69
6.00
5.60
5.99
4.87
141,000
Mar 6, 2026
5.93
5.97
5.56
5.64
4.59
182,800
Mar 5, 2026
0.101 Dividend 

Mar 5, 2026
6.35
6.35
5.93
6.12
4.98
158,500
Mar 4, 2026
6.36
6.75
6.27
6.50
5.20
185,000
Mar 3, 2026
6.34
6.41
6.08
6.14
4.91
160,500
Mar 2, 2026
6.12
6.78
5.98
6.56
5.25
325,800
Feb 27, 2026
6.64
6.81
6.23
6.23
4.99
175,200
Feb 26, 2026
0.097 Dividend 

Feb 26, 2026
6.01
6.10
5.82
5.95
4.76
92,500
Feb 25, 2026
6.01
6.28
5.92
6.15
4.84
137,300
Feb 24, 2026
5.71
5.88
5.58
5.77
4.55
108,000
Feb 23, 2026
5.71
5.87
5.60
5.77
4.55
132,000
Feb 20, 2026
5.79
5.96
5.68
5.80
4.57
121,800
Feb 19, 2026
0.093 Dividend 

Feb 19, 2026
5.65
5.82
5.56
5.81
4.58
92,700
Feb 18, 2026
5.67
5.82
5.61
5.73
4.44
171,800
Feb 17, 2026
5.80
5.84
5.61
5.72
4.43
109,300
Feb 13, 2026
5.67
5.97
5.58
5.87
4.55
126,400
Feb 12, 2026
0.091 Dividend 

Feb 12, 2026
5.80
5.80
5.48
5.53
4.29
166,300
Feb 11, 2026
5.90
6.02
5.63
5.86
4.47
97,300
Feb 10, 2026
6.09
6.11
5.88
5.90
4.50
122,800
Feb 9, 2026
5.97
6.27
5.92
6.11
4.66
126,500
Feb 6, 2026
5.49
6.18
5.46
6.05
4.62
273,900
Feb 5, 2026
0.099 Dividend 

Feb 5, 2026
5.89
6.00
5.05
5.12
3.91
322,400
Feb 4, 2026
6.80
6.80
6.02
6.27
4.71
152,600
Feb 3, 2026
6.90
7.11
6.45
6.83
5.13
181,600
Feb 2, 2026
6.86
7.07
6.76
6.90
5.18
231,800
Jan 30, 2026
7.25
7.31
7.01
7.10
5.33
243,800
Jan 29, 2026
0.127 Dividend 

Jan 29, 2026
7.56
7.56
7.19
7.38
5.54
287,300
Jan 28, 2026
7.89
7.96
7.74
7.81
5.77
231,700
Jan 27, 2026
7.63
7.87
7.49
7.85
5.80
2,241,400
Jan 26, 2026
7.71
7.77
7.47
7.51
5.55
267,400
Jan 23, 2026
7.71
8.07
7.52
7.85
5.80
230,100
Jan 22, 2026
0.139 Dividend 

Jan 22, 2026
7.92
8.00
7.63
7.70
5.69
155,300
Jan 21, 2026
7.93
8.40
7.80
8.04
5.84
356,500
Jan 20, 2026
8.18
8.27
7.76
7.90
5.73
205,200
Jan 16, 2026
8.20
8.55
8.13
8.45
6.13
142,000
Jan 15, 2026
0.119 Dividend 

Jan 15, 2026
8.40
8.40
8.15
8.17
5.93
192,100
Jan 14, 2026
8.50
8.60
8.37
8.49
6.08
310,400
Jan 13, 2026
8.35
8.44
8.23
8.44
6.04
225,700
Jan 12, 2026
7.94
8.32
7.94
8.20
5.87
158,400
Jan 9, 2026
8.18
8.20
7.89
8.01
5.73
136,100
Jan 8, 2026
0.132 Dividend 

Jan 8, 2026
7.81
8.23
7.81
8.08
5.78
195,000
Jan 7, 2026
8.20
8.20
7.97
8.10
5.70
278,200
Jan 6, 2026
8.33
8.38
8.03
8.15
5.74
95,200
Jan 5, 2026
8.24
8.41
8.15
8.29
5.84
154,900
Jan 2, 2026
0.129 Dividend 

Jan 2, 2026
7.62
8.04
7.48
7.97
5.61
280,200
Dec 31, 2025
7.85
7.85
7.56
7.61
5.27
298,100
Dec 30, 2025
7.93
8.05
7.80
7.81
5.41
154,700
Dec 29, 2025
7.87
8.15
7.85
7.92
5.48
216,500
Dec 26, 2025
0.144 Dividend 

Dec 26, 2025
8.16
8.19
7.87
7.95
5.50
71,900
Dec 24, 2025
8.24
8.32
8.16
8.28
5.63
117,500
Dec 23, 2025
8.32
8.37
8.15
8.29
5.64
109,000
Dec 22, 2025
8.51
8.75
8.34
8.45
5.75
397,700
Dec 19, 2025
8.19
8.45
8.19
8.42
5.73
170,500
Dec 18, 2025
0.058 Dividend 

Dec 18, 2025
8.40
8.58
8.03
8.06
5.48
219,600
Dec 17, 2025
8.95
9.08
8.29
8.29
5.60
241,800
Dec 16, 2025
8.91
9.10
8.78
8.96
6.05
245,700
Dec 15, 2025
9.46
9.46
8.82
8.90
6.01
186,900
Dec 12, 2025
9.62
9.90
9.35
9.44
6.37
151,900
Dec 11, 2025
0.164 Dividend 

Dec 11, 2025
9.58
9.69
9.17
9.69
6.54
207,700
Dec 10, 2025
10.01
10.15
9.76
9.88
6.56
264,700
Dec 9, 2025
9.80
10.39
9.73
10.09
6.70
124,100
Dec 8, 2025
9.82
9.98
9.60
9.87
6.55
185,900
Dec 5, 2025
10.02
10.02
9.63
9.74
6.47
372,500
Dec 4, 2025
0.244 Dividend 

Dec 4, 2025
10.12
10.19
9.99
10.10
6.71
191,000
Dec 3, 2025
10.20
10.48
10.07
10.40
6.74
244,600
Dec 2, 2025
10.00
10.37
9.97
10.09
6.54
180,800
Dec 1, 2025
9.60
9.90
9.25
9.86
6.39
215,100
Nov 28, 2025
0.19 Dividend 

Nov 28, 2025
9.95
10.14
9.88
10.08
6.54
81,800
Nov 26, 2025
9.77
10.04
9.74
9.82
6.25
176,100
Nov 25, 2025
9.78
9.88
9.48
9.88
6.28
146,600
Nov 24, 2025
9.10
9.87
9.10
9.85
6.26
1,002,300
Nov 21, 2025
8.95
9.30
8.67
8.94
5.69
227,700
Nov 20, 2025
0.217 Dividend 

Nov 20, 2025
10.06
10.31
9.08
9.12
5.80
158,300
Nov 19, 2025
10.60
10.67
9.82
9.99
6.22
117,800
Nov 18, 2025
10.15
10.84
10.15
10.63
6.61
165,500
Nov 17, 2025
10.72
10.94
9.98
10.33
6.43
256,900
Nov 14, 2025
10.92
11.25
10.68
10.89
6.78
200,800
Nov 13, 2025
0.267 Dividend 

Nov 13, 2025
12.57
12.58
11.26
11.53
7.17
236,000
Nov 12, 2025
13.35
13.48
12.66
12.98
7.91
221,600
Nov 11, 2025
13.63
13.63
13.08
13.22
8.06
101,300
Nov 10, 2025
14.55
14.59
13.86
13.92
8.48
145,200
Nov 7, 2025
13.64
14.12
13.23
14.10
8.59
201,300
Nov 6, 2025
0.295 Dividend 

Nov 6, 2025
15.10
15.11
14.15
14.16
8.63
177,500
Nov 5, 2025
15.42
16.08
15.39
15.41
9.21
197,300
Nov 4, 2025
15.60
15.92
14.93
15.02
8.98
154,000
Nov 3, 2025
16.42
16.50
15.68
15.84
9.47
219,300
Oct 31, 2025
16.26
16.27
15.79
16.27
9.72
124,300
Oct 30, 2025
0.338 Dividend 

Oct 30, 2025
16.46
16.46
15.87
15.92
9.52
270,000
Oct 29, 2025
17.21
17.31
16.44
17.09
10.01
271,600
Oct 28, 2025
17.67
17.91
16.86
17.04
9.98
151,900
Oct 27, 2025
17.95
18.00
17.47
17.47
10.24
153,900
Oct 24, 2025
17.58
17.77
17.20
17.42
10.21
149,000
Oct 23, 2025
0.363 Dividend 

Oct 23, 2025
17.38
17.66
17.06
17.20
10.08
119,600
Oct 22, 2025
18.06
18.07
16.77
17.44
10.00
336,200
Oct 21, 2025
18.48
18.77
17.83
18.15
10.41
121,800
Oct 20, 2025
18.43
19.38
18.04
18.53
10.63
404,000
Oct 17, 2025
17.79
18.12
17.18
17.68
10.14
154,500
Oct 16, 2025
0.304 Dividend 

Oct 16, 2025
20.07
20.17
17.90
18.19
10.44
144,500
Oct 15, 2025
20.22
20.62
19.95
20.04
11.32
295,900
Oct 14, 2025
18.28
20.38
17.97
19.94
11.27
277,700
Oct 13, 2025
18.11
19.10
17.96
18.80
10.62
119,800
Oct 10, 2025
19.12
19.73
17.28
17.52
9.90
357,300
Oct 9, 2025
1.577 Dividend 

Oct 9, 2025
19.00
19.19
18.35
18.90
10.68
239,700
Oct 8, 2025
20.51
20.78
20.25
20.38
10.62
553,600
Oct 7, 2025
20.60
20.69
19.49
20.35
10.61
200,400
Oct 6, 2025
19.84
20.46
19.52
20.46
10.66
248,200
Oct 3, 2025
19.23
19.71
18.79
19.05
9.93
150,400
Oct 2, 2025
19.36
19.67
19.12
19.15
9.98
85,600
Oct 1, 2025
19.05
19.50
18.86
19.11
9.96
128,600
Sep 30, 2025
18.93
19.04
18.75
18.86
9.83
45,600
Sep 29, 2025
17.52
19.10
17.52
19.04
9.92
111,300
Sep 26, 2025
17.40
17.66
17.00
17.37
9.05
80,500
Sep 25, 2025
18.65
18.65
17.03
17.37
9.05
176,700
Sep 24, 2025
19.29
20.20
18.86
18.88
9.84
178,200
Sep 23, 2025
19.68
20.15
18.88
19.01
9.91
98,300
Sep 22, 2025
19.01
19.55
18.30
19.50
10.16
242,000
Sep 19, 2025
19.57
19.80
19.44
19.44
10.13
122,000
Sep 18, 2025
19.19
20.17
19.11
19.69
10.26
815,100
Sep 17, 2025
18.95
19.30
18.61
18.99
9.90
142,400
Sep 16, 2025
18.11
19.13
18.11
19.09
9.95
304,600
Sep 15, 2025
18.10
18.20
17.54
18.05
9.41
228,200
Sep 12, 2025
17.77
18.44
17.70
18.20
9.49
262,700
Sep 11, 2025
0.938 Dividend 

Sep 11, 2025
17.83
18.22
17.69
17.69
9.22
184,100
Sep 10, 2025
19.05
19.23
18.75
18.86
9.34
449,800
Sep 9, 2025
18.48
18.92
18.36
18.88
9.35
146,000
Sep 8, 2025
18.24
18.33
17.91
18.25
9.04
123,100
Sep 5, 2025
18.39
18.63
17.51
18.00
8.92
113,800
Sep 4, 2025
18.81
18.81
18.01
18.10
8.97
87,700
Sep 3, 2025
19.00
19.42
18.62
18.91
9.37
66,500
Sep 2, 2025
18.54
19.30
18.33
18.98
9.40
156,900
Aug 29, 2025
18.69
18.92
18.39
18.87
9.35
105,900
Aug 28, 2025
18.79
19.07
18.65
18.79
9.31
72,700
Aug 27, 2025
18.50
18.84
18.47
18.62
9.22
142,100
Aug 26, 2025
17.98
18.66
17.90
18.40
9.11
160,000
Aug 25, 2025
18.50
18.60
17.70
18.14
8.99
187,500
Aug 22, 2025
18.39
19.15
18.30
18.78
9.30
248,000
Aug 21, 2025
17.94
18.42
17.90
18.32
9.07
128,400
Aug 20, 2025
17.80
18.30
17.23
18.10
8.97
300,100
Aug 19, 2025
18.80
18.85
17.82
18.04
8.94
231,300
Aug 18, 2025
18.04
18.95
18.04
18.88
9.35
534,200
Aug 15, 2025
18.33
18.61
18.11
18.40
9.11
505,200
Aug 14, 2025
1.004 Dividend 

Aug 14, 2025
18.24
18.45
17.55
18.29
9.06
702,400
Aug 13, 2025
19.54
19.97
19.38
19.65
9.24
802,400
Aug 12, 2025
19.47
19.74
19.34
19.52
9.17
571,800
Aug 11, 2025
19.55
19.85
19.31
19.41
9.12
667,200
Aug 8, 2025
19.82
19.82
18.92
19.09
8.97
531,500
Aug 7, 2025
19.84
20.10
19.20
19.53
9.18
224,000
Aug 6, 2025
19.22
19.75
19.00
19.52
9.17
184,200
Aug 5, 2025
19.55
19.59
18.85
19.22
9.03
214,200
Aug 4, 2025
19.19
19.80
18.83
19.71
9.26
297,200
Aug 1, 2025
19.05
19.45
18.40
19.02
8.94
360,100
Jul 31, 2025
20.09
20.21
19.56
19.63
9.23
344,000
Jul 30, 2025
20.96
21.48
19.89
20.19
9.49
311,300
Jul 29, 2025
20.70
20.84
19.90
20.29
9.54
313,300
Jul 28, 2025
21.18
21.18
20.44
20.70
9.73
339,400
Jul 25, 2025
20.60
20.72
20.05
20.72
9.74
287,400
Jul 24, 2025
21.08
21.13
20.57
20.77
9.76
334,700
Jul 23, 2025
22.50
22.50
20.40
21.11
9.92
679,800
Jul 22, 2025
22.92
23.69
22.31
23.64
11.11
350,100
Jul 21, 2025
23.20
23.63
22.30
22.36
10.51
578,600
Jul 18, 2025
23.77
24.30
22.90
23.20
10.90
530,400
Jul 17, 2025
2.372 Dividend 

Jul 17, 2025
23.10
23.79
22.75
23.54
11.06
579,400
Jul 16, 2025
25.46
26.10
25.45
25.58
10.91
3,061,400
Jul 15, 2025
25.00
25.31
24.50
24.78
10.57
387,800
Jul 14, 2025
25.85
27.06
24.92
25.22
10.75
413,500
Jul 11, 2025
25.51
25.61
24.89
25.09
10.70
298,300
Jul 10, 2025
24.74
25.22
24.20
25.13
10.72
111,200
Jul 9, 2025
23.99
24.75
23.59
24.75
10.55
126,300
Jul 8, 2025
23.09
23.61
22.89
23.60
10.06
49,500
Jul 7, 2025
23.50
23.50
22.05
22.65
9.66
57,700
Jul 3, 2025
23.68
24.09
23.56
23.67
10.09
97,500
Jul 2, 2025
22.16
23.72
22.16
23.69
10.10
168,200
Jul 1, 2025
21.64
22.20
21.47
21.75
9.27
76,900
Jun 30, 2025
21.47
21.90
21.25
21.90
9.34
85,000
Jun 27, 2025
21.46
21.60
20.98
21.25
9.06
53,000
Jun 26, 2025
20.90
21.49
20.70
21.49
9.16
80,600
Jun 25, 2025
21.24
21.38
20.86
20.86
8.90
223,400
Jun 24, 2025
20.50
21.11
20.39
20.99
8.95
156,800
Jun 23, 2025
19.72
20.40
19.22
20.17
8.60
491,700
Jun 20, 2025
1.207 Dividend 

Jun 20, 2025
20.64
20.81
20.01
20.14
8.59
170,700
Jun 18, 2025
21.70
22.14
21.55
21.72
8.75
570,100
Jun 17, 2025
22.43
22.43
21.39
22.16
8.92
249,700
Jun 16, 2025
22.69
22.80
22.27
22.43
9.03
189,500
Jun 13, 2025
22.90
23.07
21.64
22.20
8.94
188,300
Jun 12, 2025
23.35
23.99
23.00
23.31
9.39
88,700
Jun 11, 2025
24.09
24.09
23.40
23.79
9.58
63,900
Jun 10, 2025
23.74
24.03
23.40
23.78
9.58
88,200
Jun 9, 2025
23.64
23.64
22.79
23.61
9.51
80,800
Jun 6, 2025
22.68
23.33
22.60
23.02
9.27
75,700
Jun 5, 2025
23.19
23.19
22.00
22.27
8.97
74,600
Jun 4, 2025
22.43
23.05
22.31
23.03
9.28
37,400
Jun 3, 2025
21.84
22.80
21.46
22.65
9.12
55,300
Jun 2, 2025
21.23
21.64
21.02
21.64
8.72
63,500
May 30, 2025
21.64
21.85
21.15
21.23
8.55
46,200
May 29, 2025
22.30
22.30
21.61
21.75
8.76
34,000
May 28, 2025
23.28
23.28
21.82
22.01
8.86
60,300
May 27, 2025
22.06
23.36
22.06
23.03
9.28
185,900
May 23, 2025
22.05
22.24
21.27
21.69
8.74
220,000
May 22, 2025
1.973 Dividend 

May 22, 2025
24.24
24.60
22.88
22.92
9.23
170,800
May 21, 2025
25.59
26.61
24.84
25.20
9.35
459,100
May 20, 2025
25.67
25.69
24.94
25.61
9.51
291,900
May 19, 2025
25.10
25.77
24.55
25.71
9.54
311,700
May 16, 2025
24.98
25.78
24.68
25.50
9.47
96,100
May 15, 2025
24.41
24.78
23.95
24.55
9.11
92,300
May 14, 2025
25.33
25.33
24.51
24.74
9.18
60,200
May 13, 2025
25.26
25.52
24.59
25.20
9.35
59,900
May 12, 2025
25.30
25.51
24.28
24.79
9.20
99,500
May 9, 2025
22.94
24.34
22.86
24.30
9.02
125,400
May 8, 2025
22.67
23.04
22.31
22.86
8.49
44,800
May 7, 2025
21.69
21.97
21.35
21.73
8.07
26,300
May 6, 2025
21.00
21.58
20.75
21.43
7.95
29,200
May 5, 2025
22.86
22.86
20.81
21.25
7.89
106,800
May 2, 2025
22.74
23.77
22.65
23.27
8.64
65,300
May 1, 2025
22.46
23.30
22.00
22.49
8.35
44,600
Apr 30, 2025
22.46
22.46
21.02
21.51
7.98
52,300
Apr 29, 2025
22.39
22.93
22.36
22.70
8.43
40,400
Apr 28, 2025
22.83
22.83
21.60
22.39
8.31
93,000
Apr 25, 2025
22.29
23.00
22.26
22.72
8.43
68,700
Apr 24, 2025
1.847 Dividend 

Apr 24, 2025
22.23
22.53
21.92
22.15
8.22
86,900
Apr 23, 2025
24.71
24.84
23.87
24.13
8.27
299,800
Apr 22, 2025
22.36
23.91
22.36
23.91
8.20
57,400
Apr 21, 2025
22.51
22.63
21.61
21.62
7.41
64,200
Apr 17, 2025
21.72
22.07
21.30
22.07
7.57
23,900
Apr 16, 2025
21.59
21.99
21.19
21.65
7.42
29,600
Apr 15, 2025
22.45
22.45
21.34
21.90
7.51
44,600
Apr 14, 2025
22.50
22.78
21.84
22.22
7.62
32,700
Apr 11, 2025
20.77
21.66
20.75
21.56
7.39
22,800
Apr 10, 2025
20.48
20.58
19.64
20.49
7.02
15,700
Apr 9, 2025
18.68
21.00
18.52
20.88
7.16
57,100
Apr 8, 2025
20.39
20.39
18.26
18.52
6.35
19,600
Apr 7, 2025
17.89
20.50
17.76
19.59
6.72
27,300
Apr 4, 2025
18.83
19.62
17.29
19.17
6.57
51,200
Apr 3, 2025
20.34
20.34
19.48
19.50
6.68
39,400
Apr 2, 2025
20.33
21.61
20.33
21.44
7.35
32,800
Apr 1, 2025
20.32
20.53
19.50
20.47
7.02
28,900
Mar 31, 2025
20.97
20.97
19.60
19.99
6.85
45,700
Mar 28, 2025
22.87
22.87
21.21
21.37
7.33
63,100
Mar 27, 2025
1.478 Dividend 

Mar 27, 2025
23.38
23.91
22.75
23.39
8.02
35,200
Mar 26, 2025
25.64
25.64
24.58
25.08
8.09
105,100
Mar 25, 2025
25.97
26.00
25.15
25.57
8.25
55,800
Mar 24, 2025
23.46
26.02
23.46
25.93
8.36
81,600
Mar 21, 2025
23.00
23.25
22.68
23.06
7.44
42,500
Mar 20, 2025
23.24
24.12
23.24
23.43
7.56
25,000
Mar 19, 2025
23.17
23.78
22.80
23.48
7.57
19,800
Mar 18, 2025
23.66
23.66
22.59
22.59
7.29
20,500
Mar 17, 2025
24.26
24.26
23.31
23.94
7.72
37,500
Mar 14, 2025
23.42
24.30
23.18
24.20
7.81
106,500
Mar 13, 2025
24.37
24.40
22.42
22.42
7.23
21,100
Mar 12, 2025
25.14
25.40
24.06
24.27
7.83
20,400
Mar 11, 2025
24.85
25.04
23.45
24.53
7.91
18,000
Mar 10, 2025
28.00
28.00
24.39
24.68
7.96
37,400
Mar 7, 2025
27.37
29.28
27.29
29.13
9.40
36,000
Mar 6, 2025
27.84
28.53
27.61
27.76
8.96
28,400
Mar 5, 2025
26.51
27.99
26.08
27.94
9.01
26,500
Mar 4, 2025
25.03
27.44
25.00
26.41
8.52
54,000
Mar 3, 2025
27.37
28.30
25.74
25.76
8.31
79,200
Feb 28, 2025
25.27
27.08
25.03
26.51
8.55
204,200
Feb 27, 2025
1.558 Dividend 

Feb 27, 2025
26.98
27.73
25.48
25.52
8.23
65,900
Feb 26, 2025
25.55
26.36
25.30
25.53
7.73
146,600
Feb 25, 2025
27.19
27.72
24.92
25.57
7.75
101,700
Feb 24, 2025
30.02
30.02
28.27
28.66
8.68
323,900
Feb 21, 2025
33.24
33.24
29.76
29.83
9.04
88,800
Feb 20, 2025
32.46
32.54
31.58
32.30
9.78
50,500
Feb 19, 2025
32.57
32.73
31.85
31.85
9.65
32,700
Feb 18, 2025
33.49
33.49
32.01
32.30
9.78
49,000
Feb 14, 2025
33.53
33.89
33.08
33.31
10.09
26,400
Feb 13, 2025
31.95
33.42
31.67
33.42
10.12
20,900
Feb 12, 2025
31.83
32.56
31.35
32.36
9.80
26,500
Feb 11, 2025
33.07
33.16
31.88
31.88
9.66
22,500
Feb 10, 2025
33.61
33.65
33.07
33.22
10.06
33,100
Feb 7, 2025
33.92
34.46
32.72
33.12
10.03
30,000
Feb 6, 2025
33.56
33.97
32.67
33.07
10.02
23,700
Feb 5, 2025
34.53
34.60
33.36
33.36
10.11
33,900
Feb 4, 2025
34.54
35.03
34.12
34.37
10.41
29,700
Feb 3, 2025
32.75
35.36
32.45
34.52
10.46
60,400
Jan 31, 2025
36.19
36.57
34.85
35.18
10.66
112,100
Jan 30, 2025
2.1 Dividend 

Jan 30, 2025
35.94
36.87
35.57
36.42
11.03
101,100
Jan 29, 2025
37.88
37.95
36.26
37.40
10.69
234,000
Jan 28, 2025
37.54
37.54
36.35
36.96
10.57
88,100
Jan 27, 2025
38.28
38.47
35.42
36.93
10.56
156,400
Jan 24, 2025
40.07
41.16
39.32
39.56
11.31
44,600
Jan 23, 2025
38.18
40.66
38.00
39.32
11.24
31,000
Jan 22, 2025
37.99
38.97
37.63
38.94
11.13
32,700
Jan 21, 2025
40.55
40.55
37.53
39.25
11.22
740,000
Jan 17, 2025
39.16
41.62
38.88
39.90
11.41
36,900
Jan 16, 2025
37.01
37.79
36.67
37.55
10.73
4,600
Jan 15, 2025
37.47
37.89
36.75
37.39
10.69
16,100
Jan 14, 2025
36.74
36.91
35.15
35.75
10.22
9,300
Jan 13, 2025
35.28
35.46
34.10
35.36
10.11
12,700
Jan 10, 2025
36.50
36.72
35.70
36.47
10.43
54,100
Jan 8, 2025
37.75
38.01
36.00
37.26
10.65
22,700
Jan 7, 2025
40.10
40.59
38.43
38.52
11.01
55,200
Jan 6, 2025
39.73
40.67
39.19
40.67
11.63
49,300
Jan 3, 2025
2.495 Dividend 

Jan 3, 2025
36.47
39.41
36.38
39.41
11.27
124,300
Jan 2, 2025
39.13
39.91
38.41
38.78
10.38
179,900
Dec 31, 2024
39.33
39.64
37.81
37.90
10.14
11,400
Dec 30, 2024
40.43
40.43
37.78
38.91
10.41
40,300
Dec 27, 2024
42.36
42.36
40.78
40.78
10.91
7,800
Dec 26, 2024
42.39
43.06
42.39
42.41
11.34
8,600
Dec 24, 2024
43.06
43.52
42.60
43.40
11.61
4,000
Dec 23, 2024
43.59
43.59
41.44
41.96
11.22
32,200
Dec 20, 2024
42.95
44.47
42.95
43.42
11.61
32,200
Dec 19, 2024
47.61
47.83
43.17
43.95
11.76
13,100
Dec 18, 2024
50.69
52.06
46.16
46.47
12.43
30,200
Dec 17, 2024
53.06
53.06
51.45
51.67
13.82
16,900
Dec 16, 2024
49.29
52.49
49.00
51.55
13.79
34,600
Dec 13, 2024
47.74
48.48
47.00
47.70
12.76
13,100
Dec 12, 2024
49.55
49.71
47.12
47.12
12.60
8,300
Dec 11, 2024
48.77
50.75
48.00
48.28
12.92
16,900
Dec 10, 2024
49.62
50.06
47.14
47.14
12.61
31,500
