Date
Open
High
Low
Close 

Adj Close 

Volume

May 22, 2026
28.08
28.08
27.82
27.98
27.98
8,600
May 21, 2026
27.31
27.89
27.23
27.77
27.77
80,200
May 20, 2026
27.30
27.79
27.27
27.67
27.67
11,500
May 19, 2026
27.77
28.00
27.51
27.58
27.58
15,400
May 18, 2026
0.191 Dividend 

May 18, 2026
27.81
28.14
27.80
28.06
28.06
9,600
May 15, 2026
28.27
28.75
28.17
28.41
28.21
7,000
May 14, 2026
28.33
28.90
28.33
28.60
28.41
12,100
May 13, 2026
27.25
28.63
27.25
28.50
28.31
17,600
May 12, 2026
27.19
27.82
27.19
27.82
27.63
14,500
May 11, 2026
0.063 Dividend 

May 11, 2026
27.80
27.85
27.52
27.52
27.33
22,400
May 8, 2026
28.44
28.77
28.05
28.21
27.96
19,500
May 7, 2026
28.64
29.10
28.53
28.60
28.34
20,100
May 6, 2026
28.28
28.60
27.54
28.40
28.15
15,400
May 5, 2026
28.36
28.36
27.76
27.94
27.70
22,200
May 4, 2026
0.202 Dividend 

May 4, 2026
28.16
28.42
27.90
28.28
28.03
22,400
May 1, 2026
28.76
28.76
28.25
28.42
27.97
25,300
Apr 30, 2026
29.07
29.07
27.87
28.65
28.19
49,400
Apr 29, 2026
31.83
32.05
31.67
31.84
31.33
9,600
Apr 28, 2026
32.21
32.50
31.74
31.99
31.48
6,000
Apr 27, 2026
0.307 Dividend 

Apr 27, 2026
32.20
32.53
32.07
32.41
31.90
5,300
Apr 24, 2026
31.65
32.70
31.60
32.54
31.72
10,000
Apr 23, 2026
31.71
32.06
31.27
31.60
30.80
7,100
Apr 22, 2026
32.32
32.65
32.32
32.52
31.69
3,000
Apr 21, 2026
32.46
32.56
32.05
32.16
31.34
5,100
Apr 20, 2026
0.283 Dividend 

Apr 20, 2026
32.52
32.67
32.00
32.22
31.41
9,600
Apr 17, 2026
33.00
33.62
32.85
33.62
32.49
11,800
Apr 16, 2026
32.82
33.03
32.44
32.91
31.81
14,600
Apr 15, 2026
32.30
33.00
32.23
32.60
31.51
13,700
Apr 14, 2026
31.00
32.28
30.90
32.13
31.05
13,500
Apr 13, 2026
0.275 Dividend 

Apr 13, 2026
30.19
30.53
29.97
30.48
29.46
6,600
Apr 10, 2026
30.92
30.93
30.20
30.46
29.17
11,700
Apr 9, 2026
30.31
30.83
30.15
30.42
29.14
13,300
Apr 8, 2026
28.88
30.48
28.54
29.53
28.28
25,200
Apr 7, 2026
27.20
27.38
26.89
27.34
26.19
8,200
Apr 6, 2026
0.068 Dividend 

Apr 6, 2026
27.49
27.75
27.25
27.26
26.11
15,200
Apr 2, 2026
26.99
27.60
26.66
27.47
26.25
16,300
Apr 1, 2026
27.72
28.34
27.47
27.65
26.41
12,700
Mar 31, 2026
26.01
27.40
26.01
27.33
26.11
16,100
Mar 30, 2026
0.168 Dividend 

Mar 30, 2026
25.27
25.32
25.02
25.28
24.16
12,700
Mar 27, 2026
25.75
25.75
24.52
24.82
23.55
28,700
Mar 26, 2026
28.22
28.22
25.93
26.10
24.77
21,400
Mar 25, 2026
29.06
29.38
28.83
28.90
27.43
4,600
Mar 24, 2026
29.02
29.04
28.76
28.76
27.29
6,500
Mar 23, 2026
0.152 Dividend 

Mar 23, 2026
29.19
29.66
29.10
29.43
27.93
8,400
Mar 20, 2026
29.54
29.54
28.61
29.05
27.42
233,800
Mar 19, 2026
30.01
30.08
29.51
29.65
27.99
13,100
Mar 18, 2026
30.33
30.67
30.24
30.26
28.57
10,800
Mar 17, 2026
30.76
31.50
30.68
30.68
28.96
15,100
Mar 16, 2026
0.23 Dividend 

Mar 16, 2026
30.93
31.42
30.79
30.95
29.22
30,100
Mar 13, 2026
31.06
31.20
30.27
30.44
28.52
32,500
Mar 12, 2026
32.43
32.43
31.84
31.85
29.84
9,000
Mar 11, 2026
32.99
33.04
32.50
32.84
30.77
7,100
Mar 10, 2026
32.72
33.13
32.55
32.81
30.74
14,800
Mar 9, 2026
0.212 Dividend 

Mar 9, 2026
31.76
32.49
31.24
32.40
30.35
14,300
Mar 6, 2026
32.27
32.72
32.01
32.46
30.21
8,100
Mar 5, 2026
33.59
33.98
32.94
33.41
31.10
9,000
Mar 4, 2026
33.22
34.10
33.22
33.84
31.50
11,700
Mar 3, 2026
32.64
33.32
32.21
33.16
30.86
16,700
Mar 2, 2026
0.274 Dividend 

Mar 2, 2026
32.00
33.30
31.92
33.01
30.72
20,700
Feb 27, 2026
32.73
33.04
32.39
33.04
30.50
16,900
Feb 26, 2026
33.20
33.73
33.20
33.49
30.91
20,600
Feb 25, 2026
32.76
33.37
32.75
33.37
30.80
17,600
Feb 24, 2026
32.01
32.50
31.93
32.17
29.69
15,400
Feb 23, 2026
0.178 Dividend 

Feb 23, 2026
33.19
33.19
32.28
32.31
29.82
26,100
Feb 20, 2026
32.91
34.02
32.91
33.60
30.85
84,200
Feb 19, 2026
32.74
33.09
32.58
32.95
30.25
26,800
Feb 18, 2026
32.40
32.93
32.00
32.85
30.16
24,300
Feb 17, 2026
0.1 Dividend 

Feb 17, 2026
32.68
32.80
32.08
32.64
29.97
28,500
Feb 13, 2026
33.06
33.45
32.55
32.75
29.98
28,300
Feb 12, 2026
34.79
34.79
33.22
33.40
30.57
17,100
Feb 11, 2026
34.86
35.19
34.00
34.58
31.65
8,600
Feb 10, 2026
35.11
35.11
34.64
34.69
31.75
8,800
Feb 9, 2026
0.318 Dividend 

Feb 9, 2026
34.20
35.50
34.02
35.09
32.12
15,500
Feb 6, 2026
34.42
34.72
33.58
34.54
31.32
26,400
Feb 5, 2026
34.27
35.64
33.80
35.09
31.82
21,200
Feb 4, 2026
35.91
35.94
34.87
34.92
31.67
27,800
Feb 3, 2026
37.42
37.56
36.11
36.37
32.98
29,300
Feb 2, 2026
0.33 Dividend 

Feb 2, 2026
37.82
38.23
37.28
37.32
33.85
35,300
Jan 30, 2026
39.46
39.46
38.23
38.29
34.43
24,900
Jan 29, 2026
39.60
40.00
38.22
39.76
35.75
185,400
Jan 28, 2026
35.78
35.78
35.33
35.42
31.85
53,400
Jan 27, 2026
35.60
35.75
35.15
35.56
31.97
22,600
Jan 26, 2026
0.125 Dividend 

Jan 26, 2026
35.04
35.68
34.91
35.56
31.97
39,500
Jan 23, 2026
34.03
35.28
33.93
34.80
31.18
33,800
Jan 22, 2026
32.95
34.15
32.94
34.15
30.59
49,100
Jan 21, 2026
31.32
32.22
31.19
32.03
28.69
16,000
Jan 20, 2026
0.229 Dividend 

Jan 20, 2026
31.61
31.88
31.34
31.43
28.16
23,600
Jan 16, 2026
32.98
33.19
32.63
32.73
29.12
73,400
Jan 15, 2026
32.67
32.88
32.35
32.68
29.07
29,000
Jan 14, 2026
33.08
33.08
32.32
32.38
28.80
44,600
Jan 13, 2026
34.18
34.18
32.92
33.39
29.70
44,400
Jan 12, 2026
0.19 Dividend 

Jan 12, 2026
34.69
34.75
34.00
34.05
30.29
31,900
Jan 9, 2026
34.46
35.04
34.46
35.04
31.00
23,300
Jan 8, 2026
34.60
34.73
33.97
34.50
30.52
10,900
Jan 7, 2026
35.17
35.17
34.54
34.67
30.67
13,600
Jan 6, 2026
35.36
35.75
34.98
35.51
31.42
18,600
Jan 5, 2026
0.292 Dividend 

Jan 5, 2026
34.70
35.66
34.69
35.31
31.24
36,300
Jan 2, 2026
35.60
35.80
34.68
35.07
30.77
16,100
Dec 31, 2025
36.10
36.10
35.74
35.81
31.42
23,000
Dec 30, 2025
35.70
36.50
35.70
36.09
31.67
35,700
Dec 29, 2025
0.315 Dividend 

Dec 29, 2025
35.68
35.72
35.25
35.62
31.25
29,500
Dec 26, 2025
36.55
36.58
36.14
36.24
31.52
35,600
Dec 24, 2025
36.32
36.60
36.32
36.56
31.80
19,500
Dec 23, 2025
36.06
36.46
36.06
36.45
31.70
11,700
Dec 22, 2025
0.215 Dividend 

Dec 22, 2025
36.16
36.90
35.83
36.14
31.43
17,400
Dec 19, 2025
36.65
36.90
36.15
36.26
31.35
161,200
Dec 18, 2025
36.38
36.82
36.20
36.68
31.71
29,000
Dec 17, 2025
36.21
36.31
35.61
35.61
30.79
24,200
Dec 16, 2025
35.17
36.40
35.17
36.11
31.22
34,200
Dec 15, 2025
0.354 Dividend 

Dec 15, 2025
35.29
35.78
35.00
35.48
30.68
34,000
Dec 12, 2025
36.08
36.08
35.24
35.58
30.46
27,000
Dec 11, 2025
35.67
36.33
35.59
36.24
31.02
16,600
Dec 10, 2025
36.09
36.22
35.62
35.99
30.81
17,400
Dec 9, 2025
37.01
37.01
36.23
36.44
31.19
16,600
Dec 8, 2025
0.346 Dividend 

Dec 8, 2025
37.44
37.75
37.12
37.14
31.79
29,900
Dec 5, 2025
37.42
38.03
37.26
38.00
32.23
39,900
Dec 4, 2025
37.99
38.25
37.07
37.22
31.57
80,100
Dec 3, 2025
35.88
36.16
35.70
35.72
30.30
20,100
Dec 2, 2025
35.94
36.21
35.65
36.20
30.71
15,500
Dec 1, 2025
0.261 Dividend 

Dec 1, 2025
35.67
35.97
35.62
35.74
30.32
40,800
Nov 28, 2025
35.78
36.56
35.78
36.55
30.78
17,700
Nov 26, 2025
35.86
35.88
35.44
35.62
30.00
35,900
Nov 25, 2025
34.89
35.75
34.70
35.74
30.10
40,200
Nov 24, 2025
0.275 Dividend 

Nov 24, 2025
33.20
34.40
33.20
34.25
28.84
23,100
Nov 21, 2025
32.75
33.45
32.39
33.18
27.71
162,900
Nov 20, 2025
33.93
34.07
32.51
32.94
27.51
54,400
Nov 19, 2025
33.25
33.29
32.42
33.01
27.57
22,600
Nov 18, 2025
33.09
33.74
32.62
33.48
27.96
35,200
Nov 17, 2025
0.243 Dividend 

Nov 17, 2025
34.28
34.37
33.35
33.79
28.22
28,300
Nov 14, 2025
34.01
34.81
33.55
34.56
28.66
44,900
Nov 13, 2025
34.73
35.09
34.18
34.54
28.64
59,400
Nov 12, 2025
35.77
35.79
34.50
34.52
28.63
38,100
Nov 11, 2025
35.87
35.94
35.36
35.74
29.64
30,200
Nov 10, 2025
0.112 Dividend 

Nov 10, 2025
36.07
36.27
35.52
36.11
29.95
59,900
Nov 7, 2025
35.10
35.56
34.12
35.48
29.33
72,300
Nov 6, 2025
36.57
36.57
35.32
35.36
29.23
72,800
Nov 5, 2025
36.30
36.95
35.86
36.53
30.20
56,400
Nov 4, 2025
36.01
36.91
35.83
35.89
29.67
79,300
Nov 3, 2025
0.407 Dividend 

Nov 3, 2025
38.01
38.18
36.62
36.69
30.33
122,600
Oct 31, 2025
39.71
39.73
37.72
37.94
31.02
208,300
Oct 30, 2025
39.54
40.19
38.00
39.16
32.03
229,600
Oct 29, 2025
45.56
45.70
44.64
45.29
37.04
85,100
Oct 28, 2025
45.44
45.70
44.92
45.16
36.93
19,000
Oct 27, 2025
0.411 Dividend 

Oct 27, 2025
45.02
45.46
45.02
45.22
36.98
39,600
Oct 24, 2025
44.60
44.81
44.19
44.77
36.28
27,000
Oct 23, 2025
44.40
45.00
44.27
44.43
36.00
16,100
Oct 22, 2025
44.71
44.83
43.86
44.39
35.97
22,200
Oct 21, 2025
44.49
44.49
44.17
44.39
35.97
17,500
Oct 20, 2025
0.559 Dividend 

Oct 20, 2025
43.59
44.35
43.53
44.32
35.91
22,100
Oct 17, 2025
43.09
43.90
43.08
43.78
35.02
49,000
Oct 16, 2025
43.69
44.10
42.83
43.33
34.66
18,600
Oct 15, 2025
43.49
44.22
43.40
43.73
34.98
18,400
Oct 14, 2025
0.404 Dividend 

Oct 14, 2025
42.75
43.60
42.59
43.13
34.50
14,300
Oct 13, 2025
43.93
44.39
43.57
44.01
34.88
19,100
Oct 10, 2025
45.30
45.40
43.26
43.26
34.29
36,700
Oct 9, 2025
44.00
45.43
43.84
45.43
36.01
47,000
Oct 8, 2025
43.98
44.39
43.59
44.28
35.10
38,800
Oct 7, 2025
44.15
44.15
43.43
43.93
34.82
43,000
Oct 6, 2025
0.404 Dividend 

Oct 6, 2025
43.44
44.22
42.28
44.13
34.98
135,300
Oct 3, 2025
45.59
45.59
44.15
44.16
34.68
78,600
Oct 2, 2025
45.14
45.44
44.76
45.42
35.67
42,400
Oct 1, 2025
45.05
45.05
44.19
44.65
35.07
64,400
Sep 30, 2025
46.60
46.60
45.47
46.27
36.34
33,200
Sep 29, 2025
0.648 Dividend 

Sep 29, 2025
47.00
47.09
46.47
46.69
36.67
32,800
Sep 26, 2025
47.79
47.79
46.90
47.35
36.68
13,800
Sep 25, 2025
47.50
48.32
47.50
47.81
37.03
11,900
Sep 24, 2025
48.38
48.62
48.11
48.62
37.66
11,400
Sep 23, 2025
48.64
49.32
48.00
48.29
37.41
12,800
Sep 22, 2025
0.373 Dividend 

Sep 22, 2025
50.16
50.50
48.91
48.98
37.94
46,100
Sep 19, 2025
51.11
51.18
49.71
50.38
38.74
27,400
Sep 18, 2025
50.95
51.10
50.47
50.47
38.81
13,700
Sep 17, 2025
50.46
50.50
49.50
50.14
38.55
11,800
Sep 16, 2025
49.53
50.46
49.44
50.42
38.77
15,400
Sep 15, 2025
0.399 Dividend 

Sep 15, 2025
48.76
49.90
48.64
49.36
37.95
31,400
Sep 12, 2025
48.55
49.04
48.35
49.04
37.40
13,500
Sep 11, 2025
48.77
49.02
48.60
48.71
37.15
8,900
Sep 10, 2025
49.72
49.74
48.81
48.81
37.22
10,200
Sep 9, 2025
49.12
49.85
49.11
49.82
37.99
13,800
Sep 8, 2025
0.306 Dividend 

Sep 8, 2025
48.92
49.87
48.81
48.81
37.22
19,200
Sep 5, 2025
49.01
49.45
48.65
49.08
37.20
9,900
Sep 4, 2025
48.53
49.44
48.53
48.89
37.05
29,800
Sep 3, 2025
48.03
48.28
47.67
47.98
36.36
12,800
Sep 2, 2025
0.273 Dividend 

Sep 2, 2025
47.22
47.83
47.05
47.83
36.25
22,800
Aug 29, 2025
48.86
48.98
48.17
48.28
36.38
26,800
Aug 28, 2025
48.90
49.52
48.90
49.40
37.23
14,200
Aug 27, 2025
49.59
49.59
48.70
49.08
36.99
23,900
Aug 26, 2025
49.40
49.63
49.19
49.60
37.38
10,900
Aug 25, 2025
0.427 Dividend 

Aug 25, 2025
49.76
49.95
49.35
49.58
37.36
20,600
Aug 22, 2025
48.97
50.26
48.70
50.11
37.44
67,900
Aug 21, 2025
49.04
49.08
48.47
48.87
36.51
17,600
Aug 20, 2025
49.41
49.58
48.40
49.57
37.04
15,300
Aug 19, 2025
51.19
51.19
49.74
49.85
37.25
26,700
Aug 18, 2025
0.825 Dividend 

Aug 18, 2025
51.84
51.84
50.42
51.20
38.26
36,200
Aug 15, 2025
53.38
54.21
53.32
53.42
39.30
25,400
Aug 14, 2025
52.50
53.60
52.50
53.21
39.14
11,100
Aug 13, 2025
53.98
53.98
52.93
53.04
39.02
20,300
Aug 12, 2025
53.54
54.09
52.87
53.83
39.60
12,600
Aug 11, 2025
0.81 Dividend 

Aug 11, 2025
52.37
52.45
51.82
51.82
38.12
14,800
Aug 8, 2025
52.52
53.03
52.27
53.03
38.41
20,000
Aug 7, 2025
53.49
53.50
52.35
52.40
37.96
9,200
Aug 6, 2025
52.99
53.34
52.48
53.24
38.57
13,400
Aug 5, 2025
53.64
53.92
52.58
52.58
38.09
13,200
Aug 4, 2025
0.379 Dividend 

Aug 4, 2025
52.39
53.62
52.16
53.62
38.84
20,700
Aug 1, 2025
52.66
53.08
51.51
51.84
37.28
35,800
Jul 31, 2025
53.84
54.53
53.33
53.61
38.55
25,400
Jul 30, 2025
48.11
48.11
47.28
47.70
34.30
14,300
Jul 29, 2025
49.50
49.50
47.78
47.78
34.36
19,800
Jul 28, 2025
0.468 Dividend 

Jul 28, 2025
49.06
49.58
48.84
49.14
35.34
12,100
Jul 25, 2025
49.69
49.81
49.24
49.28
35.10
16,400
Jul 24, 2025
49.67
49.92
49.46
49.49
35.25
14,800
Jul 23, 2025
48.88
49.40
48.71
49.32
35.13
9,600
Jul 22, 2025
49.46
49.46
48.44
48.67
34.66
15,100
Jul 21, 2025
0.727 Dividend 

Jul 21, 2025
48.87
49.59
48.87
49.29
35.11
23,900
Jul 18, 2025
49.25
49.37
48.37
49.29
34.59
28,000
Jul 17, 2025
49.06
49.30
48.80
49.02
34.40
9,200
Jul 16, 2025
50.26
50.26
49.15
49.23
34.55
7,000
Jul 15, 2025
51.12
51.12
49.95
49.95
35.05
4,100
Jul 14, 2025
0.334 Dividend 

Jul 14, 2025
50.37
51.27
50.37
50.75
35.61
7,900
Jul 11, 2025
50.73
51.17
50.24
50.82
35.43
9,100
Jul 10, 2025
51.97
52.30
51.10
51.70
36.04
4,800
Jul 9, 2025
51.76
52.51
51.76
52.15
36.35
10,700
Jul 8, 2025
50.83
51.15
50.83
51.10
35.62
3,700
Jul 7, 2025
0.446 Dividend 

Jul 7, 2025
50.99
51.56
50.70
50.94
35.51
5,000
Jul 3, 2025
52.12
52.12
51.12
51.47
35.57
8,500
Jul 2, 2025
51.02
51.61
50.94
50.94
35.21
12,600
Jul 1, 2025
52.95
52.98
51.27
51.52
35.61
19,500
Jun 30, 2025
0.338 Dividend 

Jun 30, 2025
53.70
53.84
52.86
53.16
36.74
4,600
Jun 27, 2025
52.38
53.03
52.38
53.03
36.42
3,000
Jun 26, 2025
51.34
52.35
51.22
52.34
35.94
2,900
Jun 25, 2025
51.21
51.21
50.90
50.90
34.95
1,400
Jun 24, 2025
50.67
51.23
50.66
51.23
35.18
1,700
Jun 23, 2025
49.50
50.05
49.07
50.05
34.37
4,600
Jun 20, 2025
50.34
50.34
48.69
48.69
33.44
4,300
Jun 18, 2025
50.36
50.36
49.85
49.85
34.23
2,000
