Date
Open
High
Low
Close 

Adj Close 

Volume
Jun 5, 2026
41.79
41.79
40.04
40.10
40.10
7,900
Jun 4, 2026
43.30
43.42
43.13
43.19
43.19
3,400
Jun 3, 2026
0.258 Dividend 

Jun 3, 2026
43.80
43.99
43.37
43.45
43.45
9,600
Jun 2, 2026
44.05
44.88
44.05
44.87
44.61
6,900
Jun 1, 2026
43.20
44.04
43.11
43.64
43.39
5,600
May 29, 2026
43.58
44.00
43.36
43.91
43.66
17,000
May 28, 2026
43.17
43.79
43.10
43.74
43.49
2,000
May 27, 2026
0.247 Dividend 

May 27, 2026
44.01
44.01
42.87
43.15
42.90
6,400
May 26, 2026
42.87
43.87
42.87
43.78
43.28
5,300
May 22, 2026
42.60
42.90
42.33
42.65
42.17
1,900
May 21, 2026
42.00
42.75
41.91
42.52
42.04
4,700
May 20, 2026
0.255 Dividend 

May 20, 2026
41.25
41.99
41.10
41.91
41.43
6,100
May 19, 2026
41.98
41.98
40.92
41.23
40.51
5,700
May 18, 2026
43.18
43.18
42.10
42.39
41.65
6,000
May 15, 2026
44.22
44.22
43.06
43.21
42.45
20,600
May 14, 2026
45.36
45.36
44.99
45.22
44.43
10,600
May 13, 2026
0.273 Dividend 

May 13, 2026
46.38
46.60
45.62
46.09
45.28
4,700
May 12, 2026
47.20
47.20
45.41
46.64
45.56
6,700
May 11, 2026
46.77
47.26
46.77
47.03
45.94
4,900
May 8, 2026
46.35
46.36
45.64
45.99
44.92
3,900
May 7, 2026
46.47
47.02
45.73
45.78
44.72
13,900
May 6, 2026
0.26 Dividend 

May 6, 2026
47.46
47.46
44.00
46.30
45.22
19,200
May 5, 2026
44.88
45.02
44.66
44.68
43.39
3,800
May 4, 2026
44.93
45.08
44.47
44.54
43.25
3,300
May 1, 2026
45.13
45.13
44.84
44.91
43.61
4,000
Apr 30, 2026
44.65
45.04
44.32
45.04
43.74
4,200
Apr 29, 2026
0.267 Dividend 

Apr 29, 2026
43.95
43.95
43.60
43.63
42.37
3,000
Apr 28, 2026
45.25
45.25
44.40
44.64
43.09
5,900
Apr 27, 2026
45.62
46.00
45.48
46.00
44.40
7,700
Apr 24, 2026
45.78
46.06
45.60
45.75
44.16
6,000
Apr 23, 2026
46.39
46.39
45.64
45.64
44.06
2,900
Apr 22, 2026
0.273 Dividend 

Apr 22, 2026
46.46
46.65
46.18
46.65
45.03
6,900
Apr 21, 2026
47.06
47.06
45.68
45.68
43.83
8,700
Apr 20, 2026
46.79
47.13
46.50
47.12
45.21
9,400
Apr 17, 2026
46.81
47.25
46.81
46.96
45.06
2,700
Apr 16, 2026
46.55
46.55
46.23
46.44
44.56
2,500
Apr 15, 2026
0.265 Dividend 

Apr 15, 2026
45.97
46.29
45.90
46.01
44.15
3,500
Apr 14, 2026
46.03
46.30
45.96
46.09
43.97
29,700
Apr 13, 2026
44.97
45.79
44.97
45.71
43.61
9,400
Apr 10, 2026
44.97
45.65
44.97
45.21
43.13
3,600
Apr 9, 2026
45.21
45.26
44.51
45.04
42.97
5,900
Apr 8, 2026
0.254 Dividend 

Apr 8, 2026
45.32
45.32
44.80
44.96
42.89
5,000
Apr 7, 2026
43.63
43.79
43.38
43.79
41.53
1,500
Apr 6, 2026
44.17
44.17
43.66
43.89
41.63
4,400
Apr 2, 2026
43.50
44.14
43.50
44.04
41.77
3,700
Apr 1, 2026
0.248 Dividend 

Apr 1, 2026
44.33
44.33
44.16
44.16
41.88
1,200
Mar 31, 2026
42.93
43.80
42.81
43.80
41.31
16,700
Mar 30, 2026
43.30
43.30
41.94
42.03
39.64
1,900
Mar 27, 2026
42.07
42.54
42.07
42.54
40.12
900
Mar 26, 2026
43.05
43.05
42.13
42.13
39.73
900
Mar 25, 2026
0.237 Dividend 

Mar 25, 2026
43.80
43.81
43.23
43.30
40.84
1,600
Mar 24, 2026
42.36
42.69
42.30
42.68
40.03
1,300
Mar 23, 2026
42.29
42.75
41.28
42.20
39.58
12,200
Mar 20, 2026
41.43
41.43
40.46
40.74
38.21
1,600
Mar 19, 2026
39.11
44.21
38.67
42.33
39.70
9,400
Mar 18, 2026
0.267 Dividend 

Mar 18, 2026
44.39
44.39
43.77
43.77
41.05
1,900
Mar 17, 2026
45.80
45.88
45.08
45.28
42.22
2,500
Mar 16, 2026
44.26
49.42
44.26
45.15
42.09
5,400
Mar 13, 2026
46.31
46.31
44.71
44.71
41.68
4,500
Mar 12, 2026
47.19
47.19
46.24
46.32
43.19
3,800
Mar 11, 2026
0.412 Dividend 

Mar 11, 2026
47.13
47.56
46.80
47.21
44.02
5,200
Mar 10, 2026
48.22
49.24
48.12
48.12
44.48
9,600
Mar 9, 2026
45.45
47.45
45.08
47.44
43.85
2,900
Mar 6, 2026
45.78
47.18
45.78
46.40
42.89
3,200
Mar 5, 2026
48.28
48.28
46.68
47.18
43.61
4,900
Mar 4, 2026
49.20
49.20
48.53
48.77
45.08
9,900
Mar 3, 2026
48.97
48.97
47.04
48.15
44.51
28,000
Mar 2, 2026
51.40
51.40
48.95
50.78
46.94
20,700
Feb 27, 2026
50.43
50.43
49.82
50.29
46.49
9,300
