Date
Open
High
Low
Close 

Adj Close 

Volume
May 26, 2026
57.27
57.54
56.80
56.81
56.81
437,256
May 22, 2026
57.40
57.70
57.15
57.62
57.62
253,500
May 21, 2026
57.46
57.72
57.22
57.50
57.50
222,300
May 20, 2026
0.704 Dividend 

May 20, 2026
57.38
57.90
57.10
57.26
57.26
259,600
May 19, 2026
57.98
58.47
57.70
58.30
57.60
495,300
May 18, 2026
57.86
58.18
57.56
58.13
57.43
582,500
May 15, 2026
57.91
57.92
57.51
57.85
57.15
311,600
May 14, 2026
56.90
57.70
56.87
57.70
57.00
205,800
May 13, 2026
56.43
56.97
56.14
56.84
56.15
245,500
May 12, 2026
56.60
56.80
56.22
56.70
56.02
309,400
May 11, 2026
55.78
56.39
55.55
56.32
55.64
308,800
May 8, 2026
55.81
55.92
55.32
55.56
54.89
256,200
May 7, 2026
55.75
55.84
55.00
55.68
55.01
354,100
May 6, 2026
57.40
57.40
56.15
56.53
55.85
641,000
May 5, 2026
57.71
58.07
57.60
57.75
57.05
208,200
May 4, 2026
57.48
57.95
57.11
57.90
57.20
327,800
May 1, 2026
57.46
57.70
56.83
57.59
56.89
254,300
Apr 30, 2026
56.01
57.71
55.89
57.68
56.98
297,600
Apr 29, 2026
56.22
56.38
55.90
56.38
55.70
228,700
Apr 28, 2026
55.31
55.92
55.16
55.79
55.12
213,300
Apr 27, 2026
55.00
55.38
54.60
54.97
54.31
271,500
Apr 24, 2026
54.50
54.81
54.30
54.78
54.12
468,500
Apr 23, 2026
54.41
54.79
54.28
54.77
54.11
322,500
Apr 22, 2026
0.667 Dividend 

Apr 22, 2026
54.24
54.48
54.13
54.44
53.78
248,400
Apr 21, 2026
54.86
55.14
54.38
54.65
53.33
430,300
Apr 20, 2026
55.00
55.20
54.63
54.84
53.52
572,600
Apr 17, 2026
54.75
55.23
53.82
54.72
53.40
556,100
Apr 16, 2026
54.84
55.24
54.63
54.94
53.61
223,100
Apr 15, 2026
55.00
55.02
54.63
54.80
53.48
255,200
Apr 14, 2026
55.43
55.43
54.55
55.05
53.72
361,800
Apr 13, 2026
56.49
56.60
55.25
55.53
54.19
331,600
Apr 10, 2026
56.22
56.25
55.63
56.13
54.78
182,600
Apr 9, 2026
56.53
57.10
55.96
56.15
54.79
181,300
Apr 8, 2026
55.11
56.43
54.67
56.29
54.93
453,700
Apr 7, 2026
56.46
57.20
56.30
56.85
55.48
383,700
Apr 6, 2026
56.13
56.52
55.88
56.46
55.10
246,500
Apr 2, 2026
56.55
56.55
55.80
56.19
54.83
404,500
Apr 1, 2026
56.23
56.27
54.93
55.69
54.35
675,400
Mar 31, 2026
57.00
57.10
55.91
56.63
55.26
334,300
Mar 30, 2026
57.59
57.81
56.66
56.86
55.49
350,800
Mar 27, 2026
57.24
57.78
57.14
57.25
55.87
509,000
Mar 26, 2026
57.04
57.42
56.85
57.31
55.93
372,400
Mar 25, 2026
56.60
56.95
56.45
56.93
55.56
181,400
Mar 24, 2026
56.57
57.30
56.39
56.96
55.59
284,600
Mar 23, 2026
55.34
56.49
55.03
56.35
54.99
302,900
Mar 20, 2026
56.14
56.56
55.65
55.78
54.43
372,900
Mar 19, 2026
55.20
56.38
55.19
56.11
54.76
352,600
Mar 18, 2026
0.68 Dividend 

Mar 18, 2026
55.32
55.38
54.86
55.20
53.87
226,400
Mar 17, 2026
56.09
56.39
55.77
55.94
53.93
350,300
Mar 16, 2026
55.82
56.01
55.38
55.92
53.91
448,100
Mar 13, 2026
55.78
56.11
55.39
55.89
53.88
323,500
Mar 12, 2026
56.09
56.38
55.57
55.75
53.74
307,800
Mar 11, 2026
55.62
56.02
55.38
55.85
53.84
297,400
Mar 10, 2026
55.90
56.14
55.58
55.72
53.71
334,700
Mar 9, 2026
56.34
56.34
55.60
55.78
53.77
383,200
Mar 6, 2026
56.35
56.35
55.57
56.13
54.11
265,200
Mar 5, 2026
56.53
56.55
55.70
56.12
54.10
304,200
Mar 4, 2026
56.03
56.48
55.65
56.41
54.38
240,400
Mar 3, 2026
57.00
57.00
55.65
56.35
54.32
334,900
Mar 2, 2026
56.48
56.80
55.68
56.57
54.53
374,200
Feb 27, 2026
55.52
55.78
55.25
55.57
53.57
309,400
Feb 26, 2026
54.81
55.65
54.50
55.48
53.48
219,300
Feb 25, 2026
54.95
55.02
54.35
54.97
52.99
285,600
Feb 24, 2026
55.06
55.06
54.45
54.90
52.93
399,700
Feb 23, 2026
55.04
55.49
54.84
55.19
53.20
395,500
Feb 20, 2026
54.72
55.10
54.45
55.01
53.03
386,400
Feb 19, 2026
54.67
54.96
54.53
54.84
52.87
290,600
Feb 18, 2026
0.638 Dividend 

Feb 18, 2026
54.75
54.94
54.21
54.45
52.49
326,400
Feb 17, 2026
55.58
55.58
54.60
55.08
52.48
396,500
Feb 13, 2026
54.71
55.62
54.59
55.49
52.88
345,600
Feb 12, 2026
54.76
55.18
54.55
54.78
52.20
350,600
Feb 11, 2026
54.20
54.91
54.01
54.81
52.23
262,200
Feb 10, 2026
54.07
54.22
53.90
54.04
51.49
211,000
Feb 9, 2026
53.61
53.99
53.23
53.99
51.44
284,200
Feb 6, 2026
52.83
53.54
52.79
53.41
50.89
352,200
Feb 5, 2026
52.40
52.76
52.10
52.69
50.21
199,300
Feb 4, 2026
52.72
52.84
52.08
52.69
50.21
259,800
Feb 3, 2026
52.05
52.74
51.75
52.71
50.22
173,300
Feb 2, 2026
52.19
52.23
51.58
52.04
49.59
310,800
Jan 30, 2026
52.14
52.64
51.98
52.40
49.93
224,300
Jan 29, 2026
52.62
52.62
52.02
52.23
49.77
193,700
Jan 28, 2026
51.68
52.06
51.40
52.03
49.58
150,800
Jan 27, 2026
51.59
51.78
51.32
51.48
49.05
194,800
Jan 26, 2026
52.13
52.13
51.03
51.37
48.95
257,600
Jan 23, 2026
51.42
51.66
51.32
51.46
49.03
153,200
Jan 22, 2026
50.66
51.39
50.54
51.19
48.78
121,100
Jan 21, 2026
0.661 Dividend 

Jan 21, 2026
50.79
50.94
50.37
50.64
48.25
240,400
Jan 20, 2026
51.48
51.72
50.71
50.82
47.79
284,500
Jan 16, 2026
50.32
51.06
50.16
50.95
47.92
159,700
Jan 15, 2026
50.72
50.72
50.06
50.15
47.16
169,000
Jan 14, 2026
50.25
50.69
50.01
50.32
47.32
258,200
Jan 13, 2026
49.95
50.16
49.51
50.00
47.02
143,200
Jan 12, 2026
49.80
49.80
49.34
49.55
46.60
198,100
Jan 9, 2026
50.18
50.18
49.35
49.51
46.56
184,900
Jan 8, 2026
49.65
49.88
49.40
49.64
46.68
176,100
Jan 7, 2026
49.77
49.77
49.22
49.31
46.37
214,300
Jan 6, 2026
50.78
50.78
49.15
49.42
46.48
297,800
Jan 5, 2026
51.44
51.44
49.39
50.27
47.28
278,300
Jan 2, 2026
50.60
50.74
49.86
50.53
47.52
189,000
Dec 31, 2025
50.70
50.70
50.01
50.11
47.13
210,700
Dec 30, 2025
50.80
50.80
50.13
50.30
47.30
243,900
Dec 29, 2025
50.35
50.35
50.02
50.19
47.21
203,600
Dec 26, 2025
50.56
50.63
49.95
50.02
47.04
116,600
Dec 24, 2025
0.652 Dividend 

Dec 24, 2025
50.55
52.44
50.01
50.10
47.12
63,100
Dec 23, 2025
50.73
50.78
50.28
50.72
47.09
41,300
Dec 22, 2025
50.56
50.56
50.00
50.30
46.70
45,200
Dec 19, 2025
50.12
50.23
49.87
49.87
46.30
49,300
Dec 18, 2025
49.93
50.25
49.79
49.83
46.26
49,900
