Date
Open
High
Low
Close 

Adj Close 

Volume
Jun 5, 2026
15.98
16.04
14.86
15.19
15.19
98,300
Jun 4, 2026
0.211 Dividend 

Jun 4, 2026
15.61
16.15
15.61
16.07
16.07
129,300
Jun 3, 2026
14.95
15.95
14.95
15.86
15.65
179,100
Jun 2, 2026
15.06
15.07
14.50
15.00
14.80
121,300
Jun 1, 2026
15.40
15.44
14.57
15.05
14.85
277,700
May 29, 2026
15.43
15.84
15.28
15.45
15.24
188,600
May 28, 2026
0.236 Dividend 

May 28, 2026
15.34
15.40
14.94
15.40
15.20
98,600
May 27, 2026
15.42
15.93
15.42
15.60
15.16
125,100
May 26, 2026
15.47
15.83
15.24
15.42
14.98
127,800
May 22, 2026
15.63
15.73
15.35
15.46
15.02
101,700
May 21, 2026
0.184 Dividend 

May 21, 2026
15.62
15.62
15.25
15.49
15.05
55,100
May 20, 2026
15.23
16.03
15.23
15.83
15.20
85,500
May 19, 2026
15.79
15.79
15.07
15.20
14.60
175,200
May 18, 2026
16.15
16.28
15.64
15.80
15.18
115,300
May 15, 2026
15.95
16.26
15.72
15.93
15.30
123,400
May 14, 2026
0.239 Dividend 

May 14, 2026
16.21
16.50
15.91
16.37
15.72
104,400
May 13, 2026
17.21
17.27
16.51
16.68
15.79
119,200
May 12, 2026
17.03
17.70
16.86
17.32
16.40
204,200
May 11, 2026
18.64
18.81
16.87
17.18
16.26
376,200
May 8, 2026
16.24
18.59
16.20
17.51
16.58
444,300
May 7, 2026
0.155 Dividend 

May 7, 2026
16.88
16.88
15.93
16.16
15.30
232,100
May 6, 2026
15.88
16.34
15.85
16.29
15.28
175,900
May 5, 2026
16.12
16.12
15.60
15.87
14.88
161,700
May 4, 2026
15.50
16.08
15.50
16.01
15.01
203,000
May 1, 2026
15.96
16.47
14.99
15.50
14.53
328,500
Apr 30, 2026
0.218 Dividend 

Apr 30, 2026
15.63
16.24
15.60
15.64
14.67
131,700
Apr 29, 2026
16.14
16.19
15.47
15.81
14.62
163,300
Apr 28, 2026
16.65
16.74
16.11
16.19
14.97
172,000
Apr 27, 2026
17.30
17.42
16.57
16.69
15.43
270,700
Apr 24, 2026
18.16
18.16
17.21
17.27
15.97
341,000
Apr 23, 2026
0.258 Dividend 

Apr 23, 2026
18.63
18.70
17.85
18.04
16.68
126,000
Apr 22, 2026
18.77
18.90
18.56
18.90
17.24
187,400
Apr 21, 2026
18.52
19.00
17.79
18.62
16.98
779,000
Apr 20, 2026
18.39
18.88
18.22
18.63
16.99
160,900
Apr 17, 2026
18.80
18.84
18.17
18.42
16.80
247,500
Apr 16, 2026
0.263 Dividend 

Apr 16, 2026
18.54
18.72
18.23
18.67
17.03
104,000
Apr 15, 2026
18.64
18.93
18.58
18.75
16.86
154,000
Apr 14, 2026
17.86
18.48
17.66
18.44
16.58
208,100
Apr 13, 2026
17.96
18.45
17.82
17.82
16.03
178,100
Apr 10, 2026
18.15
18.33
17.88
17.89
16.09
167,600
Apr 9, 2026
0.26 Dividend 

Apr 9, 2026
18.28
18.29
18.01
18.12
16.30
78,200
Apr 8, 2026
18.54
18.63
18.21
18.53
16.43
173,300
Apr 7, 2026
17.78
18.14
17.36
18.14
16.09
100,700
Apr 6, 2026
17.80
18.05
17.57
17.69
15.69
142,500
Apr 2, 2026
0.275 Dividend 

Apr 2, 2026
17.61
18.23
17.45
17.92
15.89
146,800
Apr 1, 2026
18.70
19.00
18.19
18.35
16.03
154,000
Mar 31, 2026
17.81
18.69
17.62
18.57
16.22
124,400
Mar 30, 2026
18.20
18.20
17.27
17.68
15.44
264,300
Mar 27, 2026
18.98
19.08
18.01
18.14
15.84
290,600
Mar 26, 2026
0.272 Dividend 

Mar 26, 2026
18.86
19.28
18.81
19.09
16.67
83,100
Mar 25, 2026
18.99
19.48
18.99
19.35
16.66
197,700
Mar 24, 2026
18.56
19.10
18.43
18.71
16.11
174,300
Mar 23, 2026
18.81
19.00
18.35
18.62
16.03
151,300
Mar 20, 2026
18.79
19.11
18.46
18.75
16.15
167,400
Mar 19, 2026
0.381 Dividend 

Mar 19, 2026
18.48
19.04
18.46
18.97
16.34
169,700
Mar 18, 2026
19.56
19.64
18.82
19.24
16.24
247,100
Mar 17, 2026
19.60
20.43
19.59
19.71
16.64
573,200
Mar 16, 2026
19.57
19.58
19.00
19.53
16.49
203,700
Mar 13, 2026
19.61
19.84
18.95
19.38
16.36
133,700
Mar 12, 2026
0.391 Dividend 

Mar 12, 2026
19.91
19.91
19.40
19.52
16.48
184,200
Mar 11, 2026
20.36
21.16
20.32
20.67
17.12
213,000
Mar 10, 2026
20.43
20.64
19.68
20.36
16.86
220,400
Mar 9, 2026
19.77
20.82
19.49
20.60
17.06
469,000
Mar 6, 2026
19.64
19.74
18.69
19.64
16.26
172,200
Mar 5, 2026
0.383 Dividend 

Mar 5, 2026
20.61
21.16
19.50
19.90
16.48
147,900
Mar 4, 2026
20.23
21.89
19.72
21.35
17.36
331,600
Mar 3, 2026
19.24
19.63
18.45
19.11
15.54
405,400
Mar 2, 2026
19.80
20.54
19.33
20.02
16.28
133,400
Feb 27, 2026
19.59
20.24
19.44
20.20
16.43
1,764,600
Feb 26, 2026
0.378 Dividend 

Feb 26, 2026
19.56
19.94
19.34
19.76
16.07
227,400
Feb 25, 2026
19.82
20.67
19.79
19.99
15.95
308,600
Feb 24, 2026
19.64
20.13
19.40
19.80
15.80
94,700
Feb 23, 2026
19.09
20.81
19.09
19.59
15.63
330,500
Feb 20, 2026
19.34
19.67
19.06
19.53
15.58
143,700
Feb 19, 2026
0.317 Dividend 

Feb 19, 2026
18.86
19.73
18.49
19.56
15.61
155,300
Feb 18, 2026
18.97
19.28
18.78
19.00
14.91
317,100
Feb 17, 2026
17.75
18.57
17.65
18.24
14.31
174,300
Feb 13, 2026
17.72
18.29
17.68
17.75
13.93
211,100
Feb 12, 2026
0.347 Dividend 

Feb 12, 2026
16.96
17.16
16.59
17.08
13.40
97,500
Feb 11, 2026
16.42
17.55
16.08
17.52
13.47
298,300
Feb 10, 2026
18.21
19.12
17.81
17.88
13.75
97,700
Feb 9, 2026
17.61
17.91
17.29
17.91
13.77
89,000
Feb 6, 2026
17.69
17.69
17.04
17.66
13.58
104,100
Feb 5, 2026
0.266 Dividend 

Feb 5, 2026
18.09
18.57
17.25
17.58
13.52
129,900
Feb 4, 2026
18.56
18.74
18.03
18.57
14.08
188,800
Feb 3, 2026
18.47
19.09
17.98
18.34
13.90
132,600
Feb 2, 2026
18.54
19.45
18.06
18.51
14.03
199,900
Jan 30, 2026
19.56
19.68
18.67
18.90
14.33
235,200
Jan 29, 2026
0.479 Dividend 

Jan 29, 2026
19.46
20.20
19.46
19.86
15.05
186,000
Jan 28, 2026
19.89
20.02
19.14
19.85
14.68
362,300
Jan 27, 2026
20.95
21.85
19.73
19.83
14.67
129,400
Jan 26, 2026
21.34
21.34
20.25
20.78
15.37
322,500
Jan 23, 2026
21.55
21.57
20.30
20.84
15.42
191,700
Jan 22, 2026
0.374 Dividend 

Jan 22, 2026
21.53
23.38
21.43
22.15
16.39
270,500
Jan 21, 2026
19.30
21.87
19.30
21.81
15.86
421,500
Jan 20, 2026
18.65
19.20
18.65
19.20
13.96
367,600
Jan 16, 2026
18.80
19.00
18.46
18.82
13.68
161,800
Jan 15, 2026
0.248 Dividend 

Jan 15, 2026
18.40
18.54
17.92
18.01
13.09
127,200
Jan 14, 2026
18.31
19.16
18.29
18.59
13.34
216,400
Jan 13, 2026
16.33
18.36
16.33
18.29
13.12
286,800
Jan 12, 2026
16.35
16.43
15.55
16.28
11.68
127,300
Jan 9, 2026
16.37
16.73
16.21
16.26
11.66
66,700
Jan 8, 2026
0.177 Dividend 

Jan 8, 2026
16.83
16.83
16.12
16.14
11.58
72,800
Jan 7, 2026
16.55
17.68
16.50
17.16
12.18
98,600
Jan 6, 2026
15.62
17.28
15.62
17.01
12.08
147,500
Jan 5, 2026
15.26
15.74
15.26
15.52
11.02
137,200
Jan 2, 2026
0.16 Dividend 

Jan 2, 2026
14.74
15.26
14.74
15.09
10.71
65,700
Dec 31, 2025
15.11
15.11
14.48
14.70
10.32
162,000
Dec 30, 2025
15.51
15.51
15.07
15.13
10.62
136,200
Dec 29, 2025
15.31
15.48
15.29
15.43
10.84
126,600
Dec 26, 2025
0.393 Dividend 

Dec 26, 2025
16.03
16.04
15.42
15.50
10.88
137,800
Dec 24, 2025
16.31
16.50
16.31
16.50
11.31
107,000
Dec 23, 2025
17.28
17.32
16.25
16.33
11.19
94,500
Dec 22, 2025
16.81
17.81
16.75
17.32
11.87
367,500
Dec 19, 2025
15.84
17.07
15.84
16.91
11.59
108,400
Dec 18, 2025
0.223 Dividend 

Dec 18, 2025
15.90
16.25
15.80
15.81
10.84
72,900
Dec 17, 2025
15.87
16.37
15.86
16.08
10.87
89,100
Dec 16, 2025
15.79
15.85
15.52
15.85
10.71
114,400
Dec 15, 2025
15.55
15.91
15.35
15.79
10.67
100,700
Dec 12, 2025
15.64
15.95
15.59
15.63
10.57
69,500
Dec 11, 2025
0.23 Dividend 

Dec 11, 2025
15.50
15.71
15.50
15.70
10.61
62,000
Dec 10, 2025
15.47
15.75
15.46
15.71
10.46
67,500
Dec 9, 2025
15.30
15.55
15.11
15.54
10.35
77,000
Dec 8, 2025
15.10
15.38
15.07
15.38
10.24
74,300
Dec 5, 2025
14.67
15.27
14.67
15.27
10.17
141,800
Dec 4, 2025
0.277 Dividend 

Dec 4, 2025
14.48
14.76
14.30
14.64
9.75
96,300
Dec 3, 2025
14.19
14.76
14.19
14.76
9.65
95,400
Dec 2, 2025
14.26
14.50
14.16
14.22
9.29
154,300
Dec 1, 2025
1:10 Stock Splits 

Dec 1, 2025
14.62
14.76
14.20
14.23
9.30
338,500
Nov 28, 2025
0.23 Dividend 

Nov 28, 2025
14.60
15.10
14.60
15.10
9.87
80,710
Nov 26, 2025
14.80
15.00
14.70
14.90
9.59
223,650
Nov 25, 2025
14.50
14.80
14.46
14.80
9.52
154,790
Nov 24, 2025
14.40
14.70
14.30
14.50
9.33
210,810
Nov 21, 2025
13.70
14.50
13.64
14.50
9.33
345,620
Nov 20, 2025
0.25 Dividend 

Nov 20, 2025
14.80
15.00
13.60
13.60
8.75
204,750
Nov 19, 2025
15.20
15.30
14.70
14.80
9.36
144,860
Nov 18, 2025
15.00
15.30
14.60
15.20
9.62
128,690
Nov 17, 2025
15.00
15.40
14.90
15.10
9.55
183,910
Nov 14, 2025
14.90
15.20
14.80
15.10
9.55
136,200
Nov 13, 2025
0.26 Dividend 

Nov 13, 2025
15.60
15.70
15.10
15.10
9.55
96,610
Nov 12, 2025
15.80
16.10
15.80
16.00
9.96
134,730
Nov 11, 2025
15.30
16.00
15.30
16.00
9.96
99,910
Nov 10, 2025
15.30
15.50
14.90
15.40
9.58
141,170
Nov 7, 2025
14.90
15.30
14.70
15.20
9.46
145,790
Nov 6, 2025
0.22 Dividend 

Nov 6, 2025
15.50
15.80
14.80
15.10
9.40
233,060
Nov 5, 2025
15.20
15.20
14.80
14.80
9.07
130,780
Nov 4, 2025
15.70
15.80
14.90
15.00
9.20
235,990
Nov 3, 2025
16.60
16.60
15.50
15.70
9.63
263,510
Oct 31, 2025
17.10
17.10
16.60
16.70
10.24
174,970
Oct 30, 2025
0.32 Dividend 

Oct 30, 2025
15.50
17.60
15.20
17.10
10.48
438,070
Oct 29, 2025
16.20
16.30
15.60
15.80
9.49
243,290
Oct 28, 2025
16.80
16.90
16.00
16.10
9.67
174,850
Oct 27, 2025
16.80
17.00
16.70
16.70
10.03
182,010
Oct 24, 2025
16.60
16.80
16.40
16.70
10.03
282,170
Oct 23, 2025
0.23 Dividend 

Oct 23, 2025
16.20
16.70
16.15
16.50
9.91
197,870
Oct 22, 2025
17.20
17.20
16.60
16.90
10.01
133,810
Oct 21, 2025
17.10
17.20
16.80
17.20
10.19
90,300
Oct 20, 2025
16.60
17.40
16.54
16.90
10.01
279,190
Oct 17, 2025
16.70
16.87
16.20
16.40
9.72
187,030
Oct 16, 2025
0.22 Dividend 

Oct 16, 2025
17.30
17.53
16.90
16.90
10.01
245,240
Oct 15, 2025
16.80
17.50
16.80
17.40
10.18
153,040
Oct 14, 2025
16.70
16.90
16.51
16.60
9.71
123,680
Oct 13, 2025
17.00
17.50
16.80
16.90
9.89
218,660
Oct 10, 2025
17.40
17.60
16.60
16.90
9.89
351,610
Oct 9, 2025
1.15 Dividend 

Oct 9, 2025
17.60
17.70
17.20
17.30
10.12
126,710
Oct 8, 2025
18.30
19.30
18.30
18.60
10.21
224,810
Oct 7, 2025
18.40
18.50
18.00
18.30
10.04
132,750
Oct 6, 2025
18.80
18.85
18.30
18.30
10.04
156,260
Oct 3, 2025
18.80
19.00
18.50
18.70
10.26
114,900
Oct 2, 2025
18.40
18.70
18.00
18.70
10.26
112,110
Oct 1, 2025
17.70
18.70
17.70
18.20
9.99
106,700
Sep 30, 2025
17.30
17.70
17.10
17.70
9.71
121,840
Sep 29, 2025
17.10
17.57
17.01
17.50
9.61
99,180
Sep 26, 2025
17.10
17.20
16.70
17.00
9.33
93,300
Sep 25, 2025
17.60
17.70
17.00
17.10
9.39
101,630
Sep 24, 2025
17.90
18.00
17.70
17.80
9.77
72,410
Sep 23, 2025
18.30
18.40
17.70
17.80
9.77
112,930
Sep 22, 2025
17.40
18.50
17.31
18.10
9.93
185,670
Sep 19, 2025
17.50
17.55
17.15
17.50
9.61
88,440
Sep 18, 2025
17.50
17.77
17.40
17.40
9.55
157,630
Sep 17, 2025
17.10
17.60
16.85
17.30
9.50
179,260
Sep 16, 2025
16.80
17.60
16.79
17.10
9.39
158,970
Sep 15, 2025
16.50
16.70
16.40
16.60
9.11
202,550
Sep 12, 2025
17.50
17.70
16.30
16.50
9.06
579,530
Sep 11, 2025
0.76 Dividend 

Sep 11, 2025
17.10
17.79
17.10
17.60
9.66
208,340
Sep 10, 2025
18.00
18.30
17.70
17.80
9.35
262,350
Sep 9, 2025
18.20
18.30
17.70
17.80
9.35
157,680
Sep 8, 2025
18.10
18.10
17.30
18.00
9.46
202,880
Sep 5, 2025
17.70
18.25
17.70
18.10
9.51
1,958,670
Sep 4, 2025
17.40
17.70
17.00
17.70
9.30
115,090
Sep 3, 2025
17.60
17.90
17.30
17.40
9.14
108,380
Sep 2, 2025
17.30
17.60
17.00
17.50
9.19
135,210
Aug 29, 2025
17.60
17.69
17.30
17.40
9.14
93,180
Aug 28, 2025
18.10
18.18
17.50
17.60
9.25
99,230
Aug 27, 2025
17.80
18.40
17.55
18.10
9.51
221,540
Aug 26, 2025
18.30
18.40
17.50
17.80
9.35
254,250
Aug 25, 2025
19.30
19.40
18.30
18.30
9.62
196,180
Aug 22, 2025
18.80
19.70
18.80
19.30
10.14
98,330
Aug 21, 2025
19.10
19.10
18.60
18.70
9.83
141,820
Aug 20, 2025
19.60
19.80
19.00
19.10
10.04
157,970
Aug 19, 2025
19.90
20.00
19.60
19.80
10.40
193,050
Aug 18, 2025
19.70
20.20
19.70
19.80
10.40
284,560
Aug 15, 2025
19.30
20.10
19.30
19.80
10.40
331,890
Aug 14, 2025
0.95 Dividend 

Aug 14, 2025
19.20
19.40
18.70
19.30
10.14
362,310
Aug 13, 2025
19.80
20.40
19.70
20.40
10.22
437,700
Aug 12, 2025
19.60
20.00
19.30
19.60
9.82
367,390
Aug 11, 2025
20.00
20.20
19.30
19.50
9.77
447,290
Aug 8, 2025
20.00
20.25
19.70
19.90
9.97
265,870
Aug 7, 2025
20.30
20.35
19.80
20.00
10.02
195,010
Aug 6, 2025
20.50
20.70
19.90
20.10
10.07
296,080
Aug 5, 2025
20.80
20.89
20.50
20.70
10.37
1,677,300
Aug 4, 2025
21.00
21.20
20.40
20.70
10.37
262,820
Aug 1, 2025
20.70
20.80
19.90
20.60
10.32
501,290
Jul 31, 2025
23.50
23.70
21.80
22.10
11.07
412,180
Jul 30, 2025
24.50
24.60
23.70
23.80
11.92
245,110
Jul 29, 2025
25.00
25.00
23.70
24.20
12.12
302,780
Jul 28, 2025
25.20
25.45
24.90
25.00
12.52
154,690
Jul 25, 2025
25.10
25.30
24.60
25.20
12.62
156,200
Jul 24, 2025
25.70
25.80
24.90
25.00
12.52
165,700
Jul 23, 2025
25.10
25.90
25.10
25.50
12.77
507,590
Jul 22, 2025
23.70
24.80
23.60
24.70
12.37
418,960
Jul 21, 2025
24.00
24.30
23.45
23.50
11.77
542,810
Jul 18, 2025
24.50
24.58
23.50
23.80
11.92
338,380
Jul 17, 2025
2 Dividend 

Jul 17, 2025
24.40
24.70
24.11
24.20
12.12
377,320
Jul 16, 2025
26.10
26.40
25.80
26.30
12.17
745,200
Jul 15, 2025
27.20
27.20
25.70
25.80
11.94
667,150
Jul 14, 2025
27.20
27.20
26.50
26.90
12.45
577,760
Jul 11, 2025
27.50
27.50
26.90
27.30
12.64
299,300
Jul 10, 2025
27.10
27.50
26.61
27.50
12.73
236,760
Jul 9, 2025
26.40
26.80
26.00
26.40
12.22
153,050
Jul 8, 2025
25.10
26.90
25.00
26.20
12.13
382,690
Jul 7, 2025
25.10
25.39
24.66
24.90
11.53
165,790
Jul 3, 2025
25.20
25.40
25.00
25.10
11.62
114,010
Jul 2, 2025
24.30
25.20
24.10
24.90
11.53
156,870
Jul 1, 2025
23.50
24.80
22.95
24.20
11.20
213,960
Jun 30, 2025
23.90
24.15
23.30
23.50
10.88
156,220
Jun 27, 2025
23.60
23.70
22.90
23.00
10.65
177,340
Jun 26, 2025
23.20
23.70
23.20
23.50
10.88
131,390
Jun 25, 2025
23.00
23.20
22.80
23.10
10.69
149,470
Jun 24, 2025
22.70
23.30
22.60
23.20
10.74
227,220
Jun 23, 2025
22.30
22.60
22.00
22.50
10.41
367,860
Jun 20, 2025
1.9 Dividend 

Jun 20, 2025
22.50
22.50
22.10
22.50
10.41
287,550
Jun 18, 2025
24.30
24.30
23.70
23.90
10.18
606,060
Jun 17, 2025
24.20
24.75
24.00
24.20
10.31
166,370
Jun 16, 2025
24.80
24.90
23.93
24.30
10.35
142,430
Jun 13, 2025
24.70
25.30
24.50
24.70
10.52
113,670
Jun 12, 2025
25.20
25.50
24.80
25.10
10.69
74,830
Jun 11, 2025
25.30
25.60
25.20
25.20
10.74
60,820
Jun 10, 2025
25.20
25.40
25.00
25.20
10.74
61,800
Jun 9, 2025
25.00
25.88
25.00
25.30
10.78
98,420
Jun 6, 2025
24.20
25.00
24.08
24.90
10.61
82,820
