Date
Open
High
Low
Close 

Adj Close 

Volume
Jun 5, 2026
12.07
12.07
11.69
11.76
11.76
73,400
Jun 4, 2026
0.101 Dividend 

Jun 4, 2026
12.22
12.22
12.01
12.05
12.05
54,100
Jun 3, 2026
12.40
12.40
12.05
12.11
12.01
69,300
Jun 2, 2026
12.56
12.67
12.43
12.46
12.36
92,300
Jun 1, 2026
12.95
13.01
12.85
12.89
12.78
134,900
May 29, 2026
12.27
12.68
12.27
12.68
12.57
105,400
May 28, 2026
0.082 Dividend 

May 28, 2026
11.88
12.23
11.88
12.19
12.09
42,400
May 27, 2026
11.98
12.05
11.92
11.93
11.75
94,300
May 26, 2026
12.12
12.14
12.00
12.11
11.93
117,900
May 22, 2026
12.17
12.23
12.04
12.12
11.94
56,300
May 21, 2026
0.089 Dividend 

May 21, 2026
12.21
12.23
12.01
12.12
11.94
96,400
May 20, 2026
12.08
12.23
12.00
12.23
11.96
52,700
May 19, 2026
12.39
12.44
12.10
12.13
11.86
181,400
May 18, 2026
12.18
12.28
12.09
12.25
11.98
73,600
May 15, 2026
12.04
12.38
12.03
12.29
12.02
159,400
May 14, 2026
0.142 Dividend 

May 14, 2026
11.88
12.02
11.77
11.98
11.71
61,100
May 13, 2026
11.98
12.03
11.89
11.93
11.52
143,200
May 12, 2026
12.20
12.20
12.04
12.05
11.64
109,800
May 11, 2026
12.16
12.23
12.05
12.20
11.79
166,900
May 8, 2026
12.30
12.35
12.26
12.32
11.90
118,600
May 7, 2026
0.136 Dividend 

May 7, 2026
12.36
12.52
12.36
12.40
11.98
114,900
May 6, 2026
12.24
12.45
12.15
12.36
11.81
115,500
May 5, 2026
12.40
12.40
12.22
12.29
11.74
85,100
May 4, 2026
12.32
12.51
12.32
12.32
11.77
220,000
May 1, 2026
12.39
12.43
12.28
12.38
11.83
75,300
Apr 30, 2026
0.176 Dividend 

Apr 30, 2026
12.25
12.34
11.94
12.23
11.68
218,400
Apr 29, 2026
12.76
12.77
12.64
12.76
12.02
70,600
Apr 28, 2026
12.72
12.85
12.69
12.85
12.11
57,000
Apr 27, 2026
12.72
12.80
12.56
12.77
12.03
81,800
Apr 24, 2026
12.55
12.75
12.55
12.75
12.01
56,500
Apr 23, 2026
0.111 Dividend 

Apr 23, 2026
12.73
12.73
12.41
12.52
11.80
87,600
Apr 22, 2026
12.84
13.05
12.82
13.05
12.19
57,400
Apr 21, 2026
12.75
12.90
12.67
12.80
11.96
243,300
Apr 20, 2026
12.75
12.78
12.65
12.67
11.84
42,200
Apr 17, 2026
12.81
12.98
12.79
12.81
11.97
106,500
Apr 16, 2026
0.073 Dividend 

Apr 16, 2026
12.72
12.75
12.52
12.73
11.89
87,800
Apr 15, 2026
12.18
12.64
12.16
12.55
11.66
143,000
Apr 14, 2026
11.95
12.09
11.88
12.07
11.21
197,200
Apr 13, 2026
11.54
11.83
11.48
11.83
10.99
141,100
Apr 10, 2026
11.51
11.53
11.46
11.48
10.66
85,100
Apr 9, 2026
0.112 Dividend 

Apr 9, 2026
11.50
11.57
11.35
11.57
10.75
101,400
Apr 8, 2026
11.78
11.80
11.56
11.61
10.68
75,200
Apr 7, 2026
11.52
11.57
11.43
11.57
10.64
25,700
Apr 6, 2026
11.57
11.57
11.49
11.57
10.64
72,700
Apr 2, 2026
0.067 Dividend 

Apr 2, 2026
11.45
11.60
11.35
11.60
10.67
61,400
Apr 1, 2026
11.57
11.61
11.51
11.52
10.53
50,900
Mar 31, 2026
11.37
11.58
11.36
11.55
10.56
64,500
Mar 30, 2026
11.30
11.42
11.17
11.18
10.22
65,900
Mar 27, 2026
11.32
11.32
11.14
11.16
10.21
88,200
Mar 26, 2026
0.07 Dividend 

Mar 26, 2026
11.57
11.63
11.41
11.41
10.43
82,000
Mar 25, 2026
11.80
11.82
11.59
11.66
10.60
59,500
Mar 24, 2026
11.92
11.92
11.65
11.70
10.64
79,600
Mar 23, 2026
12.03
12.10
11.94
11.94
10.85
83,000
Mar 20, 2026
12.10
12.10
11.89
11.97
10.88
71,600
Mar 19, 2026
0.075 Dividend 

Mar 19, 2026
12.18
12.24
12.08
12.15
11.04
45,100
Mar 18, 2026
12.56
12.56
12.27
12.27
11.09
94,200
Mar 17, 2026
12.53
12.63
12.46
12.55
11.34
1,527,700
Mar 16, 2026
12.43
12.53
12.38
12.50
11.29
50,700
Mar 13, 2026
12.55
12.61
12.36
12.43
11.23
57,100
Mar 12, 2026
0.078 Dividend 

Mar 12, 2026
12.59
12.65
12.53
12.55
11.34
35,400
Mar 11, 2026
12.71
12.80
12.61
12.70
11.40
49,400
Mar 10, 2026
12.85
12.85
12.65
12.75
11.45
59,400
Mar 9, 2026
12.69
12.86
12.64
12.86
11.55
54,200
Mar 6, 2026
12.82
12.89
12.75
12.77
11.47
129,700
Mar 5, 2026
0.082 Dividend 

Mar 5, 2026
12.71
12.88
12.71
12.86
11.55
93,900
Mar 4, 2026
12.75
12.96
12.71
12.80
11.42
58,300
Mar 3, 2026
12.50
12.86
12.50
12.81
11.43
193,000
Mar 2, 2026
12.50
12.73
12.50
12.67
11.30
42,700
Feb 27, 2026
12.47
12.62
12.45
12.48
11.13
1,150,100
Feb 26, 2026
0.077 Dividend 

Feb 26, 2026
12.76
12.84
12.67
12.71
11.34
77,400
Feb 25, 2026
12.53
12.80
12.53
12.75
11.31
101,900
Feb 24, 2026
12.28
12.46
12.27
12.43
11.02
53,100
Feb 23, 2026
12.68
12.68
12.27
12.33
10.93
631,300
Feb 20, 2026
12.68
12.74
12.61
12.72
11.28
74,400
Feb 19, 2026
0.074 Dividend 

Feb 19, 2026
12.71
12.81
12.64
12.65
11.22
46,500
Feb 18, 2026
12.76
12.82
12.67
12.72
11.21
95,600
Feb 17, 2026
12.66
12.75
12.59
12.64
11.14
112,700
Feb 13, 2026
12.82
12.86
12.69
12.73
11.22
103,800
Feb 12, 2026
0.069 Dividend 

Feb 12, 2026
12.84
12.88
12.68
12.82
11.30
56,700
Feb 11, 2026
13.16
13.18
12.82
12.92
11.33
121,300
Feb 10, 2026
13.32
13.40
13.12
13.12
11.50
216,500
Feb 9, 2026
12.91
13.19
12.80
13.19
11.57
95,700
Feb 6, 2026
12.70
12.81
12.58
12.76
11.19
118,200
Feb 5, 2026
0.057 Dividend 

Feb 5, 2026
12.96
12.97
12.55
12.56
11.01
177,100
Feb 4, 2026
13.14
13.36
13.10
13.23
11.55
100,800
Feb 3, 2026
13.50
13.50
13.09
13.14
11.47
120,400
Feb 2, 2026
13.69
13.72
13.51
13.55
11.83
86,100
Jan 30, 2026
13.90
13.90
13.61
13.66
11.93
180,100
Jan 29, 2026
0.064 Dividend 

Jan 29, 2026
14.09
14.09
13.48
13.85
12.09
296,100
Jan 28, 2026
15.18
15.20
15.05
15.17
13.19
68,200
Jan 27, 2026
14.98
15.17
14.98
15.13
13.15
54,300
Jan 26, 2026
14.66
14.93
14.61
14.81
12.88
58,500
Jan 23, 2026
14.31
14.82
14.31
14.66
12.75
61,400
Jan 22, 2026
0.058 Dividend 

Jan 22, 2026
14.16
14.32
14.10
14.25
12.39
98,100
Jan 21, 2026
14.38
14.38
13.98
14.11
12.22
170,500
Jan 20, 2026
14.42
14.50
14.28
14.45
12.51
238,600
Jan 16, 2026
14.50
14.64
14.50
14.55
12.60
77,200
Jan 15, 2026
0.059 Dividend 

Jan 15, 2026
14.59
14.63
14.47
14.56
12.61
120,400
Jan 14, 2026
14.82
14.89
14.55
14.73
12.70
107,400
Jan 13, 2026
15.01
15.05
14.84
14.99
12.93
86,000
Jan 12, 2026
15.07
15.21
15.02
15.10
13.02
100,600
Jan 9, 2026
15.06
15.19
15.00
15.14
13.06
66,400
Jan 8, 2026
0.053 Dividend 

Jan 8, 2026
15.26
15.26
15.10
15.16
13.07
41,800
Jan 7, 2026
15.22
15.50
15.22
15.38
13.22
141,700
Jan 6, 2026
15.08
15.21
14.98
15.18
13.05
43,000
Jan 5, 2026
15.07
15.15
14.97
15.03
12.92
62,500
Jan 2, 2026
0.062 Dividend 

Jan 2, 2026
15.40
15.40
14.98
15.07
12.95
154,000
Dec 31, 2025
15.51
15.53
15.43
15.45
13.22
46,800
Dec 30, 2025
15.46
15.60
15.46
15.52
13.28
119,800
Dec 29, 2025
15.44
15.56
15.44
15.53
13.29
144,400
Dec 26, 2025
0.061 Dividend 

Dec 26, 2025
15.55
15.55
15.50
15.53
13.29
43,900
Dec 24, 2025
15.56
15.64
15.55
15.61
13.31
11,300
Dec 23, 2025
15.56
15.60
15.56
15.56
13.27
66,200
Dec 22, 2025
15.59
15.62
15.48
15.56
13.27
104,000
Dec 19, 2025
15.58
15.61
15.48
15.58
13.28
135,900
Dec 18, 2025
0.067 Dividend 

Dec 18, 2025
15.35
15.66
15.35
15.52
13.23
70,500
Dec 17, 2025
15.37
15.47
15.36
15.36
13.04
63,200
Dec 16, 2025
15.29
15.41
15.27
15.40
13.07
80,400
Dec 15, 2025
15.45
15.47
15.28
15.32
13.00
76,900
Dec 12, 2025
15.49
15.50
15.38
15.43
13.10
69,100
Dec 11, 2025
0.078 Dividend 

Dec 11, 2025
15.35
15.60
15.35
15.53
13.18
58,300
Dec 10, 2025
15.64
15.64
15.39
15.50
13.09
86,000
Dec 9, 2025
15.72
15.84
15.72
15.81
13.35
42,100
Dec 8, 2025
15.63
15.83
15.63
15.83
13.37
70,000
Dec 5, 2025
15.50
15.60
15.49
15.59
13.17
101,600
Dec 4, 2025
0.173 Dividend 

Dec 4, 2025
15.50
15.57
15.42
15.57
13.15
55,700
Dec 3, 2025
15.57
15.78
15.54
15.61
13.04
118,300
Dec 2, 2025
15.87
16.02
15.85
15.91
13.29
50,900
Dec 1, 2025
15.86
15.93
15.81
15.85
13.24
66,700
Nov 28, 2025
0.079 Dividend 

Nov 28, 2025
15.75
16.00
15.75
15.97
13.34
49,000
Nov 26, 2025
15.76
16.00
15.76
15.92
13.23
126,400
Nov 25, 2025
15.66
15.74
15.33
15.68
13.03
54,100
Nov 24, 2025
15.61
15.67
15.44
15.66
13.02
387,100
Nov 21, 2025
15.72
15.73
15.42
15.51
12.89
166,300
Nov 20, 2025
0.165 Dividend 

Nov 20, 2025
16.14
16.15
15.63
15.69
13.04
142,300
Nov 19, 2025
16.17
16.35
15.97
16.11
13.25
63,100
Nov 18, 2025
16.38
16.52
16.09
16.27
13.38
82,900
Nov 17, 2025
16.70
16.83
16.64
16.70
13.74
65,000
Nov 14, 2025
16.41
16.82
16.41
16.78
13.80
52,600
Nov 13, 2025
0.101 Dividend 

Nov 13, 2025
16.82
16.82
16.56
16.63
13.68
33,000
Nov 12, 2025
16.91
16.91
16.60
16.88
13.80
58,700
Nov 11, 2025
16.74
16.85
16.67
16.84
13.77
38,700
Nov 10, 2025
16.60
16.78
16.59
16.78
13.72
71,300
Nov 7, 2025
16.47
16.54
16.36
16.47
13.47
102,600
Nov 6, 2025
0.099 Dividend 

Nov 6, 2025
16.79
16.79
16.48
16.53
13.52
67,200
Nov 5, 2025
17.10
17.16
16.87
16.87
13.71
117,700
Nov 4, 2025
17.06
17.17
16.95
17.15
13.94
50,500
Nov 3, 2025
17.23
17.42
17.15
17.18
13.97
93,700
Oct 31, 2025
17.49
17.49
17.11
17.17
13.96
95,100
Oct 30, 2025
0.116 Dividend 

Oct 30, 2025
17.45
17.60
17.33
17.44
14.18
117,100
Oct 29, 2025
17.94
17.94
17.73
17.87
14.43
106,600
Oct 28, 2025
18.03
18.10
17.81
17.87
14.43
112,400
Oct 27, 2025
17.50
17.66
17.50
17.60
14.21
61,600
Oct 24, 2025
17.37
17.40
17.30
17.35
14.01
51,000
Oct 23, 2025
0.074 Dividend 

Oct 23, 2025
17.36
17.36
17.29
17.31
13.98
81,200
Oct 22, 2025
17.39
17.45
17.31
17.38
13.98
43,400
Oct 21, 2025
17.30
17.31
17.18
17.31
13.92
58,300
Oct 20, 2025
17.22
17.29
17.17
17.20
13.83
540,300
Oct 17, 2025
16.99
17.21
16.96
17.15
13.79
67,600
Oct 16, 2025
0.272 Dividend 

Oct 16, 2025
17.15
17.24
17.00
17.11
13.76
50,800
Oct 15, 2025
17.49
17.52
17.32
17.42
13.79
61,900
Oct 14, 2025
17.17
17.46
17.13
17.43
13.80
53,700
Oct 13, 2025
17.48
17.48
17.36
17.44
13.81
66,800
Oct 10, 2025
17.60
17.64
17.29
17.33
13.72
64,100
Oct 9, 2025
17.64
17.64
17.50
17.58
13.92
34,600
Oct 8, 2025
17.65
17.69
17.63
17.68
14.00
42,600
Oct 7, 2025
17.70
17.73
17.57
17.58
13.92
62,400
Oct 6, 2025
17.50
17.79
17.50
17.77
14.07
120,500
Oct 3, 2025
17.44
17.52
17.42
17.50
13.85
75,700
Oct 2, 2025
17.40
17.49
17.32
17.39
13.77
58,600
Oct 1, 2025
17.35
17.48
17.32
17.47
13.83
36,800
Sep 30, 2025
17.31
17.44
17.27
17.42
13.79
44,200
Sep 29, 2025
17.30
17.41
17.27
17.35
13.73
64,200
Sep 26, 2025
17.20
17.32
17.16
17.27
13.67
21,400
Sep 25, 2025
17.18
17.25
17.13
17.15
13.58
81,800
Sep 24, 2025
17.24
17.29
17.18
17.29
13.69
55,700
Sep 23, 2025
17.31
17.32
17.15
17.25
13.66
88,300
Sep 22, 2025
17.16
17.36
17.16
17.31
13.70
488,900
Sep 19, 2025
17.21
17.44
17.10
17.43
13.80
170,900
Sep 18, 2025
0.316 Dividend 

Sep 18, 2025
17.20
17.25
17.12
17.12
13.55
139,600
Sep 17, 2025
17.49
17.51
17.38
17.47
13.58
85,500
Sep 16, 2025
17.62
17.62
17.45
17.46
13.57
69,000
Sep 15, 2025
17.46
17.60
17.40
17.60
13.68
108,700
Sep 12, 2025
17.34
17.49
17.33
17.41
13.53
293,200
Sep 11, 2025
17.38
17.38
17.21
17.29
13.44
77,100
Sep 10, 2025
17.35
17.35
17.19
17.26
13.42
35,100
Sep 9, 2025
17.24
17.27
17.16
17.16
13.34
31,500
Sep 8, 2025
17.07
17.24
17.07
17.16
13.34
39,300
Sep 5, 2025
17.52
17.52
17.01
17.04
13.24
79,400
Sep 4, 2025
17.35
17.50
17.35
17.50
13.60
50,600
Sep 3, 2025
17.39
17.44
17.32
17.39
13.52
46,500
Sep 2, 2025
17.23
17.40
17.14
17.32
13.46
60,800
Aug 29, 2025
17.50
17.50
17.33
17.43
13.55
53,300
Aug 28, 2025
17.43
17.54
17.38
17.54
13.63
116,600
Aug 27, 2025
17.23
17.42
17.19
17.40
13.52
89,400
Aug 26, 2025
17.32
17.34
17.13
17.24
13.40
163,000
Aug 25, 2025
17.39
17.43
17.32
17.32
13.46
76,500
Aug 22, 2025
17.30
17.49
17.23
17.39
13.52
100,600
Aug 21, 2025
0.318 Dividend 

Aug 21, 2025
17.23
17.38
17.22
17.26
13.42
90,200
Aug 20, 2025
17.76
17.79
17.58
17.59
13.43
113,400
Aug 19, 2025
17.97
17.97
17.71
17.77
13.56
114,200
Aug 18, 2025
18.15
18.18
17.91
17.96
13.71
346,900
Aug 15, 2025
18.19
18.27
18.08
18.10
13.81
53,700
Aug 14, 2025
18.14
18.25
18.10
18.20
13.89
54,300
Aug 13, 2025
18.41
18.45
18.06
18.12
13.83
82,800
Aug 12, 2025
18.20
18.40
18.16
18.32
13.98
48,300
Aug 11, 2025
18.16
18.29
18.06
18.15
13.85
72,500
Aug 8, 2025
18.15
18.18
18.04
18.16
13.86
55,100
Aug 7, 2025
18.28
18.34
17.98
18.04
13.77
96,900
Aug 6, 2025
18.35
18.38
18.17
18.20
13.89
41,500
Aug 5, 2025
18.58
18.58
18.27
18.28
13.95
58,100
Aug 4, 2025
18.20
18.58
18.20
18.53
14.14
99,000
Aug 1, 2025
18.42
18.42
18.02
18.11
13.82
73,400
Jul 31, 2025
18.75
18.75
18.40
18.40
14.04
140,600
Jul 30, 2025
17.89
17.89
17.78
17.89
13.65
73,500
Jul 29, 2025
17.88
17.94
17.81
17.82
13.60
66,000
Jul 28, 2025
17.94
17.94
17.78
17.86
13.63
105,200
Jul 25, 2025
17.84
17.98
17.80
17.88
13.65
133,500
Jul 24, 2025
0.414 Dividend 

Jul 24, 2025
17.72
17.88
17.70
17.86
13.63
66,100
Jul 23, 2025
18.11
18.11
17.92
18.06
13.47
109,100
Jul 22, 2025
18.20
18.21
18.05
18.11
13.51
87,200
Jul 21, 2025
18.11
18.30
18.08
18.25
13.61
271,800
Jul 18, 2025
18.30
18.30
18.16
18.27
13.62
64,800
Jul 17, 2025
18.08
18.26
18.08
18.26
13.62
77,800
Jul 16, 2025
18.05
18.13
17.93
18.11
13.51
91,200
Jul 15, 2025
18.00
18.12
17.95
18.08
13.48
49,400
Jul 14, 2025
17.95
18.00
17.92
17.99
13.42
50,600
Jul 11, 2025
17.80
17.99
17.80
17.94
13.38
30,000
Jul 10, 2025
17.97
17.97
17.86
17.91
13.36
38,900
Jul 9, 2025
17.93
18.00
17.91
17.97
13.40
47,700
Jul 8, 2025
17.83
17.85
17.76
17.82
13.29
34,300
Jul 7, 2025
17.84
17.85
17.76
17.85
13.31
59,900
Jul 3, 2025
17.70
17.87
17.70
17.85
13.31
48,500
Jul 2, 2025
17.54
17.70
17.54
17.61
13.13
42,700
Jul 1, 2025
17.81
17.85
17.65
17.68
13.18
52,300
Jun 30, 2025
17.80
17.88
17.76
17.83
13.30
66,000
Jun 27, 2025
17.80
17.87
17.63
17.77
13.25
95,700
Jun 26, 2025
0.485 Dividend 

Jun 26, 2025
17.75
17.80
17.69
17.77
13.25
122,100
Jun 25, 2025
18.17
18.22
18.12
18.20
13.21
79,800
Jun 24, 2025
18.17
18.18
18.06
18.17
13.19
72,800
Jun 23, 2025
17.99
18.09
17.66
18.01
13.07
337,300
Jun 20, 2025
17.88
17.93
17.80
17.86
12.96
47,600
Jun 18, 2025
17.76
17.87
17.74
17.87
12.97
26,500
Jun 17, 2025
17.74
17.82
17.72
17.81
12.93
33,500
Jun 16, 2025
17.65
17.86
17.65
17.78
12.91
27,300
Jun 13, 2025
17.69
17.76
17.65
17.70
12.85
25,200
Jun 12, 2025
17.60
17.77
17.58
17.72
12.86
43,400
Jun 11, 2025
17.54
17.66
17.50
17.62
12.79
27,800
Jun 10, 2025
17.50
17.54
17.41
17.50
12.70
35,200
Jun 9, 2025
17.43
17.58
17.43
17.58
12.76
39,100
Jun 6, 2025
17.50
17.55
17.43
17.46
12.67
114,400
Jun 5, 2025
17.44
17.50
17.38
17.47
12.68
25,000
Jun 4, 2025
17.44
17.44
17.37
17.40
12.63
35,200
Jun 3, 2025
17.30
17.39
17.29
17.38
12.62
19,900
Jun 2, 2025
17.25
17.30
17.19
17.30
12.56
55,700
May 30, 2025
17.28
17.28
17.15
17.22
12.50
82,500
May 29, 2025
0.55 Dividend 

May 29, 2025
17.24
17.24
17.13
17.22
12.50
61,000
May 28, 2025
17.85
17.85
17.68
17.71
12.46
66,300
May 27, 2025
17.66
17.80
17.65
17.80
12.52
78,000
May 23, 2025
17.59
17.59
17.36
17.48
12.29
28,100
May 22, 2025
17.61
17.66
17.56
17.61
12.39
28,300
May 21, 2025
17.59
17.63
17.47
17.51
12.32
41,300
May 20, 2025
17.58
17.64
17.51
17.64
12.41
20,800
May 19, 2025
17.46
17.65
17.46
17.59
12.37
123,700
May 16, 2025
17.55
17.58
17.33
17.58
12.36
47,500
May 15, 2025
17.32
17.58
17.32
17.45
12.27
80,000
May 14, 2025
17.28
17.46
17.28
17.45
12.27
31,400
May 13, 2025
17.32
17.39
17.16
17.29
12.16
37,200
May 12, 2025
17.30
17.32
17.09
17.31
12.18
47,300
May 9, 2025
17.02
17.09
16.95
17.03
11.98
29,400
May 8, 2025
17.00
17.13
16.93
17.02
11.97
41,900
May 7, 2025
16.79
16.93
16.77
16.79
11.81
36,900
May 6, 2025
16.78
16.94
16.78
16.85
11.85
29,900
May 5, 2025
16.68
16.97
16.68
16.89
11.88
38,500
May 2, 2025
16.60
16.95
16.60
16.81
11.82
97,100
May 1, 2025
0.526 Dividend 

May 1, 2025
16.61
16.92
16.46
16.52
11.62
159,000
Apr 30, 2025
16.21
16.31
15.90
16.23
11.04
82,700
Apr 29, 2025
16.17
16.23
16.09
16.21
11.03
39,400
Apr 28, 2025
16.10
16.15
15.92
16.12
10.97
26,500
Apr 25, 2025
15.93
16.10
15.88
16.10
10.96
55,200
Apr 24, 2025
15.52
15.95
15.52
15.94
10.85
49,000
Apr 23, 2025
15.60
15.69
15.45
15.49
10.54
36,700
Apr 22, 2025
15.16
15.26
14.94
15.24
10.37
22,300
Apr 21, 2025
15.07
15.20
14.80
14.88
10.13
388,600
Apr 17, 2025
15.37
15.45
15.24
15.24
10.37
20,900
Apr 16, 2025
15.70
15.78
15.25
15.37
10.46
16,500
Apr 15, 2025
15.94
16.14
15.88
15.95
10.85
15,100
Apr 14, 2025
16.18
16.19
15.89
16.03
10.91
35,600
Apr 11, 2025
15.71
15.98
15.71
15.95
10.85
52,400
Apr 10, 2025
15.64
15.79
15.30
15.70
10.68
13,400
Apr 9, 2025
14.93
15.97
14.85
15.86
10.79
110,600
Apr 8, 2025
15.32
15.47
14.56
14.72
10.02
49,800
Apr 7, 2025
14.45
15.21
14.30
14.75
10.04
89,900
Apr 4, 2025
14.98
15.39
14.84
14.84
10.10
128,500
Apr 3, 2025
0.334 Dividend 

Apr 3, 2025
15.41
15.57
15.20
15.36
10.45
50,700
Apr 2, 2025
15.90
16.12
15.82
16.05
10.70
31,300
Apr 1, 2025
15.70
16.05
15.70
16.05
10.70
24,900
Mar 31, 2025
15.74
15.77
15.48
15.70
10.46
24,600
Mar 28, 2025
16.21
16.23
15.82
15.85
10.56
46,600
Mar 27, 2025
16.20
16.34
16.18
16.29
10.86
23,900
Mar 26, 2025
16.38
16.38
16.18
16.26
10.84
30,100
Mar 25, 2025
16.26
16.40
16.26
16.38
10.92
15,800
Mar 24, 2025
16.41
16.41
16.25
16.27
10.84
444,800
Mar 21, 2025
16.04
16.24
16.00
16.24
10.82
9,900
Mar 20, 2025
16.01
16.28
15.99
16.14
10.75
24,300
Mar 19, 2025
16.10
16.19
15.97
16.12
10.74
17,600
Mar 18, 2025
16.06
16.06
15.90
15.98
10.65
9,200
Mar 17, 2025
16.20
16.22
16.01
16.14
10.76
34,100
Mar 14, 2025
16.09
16.14
15.86
16.10
10.73
48,900
Mar 13, 2025
15.95
15.95
15.70
15.74
10.49
27,100
Mar 12, 2025
15.93
16.12
15.75
15.89
10.59
18,800
Mar 11, 2025
15.60
15.97
15.54
15.79
10.52
28,900
Mar 10, 2025
16.02
16.02
15.66
15.79
10.52
69,800
Mar 7, 2025
16.21
16.29
15.93
16.29
10.86
55,000
Mar 6, 2025
0.285 Dividend 

Mar 6, 2025
16.29
16.42
16.21
16.28
10.85
48,200
Mar 5, 2025
16.41
16.76
16.32
16.76
10.98
40,300
Mar 4, 2025
16.09
16.53
16.00
16.28
10.66
58,300
Mar 3, 2025
16.62
16.62
16.20
16.38
10.73
37,700
Feb 28, 2025
16.37
16.61
16.21
16.61
10.88
31,000
Feb 27, 2025
16.66
16.85
16.39
16.39
10.74
43,500
Feb 26, 2025
16.64
16.82
16.46
16.67
10.92
35,000
Feb 25, 2025
16.83
16.83
16.55
16.69
10.93
71,200
Feb 24, 2025
17.01
17.01
16.65
16.86
11.04
85,000
Feb 21, 2025
17.30
17.30
16.98
16.98
11.12
36,800
Feb 20, 2025
17.26
17.29
17.12
17.20
11.27
40,600
Feb 19, 2025
16.96
17.19
16.96
17.19
11.26
58,900
Feb 18, 2025
16.91
17.05
16.91
17.01
11.14
77,500
Feb 14, 2025
16.95
17.00
16.88
16.91
11.08
35,700
Feb 13, 2025
16.93
17.02
16.88
17.00
11.14
22,800
Feb 12, 2025
16.95
17.03
16.83
16.93
11.09
59,500
Feb 11, 2025
17.00
17.11
16.99
17.03
11.16
30,600
Feb 10, 2025
17.09
17.20
17.05
17.05
11.17
60,700
Feb 7, 2025
17.20
17.30
16.93
17.05
11.17
79,500
Feb 6, 2025
0.362 Dividend 

Feb 6, 2025
17.25
17.31
17.15
17.19
11.26
66,500
Feb 5, 2025
17.49
17.49
17.35
17.47
11.21
48,300
Feb 4, 2025
17.33
17.49
17.33
17.49
11.22
45,900
Feb 3, 2025
17.30
17.49
17.21
17.30
11.10
62,400
Jan 31, 2025
17.69
17.69
17.49
17.50
11.23
76,400
Jan 30, 2025
17.98
17.98
17.42
17.49
11.22
181,300
Jan 29, 2025
18.60
18.60
18.40
18.45
11.83
53,800
Jan 28, 2025
18.37
18.72
18.11
18.60
11.93
70,300
Jan 27, 2025
18.00
18.47
17.84
18.47
11.85
76,600
Jan 24, 2025
18.63
18.66
18.44
18.55
11.90
35,900
Jan 23, 2025
18.45
18.65
18.45
18.63
11.95
42,300
Jan 22, 2025
18.30
18.63
18.30
18.63
11.95
124,900
Jan 21, 2025
18.46
18.46
18.04
18.11
11.62
184,100
Jan 17, 2025
18.20
18.26
18.09
18.17
11.66
60,300
Jan 16, 2025
18.10
18.12
18.00
18.00
11.55
30,600
Jan 15, 2025
17.95
18.10
17.93
18.10
11.61
69,800
Jan 14, 2025
17.70
17.82
17.53
17.73
11.37
46,200
Jan 13, 2025
17.69
17.80
17.61
17.79
11.41
66,800
Jan 10, 2025
18.02
18.02
17.66
17.82
11.43
78,300
Jan 8, 2025
0.367 Dividend 

Jan 8, 2025
18.05
18.11
17.94
18.02
11.56
37,100
Jan 7, 2025
18.59
18.59
18.28
18.34
11.53
81,600
Jan 6, 2025
18.53
18.65
18.40
18.54
11.65
93,300
Jan 3, 2025
18.19
18.37
18.19
18.32
11.52
44,700
Jan 2, 2025
18.30
18.40
18.00
18.23
11.46
51,000
Dec 31, 2024
18.38
18.46
18.18
18.18
11.43
54,600
Dec 30, 2024
18.35
18.50
18.25
18.38
11.55
45,000
Dec 27, 2024
18.80
18.80
18.40
18.68
11.74
60,200
Dec 26, 2024
18.82
18.93
18.79
18.88
11.87
39,900
Dec 24, 2024
18.77
18.90
18.74
18.90
11.88
49,800
Dec 23, 2024
18.72
18.81
18.62
18.77
11.80
164,000
Dec 20, 2024
18.56
18.99
18.45
18.75
11.79
38,100
Dec 19, 2024
18.88
18.99
18.72
18.72
11.77
41,000
Dec 18, 2024
19.28
19.30
18.78
18.79
11.81
55,200
Dec 17, 2024
19.25
19.30
19.17
19.30
12.13
54,000
Dec 16, 2024
19.17
19.22
19.01
19.14
12.03
76,400
Dec 13, 2024
19.06
19.20
19.01
19.10
12.01
119,100
Dec 12, 2024
0.413 Dividend 

Dec 12, 2024
19.09
19.23
19.09
19.20
12.07
62,700
Dec 11, 2024
19.44
19.54
19.35
19.54
12.02
84,200
Dec 10, 2024
19.40
19.52
19.23
19.36
11.91
56,600
Dec 9, 2024
19.31
19.43
19.22
19.41
11.94
76,900
Dec 6, 2024
19.30
19.40
19.25
19.30
11.88
60,500
Dec 5, 2024
19.15
19.31
19.15
19.30
11.88
65,200
Dec 4, 2024
19.17
19.23
19.15
19.15
11.78
54,800
Dec 3, 2024
19.10
19.10
18.99
19.03
11.71
57,800
Dec 2, 2024
18.84
19.11
18.76
19.10
11.75
90,700
Nov 29, 2024
18.81
18.84
18.60
18.84
11.59
36,700
Nov 27, 2024
18.93
18.93
18.74
18.82
11.58
52,100
Nov 26, 2024
18.78
18.94
18.75
18.94
11.65
71,800
Nov 25, 2024
18.61
18.76
18.60
18.75
11.54
72,200
Nov 22, 2024
18.49
18.67
18.49
18.56
11.42
46,500
Nov 21, 2024
18.67
18.69
18.40
18.57
11.43
37,100
Nov 20, 2024
18.64
18.70
18.40
18.55
11.41
59,500
Nov 19, 2024
18.50
18.71
18.40
18.71
11.51
60,600
Nov 18, 2024
18.50
18.70
18.48
18.63
11.46
169,400
Nov 15, 2024
18.87
18.87
18.42
18.60
11.45
96,000
Nov 14, 2024
0.51 Dividend 

Nov 14, 2024
19.00
19.09
18.80
19.01
11.70
53,300
Nov 13, 2024
19.42
19.60
19.18
19.44
11.65
157,000
Nov 12, 2024
19.40
19.41
19.13
19.41
11.63
120,600
Nov 11, 2024
19.35
19.43
19.09
19.22
11.52
72,400
Nov 8, 2024
19.20
19.35
19.20
19.33
11.58
72,500
Nov 7, 2024
19.21
19.33
19.19
19.33
11.58
50,100
Nov 6, 2024
19.31
19.31
18.85
19.18
11.49
58,900
Nov 5, 2024
18.78
18.95
18.78
18.91
11.33
23,100
Nov 4, 2024
18.75
18.77
18.60
18.62
11.16
55,000
Nov 1, 2024
18.76
18.93
18.65
18.71
11.21
71,100
Oct 31, 2024
19.03
19.13
18.55
18.60
11.15
170,100
Oct 30, 2024
19.62
19.70
19.54
19.56
11.72
67,100
Oct 29, 2024
19.25
19.54
19.25
19.50
11.68
33,300
Oct 28, 2024
19.50
19.50
19.30
19.42
11.64
57,100
Oct 25, 2024
19.27
19.48
19.15
19.33
11.58
40,600
Oct 24, 2024
19.28
19.41
19.28
19.41
11.63
29,300
Oct 23, 2024
19.48
19.48
19.27
19.39
11.62
43,100
Oct 22, 2024
19.09
19.41
19.09
19.40
11.62
60,000
Oct 21, 2024
19.14
19.18
18.94
19.18
11.49
169,300
Oct 18, 2024
19.10
19.14
19.00
19.14
11.47
81,400
Oct 17, 2024
0.508 Dividend 

Oct 17, 2024
19.16
19.20
19.00
19.07
11.43
48,300
Oct 16, 2024
19.64
19.64
19.25
19.55
11.41
76,900
Oct 15, 2024
19.72
19.72
19.46
19.68
11.49
71,000
Oct 14, 2024
19.67
19.76
19.56
19.70
11.50
50,000
Oct 11, 2024
19.51
19.52
19.34
19.51
11.39
46,200
Oct 10, 2024
19.55
19.55
19.36
19.53
11.40
40,800
Oct 9, 2024
19.55
19.60
19.34
19.57
11.42
32,400
Oct 8, 2024
19.55
19.55
19.19
19.42
11.33
27,800
Oct 7, 2024
19.56
19.56
19.13
19.23
11.22
47,400
Oct 4, 2024
19.75
19.75
19.36
19.45
11.35
26,800
Oct 3, 2024
19.62
19.62
19.37
19.45
11.35
23,700
Oct 2, 2024
19.60
19.60
19.43
19.50
11.38
27,000
Oct 1, 2024
20.03
20.03
19.58
19.60
11.44
38,000
Sep 30, 2024
20.15
20.15
19.85
20.02
11.68
42,400
Sep 27, 2024
20.25
20.25
19.93
20.03
11.69
30,800
Sep 26, 2024
20.27
20.30
19.97
20.15
11.76
37,600
Sep 25, 2024
19.90
20.11
19.90
20.04
11.70
22,400
Sep 24, 2024
20.30
20.30
19.86
19.91
11.62
36,500
Sep 23, 2024
20.21
20.26
20.08
20.12
11.74
108,200
Sep 20, 2024
20.17
20.28
20.13
20.20
11.79
42,000
Sep 19, 2024
20.29
20.29
20.16
20.23
11.80
42,300
Sep 18, 2024
20.02
20.08
19.93
19.95
11.64
73,900
Sep 17, 2024
20.19
20.19
20.00
20.13
11.75
26,200
Sep 16, 2024
19.80
19.96
19.80
19.90
11.61
25,700
Sep 13, 2024
19.78
19.88
19.78
19.84
11.58
29,400
Sep 12, 2024
19.81
19.85
19.71
19.78
11.54
34,500
Sep 11, 2024
19.60
19.81
19.36
19.81
11.56
25,600
Sep 10, 2024
19.39
19.56
19.30
19.55
11.41
40,900
Sep 9, 2024
19.06
19.31
19.01
19.18
11.19
52,600
Sep 6, 2024
0.433 Dividend 

Sep 6, 2024
19.43
19.43
18.91
19.00
11.09
52,200
Sep 5, 2024
19.56
19.86
19.56
19.57
11.17
29,800
Sep 4, 2024
19.50
19.74
19.43
19.60
11.19
39,200
Sep 3, 2024
20.05
20.09
19.62
19.79
11.29
35,200
Aug 30, 2024
19.80
20.03
19.79
20.03
11.43
21,300
Aug 29, 2024
19.78
20.15
19.76
19.78
11.29
36,100
Aug 28, 2024
19.79
19.83
19.55
19.60
11.19
23,600
Aug 27, 2024
19.78
19.90
19.67
19.90
11.36
20,800
Aug 26, 2024
20.07
20.07
19.70
19.83
11.32
22,400
Aug 23, 2024
20.01
20.01
19.72
19.92
11.37
37,700
Aug 22, 2024
20.15
20.19
19.80
19.90
11.36
36,700
Aug 21, 2024
20.15
20.16
20.05
20.16
11.51
27,500
Aug 20, 2024
19.87
20.14
19.87
20.14
11.49
43,300
Aug 19, 2024
19.79
19.99
19.61
19.99
11.41
83,100
Aug 16, 2024
19.80
19.93
19.80
19.87
11.34
29,900
Aug 15, 2024
20.00
20.00
19.83
20.00
11.41
40,200
Aug 14, 2024
19.76
19.91
19.76
19.91
11.36
21,800
Aug 13, 2024
19.55
19.76
19.55
19.75
11.27
28,300
Aug 12, 2024
19.58
19.58
19.39
19.53
11.15
24,100
Aug 9, 2024
19.28
19.52
19.25
19.36
11.05
38,800
Aug 8, 2024
19.16
19.42
19.15
19.30
11.01
51,800
Aug 7, 2024
0.405 Dividend 

Aug 7, 2024
19.55
19.57
19.00
19.15
10.93
28,600
Aug 6, 2024
19.35
19.78
19.35
19.50
10.90
51,100
Aug 5, 2024
18.74
19.56
18.56
19.25
10.76
71,700
Aug 2, 2024
20.00
20.09
19.65
19.92
11.13
49,100
Aug 1, 2024
20.37
20.67
20.07
20.20
11.29
58,800
Jul 31, 2024
20.35
20.52
19.98
20.35
11.37
124,200
Jul 30, 2024
20.38
20.50
20.09
20.24
11.31
95,000
Jul 29, 2024
20.53
20.54
20.37
20.39
11.40
52,600
Jul 26, 2024
20.44
20.51
20.08
20.47
11.44
44,200
Jul 25, 2024
20.52
20.56
20.05
20.19
11.28
49,300
Jul 24, 2024
21.14
21.14
20.51
20.62
11.52
53,100
Jul 23, 2024
21.28
21.36
21.19
21.24
11.87
27,600
Jul 22, 2024
21.06
21.23
20.95
21.19
11.84
47,300
Jul 19, 2024
20.92
21.01
20.82
20.85
11.65
108,000
Jul 18, 2024
21.27
21.27
20.77
21.03
11.75
73,000
Jul 17, 2024
21.18
21.22
20.99
21.13
11.81
76,700
Jul 16, 2024
21.64
21.64
21.32
21.54
12.04
80,300
Jul 15, 2024
21.56
21.70
21.50
21.52
12.03
62,100
Jul 12, 2024
21.63
21.64
21.46
21.58
12.06
67,500
Jul 11, 2024
22.00
22.10
21.42
21.61
12.08
93,300
Jul 10, 2024
21.87
22.09
21.80
22.09
12.35
72,200
Jul 9, 2024
22.10
22.10
21.75
21.75
12.16
76,900
Jul 8, 2024
22.10
22.10
22.00
22.10
12.35
94,100
Jul 5, 2024
0.385 Dividend 

Jul 5, 2024
22.26
22.26
22.07
22.17
12.39
79,100
Jul 3, 2024
22.49
22.49
22.40
22.41
12.31
62,200
Jul 2, 2024
22.30
22.45
22.23
22.42
12.31
74,600
Jul 1, 2024
22.25
22.37
21.95
22.36
12.28
91,300
Jun 28, 2024
22.28
22.28
22.19
22.26
12.23
64,600
Jun 27, 2024
22.20
22.25
22.16
22.24
12.22
54,800
Jun 26, 2024
22.15
22.19
22.07
22.19
12.19
40,800
Jun 25, 2024
22.00
22.17
21.98
22.17
12.18
45,200
Jun 24, 2024
22.09
22.10
21.93
22.02
12.09
51,300
Jun 21, 2024
21.88
22.00
21.88
22.00
12.08
57,500
Jun 20, 2024
21.92
21.92
21.70
21.90
12.03
70,900
Jun 18, 2024
21.80
21.92
21.80
21.84
12.00
120,700
Jun 17, 2024
21.60
21.95
21.58
21.95
12.06
70,900
Jun 14, 2024
21.54
21.70
21.54
21.70
11.92
54,400
Jun 13, 2024
21.60
21.70
21.60
21.64
11.89
47,400
Jun 12, 2024
21.65
21.65
21.61
21.64
11.89
64,300
Jun 11, 2024
21.42
21.62
21.40
21.62
11.87
49,200
Jun 10, 2024
21.20
21.47
21.20
21.45
11.78
88,000
Jun 7, 2024
21.37
21.42
21.26
21.39
11.75
110,000
Jun 6, 2024
0.48 Dividend 

Jun 6, 2024
21.34
21.36
21.20
21.33
11.72
67,500
Jun 5, 2024
21.64
21.84
21.49
21.84
11.73
105,400
Jun 4, 2024
21.30
21.48
21.22
21.48
11.54
70,500
Jun 3, 2024
21.50
21.50
21.12
21.35
11.47
63,000
May 31, 2024
21.51
21.51
20.85
21.35
11.47
104,500
May 30, 2024
21.90
21.90
21.34
21.48
11.54
84,800
May 29, 2024
22.02
22.10
21.97
22.08
11.86
54,900
May 28, 2024
22.05
22.06
21.98
22.06
11.85
67,500
May 24, 2024
21.99
22.10
21.93
22.09
11.87
87,700
May 23, 2024
22.05
22.10
21.94
22.00
11.82
50,400
May 22, 2024
22.04
22.11
21.95
22.00
11.82
51,800
May 21, 2024
21.76
22.01
21.76
22.00
11.82
64,500
May 20, 2024
21.75
21.90
21.69
21.88
11.75
83,700
May 17, 2024
21.73
21.73
21.60
21.69
11.65
46,400
May 16, 2024
21.65
21.68
21.60
21.66
11.64
27,500
May 15, 2024
21.68
21.69
21.50
21.68
11.65
43,600
May 14, 2024
21.47
21.62
21.34
21.58
11.59
34,700
May 13, 2024
21.50
21.50
21.32
21.45
11.52
28,800
May 10, 2024
21.43
21.50
21.35
21.50
11.55
48,800
May 9, 2024
21.33
21.38
21.18
21.34
11.46
36,900
May 8, 2024
21.22
21.33
21.09
21.26
11.42
78,500
May 7, 2024
21.12
21.31
21.12
21.17
11.37
55,700
May 6, 2024
0.573 Dividend 

May 6, 2024
21.06
21.25
21.00
21.25
11.42
80,600
May 3, 2024
21.44
21.64
21.30
21.50
11.24
133,400
May 2, 2024
21.28
21.28
20.98
21.21
11.09
44,700
May 1, 2024
20.67
21.34
20.67
21.01
10.99
49,700
Apr 30, 2024
21.34
21.36
20.71
20.71
10.83
57,700
Apr 29, 2024
21.58
21.58
21.16
21.38
11.18
82,300
Apr 26, 2024
21.76
21.76
21.42
21.44
11.21
86,300
Apr 25, 2024
21.11
21.11
20.50
21.08
11.02
110,100
Apr 24, 2024
21.54
21.64
21.37
21.49
11.24
69,300
Apr 23, 2024
21.09
21.47
21.09
21.42
11.20
29,300
Apr 22, 2024
21.34
21.34
20.85
21.09
11.03
129,900
Apr 19, 2024
21.36
21.36
20.94
21.02
10.99
58,400
Apr 18, 2024
21.72
21.72
21.21
21.24
11.11
51,400
Apr 17, 2024
21.92
21.93
21.52
21.63
11.31
44,700
Apr 16, 2024
21.79
21.93
21.70
21.80
11.40
40,100
Apr 15, 2024
22.22
22.37
21.66
21.78
11.39
63,300
Apr 12, 2024
22.30
22.30
21.91
22.10
11.56
165,300
Apr 11, 2024
22.07
22.36
22.06
22.34
11.68
35,800
Apr 10, 2024
22.09
22.12
21.88
22.12
11.57
92,500
Apr 9, 2024
22.22
22.24
21.98
22.24
11.63
68,500
Apr 8, 2024
22.19
22.19
22.05
22.17
11.59
68,900
Apr 5, 2024
21.65
22.13
21.65
22.04
11.52
103,400
Apr 4, 2024
0.73 Dividend 

Apr 4, 2024
22.07
22.18
21.75
21.85
11.42
126,900
Apr 3, 2024
22.68
22.74
22.50
22.66
11.47
125,000
Apr 2, 2024
22.71
22.71
22.48
22.67
11.47
81,300
Apr 1, 2024
22.60
22.79
22.60
22.73
11.50
83,200
Mar 28, 2024
22.58
22.61
22.50
22.59
11.43
46,500
Mar 27, 2024
22.70
22.72
22.47
22.58
11.43
111,500
Mar 26, 2024
22.84
22.84
22.62
22.65
11.46
61,700
Mar 25, 2024
22.97
22.98
22.60
22.70
11.49
84,000
Mar 22, 2024
23.04
23.04
22.85
22.97
11.62
54,500
Mar 21, 2024
22.90
22.93
22.76
22.88
11.58
113,400
Mar 20, 2024
22.65
22.80
22.60
22.80
11.54
80,300
Mar 19, 2024
22.49
22.65
22.32
22.60
11.44
114,800
Mar 18, 2024
22.39
22.54
22.34
22.48
11.38
58,200
Mar 15, 2024
22.57
22.72
22.13
22.41
11.34
32,500
Mar 14, 2024
22.42
22.46
22.28
22.46
11.37
71,200
Mar 13, 2024
22.21
22.42
22.02
22.42
11.35
40,500
Mar 12, 2024
21.75
22.20
21.75
22.20
11.23
43,300
Mar 11, 2024
21.74
21.80
21.56
21.68
10.97
56,300
Mar 8, 2024
22.04
22.04
21.60
21.84
11.05
106,900
Mar 7, 2024
21.79
21.98
21.56
21.98
11.12
61,900
Mar 6, 2024
0.761 Dividend 

Mar 6, 2024
21.66
21.70
21.29
21.60
10.93
106,200
Mar 5, 2024
22.97
22.97
22.22
22.39
10.94
113,700
Mar 4, 2024
23.00
23.00
22.82
22.93
11.21
75,200
Mar 1, 2024
22.84
22.98
22.68
22.91
11.20
43,800
Feb 29, 2024
22.51
22.78
22.41
22.74
11.12
29,200
Feb 28, 2024
22.52
22.57
22.35
22.55
11.02
33,700
Feb 27, 2024
22.42
22.60
22.27
22.60
11.05
62,800
Feb 26, 2024
22.72
22.72
22.42
22.45
10.97
56,900
Feb 23, 2024
22.74
22.74
22.49
22.55
11.02
35,200
Feb 22, 2024
22.45
22.66
22.45
22.60
11.05
44,700
Feb 21, 2024
22.00
22.04
21.85
22.02
10.76
27,500
Feb 20, 2024
22.22
22.22
21.86
22.13
10.82
51,700
Feb 16, 2024
22.30
22.33
22.01
22.14
10.82
38,800
Feb 15, 2024
22.43
22.43
22.10
22.22
10.86
50,000
Feb 14, 2024
22.29
22.50
22.13
22.50
11.00
60,600
Feb 13, 2024
22.53
22.53
22.10
22.22
10.86
85,900
Feb 12, 2024
22.96
22.96
22.65
22.72
11.11
67,300
Feb 9, 2024
22.98
22.98
22.77
22.87
11.18
63,200
Feb 8, 2024
22.87
22.87
22.78
22.87
11.18
20,800
Feb 7, 2024
0.684 Dividend 

Feb 7, 2024
22.75
22.83
22.51
22.83
11.16
57,400
Feb 6, 2024
23.36
23.36
23.03
23.21
11.01
60,500
Feb 5, 2024
23.47
23.47
23.08
23.20
11.01
43,100
Feb 2, 2024
23.39
23.39
23.06
23.30
11.05
73,700
Feb 1, 2024
23.20
23.20
22.94
23.10
10.96
26,900
Jan 31, 2024
23.27
23.48
22.67
22.77
10.80
40,500
Jan 30, 2024
23.19
23.29
22.96
23.07
10.94
45,200
Jan 29, 2024
23.07
23.17
22.90
23.10
10.96
49,100
Jan 26, 2024
22.87
23.00
22.80
23.00
10.91
32,200
Jan 25, 2024
22.80
22.92
22.70
22.88
10.85
35,700
Jan 24, 2024
22.69
22.83
22.57
22.78
10.81
26,200
Jan 23, 2024
22.60
22.60
22.32
22.50
10.67
35,600
Jan 22, 2024
22.69
22.69
22.25
22.40
10.63
46,300
Jan 19, 2024
22.65
22.65
22.35
22.40
10.63
54,600
Jan 18, 2024
22.18
22.55
22.17
22.38
10.62
47,400
Jan 17, 2024
22.29
22.29
21.96
22.20
10.53
30,000
Jan 16, 2024
22.25
22.34
22.08
22.18
10.52
84,800
Jan 12, 2024
22.10
22.15
21.76
22.09
10.48
54,000
Jan 11, 2024
22.04
22.10
21.93
22.10
10.48
47,600
Jan 10, 2024
21.94
22.04
21.82
22.04
10.46
33,900
Jan 9, 2024
21.61
21.85
21.60
21.83
10.36
28,400
Jan 8, 2024
21.44
22.00
21.41
22.00
10.44
46,800
Jan 5, 2024
0.511 Dividend 

Jan 5, 2024
21.59
21.69
21.36
21.39
10.15
56,700
Jan 4, 2024
22.05
22.18
21.83
21.91
10.15
73,000
Jan 3, 2024
22.11
22.25
21.98
22.03
10.21
51,100
Jan 2, 2024
22.33
22.33
21.85
22.03
10.21
65,200
Dec 29, 2023
22.38
22.40
22.18
22.35
10.36
48,300
Dec 28, 2023
22.36
22.36
22.17
22.29
10.33
38,600
Dec 27, 2023
22.23
22.24
22.04
22.17
10.27
38,800
Dec 26, 2023
22.20
22.30
22.14
22.19
10.28
35,100
Dec 22, 2023
22.15
22.22
22.08
22.15
10.26
40,700
Dec 21, 2023
22.02
22.23
21.90
22.10
10.24
27,000
Dec 20, 2023
22.03
22.18
21.90
21.99
10.19
32,800
Dec 19, 2023
21.90
22.00
21.90
21.99
10.19
27,900
Dec 18, 2023
21.89
22.01
21.72
21.90
10.15
55,900
Dec 15, 2023
21.55
21.90
21.55
21.75
10.08
47,600
Dec 14, 2023
22.10
22.10
21.50
21.52
9.97
79,300
Dec 13, 2023
21.99
22.12
21.81
21.93
10.16
65,900
Dec 12, 2023
21.84
21.93
21.76
21.91
10.15
17,600
Dec 11, 2023
21.77
21.90
21.60
21.90
10.15
59,100
Dec 8, 2023
21.71
21.91
21.67
21.91
10.15
27,400
Dec 7, 2023
0.782 Dividend 

Dec 7, 2023
21.67
21.81
21.45
21.76
10.08
49,200
Dec 6, 2023
22.73
22.73
22.33
22.39
10.01
70,200
Dec 5, 2023
22.32
22.62
22.15
22.58
10.10
20,400
Dec 4, 2023
22.51
22.51
21.98
22.36
10.00
28,800
Dec 1, 2023
22.93
22.93
22.49
22.69
10.15
27,700
Nov 30, 2023
22.78
22.88
22.71
22.82
10.20
14,500
Nov 29, 2023
23.00
23.05
22.78
22.92
10.25
19,400
Nov 28, 2023
22.92
23.00
22.81
22.92
10.25
16,600
Nov 27, 2023
22.83
22.89
22.71
22.88
10.23
30,100
Nov 24, 2023
22.65
22.78
22.65
22.77
10.18
14,600
Nov 22, 2023
22.65
22.73
22.59
22.67
10.14
14,500
Nov 21, 2023
22.68
23.00
22.32
22.48
10.05
20,100
Nov 20, 2023
22.42
22.63
22.31
22.51
10.07
28,100
Nov 17, 2023
22.39
22.41
22.11
22.29
9.97
33,900
Nov 16, 2023
22.22
22.42
22.22
22.38
10.01
33,500
Nov 15, 2023
22.07
22.21
22.06
22.19
9.92
9,700
Nov 14, 2023
21.97
22.19
21.97
22.07
9.87
19,400
Nov 13, 2023
21.88
22.01
21.86
21.89
9.79
11,800
Nov 10, 2023
21.99
21.99
21.84
21.96
9.82
23,400
Nov 9, 2023
21.90
21.96
21.82
21.82
9.76
17,400
Nov 8, 2023
0.377 Dividend 

Nov 8, 2023
21.96
21.96
21.77
21.87
9.78
22,300
Nov 7, 2023
22.28
22.28
22.15
22.16
9.74
36,300
Nov 6, 2023
21.99
22.14
21.99
22.06
9.70
31,400
Nov 3, 2023
22.00
22.03
21.83
21.83
9.60
16,200
Nov 2, 2023
21.89
21.89
21.72
21.88
9.62
18,500
Nov 1, 2023
21.44
21.75
21.44
21.70
9.54
10,400
Oct 31, 2023
21.37
21.40
21.20
21.33
9.38
15,500
Oct 30, 2023
21.20
21.35
20.96
21.26
9.35
24,300
Oct 27, 2023
20.72
21.29
20.72
20.89
9.18
17,500
Oct 26, 2023
21.49
21.49
20.62
20.72
9.11
40,600
Oct 25, 2023
21.17
21.53
21.17
21.50
9.45
36,400
Oct 24, 2023
20.74
20.84
20.60
20.80
9.14
19,100
Oct 23, 2023
20.35
20.85
20.35
20.74
9.12
21,600
Oct 20, 2023
20.96
20.96
20.45
20.55
9.03
9,200
Oct 19, 2023
20.78
20.95
20.73
20.74
9.11
19,500
Oct 18, 2023
20.60
20.90
20.59
20.60
9.05
17,300
Oct 17, 2023
20.72
20.79
20.52
20.66
9.08
16,800
Oct 16, 2023
20.68
20.81
20.64
20.78
9.13
22,400
Oct 13, 2023
20.45
20.65
20.44
20.52
9.02
10,400
Oct 12, 2023
20.48
20.60
20.48
20.59
9.05
14,400
Oct 11, 2023
20.35
20.57
20.35
20.57
9.04
13,200
Oct 10, 2023
20.49
20.49
20.36
20.38
8.96
8,800
Oct 9, 2023
20.12
20.45
20.07
20.38
8.96
17,600
Oct 6, 2023
0.28 Dividend 

Oct 6, 2023
19.88
20.33
19.83
20.32
8.93
16,300
Oct 5, 2023
20.01
20.25
19.95
20.25
8.78
24,300
Oct 4, 2023
19.80
20.25
19.80
20.22
8.77
5,700
Oct 3, 2023
20.33
20.33
19.75
19.79
8.58
23,500
Oct 2, 2023
20.10
20.29
20.04
20.29
8.80
14,600
Sep 29, 2023
19.70
20.14
19.70
19.94
8.64
21,400
Sep 28, 2023
19.60
19.87
19.56
19.78
8.58
9,400
Sep 27, 2023
19.77
19.77
19.53
19.71
8.54
7,100
Sep 26, 2023
19.68
20.00
19.55
19.65
8.52
16,900
Sep 25, 2023
20.09
20.09
19.80
19.96
8.65
11,700
Sep 22, 2023
20.34
20.34
19.90
19.95
8.65
11,500
Sep 21, 2023
20.48
20.48
19.95
20.10
8.71
18,600
Sep 20, 2023
20.69
20.69
20.20
20.20
8.76
14,800
Sep 19, 2023
20.52
20.70
20.38
20.67
8.96
57,800
Sep 18, 2023
20.75
20.75
20.52
20.63
8.94
24,400
Sep 15, 2023
21.45
21.45
20.70
20.73
8.99
16,500
Sep 14, 2023
21.15
21.18
21.00
21.08
9.14
20,300
Sep 13, 2023
20.75
21.04
20.75
20.99
9.10
16,900
Sep 12, 2023
21.20
21.20
20.78
20.78
9.01
41,100
Sep 11, 2023
20.95
21.02
20.85
20.97
9.09
69,400
Sep 8, 2023
20.54
20.87
20.54
20.83
9.03
46,100
Sep 7, 2023
20.71
20.71
20.50
20.59
8.93
36,400
Sep 6, 2023
20.67
20.80
20.62
20.71
8.98
35,900
Sep 5, 2023
20.55
20.78
20.50
20.75
8.99
48,000
Sep 1, 2023
20.74
20.75
20.45
20.55
8.91
44,800
Aug 31, 2023
20.59
20.66
20.46
20.53
8.90
54,000
Aug 30, 2023
20.65
20.65
20.44
20.50
8.89
32,100
Aug 29, 2023
20.26
20.51
20.14
20.51
8.89
34,100
Aug 28, 2023
20.43
20.43
20.11
20.20
8.76
50,500
Aug 25, 2023
20.12
20.21
20.00
20.18
8.75
30,600
