Date
Open
High
Low
Close 

Adj Close 

Volume

May 22, 2026
29.52
29.83
29.31
29.35
29.35
11,900
May 21, 2026
29.80
29.91
29.19
29.46
29.46
27,500
May 20, 2026
29.01
29.58
28.75
29.51
29.51
10,900
May 19, 2026
30.22
30.22
29.17
29.31
29.31
12,100
May 18, 2026
0.169 Dividend 

May 18, 2026
29.58
29.85
29.10
29.69
29.69
18,700
May 15, 2026
29.10
30.34
29.10
29.67
29.50
54,500
May 14, 2026
28.24
28.87
27.98
28.72
28.56
17,300
May 13, 2026
28.10
28.49
28.09
28.39
28.23
57,500
May 12, 2026
29.09
29.09
28.51
28.60
28.44
18,000
May 11, 2026
0.129 Dividend 

May 11, 2026
28.80
29.00
28.68
28.98
28.82
13,400
May 8, 2026
29.40
29.59
29.26
29.40
29.10
58,500
May 7, 2026
29.71
30.34
29.71
29.84
29.54
16,800
May 6, 2026
28.60
29.57
28.56
29.26
28.97
12,900
May 5, 2026
29.42
29.42
28.86
29.07
28.78
12,500
May 4, 2026
0.202 Dividend 

May 4, 2026
29.14
29.86
29.13
29.20
28.91
14,200
May 1, 2026
29.00
29.69
29.00
29.46
28.96
14,400
Apr 30, 2026
29.27
29.31
28.21
28.94
28.45
31,900
Apr 29, 2026
30.46
30.51
30.20
30.37
29.86
10,500
Apr 28, 2026
30.29
30.82
30.17
30.80
30.28
7,600
Apr 27, 2026
0.242 Dividend 

Apr 27, 2026
30.15
30.57
30.00
30.43
29.92
12,000
Apr 24, 2026
30.23
30.62
30.00
30.62
29.87
16,200
Apr 23, 2026
29.90
30.50
29.59
29.91
29.17
11,900
Apr 22, 2026
30.85
31.39
30.72
31.39
30.62
8,000
Apr 21, 2026
30.22
30.88
30.08
30.61
29.85
8,600
Apr 20, 2026
0.151 Dividend 

Apr 20, 2026
30.31
30.45
29.98
30.05
29.31
9,000
Apr 17, 2026
30.74
31.38
30.58
30.68
29.78
29,500
Apr 16, 2026
30.36
30.46
29.83
30.45
29.56
24,500
Apr 15, 2026
28.49
29.95
28.49
29.71
28.83
19,900
Apr 14, 2026
27.80
28.28
27.80
28.11
27.28
13,300
Apr 13, 2026
0.22 Dividend 

Apr 13, 2026
26.44
27.42
26.30
27.08
26.28
15,700
Apr 10, 2026
26.77
26.85
26.40
26.41
25.42
9,100
Apr 9, 2026
26.40
26.67
26.13
26.64
25.64
13,800
Apr 8, 2026
27.65
27.65
26.53
26.71
25.71
14,300
Apr 7, 2026
26.22
26.56
26.20
26.56
25.57
3,300
Apr 6, 2026
0.084 Dividend 

Apr 6, 2026
26.70
26.70
26.45
26.64
25.64
6,800
Apr 2, 2026
26.14
26.76
26.05
26.76
25.67
16,500
Apr 1, 2026
26.89
26.89
26.41
26.49
25.42
15,400
Mar 31, 2026
26.00
26.66
25.89
26.51
25.44
44,800
Mar 30, 2026
0.127 Dividend 

Mar 30, 2026
25.77
26.09
25.39
25.54
24.51
11,600
Mar 27, 2026
25.95
25.95
25.46
25.46
24.31
8,700
Mar 26, 2026
26.69
26.91
26.28
26.37
25.18
31,100
Mar 25, 2026
27.23
27.23
26.61
26.80
25.59
9,200
Mar 24, 2026
27.71
27.71
26.87
26.93
25.71
10,600
Mar 23, 2026
0.141 Dividend 

Mar 23, 2026
27.95
28.21
27.75
27.78
26.52
15,600
Mar 20, 2026
28.19
28.19
27.78
27.91
26.51
449,400
Mar 19, 2026
28.57
28.61
28.36
28.47
27.04
8,700
Mar 18, 2026
29.03
29.09
28.70
28.71
27.27
7,100
Mar 17, 2026
29.65
29.65
29.32
29.39
27.92
4,500
Mar 16, 2026
0.261 Dividend 

Mar 16, 2026
29.37
29.46
29.05
29.41
27.94
7,000
Mar 13, 2026
29.85
30.00
29.23
29.27
27.55
9,400
Mar 12, 2026
30.11
30.26
29.89
29.89
28.14
9,000
Mar 11, 2026
30.49
30.49
30.00
30.14
28.37
5,100
Mar 10, 2026
30.10
30.40
30.00
30.21
28.44
7,600
Mar 9, 2026
0.162 Dividend 

Mar 9, 2026
30.30
30.57
30.25
30.54
28.75
4,000
Mar 6, 2026
30.80
31.08
30.66
30.66
28.71
13,400
Mar 5, 2026
30.37
30.94
30.37
30.94
28.97
15,900
Mar 4, 2026
30.40
30.70
30.21
30.42
28.48
6,500
Mar 3, 2026
29.79
30.47
29.35
30.27
28.35
13,200
Mar 2, 2026
0.167 Dividend 

Mar 2, 2026
29.22
30.01
29.22
29.81
27.92
13,600
Feb 27, 2026
29.35
29.74
28.80
29.44
27.41
35,300
Feb 26, 2026
30.47
30.59
30.08
30.25
28.17
8,600
Feb 25, 2026
29.20
30.21
29.20
30.21
28.13
9,900
Feb 24, 2026
28.63
29.15
28.45
29.07
27.07
10,900
Feb 23, 2026
0.185 Dividend 

Feb 23, 2026
29.74
29.74
28.65
28.66
26.69
17,000
Feb 20, 2026
29.87
30.27
29.87
30.11
27.86
35,500
Feb 19, 2026
30.32
30.66
29.99
30.05
27.81
18,300
Feb 18, 2026
30.02
30.45
30.02
30.13
27.88
29,200
Feb 17, 2026
0.074 Dividend 

Feb 17, 2026
30.08
30.08
29.77
29.89
27.66
20,500
Feb 13, 2026
30.65
30.75
30.32
30.49
28.15
21,000
Feb 12, 2026
30.71
30.86
30.12
30.52
28.17
11,200
Feb 11, 2026
31.05
31.05
30.57
30.67
28.31
14,300
Feb 10, 2026
32.06
32.36
31.47
31.62
29.19
8,800
Feb 9, 2026
0.097 Dividend 

Feb 9, 2026
30.51
31.69
30.51
31.63
29.20
12,100
Feb 6, 2026
30.29
30.56
29.80
30.56
28.12
19,800
Feb 5, 2026
31.25
31.25
29.69
29.79
27.41
28,900
Feb 4, 2026
31.42
32.15
31.37
31.69
29.16
25,400
Feb 3, 2026
32.29
32.29
31.28
31.41
28.90
19,700
Feb 2, 2026
0.225 Dividend 

Feb 2, 2026
33.30
33.30
32.50
32.54
29.94
19,700
Jan 30, 2026
34.23
34.23
33.09
33.40
30.53
27,300
Jan 29, 2026
34.51
34.51
32.63
33.65
30.76
102,600
Jan 28, 2026
38.32
38.32
38.00
38.32
35.03
18,500
Jan 27, 2026
37.53
38.38
37.53
38.26
34.97
20,000
Jan 26, 2026
0.114 Dividend 

Jan 26, 2026
36.90
37.60
36.53
37.34
34.13
17,200
Jan 23, 2026
35.75
37.41
35.60
36.95
33.67
34,200
Jan 22, 2026
35.00
35.65
35.00
35.50
32.35
7,500
Jan 21, 2026
35.66
35.66
34.50
34.92
31.82
11,300
Jan 20, 2026
0.215 Dividend 

Jan 20, 2026
35.74
35.97
35.69
35.88
32.70
5,000
Jan 16, 2026
36.49
36.90
36.47
36.73
33.27
37,400
Jan 15, 2026
36.70
36.78
36.26
36.36
32.93
6,800
Jan 14, 2026
37.40
37.40
36.40
36.54
33.10
7,700
Jan 13, 2026
38.28
38.28
37.28
37.64
34.10
15,600
Jan 12, 2026
0.134 Dividend 

Jan 12, 2026
38.50
38.60
38.26
38.27
34.67
8,900
Jan 9, 2026
38.22
38.66
38.05
38.61
34.85
8,400
Jan 8, 2026
38.92
38.92
38.45
38.51
34.76
8,000
Jan 7, 2026
39.03
39.58
39.02
39.07
35.27
4,700
Jan 6, 2026
38.01
38.60
37.84
38.60
34.85
6,000
Jan 5, 2026
0.239 Dividend 

Jan 5, 2026
37.88
38.31
37.71
38.00
34.30
11,000
Jan 2, 2026
39.32
39.32
38.00
38.25
34.31
18,400
Dec 31, 2025
39.71
39.73
39.31
39.32
35.27
8,900
Dec 30, 2025
39.66
39.90
39.66
39.70
35.61
28,100
Dec 29, 2025
0.278 Dividend 

Dec 29, 2025
39.62
39.72
39.45
39.65
35.57
8,800
Dec 26, 2025
40.03
40.03
39.89
39.98
35.62
6,200
Dec 24, 2025
39.98
40.22
39.98
40.04
35.67
2,100
Dec 23, 2025
39.83
40.07
39.83
39.93
35.57
6,700
Dec 22, 2025
0.228 Dividend 

Dec 22, 2025
39.86
39.93
39.63
39.76
35.42
6,400
Dec 19, 2025
40.22
40.23
39.83
40.07
35.49
58,800
Dec 18, 2025
39.50
40.29
39.50
39.97
35.40
8,100
Dec 17, 2025
39.16
39.51
39.12
39.17
34.70
11,100
Dec 16, 2025
38.87
39.32
38.76
39.14
34.67
11,800
Dec 15, 2025
0.219 Dividend 

Dec 15, 2025
39.31
39.42
38.88
39.05
34.59
6,400
Dec 12, 2025
39.75
39.90
39.50
39.59
34.87
9,800
Dec 11, 2025
39.58
40.35
39.58
40.10
35.32
6,400
Dec 10, 2025
40.00
40.00
39.43
39.59
34.87
21,200
Dec 9, 2025
40.83
41.06
40.83
41.06
36.17
4,300
Dec 8, 2025
0.28 Dividend 

Dec 8, 2025
40.51
41.01
40.51
40.85
35.98
7,200
Dec 5, 2025
40.28
40.37
39.97
40.37
35.31
10,800
Dec 4, 2025
40.30
40.30
39.83
40.13
35.10
10,100
Dec 3, 2025
39.86
40.40
39.72
39.87
34.88
9,500
Dec 2, 2025
40.95
41.37
40.95
41.11
35.96
5,800
Dec 1, 2025
0.124 Dividend 

Dec 1, 2025
41.12
41.12
40.67
40.80
35.69
6,600
Nov 28, 2025
41.30
41.58
41.30
41.47
36.17
7,600
Nov 26, 2025
40.84
41.01
40.51
41.01
35.77
10,100
Nov 25, 2025
39.65
40.14
38.90
40.14
35.01
6,900
Nov 24, 2025
0.302 Dividend 

Nov 24, 2025
39.60
39.93
39.08
39.58
34.52
8,700
Nov 21, 2025
40.53
40.53
39.57
39.65
34.32
229,700
Nov 20, 2025
41.95
41.97
40.31
40.31
34.89
27,400
Nov 19, 2025
42.03
42.06
41.01
41.28
35.72
6,900
Nov 18, 2025
42.23
42.57
41.25
42.03
36.37
11,000
Nov 17, 2025
0.178 Dividend 

Nov 17, 2025
42.91
43.79
42.91
43.33
37.51
8,700
Nov 14, 2025
42.77
43.91
42.77
43.79
37.75
10,700
Nov 13, 2025
43.96
43.97
43.16
43.16
37.21
5,200
Nov 12, 2025
43.88
44.05
42.77
43.97
37.90
9,700
Nov 11, 2025
43.39
43.81
43.24
43.75
37.71
7,400
Nov 10, 2025
0.24 Dividend 

Nov 10, 2025
42.92
43.57
42.83
43.49
37.48
7,700
Nov 7, 2025
42.76
42.89
42.43
42.69
36.60
11,500
Nov 6, 2025
43.48
43.48
42.70
42.84
36.72
8,300
Nov 5, 2025
44.57
44.57
43.75
43.86
37.59
8,900
Nov 4, 2025
44.41
44.80
43.85
44.80
38.40
14,100
Nov 3, 2025
0.294 Dividend 

Nov 3, 2025
45.04
45.50
44.56
44.83
38.43
13,700
Oct 31, 2025
46.06
46.06
45.00
45.33
38.61
20,600
Oct 30, 2025
46.99
47.12
45.65
46.17
39.32
29,100
Oct 29, 2025
48.23
48.23
47.27
47.76
40.67
18,400
Oct 28, 2025
48.65
48.92
47.86
47.91
40.80
16,600
Oct 27, 2025
0.278 Dividend 

Oct 27, 2025
46.70
47.00
46.58
46.62
39.70
13,300
Oct 24, 2025
46.12
46.30
45.98
46.22
39.12
10,100
Oct 23, 2025
45.85
46.18
45.77
45.87
38.83
8,600
Oct 22, 2025
45.95
46.41
45.77
45.92
38.87
24,800
Oct 21, 2025
45.50
45.70
45.27
45.62
38.62
5,900
Oct 20, 2025
0.366 Dividend 

Oct 20, 2025
45.13
45.76
45.13
45.50
38.51
7,500
Oct 17, 2025
44.90
45.77
44.90
45.46
38.17
28,100
Oct 16, 2025
45.33
45.66
45.18
45.35
38.07
5,600
Oct 15, 2025
45.85
45.94
45.29
45.44
38.16
8,300
Oct 14, 2025
0.421 Dividend 

Oct 14, 2025
44.87
45.57
44.85
45.57
38.26
5,400
Oct 13, 2025
45.92
46.25
45.92
46.04
38.30
7,700
Oct 10, 2025
46.79
47.00
45.72
45.72
38.04
12,400
Oct 9, 2025
47.00
47.05
46.40
46.94
39.06
12,100
Oct 8, 2025
47.42
47.42
47.01
47.20
39.27
9,000
Oct 7, 2025
47.32
47.56
46.87
47.16
39.24
6,000
Oct 6, 2025
0.334 Dividend 

Oct 6, 2025
46.41
47.85
46.41
47.63
39.63
34,500
Oct 3, 2025
46.63
47.09
46.63
46.69
38.57
11,300
Oct 2, 2025
46.98
46.98
46.13
46.56
38.46
13,600
Oct 1, 2025
46.67
47.11
46.29
47.10
38.90
7,800
Sep 30, 2025
46.05
46.88
46.05
46.88
38.72
7,000
Sep 29, 2025
0.403 Dividend 

Sep 29, 2025
46.01
46.61
46.01
46.49
38.40
8,900
Sep 26, 2025
46.10
46.77
45.97
46.45
38.04
8,100
Sep 25, 2025
46.06
46.30
45.90
46.06
37.71
11,000
Sep 24, 2025
46.40
46.56
46.06
46.34
37.95
8,000
Sep 23, 2025
46.98
46.98
46.13
46.39
37.98
21,100
Sep 22, 2025
0.285 Dividend 

Sep 22, 2025
47.17
47.17
46.67
46.91
38.41
14,300
Sep 19, 2025
46.99
47.74
46.68
47.60
38.74
23,400
Sep 18, 2025
46.98
47.03
46.50
46.50
37.85
18,200
Sep 17, 2025
46.50
46.87
46.30
46.67
37.99
18,000
Sep 16, 2025
47.29
47.29
46.59
46.65
37.97
20,600
Sep 15, 2025
0.966 Dividend 

Sep 15, 2025
46.79
47.37
46.51
47.37
38.56
24,700
Sep 12, 2025
47.48
48.07
47.11
47.77
38.10
48,100
Sep 11, 2025
46.60
46.90
46.40
46.71
37.25
8,900
Sep 10, 2025
46.51
46.90
46.17
46.63
37.19
7,700
Sep 9, 2025
46.58
46.81
46.49
46.49
37.08
6,200
Sep 8, 2025
0.244 Dividend 

Sep 8, 2025
46.25
46.74
46.23
46.37
36.98
11,600
Sep 5, 2025
47.77
47.77
46.07
46.29
36.72
13,300
Sep 4, 2025
47.09
47.74
47.09
47.61
37.77
18,200
Sep 3, 2025
47.46
47.63
47.20
47.44
37.63
7,400
Sep 2, 2025
0.192 Dividend 

Sep 2, 2025
47.06
47.48
46.46
47.48
37.66
14,400
Aug 29, 2025
48.00
48.18
47.55
47.73
37.71
15,200
Aug 28, 2025
47.95
48.38
47.80
48.21
38.09
16,700
Aug 27, 2025
47.41
47.91
47.10
47.89
37.84
11,900
Aug 26, 2025
47.63
47.71
46.96
47.23
37.32
15,600
Aug 25, 2025
0.979 Dividend 

Aug 25, 2025
47.73
48.08
47.61
47.61
37.62
20,400
Aug 22, 2025
48.50
49.23
48.50
48.92
37.88
33,000
Aug 21, 2025
48.50
48.87
48.47
48.57
37.61
5,700
Aug 20, 2025
49.19
49.19
48.60
48.68
37.69
5,800
Aug 19, 2025
49.49
49.49
49.00
49.23
38.12
8,100
Aug 18, 2025
0.488 Dividend 

Aug 18, 2025
50.64
50.64
49.51
49.99
38.70
7,800
Aug 15, 2025
51.35
51.59
50.84
50.84
38.99
8,900
Aug 14, 2025
51.22
51.22
50.95
51.17
39.24
3,000
Aug 13, 2025
52.40
52.40
50.76
50.92
39.05
10,800
Aug 12, 2025
51.48
52.19
51.35
51.96
39.85
6,100
Aug 11, 2025
0.587 Dividend 

Aug 11, 2025
51.24
51.66
50.98
50.98
39.09
9,800
Aug 8, 2025
51.82
51.88
51.37
51.58
39.11
10,400
Aug 7, 2025
52.13
52.13
51.28
51.45
39.00
5,000
Aug 6, 2025
52.30
52.39
52.04
52.04
39.45
4,500
Aug 5, 2025
53.31
53.31
52.37
52.37
39.71
6,000
Aug 4, 2025
52.31
53.62
52.31
53.31
40.42
4,900
Aug 1, 2025
53.02
53.06
51.97
52.35
39.69
12,000
Jul 31, 2025
55.97
55.97
53.25
53.38
40.47
17,300
Jul 30, 2025
50.75
51.01
50.65
50.90
38.59
10,700
Jul 29, 2025
51.40
51.41
50.78
50.86
38.56
3,600
Jul 28, 2025
50.95
50.95
50.63
50.82
38.53
5,200
Jul 25, 2025
50.98
51.49
50.74
51.01
38.67
5,700
Jul 24, 2025
50.73
50.94
50.34
50.74
38.46
5,800
