Date
Open
High
Low
Close 

Adj Close 

Volume
May 26, 2026
18.84
18.92
18.64
18.75
18.75
13,640
May 22, 2026
19.12
19.12
18.80
18.95
18.95
4,800
May 21, 2026
19.14
19.15
18.80
18.92
18.92
10,100
May 20, 2026
18.51
18.96
18.50
18.96
18.96
8,400
May 19, 2026
19.32
19.36
18.77
18.77
18.77
10,500
May 18, 2026
18.84
19.14
18.80
19.06
19.06
12,500
May 15, 2026
18.60
19.32
18.60
18.96
18.96
20,500
May 14, 2026
18.00
18.47
17.99
18.35
18.35
35,000
May 13, 2026
0.2 Dividend 

May 13, 2026
18.12
18.16
17.95
18.11
18.11
9,100
May 12, 2026
18.88
18.88
18.41
18.48
18.28
6,900
May 11, 2026
18.54
18.70
18.54
18.70
18.50
15,500
May 8, 2026
18.86
19.02
18.80
18.88
18.68
21,000
May 7, 2026
19.22
19.34
19.10
19.11
18.90
11,200
May 6, 2026
18.50
18.93
18.37
18.79
18.58
11,800
May 5, 2026
18.83
18.83
18.53
18.65
18.45
11,500
May 4, 2026
18.72
19.09
18.69
18.73
18.52
38,900
May 1, 2026
18.80
18.91
18.66
18.80
18.59
7,700
Apr 30, 2026
18.77
18.77
18.00
18.51
18.31
42,400
Apr 29, 2026
19.39
19.39
19.12
19.35
19.14
11,400
Apr 28, 2026
19.37
19.60
19.23
19.60
19.39
17,700
Apr 27, 2026
19.20
19.44
19.05
19.39
19.18
10,100
Apr 24, 2026
19.11
19.38
18.99
19.38
19.17
10,100
Apr 23, 2026
19.04
19.30
18.80
18.93
18.73
13,200
Apr 22, 2026
19.51
19.82
19.51
19.80
19.58
11,300
Apr 21, 2026
19.07
19.48
19.07
19.36
19.15
9,900
Apr 20, 2026
19.18
19.18
18.95
19.07
18.86
15,700
Apr 17, 2026
19.32
19.65
19.19
19.26
19.06
22,800
Apr 16, 2026
19.15
19.19
18.79
19.16
18.95
17,400
Apr 15, 2026
0.2 Dividend 

Apr 15, 2026
18.19
18.90
18.18
18.78
18.58
17,800
Apr 14, 2026
17.92
18.19
17.82
18.09
17.70
41,400
Apr 13, 2026
17.06
17.66
17.03
17.66
17.27
12,500
Apr 10, 2026
17.24
17.24
16.94
17.02
16.65
17,200
Apr 9, 2026
17.16
17.16
16.80
17.14
16.77
26,100
Apr 8, 2026
17.69
17.69
17.03
17.19
16.81
17,200
Apr 7, 2026
17.04
17.08
16.83
17.04
16.67
25,100
Apr 6, 2026
17.21
17.21
17.03
17.12
16.75
52,600
Apr 2, 2026
16.70
17.08
16.70
17.08
16.71
10,500
Apr 1, 2026
17.27
17.27
16.90
16.91
16.54
16,300
Mar 31, 2026
16.80
17.03
16.60
16.97
16.60
8,400
Mar 30, 2026
16.45
16.71
16.35
16.43
16.07
8,900
Mar 27, 2026
16.70
16.70
16.31
16.36
16.00
14,500
Mar 26, 2026
17.09
17.14
16.80
16.81
16.44
20,200
Mar 25, 2026
17.28
17.35
16.98
17.02
16.65
15,000
Mar 24, 2026
17.50
17.50
17.06
17.09
16.72
10,300
Mar 23, 2026
17.69
17.85
17.57
17.70
17.31
7,900
Mar 20, 2026
17.94
17.94
17.51
17.53
17.15
10,800
Mar 19, 2026
17.99
18.09
17.88
17.92
17.53
7,200
Mar 18, 2026
18.39
18.39
18.09
18.13
17.74
5,000
Mar 17, 2026
18.52
18.57
18.43
18.55
18.15
10,500
Mar 16, 2026
18.34
18.58
18.33
18.58
18.18
6,200
Mar 13, 2026
18.63
18.64
18.31
18.36
17.96
4,500
Mar 12, 2026
18.80
18.85
18.67
18.67
18.27
4,900
Mar 11, 2026
0.2 Dividend 

Mar 11, 2026
19.02
19.02
18.68
18.80
18.39
10,100
Mar 10, 2026
19.18
19.22
18.95
19.13
18.52
49,800
Mar 9, 2026
18.91
19.35
18.91
19.33
18.71
18,800
Mar 6, 2026
19.45
19.45
19.20
19.20
18.59
5,400
Mar 5, 2026
19.13
19.36
19.13
19.32
18.70
8,900
Mar 4, 2026
18.96
19.33
18.91
19.11
18.50
17,200
Mar 3, 2026
18.55
19.10
18.52
19.01
18.40
7,000
Mar 2, 2026
18.43
18.83
18.43
18.75
18.15
13,600
Feb 27, 2026
18.47
18.58
18.36
18.38
17.79
41,300
Feb 26, 2026
18.95
19.04
18.79
18.92
18.32
6,100
Feb 25, 2026
18.47
18.90
18.45
18.90
18.30
13,600
Feb 24, 2026
17.88
18.26
17.88
18.26
17.68
9,000
Feb 23, 2026
18.55
18.55
17.90
17.96
17.39
34,300
Feb 20, 2026
18.60
18.83
18.60
18.68
18.08
8,100
Feb 19, 2026
18.71
18.92
18.66
18.78
18.18
11,400
Feb 18, 2026
18.80
18.89
18.67
18.70
18.10
13,600
Feb 17, 2026
18.69
18.78
18.53
18.60
18.01
10,100
Feb 13, 2026
18.91
19.02
18.69
18.84
18.24
9,800
Feb 12, 2026
19.00
19.13
18.74
18.87
18.27
13,100
Feb 11, 2026
0.65 Dividend 

Feb 11, 2026
19.51
19.51
18.83
19.02
18.41
21,100
Feb 10, 2026
20.30
20.57
20.13
20.15
18.88
75,600
Feb 9, 2026
19.75
20.21
19.74
20.18
18.90
11,700
Feb 6, 2026
19.32
19.54
19.03
19.54
18.30
17,200
Feb 5, 2026
19.65
19.72
19.11
19.15
17.93
18,200
Feb 4, 2026
19.92
20.34
19.92
20.21
18.94
6,800
Feb 3, 2026
20.60
20.60
19.89
19.97
18.71
14,200
Feb 2, 2026
20.92
21.02
20.67
20.67
19.36
12,000
Jan 30, 2026
21.54
21.54
20.93
20.97
19.64
18,500
Jan 29, 2026
21.72
22.95
20.69
21.13
19.79
49,300
Jan 28, 2026
23.76
23.96
23.62
23.96
22.45
10,000
Jan 27, 2026
23.55
23.79
23.45
23.76
22.26
5,100
Jan 26, 2026
22.99
23.39
22.98
23.23
21.76
14,600
Jan 23, 2026
22.31
23.15
22.31
22.98
21.53
7,800
Jan 22, 2026
21.93
22.12
21.84
22.12
20.72
3,100
Jan 21, 2026
22.09
22.18
21.70
21.72
20.35
22,600
Jan 20, 2026
22.29
22.43
22.00
22.28
20.87
9,000
Jan 16, 2026
22.41
22.80
22.41
22.66
21.23
6,800
Jan 15, 2026
22.78
22.78
22.43
22.43
21.01
8,800
Jan 14, 2026
0.25 Dividend 

Jan 14, 2026
23.07
23.07
22.53
22.56
21.13
12,300
Jan 13, 2026
23.77
23.77
23.25
23.51
21.79
25,300
Jan 12, 2026
23.79
24.02
23.79
23.86
22.11
18,300
Jan 9, 2026
23.75
24.01
23.69
24.00
22.24
12,600
Jan 8, 2026
24.09
24.09
23.84
23.84
22.10
5,600
Jan 7, 2026
24.03
24.38
23.98
24.15
22.38
12,400
Jan 6, 2026
23.78
23.98
23.59
23.98
22.23
28,700
Jan 5, 2026
23.64
23.82
23.54
23.72
21.98
10,800
Jan 2, 2026
24.22
24.22
23.58
23.67
21.94
11,000
Dec 31, 2025
24.31
24.35
24.24
24.25
22.48
8,500
Dec 30, 2025
24.41
24.46
24.38
24.42
22.63
9,700
Dec 29, 2025
24.32
24.40
24.24
24.34
22.56
7,600
Dec 26, 2025
24.43
24.43
24.32
24.37
22.59
6,400
Dec 24, 2025
24.39
24.45
24.37
24.41
22.62
4,500
Dec 23, 2025
24.16
24.39
24.16
24.36
22.58
5,800
Dec 22, 2025
24.23
24.31
24.15
24.26
22.48
6,700
Dec 19, 2025
24.28
24.32
24.16
24.23
22.46
23,900
Dec 18, 2025
24.08
24.41
24.08
24.26
22.48
3,900
Dec 17, 2025
23.78
23.98
23.78
23.84
22.09
4,100
Dec 16, 2025
23.54
23.87
23.54
23.86
22.12
5,600
Dec 15, 2025
23.90
23.97
23.67
23.72
21.98
7,400
Dec 12, 2025
24.02
24.02
23.79
23.88
22.13
21,900
Dec 11, 2025
23.89
24.27
23.86
24.19
22.42
17,600
Dec 10, 2025
0.75 Dividend 

Dec 10, 2025
24.28
24.28
23.83
23.89
22.14
18,400
Dec 9, 2025
25.05
25.14
25.03
25.11
22.58
31,500
Dec 8, 2025
24.94
25.05
24.94
25.02
22.50
3,000
Dec 5, 2025
24.76
24.84
24.62
24.79
22.29
4,100
Dec 4, 2025
24.56
24.74
24.53
24.72
22.23
7,300
Dec 3, 2025
24.56
24.87
24.53
24.62
22.14
19,100
Dec 2, 2025
25.08
25.28
25.03
25.21
22.67
7,800
Dec 1, 2025
25.03
25.18
24.94
25.00
22.48
13,500
Nov 28, 2025
25.12
25.31
25.12
25.31
22.76
3,700
Nov 26, 2025
24.87
25.08
24.81
24.99
22.47
12,600
Nov 25, 2025
24.33
24.62
24.02
24.56
22.09
8,100
Nov 24, 2025
24.48
24.57
24.24
24.42
21.96
4,300
Nov 21, 2025
24.29
24.50
24.21
24.29
21.84
7,100
Nov 20, 2025
25.37
25.37
24.50
24.59
22.11
4,300
Nov 19, 2025
25.30
25.39
24.83
24.97
22.45
7,000
Nov 18, 2025
25.44
25.52
25.07
25.31
22.76
19,700
Nov 17, 2025
26.02
26.05
25.79
25.86
23.25
6,800
Nov 14, 2025
25.49
26.05
25.49
26.00
23.38
6,600
Nov 13, 2025
25.83
26.13
25.67
25.75
23.15
7,200
Nov 12, 2025
0.8 Dividend 

Nov 12, 2025
26.17
26.17
25.57
26.11
23.48
12,000
Nov 11, 2025
26.57
26.81
26.53
26.80
23.38
14,300
Nov 10, 2025
26.50
26.67
26.40
26.64
23.24
6,700
Nov 7, 2025
26.11
26.23
26.09
26.22
22.87
2,400
Nov 6, 2025
26.62
26.62
26.16
26.22
22.87
6,700
Nov 5, 2025
26.92
26.97
26.63
26.63
23.23
6,300
Nov 4, 2025
26.90
26.96
26.83
26.96
23.52
3,500
Nov 3, 2025
26.99
27.05
26.93
27.00
23.55
2,600
Oct 31, 2025
27.45
27.45
26.93
27.00
23.55
5,500
Oct 30, 2025
27.65
27.65
27.25
27.45
23.94
8,600
Oct 29, 2025
27.75
27.85
27.69
27.82
24.27
3,900
Oct 28, 2025
28.01
28.10
27.89
27.89
24.33
8,900
Oct 27, 2025
27.55
27.59
27.47
27.50
23.99
2,300
Oct 24, 2025
27.15
27.23
27.15
27.21
23.74
1,300
Oct 23, 2025
27.15
27.15
26.93
27.06
23.60
2,000
Oct 22, 2025
26.90
27.13
26.89
27.00
23.55
7,700
Oct 21, 2025
26.77
26.88
26.69
26.88
23.45
2,700
Oct 20, 2025
26.64
26.88
26.64
26.81
23.38
1,700
Oct 17, 2025
26.50
26.73
26.50
26.68
23.27
1,100
Oct 16, 2025
26.58
26.74
26.46
26.55
23.16
6,800
Oct 15, 2025
0.65 Dividend 

Oct 15, 2025
26.76
26.76
26.51
26.59
23.19
3,700
Oct 14, 2025
27.09
27.38
27.09
27.28
23.23
6,600
Oct 13, 2025
27.26
27.35
27.25
27.29
23.24
2,300
Oct 10, 2025
27.34
27.47
27.14
27.14
23.11
1,300
Oct 9, 2025
27.61
27.67
27.49
27.67
23.56
6,200
Oct 8, 2025
27.79
27.79
27.72
27.72
23.60
600
Oct 7, 2025
27.67
27.77
27.62
27.65
23.55
2,600
Oct 6, 2025
27.41
27.81
27.41
27.75
23.63
3,300
Oct 3, 2025
27.35
27.52
27.31
27.42
23.35
8,000
Oct 2, 2025
27.33
27.33
27.07
27.26
23.21
1,200
Oct 1, 2025
27.30
27.31
27.28
27.28
23.23
1,100
Sep 30, 2025
27.19
27.22
27.09
27.22
23.18
2,200
Sep 29, 2025
27.06
27.14
27.03
27.09
23.07
2,400
Sep 26, 2025
26.85
27.04
26.79
26.99
22.98
1,500
Sep 25, 2025
26.84
26.86
26.78
26.78
22.81
1,300
Sep 24, 2025
26.87
26.94
26.80
26.94
22.94
4,500
Sep 23, 2025
26.95
27.02
26.83
26.83
22.85
3,700
Sep 22, 2025
27.26
27.26
27.03
27.03
23.02
9,600
Sep 19, 2025
26.93
27.15
26.88
27.15
23.12
1,800
Sep 18, 2025
26.74
26.84
26.71
26.73
22.76
1,900
Sep 17, 2025
26.67
26.75
26.64
26.75
22.78
1,300
Sep 16, 2025
26.99
26.99
26.71
26.71
22.74
4,000
Sep 15, 2025
26.56
26.92
26.56
26.92
22.92
5,000
Sep 12, 2025
26.75
26.80
26.72
26.72
22.75
2,400
Sep 11, 2025
26.38
26.55
26.38
26.49
22.56
3,500
Sep 10, 2025
0.25 Dividend 

Sep 10, 2025
26.42
26.44
26.32
26.39
22.47
4,700
Sep 9, 2025
26.63
26.71
26.54
26.55
22.40
24,800
Sep 8, 2025
26.46
26.58
26.46
26.52
22.37
5,300
Sep 5, 2025
26.50
26.50
26.30
26.34
22.22
1,100
Sep 4, 2025
26.88
27.07
26.88
27.00
22.77
2,400
Sep 3, 2025
26.80
26.95
26.80
26.94
22.72
2,200
Sep 2, 2025
26.58
26.87
26.58
26.86
22.66
17,800
Aug 29, 2025
26.92
26.92
26.92
26.92
22.71
300
Aug 28, 2025
26.90
27.11
26.90
27.11
22.87
4,100
Aug 27, 2025
26.88
26.88
26.88
26.88
22.67
500
Aug 26, 2025
26.70
26.76
26.53
26.65
22.48
1,600
Aug 25, 2025
26.90
26.91
26.80
26.80
22.60
1,500
Aug 22, 2025
26.77
27.05
26.77
26.91
22.70
3,000
Aug 21, 2025
26.62
26.86
26.62
26.76
22.58
600
Aug 20, 2025
26.91
27.04
26.73
26.79
22.60
6,500
Aug 19, 2025
27.25
27.25
26.93
27.01
22.79
8,600
Aug 18, 2025
27.68
27.68
27.39
27.40
23.11
2,900
Aug 15, 2025
27.71
27.86
27.59
27.59
23.27
2,600
Aug 14, 2025
27.58
27.77
27.56
27.71
23.37
3,500
Aug 13, 2025
0.25 Dividend 

Aug 13, 2025
28.02
28.02
27.56
27.57
23.26
6,300
Aug 12, 2025
28.03
28.32
28.03
28.22
23.59
12,800
Aug 11, 2025
27.80
28.13
27.80
27.84
23.27
3,700
Aug 8, 2025
27.90
27.96
27.81
27.87
23.30
7,800
Aug 7, 2025
27.85
27.85
27.68
27.76
23.21
1,800
Aug 6, 2025
28.03
28.03
27.94
27.95
23.37
1,900
Aug 5, 2025
28.38
28.38
28.00
28.04
23.44
1,700
Aug 4, 2025
28.06
28.30
28.06
28.25
23.62
2,700
Aug 1, 2025
28.02
28.02
27.79
27.85
23.28
4,700
Jul 31, 2025
28.47
28.47
28.08
28.11
23.50
5,200
Jul 30, 2025
27.24
27.38
27.12
27.23
22.77
2,900
Jul 29, 2025
27.19
27.27
27.17
27.18
22.72
1,700
Jul 28, 2025
27.19
27.20
27.12
27.12
22.67
2,900
Jul 25, 2025
27.14
27.44
27.14
27.23
22.77
2,700
Jul 24, 2025
27.01
27.18
27.01
27.10
22.66
2,000
Jul 23, 2025
26.79
26.82
26.79
26.82
22.42
1,200
Jul 22, 2025
26.96
26.98
26.88
26.88
22.47
1,300
Jul 21, 2025
27.08
27.14
27.01
27.04
22.61
3,900
Jul 18, 2025
26.98
27.04
26.98
27.04
22.60
600
Jul 17, 2025
26.75
27.15
26.75
27.01
22.58
3,200
Jul 16, 2025
26.77
26.86
26.73
26.84
22.44
3,500
Jul 15, 2025
26.81
26.94
26.81
26.86
22.45
3,100
Jul 14, 2025
26.72
26.73
26.64
26.73
22.34
2,300
Jul 11, 2025
26.66
26.82
26.66
26.70
22.32
3,500
Jul 10, 2025
26.53
26.56
26.50
26.52
22.17
5,200
Jul 9, 2025
0.25 Dividend 

Jul 9, 2025
26.41
26.74
26.41
26.68
22.31
13,100
Jul 8, 2025
26.59
26.64
26.53
26.60
22.03
4,400
Jul 7, 2025
26.56
26.71
26.56
26.67
22.08
5,400
Jul 3, 2025
26.72
26.72
26.72
26.72
22.13
1,200
Jul 2, 2025
26.12
26.38
26.12
26.31
21.79
5,700
Jul 1, 2025
26.50
26.50
26.31
26.42
21.88
4,800
Jun 30, 2025
26.69
26.70
26.57
26.70
22.11
1,800
Jun 27, 2025
26.65
26.67
26.61
26.61
22.04
2,000
Jun 26, 2025
26.60
26.65
26.55
26.65
22.07
1,300
Jun 25, 2025
26.37
26.49
26.37
26.49
21.93
2,400
Jun 24, 2025
26.41
26.41
26.37
26.40
21.86
1,300
Jun 23, 2025
25.71
26.23
25.60
26.23
21.72
2,500
Jun 20, 2025
25.98
25.99
25.77
25.79
21.36
1,400
Jun 18, 2025
25.80
25.93
25.80
25.93
21.47
1,000
Jun 17, 2025
25.70
25.81
25.70
25.81
21.38
700
Jun 16, 2025
25.76
25.90
25.76
25.83
21.40
1,100
Jun 13, 2025
25.78
25.78
25.67
25.67
21.26
1,400
Jun 12, 2025
25.63
25.92
25.63
25.83
21.39
4,200
Jun 11, 2025
0.25 Dividend 

Jun 11, 2025
25.50
25.73
25.50
25.61
21.21
1,600
Jun 10, 2025
25.83
25.83
25.60
25.76
21.13
21,400
Jun 9, 2025
25.71
25.87
25.71
25.83
21.19
3,600
Jun 6, 2025
25.74
25.81
25.74
25.76
21.13
1,300
Jun 5, 2025
25.60
25.64
25.54
25.59
20.99
1,800
Jun 4, 2025
25.52
25.52
25.45
25.50
20.91
2,600
Jun 3, 2025
25.36
25.51
25.36
25.42
20.84
3,100
Jun 2, 2025
25.11
25.36
25.11
25.34
20.78
2,700
May 30, 2025
25.29
25.34
25.25
25.34
20.78
3,100
May 29, 2025
25.18
25.27
25.18
25.24
20.70
1,200
May 28, 2025
25.32
25.32
25.18
25.18
20.65
1,400
May 27, 2025
25.15
25.26
25.10
25.26
20.71
3,200
