Date
Open
High
Low
Close 

Adj Close 

Volume

May 22, 2026
38.80
38.85
37.83
37.83
37.83
1,800
May 21, 2026
39.00
39.00
38.46
38.81
38.81
1,900
May 20, 2026
38.91
39.16
38.91
39.07
39.07
1,000
May 19, 2026
0.2 Dividend 

May 19, 2026
39.48
39.48
38.79
38.89
38.89
3,900
May 18, 2026
40.10
40.10
38.66
39.31
39.11
2,300
May 15, 2026
41.59
42.10
41.59
41.67
41.46
2,000
May 14, 2026
43.42
43.72
43.42
43.72
43.50
300
May 13, 2026
41.75
42.38
41.70
41.82
41.61
3,700
May 12, 2026
0.205 Dividend 

May 12, 2026
44.20
44.20
43.26
43.26
43.04
1,900
May 11, 2026
43.42
46.27
43.42
45.94
45.51
3,700
May 8, 2026
42.58
43.96
42.58
43.96
43.54
4,500
May 7, 2026
43.30
43.30
42.25
42.58
42.17
2,700
May 6, 2026
43.70
44.10
43.44
44.10
43.68
4,300
May 5, 2026
0.199 Dividend 

May 5, 2026
43.16
44.57
43.16
44.57
44.15
2,200
May 4, 2026
43.32
43.96
42.89
43.82
43.21
2,900
May 1, 2026
41.15
42.56
41.15
42.56
41.96
400
Apr 30, 2026
40.27
40.35
40.25
40.35
39.78
700
Apr 29, 2026
39.75
39.75
39.01
39.01
38.46
300
Apr 28, 2026
0.203 Dividend 

Apr 28, 2026
40.06
40.50
39.26
40.50
39.93
2,000
Apr 27, 2026
41.78
41.98
41.03
41.54
40.76
9,600
Apr 24, 2026
42.78
42.78
41.63
41.95
41.16
7,000
Apr 23, 2026
43.56
43.59
42.09
42.09
41.30
2,100
Apr 22, 2026
43.00
43.90
43.00
43.58
42.76
3,500
Apr 21, 2026
0.199 Dividend 

Apr 21, 2026
41.29
41.29
40.48
40.48
39.72
1,100
Apr 20, 2026
40.10
42.13
40.10
42.04
41.06
2,000
Apr 17, 2026
38.61
42.11
38.29
41.25
40.28
2,400
Apr 16, 2026
36.34
37.53
35.83
37.53
36.65
3,400
Apr 15, 2026
35.72
36.48
35.72
36.48
35.62
1,500
Apr 14, 2026
0.161 Dividend 

Apr 14, 2026
35.19
35.19
35.19
35.19
34.37
100
Apr 13, 2026
33.25
34.26
32.32
34.26
33.30
3,800
Apr 10, 2026
33.59
33.90
33.07
33.42
32.48
5,000
Apr 9, 2026
32.98
33.64
32.98
33.64
32.70
1,000
Apr 8, 2026
33.52
33.73
33.32
33.32
32.39
500
Apr 7, 2026
0.151 Dividend 

Apr 7, 2026
32.14
32.14
31.85
32.12
31.22
1,200
Apr 6, 2026
32.75
33.33
32.65
33.33
32.25
1,500
Apr 2, 2026
31.41
31.41
31.41
31.41
30.39
100
Apr 1, 2026
32.15
32.63
32.15
32.25
31.20
1,200
Mar 31, 2026
0.16 Dividend 

Mar 31, 2026
31.74
32.71
31.40
32.71
31.65
2,600
Mar 30, 2026
33.99
33.99
32.09
32.09
30.90
800
Mar 27, 2026
32.89
33.38
32.89
33.19
31.96
1,000
Mar 26, 2026
35.30
35.30
34.82
34.82
33.52
1,100
Mar 25, 2026
35.87
36.15
35.87
36.15
34.80
300
Mar 24, 2026
0.17 Dividend 

Mar 24, 2026
35.56
35.94
35.25
35.48
34.16
1,500
Mar 23, 2026
36.00
36.29
35.24
36.10
34.59
1,400
Mar 20, 2026
35.96
35.96
35.27
35.42
33.94
1,600
Mar 19, 2026
35.40
36.09
35.15
36.09
34.58
500
Mar 18, 2026
37.11
37.11
36.59
36.59
35.06
800
Mar 17, 2026
0.176 Dividend 

Mar 17, 2026
38.06
38.88
38.06
38.88
37.25
84,800
Mar 16, 2026
37.82
38.24
37.79
38.24
36.47
600
Mar 13, 2026
37.84
37.87
36.47
36.47
34.79
900
Mar 12, 2026
35.96
35.96
35.79
35.79
34.13
1,500
Mar 11, 2026
36.51
36.70
36.03
36.03
34.37
6,200
Mar 10, 2026
0.168 Dividend 

Mar 10, 2026
35.61
36.83
35.61
36.04
34.38
1,400
Mar 9, 2026
35.99
36.27
35.63
36.27
34.44
6,700
Mar 6, 2026
35.21
35.21
34.90
34.96
33.19
3,100
Mar 5, 2026
36.70
36.70
36.31
36.31
34.48
900
Mar 4, 2026
37.62
37.91
37.53
37.67
35.76
5,200
Mar 3, 2026
0.164 Dividend 

Mar 3, 2026
34.97
34.97
34.50
34.69
32.94
900
Mar 2, 2026
34.71
36.02
34.71
35.94
33.96
3,800
Feb 27, 2026
33.93
34.04
33.83
34.04
32.16
2,100
Feb 26, 2026
35.08
35.08
34.04
34.93
33.01
2,900
Feb 25, 2026
35.44
35.44
35.44
35.44
33.49
200
Feb 24, 2026
0.166 Dividend 

Feb 24, 2026
32.78
32.83
32.78
32.83
31.03
600
Feb 23, 2026
32.78
32.78
32.78
32.78
30.82
200
Feb 20, 2026
34.81
34.81
34.49
34.49
32.43
400
Feb 19, 2026
34.06
34.06
34.06
34.06
32.02
200
Feb 18, 2026
0.169 Dividend 

Feb 18, 2026
32.98
33.10
32.98
33.10
31.12
400
Feb 17, 2026
34.41
34.75
34.00
34.00
31.81
1,900
Feb 13, 2026
34.74
35.13
34.74
35.13
32.87
400
Feb 12, 2026
33.54
33.58
32.08
32.63
30.52
4,200
Feb 11, 2026
34.30
34.30
33.28
33.28
31.14
900
Feb 10, 2026
0.172 Dividend 

Feb 10, 2026
35.44
35.44
34.98
34.98
32.73
800
Feb 9, 2026
34.34
36.44
34.34
36.44
33.93
1,300
Feb 6, 2026
33.65
35.22
33.65
34.55
32.17
2,000
Feb 5, 2026
30.00
30.00
28.30
28.30
26.35
3,700
Feb 4, 2026
32.43
34.17
32.06
34.17
31.81
1,900
Feb 3, 2026
0.19 Dividend 

Feb 3, 2026
34.20
35.23
34.20
35.23
32.81
1,500
Feb 2, 2026
37.30
37.57
36.99
37.06
34.33
2,300
Jan 30, 2026
37.75
39.50
37.56
39.50
36.59
2,100
Jan 29, 2026
37.75
37.75
37.75
37.75
34.97
500
Jan 28, 2026
41.62
41.62
41.62
41.62
38.56
300
Jan 27, 2026
0.206 Dividend 

Jan 27, 2026
41.94
42.20
41.69
42.20
39.09
900
Jan 26, 2026
42.01
42.69
41.76
42.25
38.94
3,400
Jan 23, 2026
43.00
43.47
42.74
42.74
39.40
3,200
Jan 22, 2026
42.26
42.26
42.26
42.26
38.96
300
Jan 21, 2026
0.216 Dividend 

Jan 21, 2026
41.86
42.60
41.64
42.42
39.10
1,700
Jan 20, 2026
43.07
43.07
41.70
41.91
38.43
8,300
Jan 16, 2026
44.47
44.69
44.10
44.69
40.98
2,800
Jan 15, 2026
44.81
44.93
44.13
44.13
40.47
800
Jan 14, 2026
45.71
46.67
45.70
45.76
41.96
2,300
Jan 13, 2026
0.199 Dividend 

Jan 13, 2026
43.35
44.45
43.35
44.45
40.77
300
Jan 12, 2026
41.16
42.40
41.16
42.40
38.70
1,400
Jan 9, 2026
40.87
41.94
40.87
41.25
37.65
800
Jan 8, 2026
42.57
43.59
42.05
43.59
39.79
1,200
Jan 7, 2026
42.44
42.44
42.08
42.41
38.71
800
Jan 6, 2026
0.199 Dividend 

Jan 6, 2026
42.28
42.28
40.56
41.32
37.72
2,300
Jan 5, 2026
42.90
43.65
42.40
42.99
39.06
2,700
Jan 2, 2026
40.57
42.18
40.39
41.15
37.39
2,400
Dec 31, 2025
40.23
40.40
39.91
39.95
36.30
1,400
Dec 30, 2025
0.201 Dividend 

Dec 30, 2025
41.13
41.44
41.00
41.00
37.25
3,200
Dec 29, 2025
41.80
41.80
40.99
40.99
37.06
5,300
Dec 26, 2025
41.86
41.95
41.54
41.69
37.70
800
Dec 24, 2025
41.53
41.55
40.74
41.55
37.57
3,400
Dec 23, 2025
0.208 Dividend 

Dec 23, 2025
42.55
42.59
41.25
41.44
37.47
1,300
Dec 22, 2025
43.95
43.95
43.06
43.06
38.74
1,600
Dec 19, 2025
43.07
43.17
43.07
43.17
38.84
400
Dec 18, 2025
42.53
42.53
41.71
41.71
37.53
1,200
Dec 17, 2025
42.12
42.12
42.12
42.12
37.90
200
Dec 16, 2025
0.223 Dividend 

Dec 16, 2025
43.72
43.72
43.72
43.72
39.33
200
Dec 15, 2025
43.31
43.54
42.55
42.55
38.08
1,100
Dec 12, 2025
47.75
47.75
46.27
46.27
41.41
1,000
Dec 11, 2025
45.69
47.89
45.69
47.89
42.87
600
Dec 10, 2025
48.79
48.79
48.40
48.40
43.31
300
Dec 9, 2025
0.226 Dividend 

Dec 9, 2025
50.55
51.06
49.19
49.19
44.02
800
Dec 8, 2025
47.86
48.17
47.40
48.13
42.88
2,200
Dec 5, 2025
48.19
48.19
47.16
47.16
42.01
1,600
Dec 4, 2025
49.52
49.52
48.11
48.60
43.29
3,300
Dec 3, 2025
48.85
48.85
48.85
48.85
43.51
300
Dec 2, 2025
0.223 Dividend 

Dec 2, 2025
47.73
48.75
47.34
47.34
42.17
10,100
Dec 1, 2025
43.75
44.97
41.57
44.97
39.86
6,900
Nov 28, 2025
47.26
47.26
46.35
46.39
41.12
400
Nov 26, 2025
45.42
46.07
45.41
46.07
40.83
700
Nov 25, 2025
44.24
45.06
44.24
45.06
39.94
1,000
Nov 24, 2025
45.11
46.87
45.11
46.87
41.55
600
Nov 21, 2025
45.65
45.65
44.16
44.58
39.51
1,500
Nov 20, 2025
49.04
49.04
46.33
46.33
41.07
800
Nov 19, 2025
51.60
51.60
47.97
48.37
42.88
2,900
Nov 18, 2025
54.29
54.29
53.14
53.14
47.10
700
