Date
Open
High
Low
Close 

Adj Close 

Volume
Jun 5, 2026
15.77
16.06
13.42
14.90
14.90
162,500
Jun 4, 2026
16.83
17.80
16.42
17.11
17.11
80,300
Jun 3, 2026
0.157 Dividend 

Jun 3, 2026
18.91
19.53
16.39
16.54
16.54
131,800
Jun 2, 2026
21.25
21.25
18.73
19.53
19.37
179,000
Jun 1, 2026
23.43
24.46
21.97
23.38
23.19
53,500
May 29, 2026
23.08
26.86
22.80
26.12
25.91
53,300
May 28, 2026
22.96
24.36
21.56
23.88
23.69
71,200
May 27, 2026
0.219 Dividend 

May 27, 2026
25.27
25.61
24.54
24.65
24.45
62,800
May 26, 2026
26.93
28.47
26.40
26.56
26.13
54,900
May 22, 2026
27.88
28.38
26.38
26.48
26.05
88,200
May 21, 2026
27.87
29.10
27.45
28.21
27.75
48,000
May 20, 2026
0.241 Dividend 

May 20, 2026
28.45
29.47
28.12
28.46
28.00
43,500
May 19, 2026
28.00
29.33
28.00
28.34
27.65
54,800
May 18, 2026
30.82
31.54
27.47
28.88
28.17
119,800
May 15, 2026
34.09
34.09
31.35
32.44
31.64
70,700
May 14, 2026
32.76
37.47
31.62
35.86
34.98
64,600
May 13, 2026
0.321 Dividend 

May 13, 2026
34.15
34.15
32.02
32.85
32.04
96,800
May 12, 2026
37.74
37.85
33.85
35.26
34.08
42,600
May 11, 2026
36.95
39.50
35.06
39.12
37.81
46,000
May 8, 2026
34.05
36.27
33.71
36.14
34.93
46,700
May 7, 2026
35.55
35.57
32.93
34.30
33.15
61,100
May 6, 2026
0.296 Dividend 

May 6, 2026
35.78
36.81
34.87
36.37
35.16
56,000
May 5, 2026
37.88
37.88
35.76
36.92
35.40
59,700
May 4, 2026
34.90
36.50
34.10
35.83
34.35
57,800
May 1, 2026
32.23
34.18
31.83
33.85
32.45
53,100
Apr 30, 2026
28.84
30.65
28.60
30.39
29.14
36,700
Apr 29, 2026
0.275 Dividend 

Apr 29, 2026
30.37
30.37
27.51
27.85
26.70
80,800
Apr 28, 2026
29.97
30.87
28.66
30.71
29.18
68,200
Apr 27, 2026
32.42
34.00
31.50
31.89
30.30
23,000
Apr 24, 2026
34.08
34.08
31.99
32.54
30.92
20,700
Apr 23, 2026
34.74
35.51
32.83
33.20
31.55
39,900
Apr 22, 2026
0.229 Dividend 

Apr 22, 2026
34.19
36.60
34.19
35.40
33.64
251,900
Apr 21, 2026
32.73
33.80
30.70
30.78
29.03
55,700
Apr 20, 2026
30.30
33.15
29.67
33.10
31.22
60,800
Apr 17, 2026
27.84
33.65
27.63
31.79
29.98
176,700
Apr 16, 2026
24.52
26.34
23.56
26.34
24.84
38,600
Apr 15, 2026
0.178 Dividend 

Apr 15, 2026
23.66
24.78
22.98
24.67
23.27
39,700
Apr 14, 2026
23.40
24.99
23.11
23.23
21.74
78,400
Apr 13, 2026
20.09
21.83
19.87
21.82
20.42
140,600
Apr 10, 2026
21.22
21.35
20.69
20.82
19.49
50,600
Apr 9, 2026
20.79
21.76
20.29
20.93
19.59
65,900
Apr 8, 2026
0.19 Dividend 

Apr 8, 2026
22.21
22.32
20.59
20.88
19.54
101,400
Apr 7, 2026
20.64
20.64
19.32
19.90
18.45
73,700
Apr 6, 2026
20.25
21.14
19.98
21.05
19.51
39,100
Apr 2, 2026
18.81
19.62
17.85
18.92
17.54
137,800
Apr 1, 2026
0.194 Dividend 

Apr 1, 2026
20.80
20.80
19.55
19.87
18.42
49,800
Mar 31, 2026
20.11
20.61
18.55
20.55
18.87
55,900
Mar 30, 2026
21.57
21.88
19.50
19.65
18.04
65,500
Mar 27, 2026
22.30
22.30
20.22
20.93
19.21
38,100
Mar 26, 2026
24.16
24.72
23.15
23.15
21.25
39,500
Mar 25, 2026
0.335 Dividend 

Mar 25, 2026
25.13
26.10
24.30
24.76
22.74
39,000
Mar 24, 2026
24.98
25.41
23.76
24.30
22.01
61,700
Mar 23, 2026
1:7 Stock Splits 

Mar 23, 2026
25.00
25.39
23.78
24.91
22.55
78,600
Mar 20, 2026
25.27
25.41
23.69
24.18
21.90
55,171
Mar 19, 2026
24.64
25.48
23.80
25.08
22.71
68,186
Mar 18, 2026
27.30
27.68
25.80
26.11
23.64
83,886
Mar 17, 2026
27.44
29.50
27.26
28.77
26.05
89,971
Mar 16, 2026
27.37
28.21
26.74
27.93
25.29
110,300
Mar 13, 2026
26.46
27.48
25.27
25.51
23.11
116,671
Mar 12, 2026
24.85
25.19
23.76
24.92
22.57
87,457
Mar 11, 2026
0.448 Dividend 

Mar 11, 2026
25.55
26.32
24.22
25.20
22.82
58,886
Mar 10, 2026
26.81
26.84
24.85
25.55
22.73
79,157
Mar 9, 2026
24.78
26.11
24.64
25.76
22.92
61,843
Mar 6, 2026
24.71
25.07
23.52
24.15
21.49
124,171
Mar 5, 2026
28.07
28.56
25.69
26.46
23.54
88,371
Mar 4, 2026
0.525 Dividend 

Mar 4, 2026
27.30
29.61
27.30
28.49
25.35
63,014
Mar 3, 2026
25.20
25.97
23.45
24.90
21.69
54,229
Mar 2, 2026
23.73
27.23
23.73
26.39
22.98
117,743
Feb 27, 2026
24.15
24.36
23.45
24.15
21.03
41,686
Feb 26, 2026
25.20
25.62
23.59
24.99
21.76
81,800
Feb 25, 2026
0.392 Dividend 

Feb 25, 2026
24.01
26.30
23.66
25.62
22.31
97,271
Feb 24, 2026
21.77
23.31
20.65
22.68
19.41
112,771
Feb 23, 2026
23.87
24.43
22.33
22.78
19.50
64,271
Feb 20, 2026
24.64
26.25
24.29
24.85
21.27
61,543
Feb 19, 2026
22.19
24.36
21.56
24.19
20.71
57,743
Feb 18, 2026
0.504 Dividend 

Feb 18, 2026
23.87
24.98
22.26
22.78
19.50
66,200
Feb 17, 2026
24.50
25.41
23.38
24.50
20.54
54,671
Feb 13, 2026
23.59
26.32
23.07
26.00
21.80
62,871
Feb 12, 2026
24.01
24.01
21.42
22.12
18.54
108,186
Feb 11, 2026
0.49 Dividend 

Feb 11, 2026
25.69
25.69
22.75
23.31
19.54
64,986
Feb 10, 2026
26.39
28.00
25.97
26.04
21.42
116,857
Feb 9, 2026
24.15
28.25
23.17
27.86
22.91
96,429
Feb 6, 2026
20.37
27.23
20.26
26.60
21.88
172,843
Feb 5, 2026
22.96
23.50
16.59
17.78
14.62
177,700
Feb 4, 2026
0.483 Dividend 

Feb 4, 2026
26.95
26.95
23.24
26.32
21.65
121,900
Feb 3, 2026
31.85
31.85
25.83
28.70
23.21
116,929
Feb 2, 2026
31.50
34.83
30.83
31.42
25.40
43,471
Jan 30, 2026
31.50
36.32
31.22
35.80
28.95
51,457
Jan 29, 2026
39.34
39.34
31.05
32.76
26.49
124,000
Jan 28, 2026
0.581 Dividend 

Jan 28, 2026
43.40
43.68
39.90
40.60
32.83
39,529
Jan 27, 2026
42.00
42.70
40.39
42.70
34.06
63,714
Jan 26, 2026
41.54
43.54
41.02
42.01
33.51
52,957
Jan 23, 2026
42.00
45.99
40.88
43.12
34.39
55,886
Jan 22, 2026
43.40
43.65
41.35
42.14
33.61
44,314
Jan 21, 2026
0.686 Dividend 

Jan 21, 2026
42.49
44.24
39.79
43.40
34.62
61,843
Jan 20, 2026
44.80
45.12
41.69
42.42
33.29
92,286
Jan 16, 2026
48.79
49.49
46.06
49.42
38.78
117,814
Jan 15, 2026
52.57
52.57
48.19
48.30
37.90
55,500
Jan 14, 2026
0.658 Dividend 

Jan 14, 2026
51.45
58.17
50.82
52.36
41.09
99,743
Jan 13, 2026
45.81
50.26
45.04
49.98
38.71
142,571
Jan 12, 2026
42.49
45.43
41.38
44.73
34.64
78,943
Jan 9, 2026
46.83
46.97
41.30
42.49
32.90
117,543
Jan 8, 2026
44.10
48.37
42.70
46.97
36.37
75,171
Jan 7, 2026
0.798 Dividend 

Jan 7, 2026
45.50
48.65
43.53
44.80
34.69
57,314
Jan 6, 2026
48.37
48.37
42.14
44.17
33.59
101,943
Jan 5, 2026
46.76
48.51
45.64
47.25
35.93
60,586
Jan 2, 2026
42.07
45.15
39.76
43.54
33.11
44,943
Dec 31, 2025
0.791 Dividend 

Dec 31, 2025
42.98
43.06
40.67
40.95
31.14
49,929
Dec 30, 2025
43.68
45.15
42.70
43.54
32.51
31,857
Dec 29, 2025
44.52
46.69
43.19
43.26
32.30
36,429
Dec 26, 2025
45.64
45.64
42.31
44.87
33.50
27,186
Dec 24, 2025
0.651 Dividend 

Dec 24, 2025
43.96
44.98
42.94
44.81
33.45
20,114
Dec 23, 2025
47.39
47.51
44.35
45.08
33.17
50,557
Dec 22, 2025
50.44
51.31
48.09
48.30
35.54
34,714
Dec 19, 2025
47.67
50.05
46.72
48.16
35.44
36,857
Dec 18, 2025
50.05
51.06
44.45
44.73
32.91
44,957
Dec 17, 2025
0.644 Dividend 

Dec 17, 2025
50.47
52.04
46.06
46.20
34.00
81,771
Dec 16, 2025
49.21
52.76
47.81
50.82
36.92
31,043
Dec 15, 2025
55.93
56.13
47.01
47.74
34.68
55,000
Dec 12, 2025
59.57
60.51
56.07
56.21
40.84
20,671
Dec 11, 2025
57.54
59.64
52.78
59.64
43.33
35,043
Dec 10, 2025
1.54 Dividend 

Dec 10, 2025
62.58
63.00
58.77
60.06
43.63
60,329
Dec 9, 2025
1:4 Stock Splits 

Dec 9, 2025
59.71
69.10
59.15
64.05
45.41
61,543
Dec 8, 2025
60.20
62.16
57.68
61.04
43.28
76,989
Dec 5, 2025
61.04
61.46
56.56
58.52
41.49
59,107
Dec 4, 2025
62.16
63.98
59.64
61.60
43.68
45,682
Dec 3, 2025
4.116 Dividend 

Dec 3, 2025
60.20
63.84
57.82
62.86
44.57
68,089
Dec 2, 2025
61.04
66.92
61.04
64.12
42.54
68,000
Dec 1, 2025
55.44
57.40
47.04
57.12
37.90
71,046
Nov 28, 2025
63.84
65.80
59.36
60.48
40.13
67,389
Nov 26, 2025
1.064 Dividend 

Nov 26, 2025
58.52
62.69
56.76
60.20
39.94
37,039
Nov 25, 2025
59.64
61.26
56.28
58.52
38.12
51,693
Nov 24, 2025
58.80
63.00
54.88
62.72
40.86
66,968
Nov 21, 2025
58.52
64.12
55.44
56.98
37.12
103,400
Nov 20, 2025
72.52
73.08
57.68
61.32
39.95
84,557
Nov 19, 2025
1.596 Dividend 

Nov 19, 2025
81.48
81.65
64.82
68.32
44.51
89,393
Nov 18, 2025
78.40
91.00
78.40
86.24
55.14
44,564
Nov 17, 2025
80.36
84.56
73.64
78.40
50.13
51,861
Nov 14, 2025
82.60
89.24
77.00
81.20
51.92
76,214
Nov 13, 2025
102.76
104.72
87.92
89.04
56.93
48,321
Nov 12, 2025
1.932 Dividend 

Nov 12, 2025
113.96
113.96
99.12
103.60
66.24
34,646
Nov 11, 2025
116.20
118.02
110.60
111.44
70.02
20,114
Nov 10, 2025
129.36
129.64
114.24
117.88
74.07
37,425
Nov 7, 2025
109.20
123.20
102.42
122.64
77.06
130,718
Nov 6, 2025
135.24
135.24
117.88
119.84
75.30
32,346
Nov 5, 2025
3.22 Dividend 

Nov 5, 2025
134.12
138.32
129.92
138.04
86.73
19,739
Nov 4, 2025
141.96
144.98
132.16
133.00
81.54
27,468
Nov 3, 2025
152.32
157.36
147.00
152.32
93.39
23,529
Oct 31, 2025
156.80
163.80
150.11
157.36
96.48
21,057
Oct 30, 2025
159.04
159.32
140.00
140.28
86.01
29,007
Oct 29, 2025
2.94 Dividend 

Oct 29, 2025
174.44
176.12
162.68
164.92
101.11
35,214
Oct 28, 2025
189.56
191.35
177.24
178.08
107.38
14,757
Oct 27, 2025
193.76
194.32
187.32
189.56
114.30
45,393
Oct 24, 2025
183.68
184.52
178.92
183.01
110.35
9,604
Oct 23, 2025
177.24
180.88
169.54
176.96
106.70
19,332
Oct 22, 2025
3.08 Dividend 

Oct 22, 2025
186.48
190.88
166.88
172.48
104.00
22,375
Oct 21, 2025
189.00
202.44
187.60
198.24
117.68
14,379
Oct 20, 2025
193.48
202.16
190.40
192.92
114.52
12,718
Oct 17, 2025
172.76
188.16
172.76
184.80
109.70
19,168
Oct 16, 2025
198.80
200.48
175.78
178.08
105.71
31,311
Oct 15, 2025
3.388 Dividend 

Oct 15, 2025
203.28
209.16
192.92
194.60
115.52
20,907
Oct 14, 2025
203.28
217.36
198.24
203.84
118.99
20,639
Oct 13, 2025
211.12
220.92
204.12
220.64
128.80
25,243
Oct 10, 2025
233.80
233.80
205.38
207.76
121.28
25,793
Oct 9, 2025
239.96
240.63
226.66
229.60
134.03
16,207
Oct 8, 2025
4.76 Dividend 

Oct 8, 2025
250.60
250.60
232.40
243.88
142.36
27,386
Oct 7, 2025
289.80
289.80
246.96
249.48
142.85
34,457
Oct 6, 2025
295.40
296.80
284.20
290.64
166.42
15,314
Oct 3, 2025
279.16
289.80
269.36
280.84
160.81
18,821
Oct 2, 2025
274.12
281.40
264.88
281.40
161.13
16,643
Oct 1, 2025
4.144 Dividend 

Oct 1, 2025
254.80
266.84
253.96
260.12
148.95
39,354
Sep 30, 2025
246.68
251.44
241.92
248.92
140.16
16,907
Sep 29, 2025
238.56
254.52
235.20
252.84
142.37
17,975
Sep 26, 2025
222.60
234.36
217.00
232.96
131.17
17,975
Sep 25, 2025
246.68
246.68
208.04
221.20
124.55
30,746
Sep 24, 2025
4.648 Dividend 

Sep 24, 2025
269.08
277.17
256.48
257.04
144.73
18,496
Sep 23, 2025
283.36
285.32
268.80
269.08
148.90
23,593
Sep 22, 2025
282.52
288.40
269.92
280.84
155.40
23,021
Sep 19, 2025
299.88
308.00
281.68
294.28
162.84
20,054
Sep 18, 2025
286.44
315.28
286.16
302.40
167.33
44,604
Sep 17, 2025
4.116 Dividend 

Sep 17, 2025
285.60
293.05
268.80
278.88
154.32
13,482
Sep 16, 2025
281.40
290.92
275.52
290.92
158.70
17,557
Sep 15, 2025
281.68
284.20
268.24
279.72
152.59
15,239
Sep 12, 2025
279.72
291.20
278.32
284.84
155.39
11,671
Sep 11, 2025
276.08
280.76
270.68
276.08
150.61
10,329
Sep 10, 2025
4.116 Dividend 

Sep 10, 2025
285.60
296.24
268.80
275.52
150.30
14,632
Sep 9, 2025
286.16
287.84
276.64
283.64
152.49
10,629
Sep 8, 2025
280.56
288.96
271.60
285.04
153.24
11,789
Sep 5, 2025
289.52
293.72
267.40
292.60
157.30
20,550
Sep 4, 2025
283.08
286.72
263.48
278.60
149.78
14,975
Sep 3, 2025
4.396 Dividend 

Sep 3, 2025
301.84
304.08
279.16
283.92
152.64
18,225
Sep 2, 2025
294.28
314.16
289.80
304.08
161.11
13,329
Aug 29, 2025
295.12
303.16
290.92
294.28
155.92
9,864
Aug 28, 2025
316.12
317.24
298.54
302.12
160.07
11,911
Aug 27, 2025
5.18 Dividend 

Aug 27, 2025
320.04
323.01
307.16
308.28
163.34
11,164
Aug 26, 2025
311.08
329.00
309.68
327.60
170.83
16,018
Aug 25, 2025
317.80
327.32
307.44
313.60
163.53
16,046
Aug 22, 2025
301.00
339.64
295.40
339.08
176.82
25,132
Aug 21, 2025
308.56
314.16
299.32
304.92
159.00
10,171
Aug 20, 2025
5.18 Dividend 

Aug 20, 2025
307.16
317.52
283.11
316.68
165.13
25,536
Aug 19, 2025
357.00
358.12
301.98
308.28
158.05
36,507
Aug 18, 2025
351.12
363.72
346.28
357.00
183.03
18,182
Aug 15, 2025
375.20
375.20
350.34
362.60
185.90
35,418
Aug 14, 2025
391.44
392.84
361.20
377.44
193.51
38,175
Aug 13, 2025
6.104 Dividend 

Aug 13, 2025
425.32
427.84
398.72
411.32
210.88
18,411
Aug 12, 2025
435.96
437.36
417.20
425.04
214.79
11,675
Aug 11, 2025
442.40
458.08
434.00
436.52
220.59
20,443
Aug 8, 2025
428.96
443.10
415.80
426.72
215.63
37,418
Aug 7, 2025
414.68
440.44
414.51
434.84
219.74
24,911
Aug 6, 2025
5.264 Dividend 

Aug 6, 2025
391.72
408.80
388.64
407.12
205.73
22,125
Aug 5, 2025
411.88
419.72
393.68
398.44
198.68
24,579
Aug 4, 2025
393.96
421.96
380.80
421.12
209.99
36,325
Aug 1, 2025
436.24
439.04
379.12
381.36
190.17
52,232
Jul 31, 2025
456.40
479.08
451.64
463.40
231.08
21,111
Jul 30, 2025
5.964 Dividend 

Jul 30, 2025
449.96
465.92
441.56
448.00
223.40
21,939
Jul 29, 2025
479.08
479.64
442.40
452.48
222.66
46,646
Jul 28, 2025
499.52
499.80
471.80
472.08
232.30
23,111
Jul 25, 2025
476.00
487.76
469.53
477.40
234.92
28,268
Jul 24, 2025
497.00
507.92
477.68
497.84
244.98
24,643
Jul 23, 2025
6.16 Dividend 

Jul 23, 2025
515.48
517.92
476.28
493.08
242.64
34,939
Jul 22, 2025
536.48
546.00
498.96
531.16
258.34
35,161
Jul 21, 2025
539.00
551.60
527.18
530.04
257.80
20,336
Jul 18, 2025
593.32
596.12
519.40
521.92
253.85
49,807
Jul 17, 2025
590.80
600.88
580.72
591.36
287.62
19,139
Jul 16, 2025
9.828 Dividend 

Jul 16, 2025
584.08
602.84
577.75
600.04
291.84
25,943
Jul 15, 2025
588.28
611.80
576.80
580.16
277.40
40,546
Jul 14, 2025
590.80
610.40
578.37
600.88
287.30
33,111
Jul 11, 2025
559.72
572.88
546.00
565.32
270.30
42,329
Jul 10, 2025
523.60
544.60
520.94
544.04
260.12
32,536
Jul 9, 2025
7.616 Dividend 

Jul 9, 2025
500.36
530.54
489.44
528.08
252.49
30,186
Jul 8, 2025
505.40
509.60
491.12
499.80
235.33
23,054
Jul 7, 2025
510.16
516.60
495.60
496.16
233.62
21,146
Jul 3, 2025
511.56
532.28
511.28
515.76
242.85
31,525
Jul 2, 2025
8.008 Dividend 

Jul 2, 2025
472.92
519.40
468.44
514.36
242.19
33,989
Jul 1, 2025
514.92
519.54
460.49
460.60
213.10
51,336
Jun 30, 2025
504.00
540.12
492.66
535.36
247.69
22,279
Jun 27, 2025
498.96
519.96
494.76
496.16
229.56
17,579
Jun 26, 2025
499.80
511.34
496.69
502.04
232.28
15,550
Jun 25, 2025
5.824 Dividend 

Jun 25, 2025
497.00
506.80
487.48
504.28
233.31
18,914
Jun 24, 2025
480.76
502.26
474.60
488.32
223.23
22,700
Jun 23, 2025
453.88
471.80
445.48
465.92
212.99
29,132
Jun 20, 2025
478.80
484.12
460.60
470.68
215.17
25,736
Jun 18, 2025
7.616 Dividend 

Jun 18, 2025
476.28
482.16
466.62
470.40
215.04
20,746
Jun 17, 2025
492.80
498.40
472.36
492.52
221.67
19,779
Jun 16, 2025
516.60
519.12
496.92
506.52
227.97
15,614
Jun 13, 2025
491.12
512.04
479.64
511.00
229.99
31,804
Jun 12, 2025
500.08
525.00
488.10
501.20
225.58
17,089
Jun 11, 2025
8.008 Dividend 

Jun 11, 2025
526.40
527.52
503.83
516.32
232.38
18,054
Jun 10, 2025
539.56
539.56
517.72
533.12
236.34
32,100
Jun 9, 2025
512.40
539.56
504.00
535.36
237.33
25,507
Jun 6, 2025
500.92
510.44
484.68
495.04
219.46
17,364
