Date
Open
High
Low
Close 

Adj Close 

Volume

May 22, 2026
7.66
7.74
7.40
7.44
7.44
441,600
May 21, 2026
7.68
7.93
7.58
7.72
7.72
415,000
May 20, 2026
7.80
7.95
7.63
7.76
7.76
545,200
May 19, 2026
7.60
7.91
7.60
7.69
7.69
602,600
May 18, 2026
0.154 Dividend 

May 18, 2026
7.95
7.96
7.55
7.81
7.81
882,700
May 15, 2026
8.86
8.86
8.36
8.59
8.44
973,600
May 14, 2026
8.59
9.48
8.44
9.14
8.98
892,500
May 13, 2026
8.88
8.92
8.49
8.63
8.48
456,700
May 12, 2026
9.40
9.44
8.74
9.01
8.85
558,900
May 11, 2026
0.137 Dividend 

May 11, 2026
9.29
9.72
8.88
9.68
9.51
1,070,700
May 8, 2026
8.81
9.34
8.74
9.33
9.03
682,800
May 7, 2026
9.16
9.16
8.65
8.88
8.59
376,800
May 6, 2026
9.23
9.36
8.99
9.26
8.96
493,400
May 5, 2026
9.46
9.49
9.11
9.29
8.99
810,800
May 4, 2026
0.134 Dividend 

May 4, 2026
8.96
9.23
8.80
9.12
8.82
427,600
May 1, 2026
8.49
9.03
8.34
8.82
8.41
587,100
Apr 30, 2026
7.93
8.23
7.77
8.16
7.78
284,200
Apr 29, 2026
8.18
8.18
7.63
7.72
7.36
298,700
Apr 28, 2026
8.08
8.23
7.82
8.17
7.79
372,000
Apr 27, 2026
0.162 Dividend 

Apr 27, 2026
8.50
8.77
8.30
8.39
8.00
330,500
Apr 24, 2026
9.00
9.01
8.54
8.67
8.11
299,700
Apr 23, 2026
8.96
9.24
8.69
8.76
8.19
439,400
Apr 22, 2026
8.90
9.39
8.90
9.14
8.55
545,700
Apr 21, 2026
8.63
8.76
8.22
8.25
7.71
662,100
Apr 20, 2026
0.109 Dividend 

Apr 20, 2026
8.16
8.66
8.05
8.66
8.10
434,000
Apr 17, 2026
7.79
8.88
7.79
8.51
7.86
879,000
Apr 16, 2026
7.14
7.49
6.92
7.49
6.91
509,300
Apr 15, 2026
6.91
7.17
6.78
7.17
6.62
363,200
Apr 14, 2026
6.83
7.16
6.74
6.80
6.28
281,900
Apr 13, 2026
0.073 Dividend 

Apr 13, 2026
6.15
6.52
6.08
6.52
6.02
345,000
Apr 10, 2026
6.45
6.55
6.30
6.38
5.82
340,500
Apr 9, 2026
6.32
6.57
6.20
6.39
5.83
573,300
Apr 8, 2026
6.69
6.70
6.22
6.35
5.80
536,600
Apr 7, 2026
6.15
6.24
5.92
6.09
5.55
369,500
Apr 6, 2026
0.072 Dividend 

Apr 6, 2026
6.13
6.34
6.06
6.31
5.76
350,300
Apr 2, 2026
5.94
6.09
5.72
5.97
5.38
498,200
Apr 1, 2026
6.33
6.33
6.04
6.11
5.51
419,400
Mar 31, 2026
6.12
6.27
5.83
6.26
5.64
538,800
Mar 30, 2026
0.093 Dividend 

Mar 30, 2026
6.54
6.57
6.01
6.04
5.45
640,700
Mar 27, 2026
6.66
6.71
6.29
6.42
5.70
609,000
Mar 26, 2026
7.08
7.22
6.84
6.85
6.09
332,100
Mar 25, 2026
7.31
7.51
7.09
7.22
6.42
379,200
Mar 24, 2026
7.18
7.28
6.93
7.06
6.27
749,900
Mar 23, 2026
0.128 Dividend 

Mar 23, 2026
7.20
7.28
6.92
7.18
6.38
550,500
Mar 20, 2026
7.39
7.39
7.06
7.15
6.24
1,824,700
Mar 19, 2026
7.13
7.41
6.99
7.30
6.37
771,800
Mar 18, 2026
7.77
7.85
7.46
7.47
6.52
484,400
Mar 17, 2026
7.82
8.21
7.78
8.09
7.06
476,100
Mar 16, 2026
0.126 Dividend 

Mar 16, 2026
7.77
7.95
7.65
7.91
6.90
763,700
Mar 13, 2026
7.81
8.03
7.47
7.54
6.47
504,000
Mar 12, 2026
7.37
7.48
7.14
7.40
6.35
405,800
Mar 11, 2026
7.54
7.73
7.26
7.46
6.40
509,500
Mar 10, 2026
7.69
7.71
7.31
7.46
6.40
867,700
Mar 9, 2026
0.106 Dividend 

Mar 9, 2026
7.31
7.57
7.28
7.51
6.44
301,700
Mar 6, 2026
7.36
7.44
7.15
7.26
6.14
443,300
Mar 5, 2026
8.01
8.08
7.54
7.67
6.49
309,900
Mar 4, 2026
7.91
8.30
7.84
8.10
6.85
375,100
Mar 3, 2026
7.26
7.45
6.89
7.21
6.10
351,200
Mar 2, 2026
0.106 Dividend 

Mar 2, 2026
6.95
7.68
6.95
7.53
6.37
548,600
Feb 27, 2026
7.10
7.22
7.02
7.15
5.96
322,300
Feb 26, 2026
7.44
7.52
7.06
7.39
6.16
306,800
Feb 25, 2026
7.14
7.66
7.09
7.51
6.26
393,500
Feb 24, 2026
6.62
6.93
6.39
6.81
5.67
492,500
Feb 23, 2026
0.119 Dividend 

Feb 23, 2026
7.02
7.15
6.68
6.74
5.61
228,900
Feb 20, 2026
7.29
7.65
7.25
7.35
6.02
801,400
Feb 19, 2026
6.82
7.27
6.74
7.23
5.92
174,900
Feb 18, 2026
7.11
7.43
6.86
6.96
5.70
214,000
Feb 17, 2026
0.091 Dividend 

Feb 17, 2026
7.24
7.41
7.01
7.19
5.89
255,100
Feb 13, 2026
7.16
7.73
7.09
7.64
6.18
367,100
Feb 12, 2026
7.21
7.26
6.75
6.90
5.59
181,900
Feb 11, 2026
7.60
7.72
6.97
7.13
5.77
208,200
Feb 10, 2026
7.63
8.01
7.59
7.59
6.15
299,500
Feb 9, 2026
0.089 Dividend 

Feb 9, 2026
7.22
8.02
7.05
7.95
6.44
251,200
Feb 6, 2026
6.51
7.85
6.50
7.84
6.28
817,600
Feb 5, 2026
6.76
6.88
5.63
5.79
4.64
620,000
Feb 4, 2026
7.48
7.50
6.83
7.37
5.90
626,100
Feb 3, 2026
8.20
8.20
7.24
7.69
6.16
510,700
Feb 2, 2026
0.103 Dividend 

Feb 2, 2026
8.14
8.74
8.05
8.17
6.54
617,400
Jan 30, 2026
8.27
9.07
8.27
8.97
7.10
403,800
Jan 29, 2026
9.45
9.45
8.23
8.53
6.75
500,200
Jan 28, 2026
10.07
10.15
9.53
9.62
7.61
265,900
Jan 27, 2026
9.77
9.86
9.52
9.85
7.79
332,000
Jan 26, 2026
0.199 Dividend 

Jan 26, 2026
9.69
10.02
9.65
9.79
7.75
361,900
Jan 23, 2026
10.03
10.63
9.85
10.12
7.85
282,800
Jan 22, 2026
10.20
10.28
9.90
10.02
7.77
171,800
Jan 21, 2026
10.02
10.37
9.64
10.22
7.93
361,000
Jan 20, 2026
0.139 Dividend 

Jan 20, 2026
10.33
10.70
9.87
9.99
7.75
699,300
Jan 16, 2026
11.02
11.14
10.69
11.12
8.52
494,400
Jan 15, 2026
11.56
11.56
10.88
10.94
8.38
247,200
Jan 14, 2026
11.51
12.36
11.33
11.57
8.86
489,900
Jan 13, 2026
10.43
11.12
10.33
11.10
8.50
391,600
Jan 12, 2026
0.136 Dividend 

Jan 12, 2026
9.84
10.39
9.70
10.26
7.86
363,000
Jan 9, 2026
10.79
10.79
9.91
10.06
7.60
486,200
Jan 8, 2026
10.16
11.04
9.96
10.78
8.15
556,000
Jan 7, 2026
10.50
11.02
10.13
10.40
7.86
403,200
Jan 6, 2026
10.74
10.80
9.80
10.12
7.65
417,600
Jan 5, 2026
0.161 Dividend 

Jan 5, 2026
10.53
10.84
10.34
10.63
8.03
429,000
Jan 2, 2026
10.00
10.46
9.64
10.20
7.59
380,100
Dec 31, 2025
10.12
10.16
9.76
9.81
7.30
239,400
Dec 30, 2025
10.10
10.37
9.98
10.09
7.50
302,200
Dec 29, 2025
0.163 Dividend 

Dec 29, 2025
10.28
10.65
10.08
10.11
7.52
353,800
Dec 26, 2025
10.61
10.61
10.14
10.53
7.71
202,700
Dec 24, 2025
10.35
10.53
10.24
10.49
7.68
128,000
Dec 23, 2025
10.77
10.78
10.34
10.44
7.65
361,800
Dec 22, 2025
0.211 Dividend 

Dec 22, 2025
11.32
11.44
10.91
10.96
8.03
511,300
Dec 19, 2025
11.12
11.44
10.96
11.26
8.09
579,400
Dec 18, 2025
11.45
11.53
10.62
10.68
7.67
183,100
Dec 17, 2025
11.44
11.71
10.84
10.87
7.81
258,200
Dec 16, 2025
11.25
11.75
11.00
11.45
8.23
250,700
Dec 15, 2025
0.242 Dividend 

Dec 15, 2025
12.19
12.22
10.87
10.99
7.90
430,700
Dec 12, 2025
13.02
13.23
12.43
12.43
8.76
328,800
Dec 11, 2025
12.75
13.04
12.03
13.04
9.19
319,700
Dec 10, 2025
13.52
13.66
12.95
13.17
9.28
255,800
Dec 9, 2025
12.88
14.29
12.75
13.49
9.50
379,800
Dec 8, 2025
0.249 Dividend 

Dec 8, 2025
12.89
13.19
12.60
13.04
9.19
323,100
Dec 5, 2025
13.33
13.45
12.68
12.94
8.94
551,300
Dec 4, 2025
13.57
13.95
13.23
13.55
9.36
179,400
Dec 3, 2025
13.33
13.90
12.93
13.75
9.50
428,100
Dec 2, 2025
12.85
13.71
12.79
13.18
9.11
413,700
Dec 1, 2025
0.162 Dividend 

Dec 1, 2025
11.97
12.33
10.90
12.33
8.52
351,700
Nov 28, 2025
13.43
13.80
12.77
12.94
8.83
320,900
Nov 26, 2025
12.61
13.24
12.32
12.83
8.75
316,300
Nov 25, 2025
12.66
12.88
12.09
12.49
8.52
249,700
Nov 24, 2025
0.147 Dividend 

Nov 24, 2025
12.44
13.16
11.99
13.07
8.92
233,100
Nov 21, 2025
12.70
13.48
12.15
12.55
8.46
1,008,500
Nov 20, 2025
14.49
14.52
12.61
13.16
8.87
330,000
Nov 19, 2025
15.44
15.52
13.55
13.97
9.42
364,100
Nov 18, 2025
14.87
16.48
14.86
15.89
10.72
674,300
Nov 17, 2025
0.232 Dividend 

Nov 17, 2025
14.88
15.59
14.28
14.78
9.97
395,300
Nov 14, 2025
15.49
16.29
14.98
15.43
10.25
347,700
Nov 13, 2025
17.72
17.97
16.18
16.28
10.81
349,700
Nov 12, 2025
18.72
18.85
17.39
17.87
11.87
166,000
Nov 11, 2025
18.99
19.25
18.50
18.52
12.30
150,100
Nov 10, 2025
0.277 Dividend 

Nov 10, 2025
20.30
20.46
18.83
19.24
12.78
190,700
Nov 7, 2025
17.94
20.00
17.53
19.80
12.97
279,800
Nov 6, 2025
20.82
20.84
19.14
19.31
12.65
273,400
Nov 5, 2025
20.65
21.16
20.36
21.16
13.86
189,900
Nov 4, 2025
21.19
21.47
20.27
20.34
13.32
318,200
Nov 3, 2025
0.375 Dividend 

Nov 3, 2025
22.12
22.73
21.69
22.16
14.51
304,000
Oct 31, 2025
23.03
23.69
22.38
23.09
14.88
518,200
Oct 30, 2025
23.02
23.19
21.43
21.44
13.81
316,200
Oct 29, 2025
24.55
24.69
23.51
23.68
15.26
287,900
Oct 28, 2025
25.70
25.87
24.55
24.55
15.82
217,300
Oct 27, 2025
0.359 Dividend 

Oct 27, 2025
26.11
26.17
25.48
25.71
16.57
239,300
Oct 24, 2025
25.58
25.84
25.12
25.43
16.15
212,200
Oct 23, 2025
25.06
25.40
24.43
25.00
15.88
155,700
Oct 22, 2025
25.85
26.31
24.13
24.57
15.61
259,400
Oct 21, 2025
26.01
27.20
25.79
26.82
17.04
273,600
Oct 20, 2025
0.389 Dividend 

Oct 20, 2025
26.33
27.24
26.05
26.20
16.64
284,000
Oct 17, 2025
24.84
26.24
24.70
25.95
16.24
517,100
Oct 16, 2025
26.98
27.16
25.09
25.30
15.83
500,400
Oct 15, 2025
27.39
27.95
26.49
26.73
16.72
280,600
Oct 14, 2025
0.837 Dividend 

Oct 14, 2025
27.17
28.43
26.77
27.15
16.99
258,700
Oct 13, 2025
28.70
29.61
28.02
29.61
18.00
289,100
Oct 10, 2025
30.58
30.75
28.35
28.67
17.43
747,300
Oct 9, 2025
31.08
31.20
30.00
30.28
18.41
160,400
Oct 8, 2025
31.93
32.03
30.50
31.40
19.09
372,000
Oct 7, 2025
34.60
34.71
31.31
31.50
19.15
473,000
Oct 6, 2025
0.438 Dividend 

Oct 6, 2025
34.99
35.38
34.25
34.79
21.15
292,600
Oct 3, 2025
34.27
35.05
33.55
34.32
20.60
292,700
Oct 2, 2025
33.99
34.46
33.11
34.41
20.65
392,800
Oct 1, 2025
32.19
33.36
32.00
32.83
19.71
383,700
Sep 30, 2025
30.98
31.17
30.27
30.98
18.60
223,600
Sep 29, 2025
0.794 Dividend 

Sep 29, 2025
30.05
31.60
29.74
31.43
18.87
354,900
Sep 26, 2025
30.00
30.37
29.00
30.34
17.73
425,300
Sep 25, 2025
31.20
31.20
28.30
29.32
17.14
552,700
Sep 24, 2025
32.88
33.57
31.97
32.00
18.71
320,300
Sep 23, 2025
33.66
33.82
32.54
32.54
19.02
242,700
Sep 22, 2025
0.848 Dividend 

Sep 22, 2025
33.61
34.20
32.73
33.52
19.59
374,100
Sep 19, 2025
35.90
36.43
34.53
35.50
20.26
886,400
Sep 18, 2025
34.27
37.01
34.27
35.93
20.50
311,600
Sep 17, 2025
34.30
34.85
32.88
33.61
19.18
171,000
Sep 16, 2025
33.37
34.26
33.03
34.26
19.55
123,600
Sep 15, 2025
0.511 Dividend 

Sep 15, 2025
33.53
33.72
32.49
33.42
19.07
174,500
Sep 12, 2025
34.07
34.90
33.95
34.41
19.34
140,100
Sep 11, 2025
33.80
34.07
33.25
33.69
18.94
132,100
Sep 10, 2025
34.18
35.35
33.16
33.68
18.93
181,400
Sep 9, 2025
34.04
34.33
33.45
33.94
19.08
144,100
Sep 8, 2025
0.356 Dividend 

Sep 8, 2025
33.90
34.52
33.20
34.11
19.17
229,600
Sep 5, 2025
35.80
35.80
33.31
35.35
19.67
235,200
Sep 4, 2025
34.53
34.80
32.97
34.24
19.05
278,500
Sep 3, 2025
36.10
36.31
34.22
34.53
19.21
203,200
Sep 2, 2025
0.458 Dividend 

Sep 2, 2025
35.05
36.86
34.78
35.97
20.02
238,900
Aug 29, 2025
35.62
36.23
35.37
35.55
19.53
210,700
Aug 28, 2025
37.04
37.28
35.87
36.17
19.87
191,800
Aug 27, 2025
37.51
37.80
36.57
36.60
20.10
149,000
Aug 26, 2025
36.50
37.83
36.43
37.83
20.78
201,200
Aug 25, 2025
0.407 Dividend 

Aug 25, 2025
36.92
37.76
36.26
36.78
20.20
299,400
Aug 22, 2025
36.15
39.27
35.70
39.09
21.25
442,600
Aug 21, 2025
36.76
37.15
36.06
36.43
19.80
219,500
Aug 20, 2025
36.70
37.45
34.85
37.45
20.36
422,100
Aug 19, 2025
39.85
39.95
35.91
36.33
19.75
576,000
Aug 18, 2025
1.394 Dividend 

Aug 18, 2025
39.48
40.34
39.15
39.98
21.73
408,100
Aug 15, 2025
42.52
42.52
40.77
41.62
21.86
422,100
Aug 14, 2025
43.61
43.65
41.50
42.55
22.35
404,100
Aug 13, 2025
46.00
46.12
44.02
44.93
23.60
395,800
Aug 12, 2025
46.45
46.51
44.97
45.57
23.94
347,000
Aug 11, 2025
0.786 Dividend 

Aug 11, 2025
46.93
48.19
46.19
46.23
24.29
435,000
Aug 8, 2025
46.89
48.47
45.63
46.57
24.05
426,100
Aug 7, 2025
45.55
48.00
45.38
47.44
24.50
321,700
Aug 6, 2025
43.69
44.97
43.40
44.89
23.18
212,000
Aug 5, 2025
45.00
45.45
43.48
43.69
22.57
174,100
Aug 4, 2025
43.46
45.71
42.38
45.71
23.61
213,500
Aug 1, 2025
47.00
47.14
43.30
43.44
22.44
387,500
Jul 31, 2025
48.33
49.73
47.79
48.61
25.11
206,400
Jul 30, 2025
47.76
48.82
47.24
47.52
24.54
46,800
Jul 29, 2025
49.18
49.20
46.89
47.53
24.55
119,800
Jul 28, 2025
51.12
51.12
48.80
48.82
25.21
257,300
Jul 25, 2025
49.12
49.82
48.67
49.11
25.37
147,400
Jul 24, 2025
50.40
51.13
49.25
50.43
26.05
162,800
