Date
Open
High
Low
Close 

Adj Close 

Volume

May 22, 2026
23.24
23.40
22.63
22.72
22.72
2,151,800
May 21, 2026
0.314 Dividend 

May 21, 2026
23.24
23.80
22.99
23.33
23.33
1,506,500
May 20, 2026
23.75
24.15
23.40
23.76
23.45
1,508,700
May 19, 2026
23.44
24.02
23.40
23.57
23.26
1,764,000
May 18, 2026
24.19
24.19
23.18
23.81
23.50
2,379,300
May 15, 2026
25.75
25.75
24.65
25.11
24.78
2,167,200
May 14, 2026
0.536 Dividend 

May 14, 2026
25.19
26.89
24.79
26.24
25.89
2,195,200
May 13, 2026
26.25
26.26
25.41
25.75
24.88
1,948,400
May 12, 2026
27.30
27.39
25.93
26.48
25.59
1,917,000
May 11, 2026
26.98
27.90
26.20
27.78
26.84
2,281,600
May 8, 2026
25.95
26.81
25.76
26.75
25.85
1,516,400
May 7, 2026
0.555 Dividend 

May 7, 2026
26.50
26.51
25.52
25.88
25.01
1,397,000
May 6, 2026
27.15
27.50
26.75
27.34
25.88
1,907,300
May 5, 2026
27.77
27.86
27.03
27.40
25.94
2,088,500
May 4, 2026
26.63
27.29
26.35
27.05
25.61
1,470,900
May 1, 2026
25.42
26.56
25.25
26.21
24.81
2,487,000
Apr 30, 2026
0.489 Dividend 

Apr 30, 2026
24.24
24.93
23.84
24.73
23.41
955,900
Apr 29, 2026
25.28
25.28
23.94
24.17
22.42
1,675,400
Apr 28, 2026
25.00
25.41
24.39
25.27
23.44
1,683,700
Apr 27, 2026
25.95
26.54
25.49
25.70
23.84
1,597,300
Apr 24, 2026
26.71
26.71
25.64
25.95
24.07
1,900,300
Apr 23, 2026
0.521 Dividend 

Apr 23, 2026
26.59
27.15
25.95
26.07
24.18
2,112,700
Apr 22, 2026
26.96
28.04
26.92
27.52
25.04
1,848,500
Apr 21, 2026
26.46
26.72
25.50
25.50
23.20
1,622,000
Apr 20, 2026
25.31
26.48
25.08
26.46
24.08
1,621,200
Apr 17, 2026
24.17
26.88
24.13
25.90
23.57
4,615,000
Apr 16, 2026
0.304 Dividend 

Apr 16, 2026
22.76
23.51
22.31
23.51
21.39
1,017,300
Apr 15, 2026
22.64
23.13
22.33
23.13
20.77
1,327,800
Apr 14, 2026
22.38
23.16
22.26
22.41
20.12
1,234,500
Apr 13, 2026
21.02
21.77
20.80
21.72
19.50
1,316,400
Apr 10, 2026
21.35
21.62
21.08
21.29
19.12
1,053,500
Apr 9, 2026
0.305 Dividend 

Apr 9, 2026
21.08
21.56
20.90
21.21
19.05
977,500
Apr 8, 2026
22.03
22.20
21.20
21.44
18.98
1,171,400
Apr 7, 2026
21.08
21.22
20.51
20.89
18.49
1,150,500
Apr 6, 2026
20.87
21.43
20.76
21.34
18.89
1,285,700
Apr 2, 2026
0.314 Dividend 

Apr 2, 2026
20.15
20.64
19.72
20.31
17.98
1,306,800
Apr 1, 2026
21.49
21.49
20.83
21.00
18.31
1,590,000
Mar 31, 2026
21.00
21.34
20.18
21.29
18.56
1,104,100
Mar 30, 2026
21.86
22.01
20.67
20.78
18.12
1,371,200
Mar 27, 2026
22.01
22.09
21.05
21.37
18.63
1,264,100
Mar 26, 2026
0.345 Dividend 

Mar 26, 2026
22.99
23.34
22.42
22.42
19.55
984,000
Mar 25, 2026
23.70
24.16
23.32
23.66
20.33
894,500
Mar 24, 2026
23.57
23.70
22.91
23.22
19.95
1,046,600
Mar 23, 2026
23.45
23.66
22.86
23.41
20.11
990,900
Mar 20, 2026
23.63
23.65
22.84
23.04
19.80
1,036,100
Mar 19, 2026
0.438 Dividend 

Mar 19, 2026
22.90
23.59
22.60
23.42
20.12
789,100
Mar 18, 2026
24.69
24.90
24.07
24.14
20.37
1,358,400
Mar 17, 2026
24.77
25.60
24.74
25.37
21.40
1,567,300
Mar 16, 2026
24.65
25.07
24.41
24.99
21.08
910,800
Mar 13, 2026
24.46
24.90
23.70
23.93
20.19
779,300
Mar 12, 2026
0.385 Dividend 

Mar 12, 2026
23.45
23.69
22.90
23.55
19.87
546,000
Mar 11, 2026
24.23
24.61
23.53
24.04
19.96
645,700
Mar 10, 2026
24.46
24.55
23.65
23.99
19.91
600,900
Mar 9, 2026
23.61
24.19
23.50
24.06
19.97
642,000
Mar 6, 2026
23.37
23.56
22.90
23.18
19.24
633,900
Mar 5, 2026
0.35 Dividend 

Mar 5, 2026
24.83
24.95
23.85
24.11
20.01
678,400
Mar 4, 2026
24.96
25.83
24.77
25.29
20.70
1,057,800
Mar 3, 2026
23.56
23.99
22.82
23.51
19.25
549,900
Mar 2, 2026
22.97
24.50
22.96
24.18
19.79
774,600
Feb 27, 2026
22.87
23.16
22.78
23.06
18.88
700,600
Feb 26, 2026
0.302 Dividend 

Feb 26, 2026
23.45
23.68
22.78
23.43
19.18
472,000
Feb 25, 2026
23.21
24.27
23.04
23.93
19.34
798,600
Feb 24, 2026
21.92
22.70
21.39
22.44
18.14
606,400
Feb 23, 2026
22.88
23.17
22.08
22.23
17.97
720,500
Feb 20, 2026
23.21
23.92
23.08
23.34
18.87
674,000
Feb 19, 2026
0.361 Dividend 

Feb 19, 2026
22.12
23.12
21.88
23.04
18.62
723,300
Feb 18, 2026
23.04
23.71
22.50
22.78
18.12
865,400
Feb 17, 2026
23.24
23.67
22.77
23.22
18.47
852,400
Feb 13, 2026
22.97
24.09
22.75
23.92
19.03
1,264,900
Feb 12, 2026
0.298 Dividend 

Feb 12, 2026
22.99
23.10
21.94
22.28
17.72
955,800
Feb 11, 2026
24.16
24.16
22.72
23.05
18.10
1,162,300
Feb 10, 2026
24.15
24.85
23.98
24.01
18.85
808,000
Feb 9, 2026
23.13
24.98
22.75
24.84
19.50
1,237,000
Feb 6, 2026
21.08
24.29
21.01
24.00
18.85
2,901,100
Feb 5, 2026
0.308 Dividend 

Feb 5, 2026
22.08
22.27
19.17
19.63
15.41
3,757,300
Feb 4, 2026
24.05
24.12
22.44
23.84
18.48
3,817,800
Feb 3, 2026
25.74
25.74
23.41
24.57
19.04
2,647,300
Feb 2, 2026
25.63
26.91
25.32
25.63
19.87
2,139,600
Jan 30, 2026
25.62
27.41
25.59
27.18
21.07
1,428,700
Jan 29, 2026
0.373 Dividend 

Jan 29, 2026
28.44
28.47
25.52
26.17
20.28
2,920,800
Jan 28, 2026
30.09
30.25
28.97
29.22
22.36
1,431,800
Jan 27, 2026
29.44
29.71
28.93
29.69
22.72
1,880,000
Jan 26, 2026
29.26
29.97
29.15
29.49
22.57
1,387,500
Jan 23, 2026
29.41
30.73
29.12
29.83
22.83
1,471,700
Jan 22, 2026
0.43 Dividend 

Jan 22, 2026
29.86
30.01
29.20
29.42
22.51
1,176,200
Jan 21, 2026
29.88
30.66
29.00
30.35
22.89
1,890,300
Jan 20, 2026
30.57
30.65
29.47
29.75
22.44
1,756,600
Jan 16, 2026
31.57
31.93
30.97
31.87
24.04
1,527,800
Jan 15, 2026
0.414 Dividend 

Jan 15, 2026
32.59
32.59
31.37
31.46
23.73
1,316,100
Jan 14, 2026
32.90
34.70
32.55
32.97
24.56
2,101,600
Jan 13, 2026
30.79
32.22
30.61
32.10
23.91
1,143,200
Jan 12, 2026
29.47
30.73
29.21
30.47
22.70
1,131,700
Jan 9, 2026
31.12
31.22
29.25
29.62
22.06
1,391,700
Jan 8, 2026
0.374 Dividend 

Jan 8, 2026
30.02
31.69
29.57
31.18
23.22
1,163,100
Jan 7, 2026
31.03
31.99
30.31
30.82
22.68
1,496,700
Jan 6, 2026
31.53
31.58
29.65
30.25
22.26
1,415,100
Jan 5, 2026
31.00
31.67
30.72
31.23
22.98
1,407,900
Jan 2, 2026
0.409 Dividend 

Jan 2, 2026
29.65
30.69
28.83
30.06
22.12
1,222,700
Dec 31, 2025
30.34
30.42
29.48
29.60
21.48
2,166,500
Dec 30, 2025
30.18
30.77
29.92
30.21
21.92
1,654,400
Dec 29, 2025
30.49
31.23
30.10
30.11
21.85
2,564,200
Dec 26, 2025
0.511 Dividend 

Dec 26, 2025
30.74
30.75
29.83
30.63
22.23
1,636,400
Dec 24, 2025
30.80
31.16
30.46
31.10
22.20
716,500
Dec 23, 2025
31.70
31.78
30.71
30.95
22.09
1,197,800
Dec 22, 2025
32.72
32.98
31.97
32.05
22.88
1,339,800
Dec 19, 2025
31.81
32.45
31.46
32.01
22.85
1,627,200
Dec 18, 2025
0.387 Dividend 

Dec 18, 2025
32.48
32.81
30.66
30.81
21.99
1,386,000
Dec 17, 2025
32.86
33.49
31.56
31.56
22.25
1,161,100
Dec 16, 2025
32.40
33.55
31.82
32.82
23.14
1,128,000
Dec 15, 2025
34.29
34.33
31.53
31.76
22.39
1,775,200
Dec 12, 2025
35.35
35.75
34.24
34.27
24.16
1,527,100
Dec 11, 2025
0.586 Dividend 

Dec 11, 2025
34.77
35.47
33.28
35.46
25.00
5,047,100
Dec 10, 2025
36.73
36.99
35.73
36.13
25.06
4,046,200
Dec 9, 2025
35.48
37.78
35.26
36.63
25.40
2,794,300
Dec 8, 2025
1:5 Stock Splits 

Dec 8, 2025
35.50
36.08
34.90
35.80
24.83
1,834,000
Dec 5, 2025
35.70
35.97
34.47
35.05
24.31
2,266,960
Dec 4, 2025
0.695 Dividend 

Dec 4, 2025
35.92
36.55
35.45
36.05
25.00
2,028,480
Dec 3, 2025
36.15
37.05
35.50
36.80
25.04
1,828,300
Dec 2, 2025
35.00
36.75
35.00
35.75
24.33
1,988,220
Dec 1, 2025
33.40
34.10
31.10
34.00
23.14
3,844,900
Nov 28, 2025
0.675 Dividend 

Nov 28, 2025
35.70
36.50
34.65
35.00
23.82
1,407,320
Nov 26, 2025
34.95
36.15
34.25
35.30
23.56
2,221,220
Nov 25, 2025
35.00
35.55
33.70
34.70
23.16
1,514,860
Nov 24, 2025
34.40
36.05
33.45
36.00
24.03
2,355,460
Nov 21, 2025
34.55
35.98
33.30
34.15
22.79
2,781,320
Nov 20, 2025
0.74 Dividend 

Nov 20, 2025
38.10
38.35
34.26
35.30
23.56
2,622,360
Nov 19, 2025
40.65
40.90
36.87
37.75
24.70
2,443,340
Nov 18, 2025
39.40
42.50
39.40
41.45
27.12
2,099,960
Nov 17, 2025
39.40
40.92
38.25
39.40
25.78
3,657,320
Nov 14, 2025
40.00
41.73
39.05
40.00
26.17
3,571,740
Nov 13, 2025
0.81 Dividend 

Nov 13, 2025
44.40
44.92
41.35
41.65
27.25
2,892,020
Nov 12, 2025
47.20
47.42
44.60
45.50
29.24
1,756,180
Nov 11, 2025
47.65
48.20
46.70
46.70
30.01
1,367,180
Nov 10, 2025
49.65
49.75
47.30
48.05
30.88
1,893,060
Nov 7, 2025
44.75
48.65
44.25
48.35
31.08
2,997,180
Nov 6, 2025
0.845 Dividend 

Nov 6, 2025
50.35
50.40
47.25
47.70
30.66
2,181,900
Nov 5, 2025
50.75
51.85
50.33
51.85
32.78
1,657,800
Nov 4, 2025
51.90
52.44
50.00
50.20
31.74
2,502,840
Nov 3, 2025
53.45
54.50
52.70
53.60
33.89
2,058,620
Oct 31, 2025
54.25
55.55
53.13
54.45
34.43
2,401,580
Oct 30, 2025
0.96 Dividend 

Oct 30, 2025
54.40
54.60
51.25
51.25
32.40
2,609,000
Oct 29, 2025
58.15
58.42
56.20
56.40
35.05
1,851,460
Oct 28, 2025
59.85
60.33
58.13
58.15
36.14
1,381,900
Oct 27, 2025
60.40
60.54
59.55
60.05
37.32
1,735,520
Oct 24, 2025
58.90
59.15
58.17
58.65
36.45
1,487,340
Oct 23, 2025
1.06 Dividend 

Oct 23, 2025
57.80
58.45
56.55
57.65
35.83
1,975,380
Oct 22, 2025
60.45
61.13
57.22
58.05
35.42
2,127,800
Oct 21, 2025
60.25
62.30
59.95
61.70
37.64
1,473,560
Oct 20, 2025
60.75
62.13
60.25
60.75
37.07
1,974,220
Oct 17, 2025
57.30
59.80
57.15
59.30
36.18
2,722,600
Oct 16, 2025
3.035 Dividend 

Oct 16, 2025
61.25
61.55
57.85
58.15
35.48
2,522,340
Oct 15, 2025
64.95
65.95
63.15
63.60
36.95
1,804,920
Oct 14, 2025
64.45
66.68
63.60
64.30
37.36
1,750,260
Oct 13, 2025
65.20
67.25
64.21
67.20
39.04
1,456,420
Oct 10, 2025
68.25
68.45
64.50
64.90
37.71
2,365,660
Oct 9, 2025
69.25
69.47
67.35
67.85
39.42
1,489,960
Oct 8, 2025
70.85
70.90
68.10
69.85
40.58
1,861,640
Oct 7, 2025
75.00
75.05
69.31
69.35
40.29
1,925,400
Oct 6, 2025
75.55
75.90
74.25
75.10
43.63
1,382,500
Oct 3, 2025
73.57
74.70
72.38
73.70
42.82
1,451,420
Oct 2, 2025
72.95
73.85
72.25
73.65
42.79
1,532,740
Oct 1, 2025
70.90
72.35
70.90
71.75
41.69
1,580,720
Sep 30, 2025
69.50
70.03
68.90
69.80
40.55
1,254,700
Sep 29, 2025
68.45
70.30
67.93
70.15
40.76
2,429,240
Sep 26, 2025
66.10
67.75
65.37
67.55
39.25
2,896,660
Sep 25, 2025
5.055 Dividend 

Sep 25, 2025
69.55
69.55
64.13
65.95
38.32
3,949,380
Sep 24, 2025
77.75
78.93
75.85
75.90
41.16
2,365,080
Sep 23, 2025
79.00
79.30
77.00
77.05
41.79
1,837,280
Sep 22, 2025
78.90
79.70
77.11
78.65
42.65
1,963,500
Sep 19, 2025
80.90
81.65
78.70
80.20
43.49
1,647,000
Sep 18, 2025
79.30
82.10
79.25
81.00
43.93
2,086,920
Sep 17, 2025
79.00
79.85
76.75
78.15
42.38
1,628,300
Sep 16, 2025
77.75
79.04
77.05
78.95
42.82
1,071,960
Sep 15, 2025
77.80
78.05
76.03
77.50
42.03
1,447,040
Sep 12, 2025
77.50
78.88
77.35
78.00
42.30
1,466,000
Sep 11, 2025
77.00
77.65
76.18
76.90
41.70
1,253,460
Sep 10, 2025
77.90
79.50
75.85
76.90
41.70
1,394,080
Sep 9, 2025
77.35
77.80
76.30
77.20
41.87
1,131,740
Sep 8, 2025
76.80
77.85
75.50
77.35
41.95
1,862,060
Sep 5, 2025
77.95
78.25
74.85
78.10
42.35
1,523,500
Sep 4, 2025
76.75
77.45
74.22
76.30
41.38
2,370,400
Sep 3, 2025
79.20
79.65
76.30
76.90
41.70
1,668,880
Sep 2, 2025
77.50
80.22
77.07
79.05
42.87
2,560,900
Aug 29, 2025
77.55
78.70
77.20
77.50
42.03
2,661,960
Aug 28, 2025
5.45 Dividend 

Aug 28, 2025
80.25
80.50
78.05
78.50
42.57
2,280,060
Aug 27, 2025
86.28
86.70
84.65
84.70
42.98
1,828,040
Aug 26, 2025
84.55
86.70
84.18
86.65
43.97
1,353,780
Aug 25, 2025
85.05
86.38
83.75
84.65
42.95
1,783,680
Aug 22, 2025
83.00
88.07
82.39
87.75
44.53
2,693,900
Aug 21, 2025
83.95
84.70
82.80
83.45
42.34
1,220,880
Aug 20, 2025
83.70
85.10
80.50
84.95
43.11
2,219,120
Aug 19, 2025
89.15
89.50
82.26
83.10
42.17
3,387,500
Aug 18, 2025
88.25
89.95
87.85
89.25
45.29
1,497,620
Aug 15, 2025
91.00
91.10
87.95
89.30
45.31
2,018,240
Aug 14, 2025
92.70
92.95
89.20
91.10
46.23
2,407,320
Aug 13, 2025
96.57
97.05
93.57
95.05
48.23
2,056,900
Aug 12, 2025
97.20
97.38
95.00
95.95
48.69
1,411,000
Aug 11, 2025
97.50
99.45
96.65
96.95
49.19
2,103,040
Aug 8, 2025
96.15
97.80
94.30
95.75
48.59
1,628,100
Aug 7, 2025
94.65
97.10
94.55
96.65
49.04
1,682,060
Aug 6, 2025
91.80
93.75
91.32
93.65
47.52
1,428,360
Aug 5, 2025
93.50
94.25
91.35
91.75
46.56
1,782,220
Aug 4, 2025
91.00
94.45
89.55
94.35
47.88
2,927,200
Aug 1, 2025
95.25
95.44
89.20
89.35
45.34
5,289,580
Jul 31, 2025
5.92 Dividend 

Jul 31, 2025
97.30
99.32
96.55
97.50
49.47
2,907,960
Jul 30, 2025
102.05
104.15
101.45
101.95
48.73
2,683,080
Jul 29, 2025
104.63
104.65
100.85
101.90
48.70
3,054,980
Jul 28, 2025
106.60
106.70
103.75
103.75
49.59
2,636,120
Jul 25, 2025
104.15
105.30
103.20
104.15
49.78
2,944,000
Jul 24, 2025
106.25
107.44
104.12
106.30
50.81
1,895,460
Jul 23, 2025
108.07
108.25
104.15
105.75
50.54
2,918,960
Jul 22, 2025
109.45
110.45
105.75
108.80
52.00
1,938,400
Jul 21, 2025
109.45
110.90
108.45
108.55
51.88
2,090,620
Jul 18, 2025
114.50
114.75
107.50
108.40
51.81
3,365,400
Jul 17, 2025
114.00
114.80
112.95
114.15
54.56
1,599,740
Jul 16, 2025
113.20
114.55
112.70
114.30
54.63
1,520,340
Jul 15, 2025
112.30
113.80
111.75
112.00
53.53
1,869,560
Jul 14, 2025
112.30
113.43
111.60
112.95
53.99
2,440,780
Jul 11, 2025
109.60
110.55
108.45
110.35
52.74
2,201,720
Jul 10, 2025
106.70
108.25
106.45
108.25
51.74
1,762,480
Jul 9, 2025
104.65
107.10
103.66
106.95
51.12
2,052,140
Jul 8, 2025
104.10
104.55
102.88
103.85
49.64
2,119,020
Jul 7, 2025
104.38
105.07
103.25
103.25
49.35
2,899,000
Jul 3, 2025
6.19 Dividend 

Jul 3, 2025
104.10
105.55
104.00
104.45
49.92
2,016,840
Jul 2, 2025
106.75
110.85
106.18
110.50
49.86
2,881,800
Jul 1, 2025
109.75
109.95
104.43
104.45
47.13
3,385,860
Jun 30, 2025
108.35
111.10
107.18
110.85
50.01
2,547,240
Jun 27, 2025
107.80
109.25
107.05
107.05
48.30
1,929,240
Jun 26, 2025
107.55
108.40
107.25
107.70
48.59
1,338,200
Jun 25, 2025
106.95
107.75
105.90
107.60
48.55
1,468,440
Jun 24, 2025
104.45
106.60
103.85
105.25
47.49
1,705,540
Jun 23, 2025
101.70
103.45
100.55
102.85
46.40
1,811,600
Jun 20, 2025
104.00
104.65
102.06
103.20
46.56
1,451,700
Jun 18, 2025
103.25
104.20
102.43
102.75
46.36
1,289,860
Jun 17, 2025
104.40
104.95
102.25
104.25
47.04
1,588,220
Jun 16, 2025
106.60
106.79
104.68
105.65
47.67
1,695,420
Jun 13, 2025
103.80
105.75
102.65
105.75
47.71
1,352,540
Jun 12, 2025
104.40
107.05
103.50
105.00
47.37
1,261,840
Jun 11, 2025
106.60
106.80
104.80
106.05
47.85
1,581,460
Jun 10, 2025
106.50
106.60
105.05
106.25
47.94
1,464,180
Jun 9, 2025
104.25
106.40
103.57
106.05
47.85
2,489,860
Jun 6, 2025
103.75
104.29
101.70
102.95
46.45
2,841,540
Jun 5, 2025
7.355 Dividend 

Jun 5, 2025
104.68
104.90
100.19
101.35
45.73
3,461,980
Jun 4, 2025
112.05
112.30
110.25
110.95
46.74
3,219,760
Jun 3, 2025
110.75
112.60
109.18
112.20
47.27
3,089,920
Jun 2, 2025
108.00
110.30
107.88
109.20
46.00
2,927,180
May 30, 2025
108.20
108.85
105.30
107.75
45.39
2,033,160
May 29, 2025
108.38
109.10
106.00
108.30
45.62
1,979,780
May 28, 2025
107.65
108.15
104.75
106.40
44.82
2,298,740
May 27, 2025
110.50
110.65
106.20
108.50
45.71
3,100,760
May 23, 2025
113.40
113.50
106.45
107.60
45.33
3,765,720
May 22, 2025
118.70
121.18
115.22
115.40
48.61
2,026,900
May 21, 2025
119.05
120.45
114.25
116.00
48.87
2,318,060
May 20, 2025
118.15
119.10
116.72
118.95
50.11
1,599,740
May 19, 2025
113.20
118.00
113.00
117.95
49.69
1,841,440
May 16, 2025
114.50
116.15
111.50
114.45
48.21
1,730,720
May 15, 2025
117.38
118.20
112.88
113.60
47.86
2,038,240
May 14, 2025
119.35
120.40
116.97
118.60
49.96
1,671,700
May 13, 2025
117.15
119.55
115.13
119.25
50.24
1,958,080
May 12, 2025
119.40
119.45
114.25
115.30
48.57
3,254,520
May 9, 2025
119.15
120.60
115.72
117.60
49.54
3,264,480
May 8, 2025
11.865 Dividend 

May 8, 2025
117.05
119.05
116.15
117.70
49.58
2,634,140
May 7, 2025
125.85
126.40
124.50
125.60
47.91
3,254,900
May 6, 2025
121.40
124.10
121.22
123.50
47.11
1,906,100
May 5, 2025
122.90
124.80
120.10
123.25
47.02
2,226,560
May 2, 2025
125.15
126.50
124.25
125.70
47.95
1,876,940
May 1, 2025
124.40
125.70
122.22
122.45
46.71
1,572,900
Apr 30, 2025
120.20
122.50
117.07
121.70
46.43
1,193,120
Apr 29, 2025
118.50
122.05
117.97
121.65
46.41
1,246,460
Apr 28, 2025
119.38
119.45
114.36
118.50
45.20
1,512,000
Apr 25, 2025
115.65
118.46
115.60
117.95
45.00
1,637,120
Apr 24, 2025
113.00
114.70
112.68
114.45
43.66
888,900
Apr 23, 2025
114.55
114.75
111.50
113.15
43.16
1,210,420
Apr 22, 2025
109.60
113.10
109.22
112.20
42.80
1,365,920
Apr 21, 2025
108.75
109.40
104.10
106.45
40.61
1,556,460
Apr 17, 2025
105.10
106.50
103.00
106.15
40.49
948,560
Apr 16, 2025
102.25
105.30
102.10
104.15
39.73
1,024,540
Apr 15, 2025
103.35
104.70
102.60
103.65
39.54
1,083,660
Apr 14, 2025
102.40
103.45
100.10
102.95
39.27
2,082,980
Apr 11, 2025
94.30
100.25
93.05
99.40
37.92
1,806,240
Apr 10, 2025
6.68 Dividend 

Apr 10, 2025
94.50
95.95
88.30
91.35
34.85
1,260,800
Apr 9, 2025
87.95
106.93
87.40
105.05
37.53
2,257,200
Apr 8, 2025
99.80
100.90
85.50
86.00
30.72
2,282,460
Apr 7, 2025
93.30
104.50
90.93
96.20
34.36
1,804,960
Apr 4, 2025
100.85
104.50
94.63
103.15
36.85
1,733,360
Apr 3, 2025
101.45
105.50
97.97
100.10
35.76
1,423,040
Apr 2, 2025
104.70
110.94
104.65
109.40
39.08
913,300
Apr 1, 2025
103.35
107.55
99.35
107.10
38.26
981,640
Mar 31, 2025
99.75
103.60
96.51
101.65
36.31
983,400
Mar 28, 2025
111.30
112.00
101.65
101.85
36.38
1,204,000
Mar 27, 2025
112.45
115.49
111.00
112.90
40.33
672,700
Mar 26, 2025
116.00
116.60
111.40
114.00
40.72
740,700
Mar 25, 2025
114.85
117.10
113.68
116.75
41.71
694,080
Mar 24, 2025
111.10
115.15
110.18
114.75
40.99
1,097,520
Mar 21, 2025
105.25
108.50
104.46
107.85
38.53
597,320
Mar 20, 2025
105.70
108.20
104.22
106.70
38.12
582,420
Mar 19, 2025
103.15
107.60
102.50
106.50
38.04
771,340
Mar 18, 2025
101.30
103.00
97.95
101.10
36.11
850,460
Mar 17, 2025
102.60
104.25
100.30
103.65
37.03
1,239,500
Mar 14, 2025
98.25
104.57
97.60
104.30
37.26
1,961,740
Mar 13, 2025
6.89 Dividend 

Mar 13, 2025
94.45
96.85
91.25
94.45
33.74
1,384,300
Mar 12, 2025
101.40
103.40
95.95
101.10
33.65
1,336,380
Mar 11, 2025
94.55
101.03
89.60
100.15
33.34
1,383,500
Mar 10, 2025
102.75
103.75
89.40
91.95
30.61
2,253,660
Mar 7, 2025
112.05
115.05
106.30
108.85
36.23
1,280,420
Mar 6, 2025
111.70
116.25
109.70
113.05
37.63
1,072,940
Mar 5, 2025
106.15
114.05
104.00
113.50
37.78
883,400
Mar 4, 2025
95.20
109.40
94.35
104.70
34.85
1,401,500
Mar 3, 2025
108.95
109.35
97.15
98.95
32.94
1,555,500
Feb 28, 2025
95.00
101.25
92.75
100.55
33.47
1,349,620
Feb 27, 2025
104.57
106.00
95.35
95.55
31.81
1,466,040
Feb 26, 2025
96.90
103.40
96.40
103.25
34.37
1,413,080
Feb 25, 2025
104.75
105.70
96.10
98.65
32.84
2,299,300
Feb 24, 2025
117.70
117.75
108.22
110.45
36.77
2,060,720
Feb 21, 2025
125.90
126.00
116.15
116.35
38.73
1,606,880
Feb 20, 2025
124.10
125.30
120.95
124.30
41.38
897,900
Feb 19, 2025
128.10
128.75
121.65
122.40
40.74
1,274,420
Feb 18, 2025
127.50
128.45
124.60
126.75
42.19
1,429,780
Feb 14, 2025
123.75
128.90
123.25
127.15
42.32
1,666,480
Feb 13, 2025
10.11 Dividend 

Feb 13, 2025
123.75
125.45
120.70
123.60
41.14
1,851,200
Feb 12, 2025
130.50
135.70
129.65
134.30
41.34
1,591,600
Feb 11, 2025
136.00
137.75
131.40
131.60
40.51
1,473,520
Feb 10, 2025
136.05
137.80
134.32
136.35
41.97
1,348,160
Feb 7, 2025
134.55
138.40
133.30
133.65
41.14
918,820
Feb 6, 2025
137.35
138.95
130.55
132.35
40.74
932,720
Feb 5, 2025
139.75
140.35
134.90
135.85
41.82
706,080
Feb 4, 2025
136.95
140.37
136.50
139.05
42.80
694,700
Feb 3, 2025
125.75
138.60
125.65
138.15
42.52
1,240,560
Jan 31, 2025
135.90
139.40
133.45
134.25
41.32
760,980
Jan 30, 2025
137.40
140.25
134.96
135.50
41.71
613,160
Jan 29, 2025
135.00
136.60
131.70
135.90
41.83
636,760
Jan 28, 2025
137.50
138.30
132.90
133.80
41.19
781,580
Jan 27, 2025
135.90
140.90
128.80
138.05
42.49
1,780,620
Jan 24, 2025
146.80
146.90
138.85
139.70
43.00
964,060
Jan 23, 2025
144.25
150.15
144.00
145.20
44.69
720,280
Jan 22, 2025
148.00
149.75
143.70
145.95
44.93
720,180
Jan 21, 2025
149.95
152.60
142.00
148.70
45.77
1,146,000
Jan 17, 2025
147.85
149.89
147.01
149.35
45.97
1,359,760
Jan 16, 2025
11.395 Dividend 

Jan 16, 2025
141.90
145.00
138.05
144.60
44.51
911,480
Jan 15, 2025
152.25
155.00
150.90
153.45
43.73
1,114,160
Jan 14, 2025
147.60
150.90
143.80
147.45
42.02
924,620
Jan 13, 2025
137.25
143.05
133.25
142.85
40.71
835,380
Jan 10, 2025
143.10
144.80
137.95
142.40
40.58
857,540
Jan 8, 2025
144.35
147.10
136.95
142.85
40.71
797,880
Jan 7, 2025
154.60
156.60
143.50
145.75
41.53
834,920
Jan 6, 2025
150.60
159.80
146.64
158.75
45.24
991,720
Jan 3, 2025
136.80
148.35
136.38
147.60
42.06
607,380
Jan 2, 2025
135.70
138.90
132.90
135.80
38.70
627,300
Dec 31, 2024
142.45
142.50
130.00
131.55
37.49
859,160
Dec 30, 2024
143.50
143.55
136.10
137.40
39.15
813,620
Dec 27, 2024
150.55
151.20
144.42
147.35
41.99
497,440
Dec 26, 2024
153.20
154.00
149.80
150.80
42.97
430,740
Dec 24, 2024
150.60
156.65
150.35
156.05
44.47
447,480
Dec 23, 2024
154.40
154.60
144.75
146.75
41.82
859,880
Dec 20, 2024
140.00
156.00
139.30
155.85
44.41
1,245,000
Dec 19, 2024
15.41 Dividend 

Dec 19, 2024
157.90
158.70
141.95
143.30
40.83
1,643,420
Dec 18, 2024
182.00
183.68
162.35
167.60
43.37
1,555,140
Dec 17, 2024
190.80
190.95
181.90
182.00
47.09
922,980
Dec 16, 2024
192.80
196.45
188.35
188.90
48.88
1,081,320
Dec 13, 2024
184.45
187.90
180.75
187.90
48.62
539,480
Dec 12, 2024
187.30
187.60
178.85
181.30
46.91
454,740
Dec 11, 2024
177.20
186.05
176.78
185.80
48.08
496,820
Dec 10, 2024
171.50
174.44
165.45
173.75
44.96
435,260
Dec 9, 2024
178.10
180.00
167.45
168.50
43.60
578,460
Dec 6, 2024
177.30
179.90
173.50
177.75
45.99
377,900
Dec 5, 2024
190.50
191.35
171.45
173.90
45.00
676,700
Dec 4, 2024
170.70
180.20
165.35
179.10
46.34
633,860
Dec 3, 2024
165.00
174.95
162.80
167.80
43.42
436,660
Dec 2, 2024
173.50
175.85
167.60
169.90
43.96
491,180
Nov 29, 2024
175.60
181.30
168.95
170.05
44.00
401,060
Nov 27, 2024
169.70
173.12
164.25
169.70
43.91
570,400
Nov 26, 2024
167.05
175.40
151.25
157.40
40.73
1,035,840
Nov 25, 2024
186.65
186.73
166.25
174.70
45.20
1,029,900
Nov 22, 2024
172.70
189.33
169.05
179.25
46.38
1,022,820
Nov 21, 2024
22.105 Dividend 

Nov 21, 2024
218.50
221.00
160.75
168.70
43.65
1,917,560
Nov 20, 2024
220.10
232.50
218.51
222.00
51.72
1,571,160
Nov 19, 2024
198.90
216.75
194.80
211.50
49.28
861,680
Nov 18, 2024
179.50
196.95
176.85
195.35
45.51
847,820
Nov 15, 2024
175.00
180.45
169.55
176.55
41.13
445,320
Nov 14, 2024
176.75
179.09
166.90
170.75
39.78
392,240
Nov 13, 2024
187.45
193.30
166.57
169.55
39.50
1,126,540
Nov 12, 2024
178.20
186.30
175.35
185.60
43.24
471,280
Nov 11, 2024
166.10
184.30
163.65
180.45
42.04
730,360
Nov 8, 2024
156.30
156.30
151.50
154.85
36.08
783,040
Nov 7, 2024
151.50
155.90
151.24
155.05
36.13
302,620
Nov 6, 2024
150.00
152.25
146.35
151.55
35.31
479,500
Nov 5, 2024
139.70
143.85
136.60
137.45
32.02
268,180
Nov 4, 2024
137.25
139.35
134.40
135.50
31.57
309,740
Nov 1, 2024
146.45
150.50
136.10
137.55
32.05
379,580
Oct 31, 2024
147.15
148.25
141.20
144.95
33.77
260,820
Oct 30, 2024
144.30
147.95
141.29
145.05
33.80
311,380
Oct 29, 2024
150.00
151.50
145.75
148.60
34.62
364,380
Oct 28, 2024
142.95
148.65
142.51
147.25
34.31
506,580
Oct 25, 2024
140.55
141.95
134.95
138.10
32.18
530,360
Oct 24, 2024
20.99 Dividend 

Oct 24, 2024
135.00
140.20
134.45
140.20
32.67
617,480
Oct 23, 2024
154.02
156.85
148.10
153.35
30.84
1,013,000
Oct 22, 2024
153.85
155.75
151.45
155.55
31.28
381,140
Oct 21, 2024
152.45
156.10
149.05
154.25
31.02
608,120
Oct 18, 2024
142.95
153.34
142.25
152.45
30.66
360,300
Oct 17, 2024
139.25
142.85
134.66
140.05
28.16
191,060
Oct 16, 2024
142.95
142.95
138.35
139.75
28.10
154,300
Oct 15, 2024
146.25
147.60
136.60
139.65
28.08
245,160
Oct 14, 2024
152.30
153.25
142.95
143.15
28.79
318,480
Oct 11, 2024
135.20
147.88
134.90
147.60
29.68
331,400
Oct 10, 2024
137.30
137.30
129.05
132.65
26.68
147,060
Oct 9, 2024
136.25
139.15
133.90
135.45
27.24
150,400
Oct 8, 2024
136.20
138.75
136.00
136.75
27.50
163,340
Oct 7, 2024
133.15
137.23
133.00
136.20
27.39
216,920
Oct 4, 2024
125.60
132.00
124.00
131.95
26.54
178,960
Oct 3, 2024
123.25
124.45
119.35
123.40
24.82
117,420
Oct 2, 2024
120.70
128.35
119.90
123.40
24.82
143,400
Oct 1, 2024
126.05
126.05
118.35
122.10
24.55
228,260
Sep 30, 2024
125.75
128.95
124.85
125.65
25.27
194,820
Sep 27, 2024
125.50
130.85
125.00
129.40
26.02
178,480
Sep 26, 2024
120.25
123.95
120.15
123.05
24.75
179,780
Sep 25, 2024
118.70
120.70
118.15
118.65
23.86
95,460
Sep 24, 2024
117.40
119.00
115.45
119.00
23.93
125,800
Sep 23, 2024
115.50
117.50
114.20
116.75
23.48
148,400
Sep 20, 2024
112.60
115.30
110.75
114.00
22.93
113,020
Sep 19, 2024
110.00
114.70
109.20
112.60
22.64
210,300
Sep 18, 2024
103.00
108.85
101.35
104.35
20.98
171,900
Sep 17, 2024
107.50
108.75
101.60
103.20
20.75
184,680
Sep 16, 2024
106.75
107.50
104.10
105.50
21.22
154,560
Sep 13, 2024
107.15
109.70
107.10
109.25
21.97
117,080
Sep 12, 2024
106.25
108.00
105.05
107.25
21.57
135,380
Sep 11, 2024
103.80
106.64
101.00
106.00
21.32
153,960
Sep 10, 2024
102.10
105.50
100.70
105.50
21.22
158,540
Sep 9, 2024
98.55
102.65
97.55
102.65
20.64
236,980
Sep 6, 2024
9.27 Dividend 

Sep 6, 2024
100.75
101.85
94.70
95.35
19.17
295,360
Sep 5, 2024
110.35
112.80
107.60
108.25
19.90
314,720
Sep 4, 2024
108.20
112.28
105.85
111.60
20.52
216,580
Sep 3, 2024
116.00
116.18
109.45
109.55
20.14
305,480
Aug 30, 2024
118.55
118.55
113.35
116.00
21.33
161,820
Aug 29, 2024
120.15
121.50
115.25
116.65
21.45
119,540
Aug 28, 2024
120.50
120.75
114.85
116.30
21.39
170,960
Aug 27, 2024
124.30
124.70
120.10
121.50
22.34
143,520
Aug 26, 2024
125.00
127.05
124.50
125.00
22.98
140,560
Aug 23, 2024
122.30
125.90
121.05
125.75
23.12
145,000
Aug 22, 2024
122.95
123.00
119.50
119.90
22.05
117,420
Aug 21, 2024
119.00
122.95
118.20
122.50
22.53
168,560
Aug 20, 2024
121.60
121.99
116.70
118.45
21.78
203,440
Aug 19, 2024
118.20
119.56
117.03
119.45
21.96
190,480
Aug 16, 2024
117.70
120.00
113.15
117.40
21.59
242,840
Aug 15, 2024
117.25
121.05
115.75
116.30
21.39
166,940
Aug 14, 2024
118.05
118.75
114.40
115.20
21.18
178,680
Aug 13, 2024
115.55
120.00
114.55
118.00
21.70
133,300
Aug 12, 2024
116.30
118.88
113.30
115.05
21.16
207,680
Aug 9, 2024
117.90
117.95
112.20
116.85
21.49
187,560
Aug 8, 2024
113.10
117.80
111.15
117.50
21.61
260,120
Aug 7, 2024
9.705 Dividend 

Aug 7, 2024
121.85
122.70
107.45
108.25
19.90
393,020
Aug 6, 2024
127.00
130.15
119.22
128.35
21.82
465,600
Aug 5, 2024
102.50
126.27
99.95
123.25
20.95
388,020
Aug 2, 2024
136.55
145.50
131.30
134.05
22.79
194,320
Aug 1, 2024
148.00
148.75
136.05
139.25
23.67
178,360
Jul 31, 2024
149.70
151.70
146.82
147.40
25.05
87,520
Jul 30, 2024
151.40
151.45
145.00
146.15
24.84
127,520
Jul 29, 2024
156.50
156.50
150.00
151.25
25.71
169,120
Jul 26, 2024
151.70
153.24
150.85
152.50
25.92
136,240
Jul 25, 2024
148.00
150.40
138.70
146.45
24.89
205,940
Jul 24, 2024
151.90
152.75
149.30
149.85
25.47
142,720
Jul 23, 2024
150.95
151.85
149.50
150.60
25.60
119,220
Jul 22, 2024
150.00
151.05
148.85
150.95
25.66
134,300
Jul 19, 2024
140.75
148.82
140.40
148.55
25.25
160,100
Jul 18, 2024
144.00
144.00
136.90
139.55
23.72
102,100
Jul 17, 2024
140.50
142.10
139.50
141.60
24.07
111,840
Jul 16, 2024
140.85
141.10
139.95
140.95
23.96
96,760
Jul 15, 2024
138.45
140.74
137.40
140.25
23.84
191,440
Jul 12, 2024
129.75
135.30
127.81
133.30
22.66
155,880
Jul 11, 2024
132.85
133.55
128.01
130.20
22.13
173,580
Jul 10, 2024
127.10
128.50
125.30
126.30
21.47
137,740
Jul 9, 2024
126.10
126.29
123.10
125.45
21.32
219,320
Jul 8, 2024
125.55
126.25
121.55
124.25
21.12
246,200
Jul 5, 2024
11.66 Dividend 

Jul 5, 2024
117.70
123.90
115.60
122.95
20.90
318,180
Jul 3, 2024
136.55
138.50
133.60
136.55
21.23
283,280
Jul 2, 2024
142.00
143.10
136.75
138.20
21.48
225,740
Jul 1, 2024
146.00
147.50
141.93
142.55
22.16
185,240
Jun 28, 2024
154.10
154.10
142.55
144.45
22.46
228,780
Jun 27, 2024
150.85
154.35
148.75
153.70
23.89
118,900
Jun 26, 2024
149.45
151.15
147.05
148.20
23.04
100,920
Jun 25, 2024
144.30
150.65
142.32
150.65
23.42
126,100
Jun 24, 2024
143.35
146.10
136.32
140.35
21.82
192,240
Jun 21, 2024
144.10
148.95
141.65
148.30
23.05
93,160
Jun 20, 2024
148.75
149.90
142.68
146.75
22.81
156,120
Jun 18, 2024
146.70
149.45
144.60
146.70
22.81
124,320
Jun 17, 2024
147.95
152.85
141.75
149.25
23.20
165,760
Jun 14, 2024
148.75
150.65
144.00
147.30
22.90
123,440
Jun 13, 2024
156.45
156.45
142.65
146.15
22.72
283,860
Jun 12, 2024
158.05
163.00
155.70
157.00
24.41
102,760
Jun 11, 2024
151.85
152.65
146.03
152.20
23.66
161,000
Jun 10, 2024
154.75
159.70
152.50
156.70
24.36
128,080
Jun 7, 2024
159.55
160.45
153.50
155.10
24.11
138,460
Jun 6, 2024
15.15 Dividend 

Jun 6, 2024
159.45
160.00
158.26
158.45
24.63
143,640
Jun 5, 2024
174.00
176.65
171.70
174.30
24.74
295,060
Jun 4, 2024
171.65
173.25
170.05
172.20
24.44
86,320
Jun 3, 2024
168.40
171.65
166.40
171.65
24.37
74,460
May 31, 2024
170.65
171.90
155.09
162.75
23.10
93,840
May 30, 2024
176.05
178.70
164.30
165.30
23.46
58,780
May 29, 2024
175.40
175.40
171.00
172.40
24.47
39,480
May 28, 2024
172.95
175.88
170.27
175.40
24.90
65,960
May 24, 2024
162.95
173.75
161.00
173.75
24.66
39,360
May 23, 2024
173.95
173.95
161.00
162.40
23.05
55,700
May 22, 2024
172.90
177.25
169.15
171.95
24.41
39,680
May 21, 2024
178.35
178.35
169.75
170.90
24.26
48,960
May 20, 2024
165.10
176.60
160.75
176.10
25.00
70,980
May 17, 2024
160.15
162.70
156.25
162.35
23.05
58,920
May 16, 2024
159.60
159.75
158.00
159.20
22.60
30,100
May 15, 2024
158.00
159.40
156.90
158.85
22.55
44,380
May 14, 2024
150.65
154.95
149.01
154.75
21.97
34,520
May 13, 2024
148.30
151.55
147.15
150.70
21.39
36,300
May 10, 2024
154.75
155.65
144.10
144.85
20.56
62,120
May 9, 2024
149.60
155.40
146.09
153.05
21.73
48,080
May 8, 2024
145.65
150.75
144.70
149.60
21.24
44,800
May 7, 2024
152.50
154.25
150.00
150.85
21.41
29,420
May 6, 2024
12.62 Dividend 

May 6, 2024
150.25
154.25
149.35
151.15
21.46
60,380
May 3, 2024
156.95
160.15
152.55
158.50
20.71
104,140
May 2, 2024
140.20
148.75
137.05
147.45
19.26
54,700
May 1, 2024
134.50
144.80
132.85
135.35
17.68
57,320
Apr 30, 2024
156.30
156.50
139.45
139.90
18.28
114,280
Apr 29, 2024
159.75
166.55
157.25
163.65
21.38
51,560
Apr 26, 2024
158.25
162.34
153.60
161.45
21.09
40,580
Apr 25, 2024
156.70
160.75
153.05
158.25
20.67
22,480
Apr 24, 2024
167.30
167.30
159.80
160.40
20.96
35,520
Apr 23, 2024
163.75
168.70
161.96
166.15
21.71
30,540
Apr 22, 2024
152.70
163.99
151.65
163.25
21.33
85,400
Apr 19, 2024
155.05
155.55
145.95
148.10
19.35
39,600
Apr 18, 2024
149.95
158.50
146.02
150.00
19.60
44,720
Apr 17, 2024
161.45
161.45
141.60
148.15
19.36
55,800
Apr 16, 2024
162.50
163.90
151.10
155.55
20.32
45,080
Apr 15, 2024
176.95
179.73
163.67
165.85
21.67
60,000
Apr 12, 2024
184.95
185.00
173.45
177.70
23.22
45,360
Apr 11, 2024
186.95
186.95
181.25
184.95
24.16
33,620
Apr 10, 2024
170.10
185.00
166.60
184.95
24.16
50,360
Apr 9, 2024
176.40
176.40
165.45
172.90
22.59
65,100
Apr 8, 2024
186.50
186.70
176.70
179.48
23.45
81,280
Apr 5, 2024
184.35
193.30
171.45
171.45
22.40
48,940
Apr 4, 2024
20.645 Dividend 

Apr 4, 2024
199.35
201.75
189.25
191.15
24.97
71,240
Apr 3, 2024
208.15
219.35
205.63
210.70
24.83
152,540
Apr 2, 2024
199.90
207.10
193.43
206.30
24.31
51,500
Apr 1, 2024
213.25
224.50
204.50
211.15
24.88
51,300
Mar 28, 2024
228.70
228.70
206.30
214.95
25.33
54,800
Mar 27, 2024
229.50
229.50
219.80
224.50
26.46
20,900
Mar 26, 2024
224.05
224.05
215.15
224.00
26.40
29,540
Mar 25, 2024
199.95
217.00
198.10
216.70
25.54
34,600
Mar 22, 2024
197.25
198.55
186.60
190.50
22.45
30,280
Mar 21, 2024
199.95
210.10
197.65
200.30
23.60
29,180
Mar 20, 2024
177.13
192.85
171.80
192.84
22.72
20,240
Mar 19, 2024
166.75
180.20
157.10
177.52
20.92
32,440
Mar 18, 2024
205.00
205.00
179.15
184.35
21.72
47,180
Mar 15, 2024
191.95
204.50
191.49
204.25
24.07
21,400
Mar 14, 2024
202.00
202.00
189.70
197.75
23.30
23,700
Mar 13, 2024
194.15
199.05
189.10
198.05
23.34
36,720
Mar 12, 2024
182.00
185.65
175.05
185.60
21.87
25,860
Mar 11, 2024
179.75
186.20
175.15
178.15
20.99
43,480
Mar 8, 2024
162.20
173.10
157.84
173.10
20.40
40,200
Mar 7, 2024
158.10
158.85
150.50
158.30
18.65
14,340
Mar 6, 2024
139.65
153.10
138.95
153.10
18.04
20,300
Mar 5, 2024
147.00
153.40
130.01
130.90
15.43
21,620
Mar 4, 2024
144.45
154.15
144.45
152.75
18.00
29,700
Mar 1, 2024
122.55
133.00
122.55
132.75
15.64
14,620
Feb 29, 2024
125.90
126.35
119.00
125.81
14.83
25,440
Feb 28, 2024
122.40
129.07
117.80
119.05
14.03
22,280
Feb 27, 2024
118.20
121.65
114.05
116.40
13.72
20,940
Feb 26, 2024
107.90
113.00
104.75
112.46
13.25
13,920
Feb 23, 2024
105.85
108.00
102.25
108.00
12.73
10,600
Feb 22, 2024
101.90
106.50
101.90
105.96
12.49
7,980
