Date
Open
High
Low
Close 

Adj Close 

Volume
May 26, 2026
31.86
32.35
31.14
31.25
31.25
115,739
May 22, 2026
32.23
32.23
31.21
31.21
31.21
116,500
May 21, 2026
32.01
32.47
31.75
32.33
32.33
70,000
May 20, 2026
0.887 Dividend 

May 20, 2026
32.11
32.39
31.92
32.27
32.27
89,800
May 19, 2026
32.73
33.00
32.53
32.80
31.91
104,300
May 18, 2026
33.21
33.50
32.27
32.81
31.92
205,600
May 15, 2026
34.61
34.97
34.04
34.37
33.44
170,900
May 14, 2026
34.83
35.55
34.58
35.36
34.40
82,500
May 13, 2026
35.12
35.12
34.53
34.80
33.86
83,500
May 12, 2026
35.11
35.18
34.76
35.10
34.15
95,800
May 11, 2026
35.50
35.93
35.40
35.89
34.92
133,000
May 8, 2026
34.99
35.53
34.81
35.43
34.47
60,200
May 7, 2026
35.55
35.55
34.97
35.10
34.15
56,200
May 6, 2026
36.27
36.59
35.70
35.80
34.83
80,600
May 5, 2026
36.37
36.41
35.91
36.09
35.11
65,300
May 4, 2026
35.55
36.12
35.51
35.92
34.95
67,000
May 1, 2026
35.21
35.45
35.06
35.18
34.23
96,400
Apr 30, 2026
34.88
34.88
34.51
34.78
33.84
63,600
Apr 29, 2026
35.24
35.24
34.14
34.25
33.32
86,200
Apr 28, 2026
34.74
35.19
34.62
35.18
34.23
41,200
Apr 27, 2026
35.28
35.46
34.70
34.98
34.03
107,600
Apr 24, 2026
35.34
35.34
35.08
35.32
34.36
40,000
Apr 23, 2026
35.27
35.46
34.77
35.20
34.25
67,800
Apr 22, 2026
0.979 Dividend 

Apr 22, 2026
36.25
36.36
35.94
36.32
35.34
38,000
Apr 21, 2026
36.01
36.24
35.74
36.10
34.17
64,600
Apr 20, 2026
36.06
36.51
35.65
36.51
34.56
124,000
Apr 17, 2026
37.00
37.57
36.87
37.31
35.32
90,000
Apr 16, 2026
36.33
36.47
35.68
36.47
34.52
83,300
Apr 15, 2026
36.19
36.68
35.90
36.60
34.64
62,000
Apr 14, 2026
36.65
36.96
35.86
36.02
34.10
91,200
Apr 13, 2026
34.43
35.23
34.17
35.19
33.31
80,500
Apr 10, 2026
34.81
35.38
34.49
35.15
33.27
70,800
Apr 9, 2026
33.94
34.75
33.86
34.63
32.78
44,400
Apr 8, 2026
35.18
35.18
34.37
34.52
32.68
38,000
Apr 7, 2026
32.82
33.22
32.45
33.12
31.35
32,000
Apr 6, 2026
33.62
33.99
33.43
33.53
31.74
31,000
Apr 2, 2026
31.96
32.49
31.69
32.34
30.61
33,000
Apr 1, 2026
33.50
33.65
33.17
33.33
31.55
31,400
Mar 31, 2026
32.34
33.18
32.28
32.96
31.20
35,700
Mar 30, 2026
32.75
32.75
32.02
32.13
30.41
24,300
Mar 27, 2026
31.37
31.69
31.18
31.51
29.83
62,400
Mar 26, 2026
32.68
32.75
32.15
32.35
30.62
35,600
Mar 25, 2026
33.98
34.12
33.62
33.87
32.06
36,900
Mar 24, 2026
33.57
33.57
33.01
33.24
31.46
79,500
Mar 23, 2026
33.50
33.86
33.22
33.38
31.60
79,200
Mar 20, 2026
33.40
33.40
32.92
33.34
31.56
41,000
Mar 19, 2026
33.00
33.33
32.80
33.23
31.45
80,600
Mar 18, 2026
0.978 Dividend 

Mar 18, 2026
34.49
34.65
33.67
33.90
32.09
92,800
Mar 17, 2026
36.36
36.66
36.12
36.35
33.48
100,500
Mar 16, 2026
35.95
36.54
35.58
36.54
33.66
78,400
Mar 13, 2026
34.71
34.85
33.51
33.65
31.00
65,300
Mar 12, 2026
32.98
33.27
32.71
32.96
30.36
26,600
Mar 11, 2026
33.16
33.31
32.74
33.31
30.68
35,400
Mar 10, 2026
32.96
33.38
32.59
32.65
30.07
45,800
Mar 9, 2026
32.41
32.71
32.15
32.61
30.04
63,900
Mar 6, 2026
32.25
32.25
31.61
31.91
29.39
57,800
Mar 5, 2026
33.39
33.60
32.80
33.25
30.63
75,800
Mar 4, 2026
33.32
34.25
33.02
34.15
31.46
45,300
Mar 3, 2026
31.50
32.05
31.08
31.52
29.03
56,800
Mar 2, 2026
31.10
32.78
31.10
32.76
30.18
59,400
Feb 27, 2026
31.54
31.64
30.91
31.18
28.72
73,300
Feb 26, 2026
33.41
33.41
32.10
32.89
30.30
35,900
Feb 25, 2026
31.91
33.48
31.75
33.33
30.70
50,600
Feb 24, 2026
29.35
29.93
29.08
29.81
27.46
62,300
Feb 23, 2026
31.08
31.08
29.79
29.99
27.62
76,000
Feb 20, 2026
31.35
32.04
31.17
31.78
29.27
65,000
Feb 19, 2026
31.17
31.39
30.92
31.22
28.76
44,400
Feb 18, 2026
0.914 Dividend 

Feb 18, 2026
31.82
32.15
31.34
31.53
29.04
54,500
Feb 17, 2026
33.13
33.32
32.40
33.28
29.81
81,000
Feb 13, 2026
32.78
34.10
32.61
33.93
30.39
44,500
Feb 12, 2026
33.07
33.07
31.60
31.79
28.48
35,300
Feb 11, 2026
33.10
33.10
31.90
32.52
29.13
44,700
Feb 10, 2026
33.76
33.81
33.37
33.54
30.05
57,700
Feb 9, 2026
33.69
35.36
33.46
35.26
31.59
48,100
Feb 6, 2026
32.17
34.47
32.17
34.26
30.69
70,300
Feb 5, 2026
34.47
34.57
30.59
31.10
27.86
116,800
Feb 4, 2026
36.50
36.50
34.44
35.96
32.21
63,700
Feb 3, 2026
38.50
38.50
35.18
37.89
33.94
118,900
Feb 2, 2026
38.45
39.25
38.35
38.35
34.35
134,600
Jan 30, 2026
44.58
44.84
42.95
43.72
39.16
70,600
Jan 29, 2026
47.56
47.56
44.90
45.60
40.85
118,500
Jan 28, 2026
48.85
49.10
48.38
48.95
43.85
41,900
Jan 27, 2026
47.47
48.88
47.21
48.72
43.64
43,200
Jan 26, 2026
47.09
47.73
46.68
47.24
42.32
48,400
Jan 23, 2026
47.66
48.65
47.15
47.70
42.73
52,400
Jan 22, 2026
48.32
48.38
47.17
47.62
42.66
71,900
Jan 21, 2026
1.506 Dividend 

Jan 21, 2026
48.28
49.65
46.49
49.12
44.00
79,000
Jan 20, 2026
52.00
52.00
49.74
50.30
43.71
124,500
Jan 16, 2026
54.35
54.60
53.41
53.96
46.89
58,200
Jan 15, 2026
54.81
54.81
53.66
53.66
46.63
47,400
Jan 14, 2026
53.73
55.07
53.73
54.95
47.75
82,400
Jan 13, 2026
52.18
52.79
51.63
52.78
45.87
52,800
Jan 12, 2026
50.80
51.71
50.80
51.31
44.58
52,100
Jan 9, 2026
51.17
51.42
50.50
50.78
44.13
25,300
Jan 8, 2026
50.56
51.36
50.50
51.03
44.35
26,300
Jan 7, 2026
52.47
52.47
51.21
51.49
44.74
23,100
Jan 6, 2026
53.84
53.84
52.17
52.95
46.01
42,900
Jan 5, 2026
51.89
52.95
51.65
52.84
45.92
66,200
Jan 2, 2026
49.92
51.33
49.84
51.12
44.42
31,400
Dec 31, 2025
49.71
49.71
48.95
49.15
42.71
44,700
Dec 30, 2025
49.04
49.64
48.89
48.89
42.49
21,400
Dec 29, 2025
48.69
48.84
48.27
48.44
42.09
31,600
Dec 26, 2025
49.39
49.41
48.01
48.33
41.99
29,600
Dec 24, 2025
1.41 Dividend 

Dec 24, 2025
48.57
48.57
47.84
48.38
42.04
12,900
Dec 23, 2025
50.20
50.41
49.38
50.33
42.51
16,500
Dec 22, 2025
51.20
51.75
50.34
50.34
42.52
17,300
Dec 19, 2025
50.29
50.70
49.98
50.55
42.69
11,700
Dec 18, 2025
49.89
50.39
47.14
47.30
39.95
8,800
Dec 17, 2025
50.04
50.91
47.51
47.81
40.38
15,000
Dec 16, 2025
49.15
50.16
49.15
49.92
42.16
11,500
Dec 15, 2025
52.56
52.56
49.47
49.63
41.92
61,100
Dec 12, 2025
54.04
54.04
51.36
51.74
43.70
13,400
Dec 11, 2025
53.47
53.65
52.90
53.62
45.29
13,800
Dec 10, 2025
55.22
56.34
54.79
55.54
46.91
17,700
Dec 9, 2025
52.04
55.82
52.04
54.89
46.36
19,500
Dec 8, 2025
52.59
52.74
51.78
52.42
44.28
8,800
Dec 5, 2025
52.09
52.49
50.29
50.74
42.86
34,400
Dec 4, 2025
52.83
53.35
51.98
52.35
44.22
9,800
Dec 3, 2025
51.20
52.15
50.98
52.14
44.04
19,100
