Date
Open
High
Low
Close 

Adj Close 

Volume
Jun 5, 2026
21.11
21.11
20.73
20.98
20.98
2,000
Jun 4, 2026
21.23
21.23
20.84
20.88
20.88
2,400
Jun 3, 2026
21.25
21.25
20.82
20.91
20.91
3,700
Jun 2, 2026
22.00
22.00
21.43
21.43
21.43
5,800
Jun 1, 2026
22.20
22.49
22.04
22.17
22.17
9,300
May 29, 2026
22.35
22.35
22.18
22.31
22.31
2,900
May 28, 2026
22.33
22.49
22.16
22.32
22.32
3,500
May 27, 2026
0.3 Dividend 

May 27, 2026
22.51
22.90
22.51
22.64
22.64
3,400
May 26, 2026
23.31
23.31
22.98
23.02
22.72
2,600
May 22, 2026
23.52
23.52
23.23
23.27
22.97
1,300
May 21, 2026
23.11
23.74
23.08
23.50
23.19
4,200
May 20, 2026
23.19
23.27
23.16
23.21
22.91
3,100
May 19, 2026
23.65
23.97
23.43
23.51
23.20
1,200
May 18, 2026
22.95
23.59
22.95
23.58
23.27
1,800
May 15, 2026
22.83
22.87
22.83
22.86
22.56
1,000
May 14, 2026
23.02
23.15
22.83
22.83
22.53
3,400
May 13, 2026
22.85
23.28
22.80
23.04
22.74
3,600
May 12, 2026
22.72
23.44
22.72
23.04
22.74
1,800
May 11, 2026
22.77
22.90
22.39
22.43
22.13
6,800
May 8, 2026
23.09
23.10
22.98
23.05
22.75
4,000
May 7, 2026
23.39
23.57
23.23
23.23
22.93
3,100
May 6, 2026
22.92
23.23
22.85
23.23
22.93
3,600
May 5, 2026
24.05
24.05
23.10
23.12
22.82
6,700
May 4, 2026
24.42
24.49
24.16
24.16
23.85
3,900
May 1, 2026
25.07
25.16
24.50
24.51
24.19
2,600
Apr 30, 2026
24.66
25.02
24.66
25.02
24.69
3,700
Apr 29, 2026
0.3 Dividend 

Apr 29, 2026
24.42
24.58
24.42
24.53
24.21
800
Apr 28, 2026
24.41
24.88
24.28
24.86
24.24
2,800
Apr 27, 2026
24.68
24.99
24.61
24.61
24.00
2,600
Apr 24, 2026
25.05
25.05
24.82
24.92
24.30
5,200
Apr 23, 2026
25.34
25.34
24.81
25.09
24.46
9,600
Apr 22, 2026
25.26
25.38
25.08
25.18
24.56
3,500
Apr 21, 2026
25.41
25.71
24.98
24.98
24.36
6,500
Apr 20, 2026
26.27
26.27
25.46
25.79
25.15
6,400
Apr 17, 2026
26.29
26.88
26.20
26.51
25.85
16,800
Apr 16, 2026
29.75
30.09
29.60
29.74
28.99
72,700
Apr 15, 2026
29.22
29.79
29.22
29.79
29.05
2,700
Apr 14, 2026
28.39
29.36
28.39
29.36
28.63
3,400
Apr 13, 2026
28.39
28.52
28.15
28.39
27.68
87,000
Apr 10, 2026
28.18
28.40
28.14
28.40
27.69
1,300
Apr 9, 2026
27.49
28.13
27.33
28.12
27.42
5,200
Apr 8, 2026
27.28
27.47
27.16
27.30
26.62
1,800
Apr 7, 2026
27.35
27.45
27.01
27.20
26.52
1,800
Apr 6, 2026
27.72
28.05
26.92
27.15
26.47
9,300
Apr 2, 2026
26.67
27.02
26.60
27.02
26.35
1,600
Apr 1, 2026
26.43
26.43
26.18
26.27
25.61
1,500
Mar 31, 2026
25.96
26.43
25.96
26.43
25.77
600
Mar 30, 2026
25.59
25.84
25.45
25.56
24.92
1,800
Mar 27, 2026
25.96
25.96
25.59
25.59
24.95
1,900
Mar 26, 2026
25.05
25.85
25.01
25.53
24.89
5,300
Mar 25, 2026
0.3 Dividend 

Mar 25, 2026
25.12
25.33
25.12
25.30
24.67
2,700
Mar 24, 2026
25.82
25.82
25.15
25.15
24.23
3,100
Mar 23, 2026
25.34
25.94
25.34
25.94
24.99
3,300
Mar 20, 2026
25.44
25.44
25.13
25.34
24.41
9,600
Mar 19, 2026
26.16
26.16
25.29
25.42
24.49
2,600
Mar 18, 2026
26.16
26.49
26.16
26.37
25.41
1,400
Mar 17, 2026
26.53
26.83
26.31
26.31
25.35
2,900
Mar 16, 2026
26.62
26.64
26.58
26.64
25.67
1,100
Mar 13, 2026
26.48
26.69
26.38
26.69
25.71
1,600
Mar 12, 2026
26.45
26.49
26.34
26.34
25.38
1,100
Mar 11, 2026
27.23
27.36
26.54
26.54
25.57
2,100
Mar 10, 2026
27.36
27.43
27.08
27.08
26.09
3,600
Mar 9, 2026
27.31
27.68
27.25
27.53
26.52
20,600
Mar 6, 2026
27.91
27.91
27.53
27.87
26.85
1,800
Mar 5, 2026
27.71
27.99
27.59
27.87
26.85
6,600
Mar 4, 2026
27.26
27.85
27.26
27.62
26.61
5,700
Mar 3, 2026
26.85
27.50
26.85
27.42
26.42
5,600
Mar 2, 2026
26.82
27.32
26.82
27.24
26.24
3,000
Feb 27, 2026
26.31
27.01
25.36
27.01
26.02
20,900
Feb 26, 2026
23.37
23.87
23.28
23.68
22.81
8,600
Feb 25, 2026
0.3 Dividend 

Feb 25, 2026
22.41
23.16
22.41
23.16
22.31
5,000
Feb 24, 2026
21.35
22.02
21.31
22.02
20.93
2,800
Feb 23, 2026
21.90
21.90
21.07
21.43
20.36
5,400
Feb 20, 2026
21.64
22.19
21.64
22.15
21.05
10,800
Feb 19, 2026
22.06
22.08
21.60
21.74
20.66
2,900
Feb 18, 2026
21.66
22.02
21.66
22.01
20.92
2,900
Feb 17, 2026
21.85
21.85
21.14
21.66
20.59
6,200
Feb 13, 2026
21.37
21.66
21.37
21.62
20.55
4,400
Feb 12, 2026
22.27
22.27
21.30
21.41
20.35
6,400
Feb 11, 2026
23.40
23.40
22.59
22.59
21.47
2,800
Feb 10, 2026
23.80
23.85
23.35
23.39
22.23
3,400
Feb 9, 2026
22.75
23.09
22.63
23.07
21.92
5,300
Feb 6, 2026
23.14
23.39
22.90
23.39
22.23
9,500
Feb 5, 2026
23.31
23.32
22.88
22.94
21.80
3,500
Feb 4, 2026
22.56
23.00
22.47
22.74
21.61
5,800
Feb 3, 2026
23.27
23.36
22.53
22.59
21.47
7,300
Feb 2, 2026
23.74
24.20
23.52
23.54
22.37
12,200
Jan 30, 2026
23.83
23.83
23.53
23.76
22.58
8,900
Jan 29, 2026
23.87
23.87
23.43
23.66
22.48
12,900
Jan 28, 2026
0.4 Dividend 

Jan 28, 2026
24.49
24.62
24.07
24.31
23.10
14,800
Jan 27, 2026
24.68
24.78
24.32
24.77
23.16
16,400
Jan 26, 2026
25.10
25.10
24.89
24.91
23.29
6,700
Jan 23, 2026
24.45
25.02
24.36
25.02
23.39
5,200
Jan 22, 2026
24.32
24.40
24.02
24.10
22.54
8,400
Jan 21, 2026
24.00
24.85
23.81
24.82
23.21
15,800
Jan 20, 2026
26.01
26.19
25.53
25.53
23.87
19,700
Jan 16, 2026
25.75
25.90
25.68
25.75
24.08
9,300
Jan 15, 2026
26.15
26.20
25.70
25.78
24.10
7,800
Jan 14, 2026
26.76
26.76
25.77
25.93
24.24
11,900
Jan 13, 2026
26.50
26.73
26.18
26.49
24.77
12,700
Jan 12, 2026
26.20
26.50
26.15
26.15
24.45
4,300
Jan 9, 2026
26.50
26.64
26.00
26.13
24.43
5,500
Jan 8, 2026
26.63
26.63
26.26
26.51
24.78
4,200
Jan 7, 2026
26.93
26.93
26.39
26.50
24.78
5,200
Jan 6, 2026
26.83
26.83
26.26
26.57
24.84
16,100
Jan 5, 2026
26.55
26.97
26.55
26.70
24.96
9,700
Jan 2, 2026
27.48
27.48
26.54
26.61
24.88
11,800
Dec 31, 2025
27.36
27.51
27.27
27.48
25.69
9,900
Dec 30, 2025
27.26
27.48
27.26
27.37
25.59
9,500
Dec 29, 2025
27.41
27.63
27.41
27.51
25.72
6,400
Dec 26, 2025
27.45
27.54
27.35
27.54
25.75
4,300
Dec 24, 2025
27.22
27.40
27.13
27.40
25.62
4,500
Dec 23, 2025
0.55 Dividend 

Dec 23, 2025
27.23
27.36
27.09
27.24
25.47
11,400
Dec 22, 2025
28.18
28.18
27.73
27.82
25.50
7,800
Dec 19, 2025
27.96
28.38
27.96
28.03
25.69
9,100
Dec 18, 2025
28.27
28.40
27.90
27.98
25.64
8,800
Dec 17, 2025
28.44
28.75
28.13
28.21
25.85
6,100
Dec 16, 2025
28.12
28.12
27.80
28.05
25.71
4,800
Dec 15, 2025
28.55
28.55
27.89
27.89
25.56
5,200
Dec 12, 2025
28.31
28.63
28.14
28.26
25.90
5,300
Dec 11, 2025
27.75
27.98
27.75
27.94
25.61
6,200
Dec 10, 2025
28.60
28.60
27.50
27.52
25.22
10,500
Dec 9, 2025
28.67
28.73
28.34
28.72
26.32
10,400
Dec 8, 2025
29.54
29.54
28.27
28.65
26.26
24,400
Dec 5, 2025
29.32
31.01
29.00
29.61
27.14
28,300
Dec 4, 2025
30.60
30.60
30.17
30.51
27.96
4,400
Dec 3, 2025
30.99
30.99
30.22
30.75
28.18
9,500
Dec 2, 2025
32.29
32.39
32.01
32.39
29.68
1,700
Dec 1, 2025
31.51
32.34
31.51
32.29
29.59
7,700
Nov 28, 2025
31.48
31.97
31.48
31.78
29.13
3,500
Nov 26, 2025
31.36
31.63
31.33
31.43
28.80
2,600
Nov 25, 2025
0.55 Dividend 

Nov 25, 2025
31.20
31.20
30.85
30.93
28.35
6,700
Nov 24, 2025
31.47
32.34
31.40
32.20
29.01
17,400
Nov 21, 2025
31.80
31.80
31.42
31.42
28.31
2,500
Nov 20, 2025
33.40
33.40
31.81
31.81
28.65
3,800
Nov 19, 2025
33.36
33.51
32.81
33.15
29.86
2,600
Nov 18, 2025
33.30
34.23
33.30
34.06
30.68
5,600
Nov 17, 2025
33.05
33.58
33.03
33.16
29.87
5,800
Nov 14, 2025
33.83
33.83
33.31
33.40
30.09
5,700
Nov 13, 2025
34.37
34.37
34.09
34.15
30.76
5,900
Nov 12, 2025
33.68
34.29
33.68
34.29
30.89
3,000
Nov 11, 2025
33.65
33.82
33.46
33.81
30.46
9,300
Nov 10, 2025
33.32
33.59
33.32
33.51
30.18
3,700
Nov 7, 2025
32.63
33.11
32.63
33.03
29.76
11,500
Nov 6, 2025
32.59
32.99
32.50
32.80
29.55
5,800
Nov 5, 2025
32.39
32.90
32.39
32.90
29.63
12,000
Nov 4, 2025
32.81
32.99
32.55
32.57
29.34
5,800
Nov 3, 2025
33.45
34.04
32.59
32.84
29.58
9,100
Oct 31, 2025
33.06
33.77
33.06
33.39
30.08
6,000
Oct 30, 2025
32.60
33.06
32.53
32.57
29.34
5,800
Oct 29, 2025
0.55 Dividend 

Oct 29, 2025
32.86
33.00
32.73
32.81
29.55
4,400
Oct 28, 2025
33.35
33.71
33.35
33.46
29.64
6,800
Oct 27, 2025
33.21
33.39
33.06
33.30
29.50
6,700
Oct 24, 2025
33.65
33.69
33.22
33.22
29.43
7,000
Oct 23, 2025
34.09
34.13
33.33
33.79
29.93
9,900
Oct 22, 2025
34.75
34.75
33.73
33.84
29.98
19,000
Oct 21, 2025
36.99
37.09
36.93
37.06
32.83
2,700
Oct 20, 2025
36.22
37.15
36.22
37.00
32.78
9,100
Oct 17, 2025
35.47
36.03
35.47
35.99
31.89
4,800
Oct 16, 2025
36.17
36.31
35.51
35.52
31.47
4,200
Oct 15, 2025
36.31
36.57
36.08
36.08
31.97
2,800
Oct 14, 2025
36.21
36.58
36.21
36.43
32.28
2,400
Oct 13, 2025
36.66
36.74
36.51
36.53
32.37
1,800
Oct 10, 2025
36.41
36.54
36.40
36.54
32.37
3,000
Oct 9, 2025
36.36
36.59
36.36
36.52
32.36
5,700
Oct 8, 2025
36.17
36.48
36.17
36.44
32.29
6,400
Oct 7, 2025
35.75
36.17
35.75
36.09
31.98
7,300
Oct 6, 2025
35.35
35.52
35.15
35.52
31.47
7,400
Oct 3, 2025
35.45
35.50
35.03
35.25
31.23
5,900
Oct 2, 2025
35.45
35.57
34.74
35.54
31.49
11,700
Oct 1, 2025
36.13
36.13
35.67
35.81
31.73
7,400
Sep 30, 2025
36.76
36.76
36.09
36.65
32.47
9,800
Sep 29, 2025
36.78
37.20
36.60
36.83
32.63
7,200
Sep 26, 2025
36.91
37.05
36.76
36.99
32.78
2,800
Sep 25, 2025
36.47
37.15
36.47
36.90
32.70
4,500
Sep 24, 2025
0.55 Dividend 

Sep 24, 2025
37.11
37.13
36.54
36.77
32.58
8,100
Sep 23, 2025
37.78
37.92
37.47
37.72
32.93
5,400
Sep 22, 2025
37.84
37.91
37.62
37.90
33.09
7,900
Sep 19, 2025
37.57
38.09
37.42
37.87
33.06
3,400
Sep 18, 2025
37.62
37.79
37.12
37.21
32.49
11,100
Sep 17, 2025
37.51
37.71
37.50
37.71
32.93
3,100
Sep 16, 2025
37.15
37.17
36.88
36.97
32.28
2,600
Sep 15, 2025
36.64
37.20
36.55
37.09
32.38
8,600
Sep 12, 2025
37.22
37.22
36.62
36.77
32.10
5,200
Sep 11, 2025
37.79
37.79
37.14
37.31
32.57
6,200
Sep 10, 2025
38.94
38.94
38.61
38.67
33.76
3,100
Sep 9, 2025
38.81
39.09
38.64
39.05
34.10
6,500
Sep 8, 2025
38.67
38.67
38.35
38.47
33.59
5,000
Sep 5, 2025
38.58
38.58
38.44
38.48
33.60
2,900
Sep 4, 2025
37.86
38.52
37.86
38.47
33.59
5,000
Sep 3, 2025
37.32
37.85
37.32
37.85
33.05
3,400
Sep 2, 2025
37.06
37.56
37.04
37.56
32.79
6,900
Aug 29, 2025
37.79
37.79
37.31
37.38
32.64
4,100
Aug 28, 2025
37.54
37.98
37.54
37.98
33.16
2,500
Aug 27, 2025
0.55 Dividend 

Aug 27, 2025
37.81
37.81
37.46
37.75
32.96
5,000
Aug 26, 2025
38.18
38.32
38.11
38.26
32.92
5,800
Aug 25, 2025
37.82
38.21
37.82
37.99
32.69
3,200
Aug 22, 2025
37.66
37.86
37.60
37.65
32.40
3,500
Aug 21, 2025
37.87
38.09
37.50
37.75
32.49
4,200
Aug 20, 2025
38.03
38.14
37.36
38.10
32.78
7,000
Aug 19, 2025
38.50
38.50
37.58
37.98
32.68
11,000
Aug 18, 2025
38.64
38.90
38.56
38.83
33.41
12,700
Aug 15, 2025
38.55
38.65
38.42
38.60
33.22
5,500
Aug 14, 2025
37.74
38.53
37.74
38.40
33.04
4,500
Aug 13, 2025
38.41
38.41
37.74
37.74
32.48
3,900
Aug 12, 2025
38.09
38.22
37.81
38.22
32.89
2,100
Aug 11, 2025
37.70
38.17
37.57
37.94
32.65
10,800
Aug 8, 2025
37.54
37.84
37.38
37.78
32.51
6,600
Aug 7, 2025
36.90
37.01
36.64
36.90
31.76
4,300
Aug 6, 2025
36.11
36.86
36.11
36.83
31.69
5,500
Aug 5, 2025
36.45
36.45
35.92
35.92
30.91
3,000
Aug 4, 2025
36.28
36.69
36.28
36.59
31.49
6,700
Aug 1, 2025
36.03
36.76
36.03
36.16
31.12
7,100
Jul 31, 2025
36.89
36.89
36.21
36.21
31.16
8,100
Jul 30, 2025
36.41
36.97
36.41
36.97
31.81
5,100
Jul 29, 2025
36.61
36.62
36.42
36.50
31.41
12,300
Jul 28, 2025
36.65
37.11
36.50
36.60
31.50
17,200
Jul 25, 2025
36.58
36.95
36.56
36.79
31.66
12,500
Jul 24, 2025
36.73
36.79
36.24
36.79
31.66
10,300
Jul 23, 2025
0.55 Dividend 

Jul 23, 2025
36.92
36.98
36.57
36.62
31.51
13,300
Jul 22, 2025
38.73
38.73
37.66
37.66
31.93
10,600
Jul 21, 2025
38.00
38.96
38.00
38.91
32.99
10,200
Jul 18, 2025
39.68
39.68
38.06
38.17
32.37
15,700
Jul 17, 2025
39.87
40.40
39.87
40.39
34.25
19,600
Jul 16, 2025
39.86
40.10
39.76
39.76
33.72
8,200
Jul 15, 2025
39.99
40.03
39.80
39.93
33.86
6,300
Jul 14, 2025
39.50
40.15
39.50
39.93
33.86
9,100
Jul 11, 2025
39.81
39.81
39.22
39.49
33.49
10,600
Jul 10, 2025
40.62
40.62
39.59
39.65
33.62
5,200
Jul 9, 2025
40.46
40.84
40.22
40.84
34.63
7,700
Jul 8, 2025
40.90
40.90
40.00
40.41
34.27
7,800
Jul 7, 2025
41.19
41.19
40.63
40.90
34.68
12,600
Jul 3, 2025
40.67
41.31
40.67
41.17
34.91
12,000
Jul 2, 2025
41.35
41.35
40.54
40.78
34.58
12,900
Jul 1, 2025
42.30
42.30
40.98
41.12
34.87
5,100
Jun 30, 2025
42.09
42.49
42.01
42.46
36.00
10,600
Jun 27, 2025
41.78
42.08
41.74
41.95
35.57
5,000
Jun 26, 2025
41.36
41.88
41.36
41.79
35.44
5,500
Jun 25, 2025
0.55 Dividend 

Jun 25, 2025
41.60
41.67
41.39
41.39
35.09
9,400
Jun 24, 2025
41.66
42.03
41.51
41.95
35.10
8,600
Jun 23, 2025
40.66
41.35
40.66
41.35
34.60
13,400
Jun 20, 2025
40.63
40.90
40.51
40.65
34.02
7,400
Jun 18, 2025
40.64
40.65
40.36
40.36
33.77
3,800
Jun 17, 2025
40.48
40.58
40.15
40.30
33.72
6,000
Jun 16, 2025
40.21
40.40
40.05
40.40
33.81
4,500
Jun 13, 2025
39.84
40.18
39.71
40.04
33.51
7,900
Jun 12, 2025
40.26
40.42
40.10
40.10
33.55
8,400
Jun 11, 2025
39.80
40.36
39.74
40.23
33.67
4,000
Jun 10, 2025
40.31
40.33
39.08
39.70
33.22
6,800
Jun 9, 2025
40.68
40.68
40.37
40.37
33.78
7,600
Jun 6, 2025
41.11
41.11
40.81
40.81
34.16
2,500
Jun 5, 2025
40.78
41.18
40.78
41.04
34.35
7,500
Jun 4, 2025
40.18
40.80
40.18
40.72
34.08
4,400
Jun 3, 2025
40.04
40.30
39.99
40.08
33.54
4,400
Jun 2, 2025
39.65
40.08
39.65
40.08
33.54
6,900
May 30, 2025
39.40
39.77
38.79
39.77
33.28
9,300
May 29, 2025
39.79
39.79
38.81
39.05
32.68
4,000
May 28, 2025
0.55 Dividend 

May 28, 2025
40.03
40.03
39.73
39.79
33.30
8,600
May 27, 2025
39.95
40.34
39.95
40.30
33.26
6,000
May 23, 2025
39.47
39.68
39.47
39.59
32.68
3,700
May 22, 2025
39.85
39.90
39.65
39.65
32.73
4,400
May 21, 2025
39.66
40.06
39.66
39.75
32.81
7,700
May 20, 2025
39.60
39.72
39.43
39.72
32.79
3,800
May 19, 2025
39.30
39.64
39.30
39.64
32.72
6,400
May 16, 2025
39.49
39.61
39.49
39.61
32.69
5,100
May 15, 2025
38.64
39.42
38.64
39.21
32.37
2,400
May 14, 2025
38.12
38.53
38.12
38.49
31.77
5,400
May 13, 2025
37.75
38.36
37.75
38.17
31.50
5,100
May 12, 2025
37.90
37.90
37.19
37.32
30.80
13,100
May 9, 2025
38.33
38.33
38.11
38.18
31.51
5,400
May 8, 2025
38.60
38.60
38.15
38.29
31.60
4,100
May 7, 2025
38.19
38.60
38.18
38.51
31.79
6,300
May 6, 2025
37.80
38.23
37.80
38.06
31.42
3,900
May 5, 2025
37.07
38.17
37.07
37.90
31.28
10,000
May 2, 2025
38.09
38.57
38.09
38.52
31.80
7,200
May 1, 2025
37.66
38.02
37.64
37.86
31.25
7,900
Apr 30, 2025
37.44
37.78
37.44
37.78
31.18
2,800
Apr 29, 2025
37.48
37.67
37.30
37.65
31.08
7,300
Apr 28, 2025
37.24
37.49
37.13
37.49
30.95
9,200
Apr 25, 2025
37.28
37.41
36.95
37.31
30.80
6,800
Apr 24, 2025
36.90
37.18
36.82
37.18
30.69
3,700
Apr 23, 2025
0.55 Dividend 

Apr 23, 2025
36.41
36.49
36.22
36.44
30.08
7,200
Apr 22, 2025
36.50
37.05
36.49
36.67
29.82
11,400
Apr 21, 2025
35.53
35.80
35.06
35.42
28.79
16,700
Apr 17, 2025
34.64
34.97
34.25
34.81
28.30
12,600
Apr 16, 2025
34.64
34.86
34.07
34.32
27.90
9,500
Apr 15, 2025
34.56
34.94
34.56
34.65
28.17
5,800
Apr 14, 2025
33.59
33.89
33.29
33.53
27.26
5,800
Apr 11, 2025
33.41
33.41
32.81
33.07
26.89
4,100
Apr 10, 2025
33.75
33.75
32.56
33.09
26.91
4,800
Apr 9, 2025
31.49
33.89
31.03
33.83
27.51
7,000
Apr 8, 2025
32.52
33.02
31.17
31.28
25.43
9,500
Apr 7, 2025
29.79
32.29
29.60
31.16
25.34
12,900
Apr 4, 2025
32.03
32.35
30.87
30.87
25.10
12,400
Apr 3, 2025
32.36
33.53
32.30
32.96
26.80
10,600
Apr 2, 2025
33.06
33.71
33.06
33.50
27.24
6,300
Apr 1, 2025
33.40
33.40
32.75
33.20
26.99
8,500
Mar 31, 2025
32.90
33.40
32.60
33.40
27.15
12,000
Mar 28, 2025
34.60
34.60
33.29
33.45
27.20
13,400
Mar 27, 2025
34.47
34.88
34.34
34.83
28.31
7,100
Mar 26, 2025
0.65 Dividend 

Mar 26, 2025
35.19
35.19
34.35
34.42
27.99
12,400
Mar 25, 2025
35.44
35.81
35.44
35.80
28.58
15,500
Mar 24, 2025
35.10
35.15
34.65
35.06
27.99
8,100
Mar 21, 2025
34.28
34.87
34.04
34.75
27.74
4,700
Mar 20, 2025
34.76
34.85
34.40
34.53
27.56
3,700
Mar 19, 2025
33.91
34.87
33.91
34.75
27.74
6,800
Mar 18, 2025
34.41
34.45
33.46
33.85
27.02
7,400
Mar 17, 2025
34.12
34.88
34.12
34.45
27.50
16,700
Mar 14, 2025
33.07
33.52
33.07
33.46
26.71
57,000
Mar 13, 2025
33.38
33.39
32.54
32.54
25.98
12,100
Mar 12, 2025
33.35
33.55
32.97
33.44
26.69
14,300
Mar 11, 2025
31.56
32.99
31.56
32.67
26.08
19,500
Mar 10, 2025
31.90
32.02
31.23
31.55
25.19
35,400
Mar 7, 2025
32.86
32.86
31.43
32.57
26.00
30,400
Mar 6, 2025
35.42
35.42
32.96
33.07
26.40
19,400
Mar 5, 2025
35.45
35.97
35.35
35.87
28.64
7,300
Mar 4, 2025
35.19
35.66
34.53
35.26
28.15
8,200
Mar 3, 2025
35.69
35.93
35.01
35.30
28.18
12,500
Feb 28, 2025
35.06
35.51
34.87
35.51
28.35
13,800
Feb 27, 2025
35.98
36.08
34.97
34.98
27.92
18,000
Feb 26, 2025
0.85 Dividend 

Feb 26, 2025
35.52
36.24
35.52
35.82
28.60
18,500
Feb 25, 2025
36.82
36.82
35.55
36.36
28.35
27,500
Feb 24, 2025
37.43
37.53
36.60
36.77
28.66
25,800
Feb 21, 2025
38.01
38.01
37.11
37.14
28.95
14,300
Feb 20, 2025
38.37
38.37
37.60
37.87
29.52
14,100
Feb 19, 2025
37.90
38.37
37.84
38.33
29.88
10,700
Feb 18, 2025
40.58
40.58
37.82
38.06
29.67
23,700
Feb 14, 2025
38.37
38.87
38.31
38.76
30.22
8,100
Feb 13, 2025
37.90
38.37
37.75
38.28
29.85
7,800
Feb 12, 2025
37.23
37.83
37.12
37.80
29.47
5,800
Feb 11, 2025
37.66
37.66
37.09
37.26
29.04
8,000
Feb 10, 2025
37.70
37.90
37.49
37.83
29.49
11,300
Feb 7, 2025
37.42
37.80
37.26
37.34
29.11
12,700
Feb 6, 2025
37.10
37.37
37.09
37.37
29.14
12,500
Feb 5, 2025
36.60
37.32
36.59
37.27
29.06
17,500
Feb 4, 2025
36.84
37.16
36.35
36.77
28.67
22,700
Feb 3, 2025
36.15
36.43
36.06
36.30
28.30
24,500
Jan 31, 2025
36.23
36.53
36.15
36.24
28.25
14,600
Jan 30, 2025
36.37
36.49
36.09
36.13
28.17
9,100
Jan 29, 2025
36.25
36.25
36.00
36.16
28.19
6,500
Jan 28, 2025
36.03
36.20
35.88
36.10
28.14
10,300
Jan 27, 2025
35.42
36.23
35.42
35.98
28.05
7,500
Jan 24, 2025
36.17
36.24
35.94
36.03
28.09
15,300
Jan 23, 2025
0.85 Dividend 

Jan 23, 2025
35.78
36.19
35.78
36.15
28.18
6,100
Jan 22, 2025
37.13
37.13
36.35
36.35
27.67
35,300
Jan 21, 2025
33.40
33.65
33.08
33.51
25.51
30,000
Jan 17, 2025
32.95
33.28
32.95
33.04
25.16
17,900
Jan 16, 2025
33.30
33.30
32.55
32.55
24.78
1,000
Jan 15, 2025
32.45
32.88
32.45
32.76
24.94
3,700
Jan 14, 2025
32.36
32.45
32.00
32.00
24.37
3,700
Jan 13, 2025
32.27
32.59
32.19
32.49
24.74
5,900
Jan 10, 2025
33.19
33.23
32.34
32.41
24.68
9,300
Jan 8, 2025
33.80
34.03
33.71
33.77
25.71
8,800
Jan 7, 2025
33.77
33.99
33.70
33.95
25.85
5,400
Jan 6, 2025
34.24
34.24
33.70
33.99
25.88
3,700
Jan 3, 2025
34.40
34.40
34.00
34.10
25.96
5,100
Jan 2, 2025
34.28
34.52
33.79
34.16
26.01
11,300
Dec 31, 2024
34.53
34.55
34.26
34.27
26.10
5,100
Dec 30, 2024
34.55
34.81
34.26
34.60
26.34
6,900
Dec 27, 2024
35.10
35.10
34.49
34.85
26.54
4,000
Dec 26, 2024
35.47
35.57
35.15
35.44
26.98
10,200
Dec 24, 2024
1.05 Dividend 

Dec 24, 2024
35.20
35.75
35.05
35.75
27.22
5,800
Dec 23, 2024
36.09
36.17
35.88
36.02
26.63
7,000
Dec 20, 2024
35.48
36.13
35.31
35.90
26.54
3,600
Dec 19, 2024
35.92
35.99
35.65
35.65
26.36
4,300
Dec 18, 2024
36.16
36.30
35.19
35.24
26.05
6,600
Dec 17, 2024
36.38
36.45
36.22
36.24
26.79
5,300
Dec 16, 2024
36.40
36.46
36.29
36.29
26.82
5,900
Dec 13, 2024
36.45
36.45
36.03
36.30
26.83
7,500
Dec 12, 2024
36.80
36.80
36.51
36.52
27.00
5,300
Dec 11, 2024
36.83
36.97
36.83
36.90
27.28
3,900
Dec 10, 2024
36.18
36.45
36.14
36.14
26.71
5,800
Dec 9, 2024
36.62
36.63
35.83
36.14
26.72
14,200
Dec 6, 2024
36.25
36.82
36.25
36.82
27.21
7,200
Dec 5, 2024
36.28
36.61
36.15
36.36
26.88
5,400
Dec 4, 2024
35.14
36.20
35.14
36.12
26.70
5,900
Dec 3, 2024
35.55
35.78
35.47
35.78
26.45
2,000
Dec 2, 2024
35.75
35.75
35.55
35.65
26.35
5,700
Nov 29, 2024
35.27
35.77
35.20
35.38
26.15
3,500
Nov 27, 2024
35.17
35.19
34.75
35.14
25.98
3,100
Nov 26, 2024
35.15
35.20
34.92
34.97
25.85
3,400
Nov 25, 2024
35.28
35.28
34.75
34.76
25.70
3,000
Nov 22, 2024
35.30
35.47
35.30
35.39
26.16
2,900
Nov 21, 2024
34.98
35.38
34.98
35.30
26.09
4,100
Nov 20, 2024
1.023 Dividend 

Nov 20, 2024
35.06
35.10
34.79
35.06
25.92
35,800
Nov 19, 2024
35.12
36.36
35.12
36.05
25.89
5,600
Nov 18, 2024
34.24
35.80
34.24
35.80
25.71
1,600
Nov 15, 2024
34.95
35.05
34.95
35.05
25.18
700
Nov 14, 2024
35.22
35.26
35.22
35.23
25.31
700
Nov 13, 2024
35.09
35.24
35.06
35.13
25.23
3,300
Nov 12, 2024
34.87
34.95
34.81
34.95
25.10
1,500
Nov 11, 2024
34.31
34.71
34.31
34.62
24.86
4,000
Nov 8, 2024
34.42
34.42
34.42
34.42
24.72
300
Nov 7, 2024
34.34
34.48
34.34
34.47
24.76
3,100
Nov 6, 2024
33.72
34.05
33.48
34.05
24.46
2,900
Nov 5, 2024
33.41
33.41
33.36
33.36
23.96
1,500
Nov 4, 2024
32.94
33.25
32.91
33.09
23.77
7,800
Nov 1, 2024
32.92
33.12
32.92
33.12
23.78
400
Oct 31, 2024
33.18
33.20
33.08
33.08
23.76
1,300
Oct 30, 2024
33.12
33.12
33.05
33.05
23.74
1,300
Oct 29, 2024
32.90
33.17
32.90
33.16
23.81
1,900
Oct 28, 2024
32.59
32.87
32.59
32.79
23.55
2,400
Oct 25, 2024
33.19
33.19
32.93
32.93
23.65
900
Oct 24, 2024
32.71
32.95
32.66
32.92
23.64
1,500
Oct 23, 2024
0.539 Dividend 

Oct 23, 2024
32.89
32.89
32.70
32.70
23.49
1,700
Oct 22, 2024
33.79
33.80
33.67
33.69
23.81
2,700
Oct 21, 2024
34.16
34.16
33.81
33.86
23.93
1,100
Oct 18, 2024
32.77
33.64
32.74
33.54
23.70
10,600
Oct 17, 2024
30.76
30.92
30.64
30.64
21.65
3,900
Oct 16, 2024
31.12
31.12
31.12
31.12
22.00
500
Oct 15, 2024
31.33
31.33
31.21
31.21
22.05
300
Oct 14, 2024
31.64
31.64
31.48
31.48
22.25
1,000
Oct 11, 2024
31.92
31.92
31.77
31.77
22.46
2,300
Oct 10, 2024
31.86
32.07
31.86
31.96
22.59
1,700
Oct 9, 2024
31.59
31.91
31.59
31.85
22.51
900
Oct 8, 2024
31.60
31.78
31.60
31.70
22.41
1,200
Oct 7, 2024
31.10
31.30
30.98
30.98
21.89
2,300
Oct 4, 2024
31.20
31.63
31.20
31.63
22.35
500
Oct 3, 2024
31.17
31.17
31.14
31.14
22.01
400
Oct 2, 2024
31.15
31.31
31.15
31.31
22.13
600
Oct 1, 2024
31.33
31.33
31.15
31.15
22.01
1,700
Sep 30, 2024
31.20
31.33
31.20
31.33
22.14
500
Sep 27, 2024
31.38
31.38
31.28
31.28
22.11
800
Sep 26, 2024
31.67
31.67
31.23
31.44
22.22
2,800
Sep 25, 2024
0.556 Dividend 

Sep 25, 2024
31.50
31.75
31.50
31.67
22.39
3,200
Sep 24, 2024
31.84
32.22
31.84
32.22
22.38
3,000
Sep 23, 2024
31.63
31.94
31.63
31.73
22.04
2,000
Sep 20, 2024
31.62
31.69
31.58
31.58
21.94
2,000
Sep 19, 2024
31.86
31.86
31.63
31.63
21.97
500
Sep 18, 2024
31.70
31.70
31.17
31.17
21.65
900
Sep 17, 2024
31.58
31.70
31.58
31.70
22.01
600
Sep 16, 2024
31.58
31.58
31.24
31.38
21.79
2,200
Sep 13, 2024
31.26
31.42
31.26
31.38
21.79
1,800
Sep 12, 2024
30.99
30.99
30.99
30.99
21.52
500
Sep 11, 2024
30.27
30.86
30.27
30.86
21.43
2,000
Sep 10, 2024
30.64
30.70
30.42
30.56
21.22
1,400
Sep 9, 2024
30.63
30.64
30.55
30.55
21.22
1,600
Sep 6, 2024
30.92
30.92
30.17
30.18
20.96
1,200
Sep 5, 2024
30.81
30.89
30.67
30.84
21.42
2,100
Sep 4, 2024
30.40
30.84
30.40
30.78
21.38
1,600
Sep 3, 2024
31.62
31.62
30.52
30.52
21.20
3,200
Aug 30, 2024
31.27
31.35
31.27
31.35
21.77
1,400
Aug 29, 2024
31.29
31.29
31.08
31.18
21.66
2,100
Aug 28, 2024
31.12
31.12
30.90
31.01
21.54
1,700
Aug 27, 2024
31.10
31.33
31.10
31.26
21.71
1,400
Aug 26, 2024
30.97
31.12
30.97
31.10
21.60
2,000
Aug 23, 2024
31.09
31.09
30.86
31.03
21.55
2,500
Aug 22, 2024
31.18
31.21
30.94
30.97
21.51
9,500
Aug 21, 2024
0.549 Dividend 

Aug 21, 2024
31.19
31.19
31.13
31.13
21.62
800
Aug 20, 2024
31.72
31.75
31.68
31.70
21.63
3,900
Aug 19, 2024
31.53
31.53
31.53
31.53
21.52
600
Aug 16, 2024
31.19
31.35
31.19
31.21
21.30
1,400
Aug 15, 2024
31.05
31.05
30.90
30.94
21.12
2,800
Aug 14, 2024
30.81
30.82
30.81
30.82
21.03
200
Aug 13, 2024
30.42
30.42
30.42
30.42
20.76
100
Aug 12, 2024
30.02
30.02
29.88
29.88
20.39
800
Aug 9, 2024
29.90
29.90
29.90
29.90
20.41
200
Aug 8, 2024
29.71
29.71
29.71
29.71
20.28
300
Aug 7, 2024
29.59
29.59
29.03
29.03
19.81
600
Aug 6, 2024
28.97
28.97
28.97
28.97
19.77
300
Aug 5, 2024
28.00
28.44
28.00
28.44
19.41
500
Aug 2, 2024
29.14
29.14
28.91
29.07
19.84
500
Aug 1, 2024
29.50
29.50
29.50
29.50
20.14
100
Jul 31, 2024
29.78
29.78
29.62
29.74
20.30
400
Jul 30, 2024
29.75
29.75
29.48
29.51
20.14
700
Jul 29, 2024
29.92
29.92
29.53
29.65
20.24
900
Jul 26, 2024
30.07
30.07
29.84
29.84
20.36
1,000
Jul 25, 2024
30.04
30.54
29.95
30.01
20.48
1,600
Jul 24, 2024
0.486 Dividend 

Jul 24, 2024
30.08
30.08
30.08
30.08
20.53
200
Jul 23, 2024
30.85
30.85
30.85
30.85
20.73
200
Jul 22, 2024
30.69
31.34
30.69
31.07
20.87
1,300
Jul 19, 2024
31.54
31.54
30.37
30.42
20.43
1,100
Jul 18, 2024
30.87
30.87
30.60
30.66
20.60
600
Jul 17, 2024
30.70
30.97
30.70
30.87
20.74
1,500
Jul 16, 2024
30.95
31.22
30.90
31.20
20.96
800
Jul 15, 2024
30.73
31.54
30.73
31.18
20.95
1,000
Jul 12, 2024
31.06
31.06
30.82
30.82
20.70
1,300
Jul 11, 2024
31.58
31.63
30.86
31.03
20.84
1,900
Jul 10, 2024
32.27
32.27
31.96
31.96
21.47
1,600
Jul 9, 2024
32.35
32.46
32.23
32.23
21.65
1,100
Jul 8, 2024
32.34
32.34
32.17
32.24
21.66
500
Jul 5, 2024
32.53
32.58
32.39
32.39
21.76
700
Jul 3, 2024
32.10
32.10
32.10
32.10
21.56
200
Jul 2, 2024
31.87
31.99
31.87
31.99
21.49
300
Jul 1, 2024
31.81
31.81
31.81
31.81
21.37
400
Jun 28, 2024
31.96
31.96
31.93
31.93
21.45
400
Jun 27, 2024
31.94
32.12
31.94
32.12
21.58
3,100
Jun 26, 2024
0.483 Dividend 

Jun 26, 2024
31.97
31.97
31.97
31.97
21.47
700
Jun 25, 2024
32.27
32.27
32.27
32.27
21.35
500
Jun 24, 2024
32.20
32.20
32.18
32.18
21.30
600
Jun 21, 2024
32.52
32.59
32.52
32.57
21.55
1,100
Jun 20, 2024
32.49
32.51
32.38
32.38
21.42
600
Jun 18, 2024
32.34
32.54
32.31
32.52
21.52
900
Jun 17, 2024
32.15
32.42
32.15
32.26
21.34
3,800
Jun 14, 2024
32.19
32.19
32.12
32.12
21.25
700
Jun 13, 2024
31.78
31.78
31.68
31.68
20.96
500
Jun 12, 2024
31.46
31.57
31.46
31.57
20.89
1,600
Jun 11, 2024
31.47
31.49
31.47
31.49
20.84
600
Jun 10, 2024
31.19
31.38
31.19
31.33
20.73
5,400
Jun 7, 2024
31.32
31.32
31.24
31.24
20.67
400
Jun 6, 2024
31.48
31.50
31.48
31.50
20.84
500
Jun 5, 2024
31.18
31.60
31.18
31.52
20.86
1,200
Jun 4, 2024
31.02
31.02
30.89
30.89
20.44
500
Jun 3, 2024
30.92
30.92
30.92
30.92
20.46
800
May 31, 2024
31.02
31.02
30.98
30.98
20.50
600
May 30, 2024
30.97
31.06
30.95
31.05
20.54
1,600
May 29, 2024
31.03
31.10
31.01
31.01
20.52
2,700
May 28, 2024
30.91
31.07
30.91
31.03
20.53
3,700
May 24, 2024
31.01
31.01
30.92
30.98
20.50
2,400
May 23, 2024
30.88
30.88
30.82
30.82
20.39
200
May 22, 2024
0.457 Dividend 

May 22, 2024
31.00
31.00
30.86
30.88
20.43
3,600
May 21, 2024
31.36
31.38
31.31
31.38
20.46
2,800
May 20, 2024
31.25
31.34
31.21
31.29
20.41
1,100
May 17, 2024
31.05
31.10
31.04
31.05
20.25
1,700
May 16, 2024
30.96
30.99
30.85
30.86
20.12
1,200
May 15, 2024
30.92
30.92
30.85
30.85
20.12
1,200
May 14, 2024
30.80
30.84
30.73
30.84
20.11
1,300
May 13, 2024
30.70
30.90
30.70
30.90
20.15
3,500
May 10, 2024
30.70
30.75
30.70
30.75
20.05
500
May 9, 2024
30.77
30.80
30.69
30.73
20.04
1,300
May 8, 2024
30.79
30.80
30.67
30.67
20.00
1,300
May 7, 2024
30.60
30.60
30.48
30.58
19.94
2,700
May 6, 2024
30.28
30.37
30.24
30.37
19.80
1,600
May 3, 2024
29.90
29.90
29.90
29.90
19.50
100
May 2, 2024
29.42
29.42
29.40
29.40
19.17
200
May 1, 2024
28.93
28.93
28.93
28.93
18.86
200
Apr 30, 2024
29.16
29.16
28.86
28.89
18.84
300
Apr 29, 2024
29.19
29.30
29.19
29.28
19.09
2,600
Apr 26, 2024
29.08
29.41
29.08
29.39
19.17
6,400
Apr 25, 2024
28.90
29.70
28.90
29.64
19.33
7,100
Apr 24, 2024
0.43 Dividend 

Apr 24, 2024
29.24
29.24
29.09
29.11
18.98
2,700
Apr 23, 2024
30.12
30.70
30.10
30.66
19.71
10,900
Apr 22, 2024
28.93
29.54
28.93
29.49
18.96
6,600
Apr 19, 2024
29.83
30.13
29.45
29.50
18.97
28,000
Apr 18, 2024
31.68
32.05
31.58
31.75
20.41
7,100
Apr 17, 2024
31.80
31.84
31.72
31.84
20.47
600
Apr 16, 2024
32.02
32.02
31.97
31.97
20.56
300
Apr 15, 2024
32.26
32.26
31.49
31.59
20.31
3,200
Apr 12, 2024
32.22
32.22
32.11
32.11
20.64
1,200
Apr 11, 2024
32.00
32.45
31.97
32.36
20.80
2,400
Apr 10, 2024
31.97
31.97
31.97
31.97
20.55
100
Apr 9, 2024
31.93
31.93
31.93
31.93
20.53
400
Apr 8, 2024
32.33
32.33
32.27
32.27
20.75
800
Apr 5, 2024
32.42
32.52
32.42
32.50
20.90
1,500
Apr 4, 2024
32.51
32.51
31.81
31.81
20.45
300
Apr 3, 2024
32.11
32.26
32.11
32.26
20.74
800
Apr 2, 2024
31.78
31.78
31.78
31.78
20.43
200
Apr 1, 2024
31.72
31.79
31.53
31.79
20.44
500
Mar 28, 2024
31.60
31.60
31.60
31.60
20.31
100
Mar 27, 2024
32.23
32.23
31.71
31.71
20.39
200
Mar 26, 2024
32.26
32.26
32.26
32.26
20.74
200
Mar 25, 2024
32.15
32.24
32.15
32.20
20.70
700
Mar 22, 2024
32.19
32.19
32.19
32.19
20.69
300
Mar 21, 2024
32.14
32.14
32.01
32.01
20.58
300
Mar 20, 2024
0.471 Dividend 

Mar 20, 2024
32.16
32.16
32.14
32.14
20.66
500
Mar 19, 2024
32.18
32.34
32.18
32.34
20.49
400
Mar 18, 2024
31.99
32.23
31.96
32.23
20.42
2,100
Mar 15, 2024
31.77
31.77
31.77
31.77
20.13
100
Mar 14, 2024
32.06
32.13
32.06
32.13
20.36
400
Mar 13, 2024
32.06
32.06
32.00
32.00
20.27
200
Mar 12, 2024
31.86
32.09
31.86
32.09
20.33
100
Mar 11, 2024
31.90
31.90
31.69
31.69
20.08
2,000
Mar 8, 2024
32.01
32.01
31.85
31.85
20.18
1,000
Mar 7, 2024
31.93
32.02
31.93
31.96
20.25
400
Mar 6, 2024
31.52
31.56
31.51
31.56
20.00
400
Mar 5, 2024
31.50
31.54
31.50
31.54
19.98
200
Mar 4, 2024
32.35
32.35
32.19
32.19
20.39
600
Mar 1, 2024
32.32
32.32
32.32
32.32
20.48
100
Feb 29, 2024
31.54
31.73
31.54
31.73
20.10
300
Feb 28, 2024
31.43
31.49
31.40
31.49
19.95
300
Feb 27, 2024
31.33
31.61
31.33
31.61
20.02
300
Feb 26, 2024
31.18
31.18
31.18
31.18
19.76
400
Feb 23, 2024
31.08
31.08
31.01
31.01
19.64
500
Feb 22, 2024
31.11
31.13
31.10
31.13
19.72
600
Feb 21, 2024
0.336 Dividend 

Feb 21, 2024
30.41
30.53
30.41
30.53
19.34
700
Feb 20, 2024
30.95
30.95
30.77
30.90
19.36
1,000
Feb 16, 2024
31.39
31.39
31.22
31.22
19.57
400
Feb 15, 2024
31.11
31.47
31.07
31.47
19.72
300
Feb 14, 2024
30.77
31.01
30.77
31.01
19.43
200
Feb 13, 2024
30.15
30.15
30.03
30.03
18.82
200
Feb 12, 2024
30.32
30.32
30.14
30.14
18.89
700
Feb 9, 2024
30.31
30.31
30.31
30.31
18.99
300
Feb 8, 2024
30.16
30.16
30.16
30.16
18.90
100
Feb 7, 2024
30.19
30.19
30.19
30.19
18.92
100
Feb 6, 2024
30.08
30.08
30.08
30.08
18.85
100
Feb 5, 2024
30.31
30.31
30.31
30.31
18.99
100
Feb 2, 2024
30.42
30.45
30.38
30.42
19.07
600
Feb 1, 2024
30.54
30.54
30.50
30.50
19.11
200
Jan 31, 2024
30.33
30.40
30.33
30.40
19.05
900
Jan 30, 2024
30.33
30.33
30.33
30.33
19.01
100
Jan 29, 2024
30.46
30.46
30.37
30.44
19.08
800
Jan 26, 2024
30.17
30.37
30.17
30.31
18.99
700
Jan 25, 2024
30.08
30.18
29.95
30.18
18.91
1,000
Jan 24, 2024
0.43 Dividend 

Jan 24, 2024
29.41
30.00
29.38
29.79
18.67
6,200
Jan 23, 2024
27.77
27.86
27.68
27.78
17.14
1,900
Jan 22, 2024
27.62
27.66
27.58
27.58
17.02
4,000
Jan 19, 2024
27.30
27.47
27.24
27.47
16.95
1,900
Jan 18, 2024
27.43
27.56
27.42
27.56
17.00
500
Jan 17, 2024
27.35
27.35
27.35
27.35
16.87
200
Jan 16, 2024
27.72
27.72
27.34
27.34
16.87
500
Jan 12, 2024
27.81
27.81
27.81
27.81
17.16
300
Jan 11, 2024
27.99
27.99
27.80
27.80
17.15
400
Jan 10, 2024
27.20
27.20
27.20
27.20
16.78
100
Jan 9, 2024
27.46
27.46
27.36
27.36
16.88
200
Jan 8, 2024
27.44
27.49
27.44
27.49
16.96
700
Jan 5, 2024
27.00
27.00
27.00
27.00
16.65
200
Jan 4, 2024
27.19
27.19
27.00
27.00
16.66
200
Jan 3, 2024
26.79
26.79
26.79
26.79
16.53
200
Jan 2, 2024
26.79
26.79
26.69
26.69
16.47
1,300
Dec 29, 2023
27.60
27.60
27.60
27.60
17.03
200
Dec 28, 2023
27.72
27.72
27.72
27.72
17.10
100
Dec 27, 2023
27.81
27.81
27.79
27.79
17.14
300
Dec 26, 2023
27.64
27.74
27.64
27.74
17.11
300
Dec 22, 2023
27.50
27.50
27.50
27.50
16.97
200
Dec 21, 2023
27.64
27.68
27.62
27.68
17.08
900
Dec 20, 2023
0.454 Dividend 

Dec 20, 2023
27.79
27.79
27.62
27.64
17.05
300
Dec 19, 2023
28.00
28.27
27.88
28.25
17.15
2,600
Dec 18, 2023
28.04
28.04
27.84
27.89
16.93
1,100
Dec 15, 2023
26.96
27.23
26.95
27.23
16.53
3,800
Dec 14, 2023
27.21
27.21
26.75
26.89
16.32
1,200
Dec 13, 2023
27.11
27.31
27.03
27.31
16.58
800
Dec 12, 2023
26.54
26.61
26.54
26.61
16.15
500
Dec 11, 2023
26.91
26.91
26.45
26.45
16.06
900
Dec 8, 2023
26.19
26.19
26.19
26.19
15.90
100
Dec 7, 2023
26.01
26.07
26.01
26.07
15.83
400
Dec 6, 2023
26.33
26.33
25.80
25.80
15.66
1,400
Dec 5, 2023
26.26
26.26
26.10
26.23
15.93
500
Dec 4, 2023
26.41
26.41
26.19
26.19
15.90
400
Dec 1, 2023
26.75
26.75
26.70
26.70
16.21
100
Nov 30, 2023
27.05
27.05
27.05
27.05
16.42
200
Nov 29, 2023
27.06
27.06
27.06
27.06
16.42
100
Nov 28, 2023
27.05
27.05
27.05
27.05
16.42
100
Nov 27, 2023
27.05
27.05
27.05
27.05
16.42
100
Nov 24, 2023
27.03
27.03
27.03
27.03
16.41
100
Nov 22, 2023
0.433 Dividend 

Nov 22, 2023
27.03
27.03
27.02
27.03
16.41
1,700
Nov 21, 2023
27.50
27.50
27.42
27.42
16.39
600
Nov 20, 2023
27.40
27.40
27.40
27.40
16.37
100
Nov 17, 2023
27.32
27.32
27.32
27.32
16.32
100
Nov 16, 2023
27.29
27.29
27.29
27.29
16.31
300
Nov 15, 2023
27.23
27.23
27.23
27.23
16.27
200
Nov 14, 2023
27.12
27.12
27.05
27.05
16.16
200
Nov 13, 2023
26.95
26.95
26.95
26.95
16.10
-
Nov 10, 2023
26.99
26.99
26.99
26.99
16.13
100
Nov 9, 2023
26.65
26.65
26.65
26.65
15.92
100
Nov 8, 2023
26.61
26.69
26.60
26.69
15.95
1,000
Nov 7, 2023
26.64
26.64
26.64
26.64
15.92
100
Nov 6, 2023
26.57
26.57
26.57
26.57
15.88
100
Nov 3, 2023
26.45
26.45
26.45
26.45
15.81
100
Nov 2, 2023
26.06
26.19
26.06
26.17
15.63
1,000
Nov 1, 2023
25.98
25.98
25.98
25.98
15.52
100
Oct 31, 2023
25.61
25.61
25.61
25.61
15.30
-
Oct 30, 2023
25.48
25.55
25.48
25.55
15.27
100
Oct 27, 2023
25.02
25.05
25.01
25.01
14.94
10,000
