Date
Open
High
Low
Close 

Adj Close 

Volume
Jun 5, 2026
19.84
19.84
19.44
19.75
19.75
19,600
Jun 4, 2026
20.01
20.08
19.57
19.60
19.60
14,900
Jun 3, 2026
20.00
20.00
19.46
19.59
19.59
11,600
Jun 2, 2026
20.78
20.78
20.09
20.09
20.09
18,400
Jun 1, 2026
0.174 Dividend 

Jun 1, 2026
20.81
21.18
20.68
20.83
20.83
10,300
May 29, 2026
21.10
21.15
20.96
21.01
20.84
10,500
May 28, 2026
21.26
21.28
20.95
21.16
20.98
12,000
May 27, 2026
21.40
21.75
21.40
21.44
21.26
9,700
May 26, 2026
0.142 Dividend 

May 26, 2026
21.71
21.78
21.45
21.55
21.37
10,000
May 22, 2026
22.19
22.19
21.87
21.93
21.61
6,000
May 21, 2026
21.84
22.43
21.66
22.13
21.80
9,400
May 20, 2026
21.85
21.91
21.76
21.82
21.50
4,600
May 19, 2026
22.43
22.75
22.14
22.16
21.83
9,000
May 18, 2026
0.093 Dividend 

May 18, 2026
21.32
22.27
21.32
22.27
21.94
5,600
May 15, 2026
21.90
22.08
21.50
21.59
21.19
13,400
May 14, 2026
21.74
22.00
21.55
21.57
21.16
9,800
May 13, 2026
21.51
21.93
21.43
21.77
21.36
17,400
May 12, 2026
21.31
22.22
21.31
21.79
21.38
11,900
May 11, 2026
0.15 Dividend 

May 11, 2026
21.48
21.70
21.05
21.07
20.67
19,000
May 8, 2026
21.95
22.01
21.85
21.89
21.33
7,100
May 7, 2026
22.28
22.45
22.11
22.11
21.54
10,500
May 6, 2026
21.83
22.17
21.64
22.10
21.53
8,900
May 5, 2026
22.82
22.82
21.96
21.99
21.43
12,100
May 4, 2026
0.092 Dividend 

May 4, 2026
23.25
23.33
22.97
22.97
22.38
7,300
May 1, 2026
24.12
24.12
23.36
23.36
22.67
6,900
Apr 30, 2026
23.15
24.05
23.15
23.85
23.15
10,500
Apr 29, 2026
23.14
23.57
23.14
23.39
22.70
5,800
Apr 28, 2026
22.98
23.45
22.86
23.45
22.76
7,800
Apr 27, 2026
0.094 Dividend 

Apr 27, 2026
23.41
23.57
23.20
23.21
22.53
6,800
Apr 24, 2026
23.60
23.78
23.42
23.60
22.82
13,400
Apr 23, 2026
24.07
24.19
23.52
23.76
22.97
12,700
Apr 22, 2026
23.77
24.00
23.75
23.87
23.07
18,100
Apr 21, 2026
24.05
24.20
23.61
23.63
22.84
11,100
Apr 20, 2026
0.252 Dividend 

Apr 20, 2026
24.99
25.06
24.04
24.33
23.52
21,600
Apr 17, 2026
25.09
25.82
24.80
25.41
24.32
47,600
Apr 16, 2026
28.64
29.00
28.37
28.72
27.48
22,500
Apr 15, 2026
28.10
28.68
28.05
28.64
27.41
14,000
Apr 14, 2026
27.30
28.27
27.30
28.16
26.95
9,100
Apr 13, 2026
0.252 Dividend 

Apr 13, 2026
27.18
27.36
26.98
27.27
26.10
23,500
Apr 10, 2026
27.23
27.44
27.01
27.44
26.02
12,400
Apr 9, 2026
26.57
27.21
26.30
27.17
25.77
10,200
Apr 8, 2026
26.59
26.59
25.80
26.31
24.95
20,900
Apr 7, 2026
26.11
26.30
25.99
26.13
24.78
23,200
Apr 6, 2026
0.213 Dividend 

Apr 6, 2026
26.79
27.31
25.90
26.12
24.77
16,400
Apr 2, 2026
25.13
26.27
25.13
26.27
24.71
11,100
Apr 1, 2026
25.65
25.67
25.00
25.36
23.85
5,700
Mar 31, 2026
24.69
25.52
24.69
25.52
24.00
7,900
Mar 30, 2026
0.138 Dividend 

Mar 30, 2026
24.47
24.88
24.42
24.54
23.08
8,600
Mar 27, 2026
25.20
25.20
24.71
24.85
23.24
10,600
Mar 26, 2026
24.25
25.16
24.16
24.80
23.19
6,800
Mar 25, 2026
24.31
24.51
24.30
24.42
22.84
2,700
Mar 24, 2026
24.65
24.65
23.99
23.99
22.44
2,800
Mar 23, 2026
0.144 Dividend 

Mar 23, 2026
24.34
24.92
24.34
24.78
23.18
7,300
Mar 20, 2026
24.34
24.48
24.19
24.42
22.71
108,200
Mar 19, 2026
25.37
25.58
24.18
24.41
22.70
14,400
Mar 18, 2026
25.27
25.57
25.13
25.42
23.64
17,900
Mar 17, 2026
25.72
25.74
25.19
25.30
23.52
7,800
Mar 16, 2026
0.248 Dividend 

Mar 16, 2026
25.68
25.69
25.32
25.55
23.76
14,100
Mar 13, 2026
25.56
25.93
25.53
25.80
23.76
20,900
Mar 12, 2026
25.64
25.73
25.40
25.53
23.51
11,600
Mar 11, 2026
26.50
26.50
25.70
25.71
23.68
7,900
Mar 10, 2026
26.65
26.65
26.19
26.38
24.30
9,500
Mar 9, 2026
0.271 Dividend 

Mar 9, 2026
26.55
26.90
26.36
26.81
24.69
15,400
Mar 6, 2026
27.45
27.45
27.06
27.34
24.93
8,300
Mar 5, 2026
27.20
27.54
27.11
27.44
25.02
10,600
Mar 4, 2026
27.00
27.50
27.00
27.26
24.85
13,300
Mar 3, 2026
26.30
27.00
26.25
26.88
24.51
23,700
Mar 2, 2026
0.192 Dividend 

Mar 2, 2026
26.18
27.03
26.18
26.69
24.33
23,000
Feb 27, 2026
26.12
26.71
24.87
26.66
24.13
81,800
Feb 26, 2026
22.51
23.17
22.40
22.92
20.75
29,800
Feb 25, 2026
21.26
22.36
21.26
22.31
20.20
13,500
Feb 24, 2026
20.08
20.82
19.96
20.82
18.85
9,000
Feb 23, 2026
0.095 Dividend 

Feb 23, 2026
20.77
20.77
19.86
20.12
18.21
21,500
Feb 20, 2026
20.46
21.15
20.45
21.11
19.02
31,200
Feb 19, 2026
20.75
20.93
20.47
20.54
18.51
8,800
Feb 18, 2026
20.63
20.96
20.50
20.89
18.82
12,600
Feb 17, 2026
0.154 Dividend 

Feb 17, 2026
20.53
20.68
20.07
20.63
18.59
16,000
Feb 13, 2026
20.44
20.73
20.35
20.65
18.47
14,800
Feb 12, 2026
21.44
21.44
20.20
20.38
18.23
25,600
Feb 11, 2026
22.50
22.50
21.56
21.71
19.42
21,600
Feb 10, 2026
22.58
23.13
22.40
22.40
20.03
16,700
Feb 9, 2026
0.127 Dividend 

Feb 9, 2026
22.39
22.39
21.67
22.21
19.86
24,400
Feb 6, 2026
22.15
22.60
22.15
22.56
20.06
28,500
Feb 5, 2026
22.36
22.75
22.04
22.14
19.69
16,700
Feb 4, 2026
21.93
22.25
21.68
21.91
19.49
14,800
Feb 3, 2026
22.57
22.57
21.75
21.87
19.45
21,600
Feb 2, 2026
0.139 Dividend 

Feb 2, 2026
22.92
23.50
22.60
22.60
20.10
17,300
Jan 30, 2026
22.97
23.30
22.97
23.11
20.43
16,200
Jan 29, 2026
23.39
23.39
22.75
23.00
20.33
17,600
Jan 28, 2026
23.80
24.11
23.42
23.56
20.83
19,600
Jan 27, 2026
23.78
23.84
23.33
23.82
21.06
20,300
Jan 26, 2026
0.173 Dividend 

Jan 26, 2026
24.31
24.31
23.88
23.90
21.13
11,700
Jan 23, 2026
23.30
24.22
23.30
24.18
21.23
20,800
Jan 22, 2026
23.87
23.87
23.16
23.36
20.50
30,000
Jan 21, 2026
22.99
23.98
22.94
23.92
20.99
50,200
Jan 20, 2026
0.169 Dividend 

Jan 20, 2026
25.23
25.37
24.53
24.53
21.53
36,600
Jan 16, 2026
25.09
25.10
24.93
25.00
21.79
73,800
Jan 15, 2026
25.43
25.66
24.97
25.08
21.86
18,400
Jan 14, 2026
26.13
26.17
25.00
25.25
22.01
42,300
Jan 13, 2026
25.53
26.02
25.50
25.74
22.44
25,700
Jan 12, 2026
0.138 Dividend 

Jan 12, 2026
25.55
25.80
25.49
25.49
22.22
40,000
Jan 9, 2026
25.81
25.81
25.26
25.64
22.23
34,100
Jan 8, 2026
25.97
26.22
25.72
26.03
22.57
33,200
Jan 7, 2026
26.34
26.63
25.88
26.10
22.63
26,700
Jan 6, 2026
25.98
26.15
25.78
26.06
22.60
19,400
Jan 5, 2026
0.24 Dividend 

Jan 5, 2026
26.18
26.58
26.18
26.33
22.83
24,200
Jan 2, 2026
27.49
27.49
26.37
26.37
22.66
35,800
Dec 31, 2025
27.36
27.56
27.24
27.40
23.54
15,500
Dec 30, 2025
27.32
27.47
27.30
27.40
23.54
33,200
Dec 29, 2025
0.231 Dividend 

Dec 29, 2025
27.52
27.78
27.38
27.53
23.65
20,500
Dec 26, 2025
27.58
27.93
27.49
27.87
23.75
19,700
Dec 24, 2025
27.42
27.61
27.30
27.59
23.51
18,500
Dec 23, 2025
27.56
27.62
27.34
27.59
23.51
10,700
Dec 22, 2025
0.198 Dividend 

Dec 22, 2025
28.00
28.00
27.40
27.45
23.39
41,700
Dec 19, 2025
27.88
28.49
27.81
28.12
23.79
88,300
Dec 18, 2025
28.40
28.56
27.88
27.98
23.67
22,200
Dec 17, 2025
28.75
29.14
28.17
28.25
23.90
35,300
Dec 16, 2025
27.99
28.25
27.75
28.12
23.79
12,000
Dec 15, 2025
0.168 Dividend 

Dec 15, 2025
28.61
28.70
27.82
27.88
23.59
31,400
Dec 12, 2025
28.62
29.19
28.40
28.54
24.00
49,600
Dec 11, 2025
28.13
28.41
27.90
28.20
23.72
34,600
Dec 10, 2025
28.95
28.95
27.57
27.62
23.23
52,700
Dec 9, 2025
29.24
29.30
28.68
29.16
24.53
49,000
Dec 8, 2025
0.309 Dividend 

Dec 8, 2025
30.35
30.35
28.66
29.21
24.57
88,600
Dec 5, 2025
30.24
32.24
29.88
30.68
25.54
99,100
Dec 4, 2025
31.86
31.93
31.36
31.77
26.45
29,300
Dec 3, 2025
33.18
33.18
31.51
32.09
26.72
42,800
Dec 2, 2025
34.17
34.22
33.53
34.10
28.39
11,300
Dec 1, 2025
0.188 Dividend 

Dec 1, 2025
33.02
34.10
33.02
34.10
28.39
12,300
Nov 28, 2025
33.48
33.83
33.30
33.71
27.91
8,800
Nov 26, 2025
32.96
33.44
32.96
33.15
27.45
17,700
Nov 25, 2025
33.06
33.06
32.34
32.52
26.93
40,800
Nov 24, 2025
0.304 Dividend 

Nov 24, 2025
32.44
33.77
32.22
33.43
27.68
83,800
Nov 21, 2025
32.98
33.55
32.57
32.57
26.72
213,000
Nov 20, 2025
35.30
35.30
33.25
33.27
27.29
46,800
Nov 19, 2025
36.14
36.14
34.47
34.92
28.64
31,500
Nov 18, 2025
35.01
36.93
34.67
36.51
29.95
47,400
Nov 17, 2025
0.26 Dividend 

Nov 17, 2025
35.36
35.62
34.81
35.04
28.74
23,000
Nov 14, 2025
36.97
36.97
35.55
35.72
29.09
40,300
Nov 13, 2025
37.44
37.80
37.03
37.31
30.38
52,500
Nov 12, 2025
36.71
37.70
36.38
37.45
30.49
41,400
Nov 11, 2025
35.87
36.68
35.87
36.67
29.86
25,200
Nov 10, 2025
0.31 Dividend 

Nov 10, 2025
35.69
36.33
35.69
36.06
29.36
25,900
Nov 7, 2025
35.23
35.89
35.13
35.70
28.82
35,000
Nov 6, 2025
35.31
35.70
35.08
35.47
28.63
41,800
Nov 5, 2025
34.72
35.61
34.69
35.52
28.67
37,000
Nov 4, 2025
35.48
35.72
35.09
35.34
28.53
23,900
Nov 3, 2025
0.104 Dividend 

Nov 3, 2025
36.91
36.92
34.66
35.62
28.75
79,000
Oct 31, 2025
36.03
37.00
35.91
36.50
29.38
56,700
Oct 30, 2025
35.55
35.91
35.30
35.34
28.44
52,100
Oct 29, 2025
35.75
36.04
35.60
35.68
28.72
38,900
Oct 28, 2025
35.59
36.30
35.50
35.82
28.83
49,900
Oct 27, 2025
0.292 Dividend 

Oct 27, 2025
35.77
35.82
35.28
35.50
28.57
65,700
Oct 24, 2025
36.40
36.56
35.80
35.80
28.58
92,500
Oct 23, 2025
37.06
37.06
36.14
36.53
29.16
45,500
Oct 22, 2025
37.82
38.25
36.63
36.77
29.35
112,700
Oct 21, 2025
41.82
41.82
41.37
41.72
33.31
54,600
Oct 20, 2025
0.553 Dividend 

Oct 20, 2025
40.47
41.91
40.42
41.64
33.24
54,200
Oct 17, 2025
39.91
40.74
39.91
40.69
32.04
47,900
Oct 16, 2025
40.97
41.20
39.70
39.98
31.48
26,800
Oct 15, 2025
41.21
41.37
40.85
40.85
32.17
13,200
Oct 14, 2025
0.337 Dividend 

Oct 14, 2025
41.15
41.55
40.89
41.21
32.45
15,900
Oct 13, 2025
42.00
42.17
41.62
41.74
32.60
24,000
Oct 10, 2025
42.27
42.82
41.65
41.65
32.53
30,900
Oct 9, 2025
41.60
42.50
41.60
42.32
33.06
32,400
Oct 8, 2025
40.85
41.69
40.68
41.69
32.56
38,200
Oct 7, 2025
40.19
41.03
40.19
40.74
31.82
148,600
Oct 6, 2025
0.445 Dividend 

Oct 6, 2025
39.32
39.53
38.82
39.53
30.88
129,000
Oct 3, 2025
39.71
39.88
39.16
39.56
30.55
99,400
Oct 2, 2025
40.02
40.04
38.83
40.04
30.92
62,000
Oct 1, 2025
40.53
40.62
40.10
40.37
31.18
77,900
Sep 30, 2025
41.69
41.69
40.68
41.57
32.11
23,500
Sep 29, 2025
0.551 Dividend 

Sep 29, 2025
41.64
42.52
41.01
41.81
32.29
36,600
Sep 26, 2025
42.31
42.60
42.17
42.55
32.44
22,000
Sep 25, 2025
42.08
42.72
41.88
42.47
32.38
14,300
Sep 24, 2025
42.81
42.89
41.91
42.17
32.15
24,500
Sep 23, 2025
43.15
43.15
42.48
42.90
32.71
35,400
Sep 22, 2025
0.239 Dividend 

Sep 22, 2025
43.05
43.34
42.75
43.24
32.96
29,500
Sep 19, 2025
43.00
43.60
42.64
43.56
33.03
53,000
Sep 18, 2025
43.29
43.70
42.62
42.62
32.31
28,200
Sep 17, 2025
43.15
43.79
42.75
43.55
33.02
41,700
Sep 16, 2025
42.63
42.70
42.26
42.36
32.12
29,600
Sep 15, 2025
1.134 Dividend 

Sep 15, 2025
41.94
42.66
41.31
42.49
32.21
109,500
Sep 12, 2025
44.25
44.25
42.80
43.07
31.79
204,000
Sep 11, 2025
44.65
44.65
43.30
43.70
32.26
22,900
Sep 10, 2025
45.69
46.19
45.67
45.67
33.71
7,800
Sep 9, 2025
45.77
46.40
45.66
46.27
34.16
7,900
Sep 8, 2025
0.34 Dividend 

Sep 8, 2025
45.57
45.78
45.39
45.47
33.57
8,300
Sep 5, 2025
46.62
46.62
45.67
45.76
33.53
7,900
Sep 4, 2025
44.80
46.35
44.80
46.35
33.96
6,900
Sep 3, 2025
44.52
44.98
44.42
44.97
32.95
3,800
Sep 2, 2025
0.272 Dividend 

Sep 2, 2025
43.81
44.59
43.21
44.51
32.61
6,700
Aug 29, 2025
45.26
45.27
44.32
44.57
32.46
7,200
Aug 28, 2025
45.10
45.79
45.05
45.63
33.23
7,800
Aug 27, 2025
45.35
45.35
44.88
45.30
32.99
7,800
Aug 26, 2025
45.21
45.42
44.91
45.30
32.99
7,300
Aug 25, 2025
0.376 Dividend 

Aug 25, 2025
44.34
45.67
44.34
45.06
32.82
28,500
Aug 22, 2025
44.82
45.14
44.59
44.80
32.35
18,600
Aug 21, 2025
45.29
45.29
44.56
44.88
32.41
5,700
Aug 20, 2025
45.28
45.52
44.38
45.24
32.67
12,100
Aug 19, 2025
46.50
46.50
44.37
45.24
32.67
33,800
Aug 18, 2025
0.756 Dividend 

Aug 18, 2025
46.30
46.82
46.26
46.66
33.69
12,200
Aug 15, 2025
46.88
47.36
46.69
47.15
33.50
20,400
Aug 14, 2025
46.33
47.34
46.19
46.78
33.24
20,500
Aug 13, 2025
46.75
46.75
45.51
45.58
32.39
15,600
Aug 12, 2025
46.56
46.72
45.86
46.49
33.03
11,900
Aug 11, 2025
0.577 Dividend 

Aug 11, 2025
46.07
46.41
45.80
46.25
32.86
16,500
Aug 8, 2025
45.20
46.59
45.20
46.45
32.59
14,600
Aug 7, 2025
45.31
45.41
44.50
45.03
31.60
8,400
Aug 6, 2025
43.80
44.99
43.78
44.96
31.55
8,600
Aug 5, 2025
44.61
44.63
43.56
43.59
30.59
5,700
Aug 4, 2025
0.278 Dividend 

Aug 4, 2025
44.42
44.80
44.38
44.61
31.30
7,800
Aug 1, 2025
44.49
45.01
44.26
44.42
30.98
11,400
Jul 31, 2025
45.39
45.78
44.38
44.40
30.96
12,100
Jul 30, 2025
45.07
45.60
45.07
45.54
31.76
7,300
Jul 29, 2025
45.23
45.23
44.70
44.85
31.28
19,200
Jul 28, 2025
0.414 Dividend 

Jul 28, 2025
45.48
46.21
45.00
45.15
31.48
32,400
Jul 25, 2025
45.83
46.13
45.64
45.84
31.68
35,500
Jul 24, 2025
45.82
45.95
45.09
45.85
31.68
17,300
Jul 23, 2025
46.25
46.30
45.60
45.62
31.52
12,800
Jul 22, 2025
48.07
48.07
46.32
46.32
32.01
15,900
Jul 21, 2025
0.663 Dividend 

Jul 21, 2025
47.11
48.45
46.73
48.28
33.36
27,600
Jul 18, 2025
49.48
49.51
47.53
47.89
32.64
44,500
Jul 17, 2025
50.04
51.03
49.72
51.03
34.77
13,000
Jul 16, 2025
50.26
50.50
49.87
49.87
33.98
5,200
Jul 15, 2025
50.00
50.45
49.45
50.33
34.29
5,600
Jul 14, 2025
0.394 Dividend 

Jul 14, 2025
49.55
50.81
49.55
50.35
34.31
9,000
Jul 11, 2025
50.33
50.38
49.48
50.03
33.82
13,900
Jul 10, 2025
51.92
51.92
50.28
50.33
34.03
8,700
Jul 9, 2025
51.46
52.04
51.31
52.04
35.18
5,300
Jul 8, 2025
52.00
52.00
50.85
51.41
34.76
7,900
Jul 7, 2025
0.524 Dividend 

Jul 7, 2025
52.50
52.50
51.78
52.15
35.26
8,000
Jul 3, 2025
52.61
53.26
52.60
53.03
35.50
5,600
Jul 2, 2025
53.18
53.18
52.00
52.46
35.12
3,200
Jul 1, 2025
54.98
54.98
52.99
52.99
35.47
3,900
Jun 30, 2025
0.439 Dividend 

Jun 30, 2025
54.76
55.24
54.60
55.22
36.96
6,400
Jun 27, 2025
54.08
55.15
54.08
54.84
36.42
14,500
Jun 26, 2025
52.81
54.02
52.81
54.02
35.87
3,400
Jun 25, 2025
53.64
53.64
52.49
52.49
34.86
1,900
Jun 24, 2025
52.46
52.78
52.46
52.66
34.97
1,600
Jun 23, 2025
50.00
51.47
50.00
51.47
34.18
2,300
Jun 20, 2025
50.62
50.72
50.14
50.40
33.47
3,800
Jun 18, 2025
50.31
50.36
49.94
49.94
33.16
2,400
