Date
Open
High
Low
Close 

Adj Close 

Volume
Jun 5, 2026
9.01
9.04
8.91
9.01
9.01
119,500
Jun 4, 2026
0.056 Dividend 

Jun 4, 2026
9.01
9.13
8.94
9.00
9.00
128,000
Jun 3, 2026
9.14
9.16
8.95
9.00
8.94
101,200
Jun 2, 2026
9.40
9.44
9.18
9.18
9.12
118,600
Jun 1, 2026
9.41
9.52
9.37
9.41
9.35
72,500
May 29, 2026
9.45
9.47
9.39
9.41
9.35
56,300
May 28, 2026
0.06 Dividend 

May 28, 2026
9.51
9.52
9.40
9.46
9.40
84,900
May 27, 2026
9.57
9.70
9.56
9.61
9.49
48,200
May 26, 2026
9.64
9.68
9.58
9.63
9.51
145,200
May 22, 2026
9.70
9.72
9.66
9.68
9.56
55,100
May 21, 2026
0.063 Dividend 

May 21, 2026
9.60
9.74
9.56
9.72
9.60
73,300
May 20, 2026
9.69
9.69
9.61
9.67
9.49
64,600
May 19, 2026
9.78
9.88
9.70
9.75
9.57
57,600
May 18, 2026
9.57
9.77
9.53
9.77
9.59
78,800
May 15, 2026
9.52
9.71
9.52
9.60
9.42
68,000
May 14, 2026
0.074 Dividend 

May 14, 2026
9.60
9.65
9.51
9.56
9.38
41,100
May 13, 2026
9.61
9.74
9.54
9.65
9.40
56,500
May 12, 2026
9.45
9.76
9.45
9.62
9.37
91,400
May 11, 2026
9.56
9.63
9.41
9.42
9.17
288,400
May 8, 2026
9.64
9.68
9.61
9.68
9.42
157,900
May 7, 2026
0.075 Dividend 

May 7, 2026
9.68
9.79
9.68
9.68
9.42
85,900
May 6, 2026
9.68
9.80
9.60
9.74
9.41
103,200
May 5, 2026
10.12
10.12
9.69
9.74
9.41
226,400
May 4, 2026
10.13
10.17
10.05
10.05
9.71
111,600
May 1, 2026
10.30
10.35
10.14
10.14
9.80
83,100
Apr 30, 2026
0.069 Dividend 

Apr 30, 2026
10.06
10.32
10.03
10.26
9.91
61,500
Apr 29, 2026
10.06
10.24
10.06
10.23
9.82
41,700
Apr 28, 2026
10.13
10.21
10.00
10.21
9.80
98,400
Apr 27, 2026
10.18
10.25
10.13
10.13
9.72
77,800
Apr 24, 2026
10.21
10.28
10.17
10.21
9.80
94,700
Apr 23, 2026
0.085 Dividend 

Apr 23, 2026
10.30
10.41
10.17
10.23
9.82
72,600
Apr 22, 2026
10.36
10.43
10.32
10.37
9.87
153,300
Apr 21, 2026
10.76
10.76
10.28
10.32
9.82
279,000
Apr 20, 2026
10.73
10.75
10.39
10.48
9.97
222,100
Apr 17, 2026
10.73
10.88
10.51
10.74
10.23
397,100
Apr 16, 2026
0.098 Dividend 

Apr 16, 2026
11.66
11.74
11.54
11.63
11.07
171,700
Apr 15, 2026
11.57
11.72
11.46
11.72
11.06
175,000
Apr 14, 2026
11.26
11.60
11.26
11.56
10.91
138,500
Apr 13, 2026
11.18
11.33
11.16
11.26
10.63
56,900
Apr 10, 2026
11.17
11.27
11.14
11.27
10.63
68,800
Apr 9, 2026
0.085 Dividend 

Apr 9, 2026
11.06
11.23
11.01
11.23
10.60
63,500
Apr 8, 2026
11.15
11.16
10.96
11.13
10.42
128,900
Apr 7, 2026
11.02
11.13
11.01
11.02
10.32
76,100
Apr 6, 2026
11.12
11.33
10.99
11.08
10.38
291,000
Apr 2, 2026
0.086 Dividend 

Apr 2, 2026
10.87
11.05
10.72
11.05
10.35
222,700
Apr 1, 2026
11.11
11.11
10.89
11.00
10.22
138,900
Mar 31, 2026
10.75
10.99
10.75
10.97
10.19
183,600
Mar 30, 2026
10.73
10.85
10.69
10.80
10.04
118,400
Mar 27, 2026
10.92
10.92
10.72
10.75
9.99
59,800
Mar 26, 2026
0.143 Dividend 

Mar 26, 2026
10.46
10.89
10.46
10.72
9.96
52,900
Mar 25, 2026
10.75
10.79
10.65
10.76
9.87
127,200
Mar 24, 2026
10.84
10.84
10.60
10.71
9.82
91,000
Mar 23, 2026
10.78
10.89
10.70
10.84
9.94
100,900
Mar 20, 2026
10.70
10.70
10.55
10.69
9.80
68,700
Mar 19, 2026
0.248 Dividend 

Mar 19, 2026
11.00
11.03
10.58
10.70
9.81
87,200
Mar 18, 2026
11.20
11.43
11.13
11.15
10.00
143,700
Mar 17, 2026
11.28
11.35
11.15
11.22
10.06
2,982,500
Mar 16, 2026
11.38
11.38
11.19
11.26
10.09
57,800
Mar 13, 2026
11.21
11.29
11.16
11.28
10.11
39,100
Mar 12, 2026
0.177 Dividend 

Mar 12, 2026
11.21
11.23
11.12
11.19
10.03
47,200
Mar 11, 2026
11.84
11.84
11.36
11.36
10.03
51,600
Mar 10, 2026
11.60
11.72
11.53
11.61
10.25
56,700
Mar 9, 2026
11.66
11.79
11.56
11.79
10.41
109,900
Mar 6, 2026
11.93
11.93
11.70
11.82
10.43
79,700
Mar 5, 2026
0.172 Dividend 

Mar 5, 2026
11.84
11.84
11.73
11.79
10.41
80,000
Mar 4, 2026
11.82
12.01
11.82
11.84
10.30
68,500
Mar 3, 2026
11.67
11.91
11.63
11.80
10.26
124,500
Mar 2, 2026
11.69
11.89
11.64
11.74
10.21
106,700
Feb 27, 2026
11.45
11.77
11.11
11.75
10.22
1,545,200
Feb 26, 2026
0.068 Dividend 

Feb 26, 2026
10.39
10.56
10.31
10.46
9.10
112,600
Feb 25, 2026
10.05
10.41
10.03
10.40
8.99
98,400
Feb 24, 2026
9.66
9.94
9.64
9.94
8.59
63,700
Feb 23, 2026
9.85
9.85
9.60
9.67
8.36
106,400
Feb 20, 2026
9.80
10.00
9.80
9.97
8.61
77,100
Feb 19, 2026
0.063 Dividend 

Feb 19, 2026
9.91
9.97
9.82
9.84
8.50
32,200
Feb 18, 2026
9.81
9.99
9.81
9.98
8.57
46,200
Feb 17, 2026
9.84
9.94
9.70
9.81
8.42
54,800
Feb 13, 2026
9.77
9.89
9.71
9.78
8.40
61,500
Feb 12, 2026
0.061 Dividend 

Feb 12, 2026
10.15
10.15
9.66
9.74
8.36
230,500
Feb 11, 2026
10.45
10.46
10.25
10.25
8.75
87,700
Feb 10, 2026
10.50
10.72
10.45
10.45
8.92
52,300
Feb 9, 2026
10.42
10.50
10.27
10.50
8.96
78,900
Feb 6, 2026
10.31
10.50
10.31
10.42
8.89
133,300
Feb 5, 2026
0.059 Dividend 

Feb 5, 2026
10.40
10.61
10.31
10.31
8.80
106,600
Feb 4, 2026
10.32
10.46
10.22
10.32
8.76
87,600
Feb 3, 2026
10.61
10.61
10.25
10.33
8.77
230,800
Feb 2, 2026
10.61
10.84
10.61
10.61
9.00
75,100
Jan 30, 2026
10.63
10.78
10.63
10.78
9.15
95,200
Jan 29, 2026
0.085 Dividend 

Jan 29, 2026
10.76
10.76
10.56
10.61
9.00
78,700
Jan 28, 2026
10.95
11.05
10.86
10.91
9.19
82,600
Jan 27, 2026
10.96
10.99
10.78
10.97
9.24
78,700
Jan 26, 2026
11.08
11.08
10.94
10.96
9.23
101,700
Jan 23, 2026
10.71
11.03
10.71
11.03
9.29
128,800
Jan 22, 2026
0.061 Dividend 

Jan 22, 2026
10.86
10.87
10.68
10.71
9.02
105,500
Jan 21, 2026
10.70
11.02
10.56
11.00
9.21
284,300
Jan 20, 2026
11.23
11.42
11.13
11.15
9.34
146,000
Jan 16, 2026
11.23
11.28
11.20
11.24
9.41
70,300
Jan 15, 2026
0.065 Dividend 

Jan 15, 2026
11.28
11.40
11.20
11.23
9.40
71,700
Jan 14, 2026
11.59
11.59
11.27
11.35
9.45
95,900
Jan 13, 2026
11.40
11.57
11.40
11.47
9.55
112,600
Jan 12, 2026
11.39
11.49
11.39
11.40
9.49
126,800
Jan 9, 2026
11.49
11.49
11.28
11.40
9.49
158,100
Jan 8, 2026
0.072 Dividend 

Jan 8, 2026
11.56
11.59
11.43
11.51
9.58
75,600
Jan 7, 2026
11.64
11.80
11.55
11.62
9.61
155,500
Jan 6, 2026
11.63
11.65
11.51
11.62
9.61
127,900
Jan 5, 2026
11.62
11.79
11.62
11.62
9.61
161,000
Jan 2, 2026
0.073 Dividend 

Jan 2, 2026
12.01
12.01
11.62
11.65
9.64
249,200
Dec 31, 2025
11.99
12.08
11.95
12.01
9.88
150,100
Dec 30, 2025
11.96
12.04
11.96
12.04
9.90
197,600
Dec 29, 2025
11.98
12.09
11.98
12.00
9.87
236,900
Dec 26, 2025
0.083 Dividend 

Dec 26, 2025
11.94
12.06
11.94
12.02
9.88
151,900
Dec 24, 2025
11.95
12.05
11.93
12.05
9.84
498,800
Dec 23, 2025
12.02
12.05
11.95
12.00
9.80
126,200
Dec 22, 2025
12.12
12.14
11.95
12.00
9.80
450,700
Dec 19, 2025
12.02
12.22
12.02
12.10
9.88
145,700
Dec 18, 2025
0.05 Dividend 

Dec 18, 2025
12.17
12.23
12.00
12.00
9.80
138,300
Dec 17, 2025
12.26
12.40
12.10
12.10
9.84
170,900
Dec 16, 2025
12.00
12.18
12.00
12.17
9.90
155,900
Dec 15, 2025
12.24
12.25
12.01
12.05
9.80
211,700
Dec 12, 2025
12.20
12.38
12.12
12.12
9.86
170,700
Dec 11, 2025
0.068 Dividend 

Dec 11, 2025
11.97
12.14
11.91
12.01
9.77
112,100
Dec 10, 2025
12.34
12.45
11.91
11.97
9.68
237,400
Dec 9, 2025
12.39
12.51
12.30
12.40
10.03
221,200
Dec 8, 2025
12.84
12.84
12.27
12.43
10.05
319,900
Dec 5, 2025
12.71
13.38
12.56
12.85
10.39
424,300
Dec 4, 2025
0.179 Dividend 

Dec 4, 2025
13.22
13.36
13.05
13.13
10.62
132,300
Dec 3, 2025
13.80
13.80
13.25
13.43
10.72
173,400
Dec 2, 2025
13.96
14.02
13.85
13.95
11.13
115,000
Dec 1, 2025
13.73
13.99
13.72
13.93
11.11
152,700
Nov 28, 2025
0.095 Dividend 

Nov 28, 2025
13.70
13.90
13.70
13.90
11.09
25,100
Nov 26, 2025
13.62
13.86
13.62
13.74
10.89
86,600
Nov 25, 2025
13.77
13.77
13.55
13.56
10.74
81,300
Nov 24, 2025
13.50
13.93
13.48
13.88
11.00
217,000
Nov 21, 2025
13.60
13.80
13.50
13.50
10.70
233,800
Nov 20, 2025
0.089 Dividend 

Nov 20, 2025
14.39
14.39
13.67
13.67
10.83
245,400
Nov 19, 2025
14.73
14.73
14.17
14.30
11.26
210,200
Nov 18, 2025
14.31
14.90
14.24
14.72
11.59
221,200
Nov 17, 2025
14.29
14.52
14.20
14.28
11.24
187,500
Nov 14, 2025
14.79
14.79
14.41
14.47
11.39
310,600
Nov 13, 2025
0.087 Dividend 

Nov 13, 2025
15.05
15.06
14.85
14.85
11.69
103,200
Nov 12, 2025
14.88
15.14
14.81
15.00
11.74
110,500
Nov 11, 2025
14.73
14.90
14.70
14.89
11.66
79,000
Nov 10, 2025
14.59
14.80
14.59
14.73
11.53
124,800
Nov 7, 2025
14.50
14.61
14.39
14.50
11.35
118,500
Nov 6, 2025
0.128 Dividend 

Nov 6, 2025
14.41
14.56
14.36
14.50
11.35
114,700
Nov 5, 2025
14.49
14.63
14.33
14.59
11.32
106,500
Nov 4, 2025
14.53
14.65
14.48
14.59
11.32
115,900
Nov 3, 2025
14.94
14.96
14.33
14.62
11.35
249,000
Oct 31, 2025
14.75
15.00
14.65
14.81
11.49
237,400
Oct 30, 2025
0.12 Dividend 

Oct 30, 2025
14.50
14.65
14.45
14.50
11.25
138,800
Oct 29, 2025
14.69
14.81
14.68
14.75
11.35
135,700
Oct 28, 2025
14.75
14.89
14.64
14.83
11.41
200,700
Oct 27, 2025
14.67
14.72
14.56
14.63
11.26
256,600
Oct 24, 2025
14.70
14.85
14.63
14.63
11.26
280,900
Oct 23, 2025
0.106 Dividend 

Oct 23, 2025
15.07
15.07
14.66
14.87
11.45
291,000
Oct 22, 2025
15.45
15.49
14.94
15.00
11.46
688,500
Oct 21, 2025
16.26
16.43
16.26
16.36
12.50
233,900
Oct 20, 2025
15.92
16.42
15.92
16.31
12.46
463,900
Oct 17, 2025
15.80
15.93
15.66
15.89
12.14
157,900
Oct 16, 2025
0.388 Dividend 

Oct 16, 2025
15.93
16.09
15.62
15.69
11.99
211,800
Oct 15, 2025
16.58
16.58
16.32
16.32
12.18
271,100
Oct 14, 2025
16.28
16.55
16.28
16.48
12.30
112,000
Oct 13, 2025
16.50
16.62
16.33
16.54
12.34
114,300
Oct 10, 2025
16.60
16.77
16.45
16.50
12.31
151,400
Oct 9, 2025
16.38
16.67
16.38
16.59
12.38
134,800
Oct 8, 2025
16.24
16.44
16.20
16.38
12.22
103,400
Oct 7, 2025
16.00
16.27
15.99
16.18
12.07
136,900
Oct 6, 2025
15.78
15.89
15.68
15.88
11.85
218,800
Oct 3, 2025
15.84
15.88
15.65
15.80
11.79
175,800
Oct 2, 2025
15.78
15.86
15.51
15.84
11.82
280,100
Oct 1, 2025
16.10
16.11
15.85
15.96
11.91
309,900
Sep 30, 2025
16.41
16.41
16.04
16.28
12.15
173,900
Sep 29, 2025
16.25
16.56
16.16
16.36
12.21
127,000
Sep 26, 2025
16.42
16.45
16.30
16.41
12.24
210,500
Sep 25, 2025
16.31
16.47
16.19
16.36
12.21
92,800
Sep 24, 2025
16.37
16.50
16.18
16.29
12.15
196,300
Sep 23, 2025
16.55
16.56
16.35
16.46
12.28
105,000
Sep 22, 2025
16.40
16.57
16.40
16.54
12.34
246,900
Sep 19, 2025
16.40
16.57
16.33
16.57
12.36
257,900
Sep 18, 2025
0.404 Dividend 

Sep 18, 2025
16.60
16.62
16.30
16.35
12.20
239,100
Sep 17, 2025
16.73
17.01
16.73
16.94
12.34
239,300
Sep 16, 2025
16.75
16.75
16.61
16.64
12.12
87,600
Sep 15, 2025
16.47
16.72
16.31
16.68
12.15
198,000
Sep 12, 2025
16.78
16.79
16.41
16.47
11.99
281,000
Sep 11, 2025
17.42
17.42
16.55
16.70
12.16
364,200
Sep 10, 2025
17.41
17.44
17.23
17.40
12.67
80,000
Sep 9, 2025
17.29
17.44
17.25
17.41
12.68
71,000
Sep 8, 2025
17.23
17.29
17.06
17.19
12.52
118,800
Sep 5, 2025
17.35
17.49
17.16
17.20
12.53
127,300
Sep 4, 2025
17.03
17.31
17.03
17.30
12.60
98,900
Sep 3, 2025
16.90
17.05
16.79
17.05
12.42
110,400
Sep 2, 2025
16.68
16.90
16.49
16.87
12.29
169,800
Aug 29, 2025
17.14
17.14
16.71
16.84
12.26
148,200
Aug 28, 2025
16.95
17.14
16.91
17.05
12.42
104,900
Aug 27, 2025
16.95
17.00
16.88
16.96
12.35
199,100
Aug 26, 2025
16.95
17.00
16.84
17.00
12.38
117,500
Aug 25, 2025
16.72
17.04
16.70
16.89
12.30
150,800
Aug 22, 2025
16.75
16.83
16.65
16.72
12.18
243,200
Aug 21, 2025
0.467 Dividend 

Aug 21, 2025
16.70
16.88
16.64
16.74
12.19
173,100
Aug 20, 2025
17.32
17.42
17.04
17.30
12.26
200,100
Aug 19, 2025
17.61
17.61
17.03
17.32
12.27
292,700
Aug 18, 2025
17.60
17.74
17.57
17.67
12.52
338,700
Aug 15, 2025
17.55
17.65
17.48
17.60
12.47
126,800
Aug 14, 2025
17.25
17.62
17.25
17.51
12.41
166,800
Aug 13, 2025
17.50
17.56
17.20
17.23
12.21
152,600
Aug 12, 2025
17.45
17.50
17.23
17.42
12.34
124,300
Aug 11, 2025
17.28
17.42
17.19
17.38
12.32
190,200
Aug 8, 2025
17.03
17.29
17.01
17.29
12.25
101,800
Aug 7, 2025
17.00
17.08
16.89
17.02
12.06
96,200
Aug 6, 2025
16.62
17.00
16.62
16.96
12.02
123,100
Aug 5, 2025
16.92
16.92
16.55
16.62
11.78
154,100
Aug 4, 2025
16.82
16.95
16.79
16.90
11.98
135,000
Aug 1, 2025
16.65
16.95
16.60
16.69
11.83
180,300
Jul 31, 2025
16.97
17.04
16.65
16.65
11.80
237,200
Jul 30, 2025
16.80
17.00
16.77
16.99
12.04
182,400
Jul 29, 2025
16.80
16.92
16.73
16.79
11.90
200,200
Jul 28, 2025
16.91
17.11
16.79
16.85
11.94
257,100
Jul 25, 2025
16.90
17.00
16.87
16.96
12.02
370,300
Jul 24, 2025
0.435 Dividend 

Jul 24, 2025
16.85
16.93
16.68
16.90
11.98
433,900
Jul 23, 2025
17.50
17.50
17.25
17.28
11.94
323,000
Jul 22, 2025
17.95
17.95
17.44
17.48
12.07
366,700
Jul 21, 2025
17.66
18.00
17.58
18.00
12.43
540,500
Jul 18, 2025
18.23
18.23
17.55
17.65
12.19
777,300
Jul 17, 2025
18.25
18.50
18.15
18.50
12.78
304,900
Jul 16, 2025
18.33
18.39
18.15
18.19
12.57
133,400
Jul 15, 2025
18.35
18.38
18.06
18.29
12.63
151,200
Jul 14, 2025
18.09
18.39
18.08
18.28
12.63
251,200
Jul 11, 2025
18.23
18.23
17.90
18.05
12.47
281,200
Jul 10, 2025
18.60
18.60
18.02
18.09
12.50
194,300
Jul 9, 2025
18.45
18.60
18.31
18.59
12.84
125,700
Jul 8, 2025
18.60
18.65
18.18
18.45
12.74
228,200
Jul 7, 2025
18.69
18.69
18.43
18.59
12.84
283,700
Jul 3, 2025
18.65
18.76
18.48
18.73
12.94
105,800
Jul 2, 2025
18.65
18.72
18.36
18.51
12.79
167,400
Jul 1, 2025
19.18
19.23
18.49
18.67
12.90
220,300
Jun 30, 2025
19.10
19.25
19.05
19.25
13.30
278,200
Jun 27, 2025
19.00
19.16
18.86
19.05
13.16
362,400
Jun 26, 2025
0.43 Dividend 

Jun 26, 2025
18.64
18.94
18.64
18.93
13.08
219,300
Jun 25, 2025
19.15
19.27
19.00
19.00
12.83
320,400
Jun 24, 2025
19.05
19.10
18.86
19.03
12.85
379,800
Jun 23, 2025
18.60
18.86
18.40
18.81
12.70
464,300
Jun 20, 2025
18.50
18.69
18.50
18.57
12.54
274,800
Jun 18, 2025
18.55
18.60
18.45
18.47
12.47
142,400
Jun 17, 2025
18.45
18.54
18.36
18.42
12.44
111,100
Jun 16, 2025
18.24
18.60
18.23
18.42
12.44
223,200
Jun 13, 2025
18.18
18.40
18.13
18.40
12.42
113,200
Jun 12, 2025
18.48
18.50
18.29
18.31
12.36
131,400
Jun 11, 2025
18.09
18.49
18.05
18.36
12.40
149,100
Jun 10, 2025
18.57
18.57
17.83
18.20
12.29
251,500
Jun 9, 2025
18.70
18.70
18.42
18.42
12.44
195,400
Jun 6, 2025
18.81
18.81
18.58
18.65
12.59
149,000
Jun 5, 2025
18.65
18.82
18.62
18.74
12.65
188,200
Jun 4, 2025
18.42
18.63
18.41
18.60
12.56
145,800
Jun 3, 2025
18.45
18.50
18.37
18.41
12.43
174,700
Jun 2, 2025
18.25
18.43
18.18
18.41
12.43
236,300
May 30, 2025
18.20
18.33
17.97
18.26
12.33
468,300
May 29, 2025
0.683 Dividend 

May 29, 2025
18.30
18.30
17.91
18.06
12.19
300,200
May 28, 2025
19.01
19.01
18.90
18.93
12.32
350,900
May 27, 2025
18.81
18.95
18.78
18.95
12.33
461,500
May 23, 2025
18.63
18.72
18.51
18.65
12.14
213,100
May 22, 2025
18.75
18.78
18.62
18.66
12.14
105,200
May 21, 2025
18.62
18.90
18.62
18.67
12.15
201,500
May 20, 2025
18.51
18.69
18.49
18.60
12.10
146,000
May 19, 2025
18.42
18.68
18.40
18.67
12.15
220,600
May 16, 2025
18.70
18.70
18.60
18.60
12.10
234,000
May 15, 2025
18.24
18.60
18.23
18.56
12.08
152,400
May 14, 2025
18.10
18.23
17.97
18.18
11.83
113,100
May 13, 2025
17.70
18.17
17.67
18.17
11.82
142,400
May 12, 2025
17.87
17.90
17.54
17.61
11.46
333,300
May 9, 2025
18.18
18.18
17.96
18.07
11.76
157,900
May 8, 2025
18.34
18.36
18.01
18.06
11.75
138,900
May 7, 2025
17.97
18.25
17.96
18.24
11.87
192,100
May 6, 2025
17.76
18.04
17.76
17.90
11.65
114,000
May 5, 2025
17.55
17.97
17.47
17.84
11.61
224,900
May 2, 2025
18.06
18.08
17.97
18.04
11.74
451,100
May 1, 2025
0.923 Dividend 

May 1, 2025
17.87
17.99
17.76
17.92
11.66
307,600
Apr 30, 2025
18.76
18.85
18.50
18.80
11.63
479,100
Apr 29, 2025
18.53
18.78
18.39
18.76
11.61
233,200
Apr 28, 2025
18.48
18.59
18.21
18.56
11.49
232,200
Apr 25, 2025
18.29
18.45
18.28
18.35
11.36
161,500
Apr 24, 2025
18.03
18.39
18.03
18.28
11.31
391,800
Apr 23, 2025
18.13
18.13
17.91
18.01
11.15
147,300
Apr 22, 2025
17.58
18.10
17.58
17.93
11.10
348,400
Apr 21, 2025
17.21
17.63
17.04
17.22
10.66
468,900
Apr 17, 2025
16.95
17.00
16.65
16.87
10.44
119,100
Apr 16, 2025
16.99
16.99
16.61
16.87
10.44
106,100
Apr 15, 2025
16.71
17.09
16.58
16.94
10.48
141,000
Apr 14, 2025
16.48
16.59
16.20
16.42
10.16
92,100
Apr 11, 2025
16.15
16.30
15.95
16.20
10.03
53,700
Apr 10, 2025
16.05
16.23
15.70
16.20
10.03
75,100
Apr 9, 2025
14.97
16.30
14.97
16.27
10.07
144,800
Apr 8, 2025
15.74
15.95
15.07
15.20
9.41
137,800
Apr 7, 2025
14.51
15.72
14.42
15.69
9.71
213,100
Apr 4, 2025
15.74
15.78
14.91
15.00
9.28
303,400
Apr 3, 2025
0.602 Dividend 

Apr 3, 2025
15.79
16.44
15.64
16.01
9.91
193,600
Apr 2, 2025
16.58
17.03
16.58
16.86
10.06
143,700
Apr 1, 2025
16.64
16.81
16.49
16.76
10.00
121,500
Mar 31, 2025
16.54
16.80
16.28
16.75
10.00
174,200
Mar 28, 2025
17.52
17.52
16.71
16.79
10.02
163,900
Mar 27, 2025
17.48
17.66
17.34
17.47
10.43
122,200
Mar 26, 2025
17.66
17.68
17.33
17.40
10.38
128,100
Mar 25, 2025
17.49
17.70
17.45
17.66
10.54
113,700
Mar 24, 2025
17.31
17.39
17.06
17.30
10.32
221,600
Mar 21, 2025
16.87
17.18
16.87
17.11
10.21
45,500
Mar 20, 2025
17.03
17.20
16.94
16.95
10.11
42,500
Mar 19, 2025
16.66
17.21
16.60
17.00
10.14
68,700
Mar 18, 2025
16.88
16.88
16.39
16.64
9.93
63,600
Mar 17, 2025
16.74
17.12
16.70
16.95
10.11
153,600
Mar 14, 2025
16.17
16.55
16.17
16.51
9.85
90,400
Mar 13, 2025
16.43
16.50
16.02
16.08
9.60
74,500
Mar 12, 2025
16.35
16.55
16.17
16.41
9.79
78,900
Mar 11, 2025
15.54
16.30
15.54
16.08
9.60
166,800
Mar 10, 2025
15.74
15.82
15.40
15.66
9.35
271,300
Mar 7, 2025
16.12
16.24
15.48
15.98
9.54
389,200
Mar 6, 2025
0.401 Dividend 

Mar 6, 2025
17.31
17.31
16.16
16.25
9.70
321,900
Mar 5, 2025
17.91
18.08
17.72
18.00
10.50
246,200
Mar 4, 2025
17.70
17.94
17.34
17.67
10.31
248,500
Mar 3, 2025
18.00
18.02
17.60
17.84
10.41
337,000
Feb 28, 2025
17.60
17.92
17.46
17.92
10.46
166,200
Feb 27, 2025
18.12
18.12
17.50
17.69
10.32
147,300
Feb 26, 2025
17.78
18.13
17.75
18.09
10.55
120,100
Feb 25, 2025
17.90
18.01
17.33
17.78
10.37
225,000
Feb 24, 2025
18.33
18.39
17.88
17.92
10.46
445,900
Feb 21, 2025
18.59
18.61
18.14
18.14
10.58
188,300
Feb 20, 2025
18.88
18.88
18.35
18.49
10.79
155,000
Feb 19, 2025
18.70
18.84
18.52
18.81
10.97
171,500
Feb 18, 2025
19.11
19.11
18.49
18.70
10.91
274,900
Feb 14, 2025
18.79
18.96
18.79
18.96
11.06
295,600
Feb 13, 2025
18.54
18.83
18.54
18.79
10.96
118,900
Feb 12, 2025
18.29
18.62
18.16
18.57
10.83
100,200
Feb 11, 2025
18.56
18.56
18.20
18.42
10.75
139,700
Feb 10, 2025
18.46
18.62
18.40
18.55
10.82
186,600
Feb 7, 2025
18.39
18.54
18.32
18.54
10.82
288,100
Feb 6, 2025
1.071 Dividend 

Feb 6, 2025
18.33
18.40
18.18
18.40
10.74
258,000
Feb 5, 2025
19.19
19.42
19.02
19.42
10.71
604,100
Feb 4, 2025
18.99
19.29
18.88
19.27
10.62
314,100
Feb 3, 2025
18.79
18.99
18.64
18.96
10.45
222,700
Jan 31, 2025
18.78
19.06
18.78
19.03
10.49
133,300
Jan 30, 2025
19.00
19.07
18.78
18.95
10.45
66,300
Jan 29, 2025
18.84
18.94
18.68
18.91
10.42
56,700
Jan 28, 2025
18.62
18.83
18.51
18.71
10.31
88,200
Jan 27, 2025
18.76
18.91
18.54
18.61
10.26
196,300
Jan 24, 2025
18.91
18.92
18.68
18.80
10.36
86,300
Jan 23, 2025
18.47
19.00
18.41
19.00
10.47
151,600
Jan 22, 2025
19.08
19.13
18.22
18.22
10.04
348,800
Jan 21, 2025
17.27
17.37
17.04
17.37
9.58
262,200
Jan 17, 2025
17.09
17.24
16.99
17.15
9.45
136,000
Jan 16, 2025
17.14
17.18
16.78
16.86
9.29
74,200
Jan 15, 2025
16.73
17.09
16.59
16.92
9.33
111,100
Jan 14, 2025
16.83
16.83
16.45
16.54
9.12
160,200
Jan 13, 2025
16.60
16.80
16.54
16.75
9.23
108,600
Jan 10, 2025
17.21
17.21
16.62
16.66
9.18
239,000
Jan 8, 2025
0.583 Dividend 

Jan 8, 2025
17.45
17.49
17.31
17.38
9.58
115,100
Jan 7, 2025
18.00
18.12
17.80
18.01
9.61
279,800
Jan 6, 2025
18.18
18.19
17.84
18.16
9.69
319,000
Jan 3, 2025
18.21
18.28
18.00
18.06
9.63
112,300
Jan 2, 2025
18.27
18.29
17.90
18.12
9.67
113,300
Dec 31, 2024
18.30
18.32
18.13
18.21
9.71
65,900
Dec 30, 2024
18.25
18.41
18.11
18.33
9.78
75,500
Dec 27, 2024
18.64
18.64
18.19
18.45
9.84
95,400
Dec 26, 2024
18.76
18.81
18.57
18.64
9.94
81,100
Dec 24, 2024
18.66
18.91
18.58
18.87
10.07
70,500
Dec 23, 2024
18.55
18.62
18.38
18.48
9.86
128,400
Dec 20, 2024
18.22
18.67
18.22
18.58
9.91
53,800
Dec 19, 2024
18.50
18.56
18.33
18.53
9.88
54,700
Dec 18, 2024
18.72
18.72
18.10
18.15
9.68
79,100
Dec 17, 2024
18.75
18.78
18.63
18.71
9.98
88,800
Dec 16, 2024
18.66
18.80
18.66
18.74
10.00
122,900
Dec 13, 2024
18.63
18.76
18.45
18.71
9.98
160,800
Dec 12, 2024
0.865 Dividend 

Dec 12, 2024
18.91
18.91
18.70
18.88
10.07
140,400
Dec 11, 2024
19.62
19.85
19.56
19.85
10.13
241,000
Dec 10, 2024
19.41
19.53
19.30
19.49
9.94
140,000
Dec 9, 2024
19.66
19.66
19.16
19.41
9.90
156,600
Dec 6, 2024
19.41
19.83
19.35
19.83
10.12
119,900
Dec 5, 2024
19.46
19.57
19.30
19.55
9.97
73,200
Dec 4, 2024
19.22
19.38
19.12
19.33
9.86
77,400
Dec 3, 2024
19.17
19.19
18.96
19.19
9.79
58,200
Dec 2, 2024
19.01
19.17
18.93
19.17
9.78
81,600
Nov 29, 2024
18.91
19.02
18.81
18.98
9.68
30,200
Nov 27, 2024
18.64
18.89
18.46
18.77
9.58
74,700
Nov 26, 2024
18.52
18.92
18.52
18.65
9.51
72,800
Nov 25, 2024
19.32
19.32
18.51
18.57
9.47
95,300
Nov 22, 2024
19.15
19.27
19.08
19.20
9.80
42,400
Nov 21, 2024
18.96
19.31
18.85
19.13
9.76
54,200
Nov 20, 2024
18.85
19.01
18.67
18.95
9.67
105,800
Nov 19, 2024
18.34
18.75
18.32
18.74
9.56
83,700
Nov 18, 2024
18.00
18.41
17.80
18.35
9.36
197,700
Nov 15, 2024
18.18
18.18
17.91
18.05
9.21
132,500
Nov 14, 2024
0.784 Dividend 

Nov 14, 2024
18.23
18.31
18.15
18.28
9.33
121,700
Nov 13, 2024
18.90
19.03
18.78
18.96
9.27
196,300
Nov 12, 2024
18.69
18.84
18.52
18.83
9.21
167,400
Nov 11, 2024
18.42
18.54
18.37
18.54
9.07
167,200
Nov 8, 2024
18.32
18.37
18.20
18.37
8.98
99,800
Nov 7, 2024
18.27
18.35
18.23
18.35
8.97
101,500
Nov 6, 2024
18.22
18.24
17.90
18.22
8.91
45,800
Nov 5, 2024
18.00
18.00
17.85
18.00
8.80
42,900
Nov 4, 2024
17.90
17.90
17.68
17.86
8.74
67,300
Nov 1, 2024
17.78
17.90
17.64
17.79
8.70
87,900
Oct 31, 2024
17.77
17.82
17.63
17.78
8.70
29,600
Oct 30, 2024
17.85
17.85
17.67
17.75
8.68
35,300
Oct 29, 2024
17.50
17.83
17.50
17.80
8.71
37,800
Oct 28, 2024
17.84
17.84
17.54
17.61
8.61
52,500
Oct 25, 2024
17.74
17.84
17.61
17.67
8.64
47,100
Oct 24, 2024
17.40
17.66
17.40
17.65
8.63
30,500
Oct 23, 2024
17.82
17.82
17.40
17.65
8.63
44,200
Oct 22, 2024
17.97
17.97
17.76
17.84
8.73
44,900
Oct 21, 2024
17.93
17.93
17.63
17.87
8.74
127,100
Oct 18, 2024
17.12
17.77
17.12
17.73
8.67
319,000
Oct 17, 2024
0.793 Dividend 

Oct 17, 2024
16.48
16.48
16.02
16.15
7.90
120,800
Oct 16, 2024
17.26
17.28
17.10
17.28
8.06
43,400
Oct 15, 2024
17.50
17.50
17.13
17.28
8.06
76,700
Oct 14, 2024
17.64
17.65
17.35
17.42
8.13
68,500
Oct 11, 2024
17.69
17.69
17.52
17.58
8.20
45,400
Oct 10, 2024
17.30
17.60
17.30
17.60
8.21
17,500
Oct 9, 2024
17.39
17.51
17.38
17.47
8.15
17,300
Oct 8, 2024
17.10
17.43
17.10
17.43
8.13
31,600
Oct 7, 2024
17.16
17.22
16.93
17.02
7.94
41,300
Oct 4, 2024
17.13
17.35
17.13
17.35
8.10
31,300
Oct 3, 2024
17.11
17.13
16.94
17.12
7.99
24,900
Oct 2, 2024
16.99
17.22
16.99
17.15
8.00
36,100
Oct 1, 2024
17.14
17.21
16.89
17.02
7.94
21,000
Sep 30, 2024
16.98
17.14
16.97
17.14
8.00
40,100
Sep 27, 2024
17.13
17.13
16.92
17.08
7.97
34,600
Sep 26, 2024
17.47
17.47
16.93
17.17
8.01
48,500
Sep 25, 2024
17.40
17.45
17.25
17.37
8.11
29,800
Sep 24, 2024
17.10
17.40
17.05
17.40
8.12
76,600
Sep 23, 2024
16.97
17.15
16.97
17.02
7.94
95,600
Sep 20, 2024
16.93
16.98
16.84
16.97
7.92
28,100
Sep 19, 2024
16.99
17.01
16.75
16.97
7.92
33,700
Sep 18, 2024
16.94
16.94
16.60
16.70
7.79
75,900
Sep 17, 2024
16.76
16.88
16.72
16.88
7.88
23,800
Sep 16, 2024
16.71
16.75
16.58
16.69
7.79
18,700
Sep 13, 2024
16.47
16.70
16.46
16.70
7.79
19,200
Sep 12, 2024
16.34
16.52
16.34
16.49
7.69
37,200
Sep 11, 2024
16.27
16.46
15.87
16.46
7.68
20,200
Sep 10, 2024
16.17
16.24
15.98
16.15
7.54
28,600
Sep 9, 2024
16.03
16.30
16.03
16.16
7.54
39,500
Sep 6, 2024
0.51 Dividend 

Sep 6, 2024
16.40
16.40
15.83
15.96
7.45
54,300
Sep 5, 2024
16.77
16.81
16.52
16.75
7.58
35,100
Sep 4, 2024
16.48
16.78
16.48
16.78
7.59
17,200
Sep 3, 2024
17.15
17.17
16.47
16.62
7.52
52,200
Aug 30, 2024
16.94
17.15
16.88
17.15
7.76
24,900
Aug 29, 2024
16.78
17.08
16.78
16.98
7.68
29,100
Aug 28, 2024
17.07
17.07
16.55
16.73
7.57
24,300
Aug 27, 2024
16.88
17.21
16.86
17.04
7.71
32,800
Aug 26, 2024
16.72
16.90
16.70
16.90
7.65
17,500
Aug 23, 2024
16.84
16.93
16.57
16.79
7.60
22,900
Aug 22, 2024
16.83
17.00
16.73
16.81
7.61
31,700
Aug 21, 2024
17.00
17.00
16.93
16.97
7.68
141,100
Aug 20, 2024
16.95
16.99
16.91
16.98
7.68
25,800
Aug 19, 2024
16.71
16.90
16.71
16.89
7.64
132,400
Aug 16, 2024
16.58
16.81
16.58
16.73
7.57
32,400
Aug 15, 2024
16.55
16.58
16.50
16.53
7.48
80,800
Aug 14, 2024
16.30
16.54
16.30
16.54
7.48
17,800
Aug 13, 2024
16.23
16.45
16.23
16.42
7.43
27,200
Aug 12, 2024
16.22
16.29
16.08
16.18
7.32
35,200
Aug 9, 2024
16.02
16.28
16.02
16.18
7.32
73,000
Aug 8, 2024
15.82
16.15
15.77
16.09
7.28
49,200
Aug 7, 2024
0.574 Dividend 

Aug 7, 2024
15.68
16.06
15.61
15.61
7.06
47,900
Aug 6, 2024
15.84
16.45
15.84
16.12
7.03
43,200
Aug 5, 2024
15.69
16.04
15.41
15.86
6.92
76,100
Aug 2, 2024
16.31
16.33
16.06
16.25
7.09
62,900
Aug 1, 2024
16.59
16.94
16.26
16.43
7.17
34,800
Jul 31, 2024
16.64
16.64
16.39
16.55
7.22
28,200
Jul 30, 2024
16.48
16.66
16.27
16.34
7.13
18,400
Jul 29, 2024
16.69
16.69
16.40
16.49
7.19
32,100
Jul 26, 2024
16.68
16.87
16.51
16.55
7.22
28,400
Jul 25, 2024
16.67
16.92
16.23
16.61
7.25
30,300
Jul 24, 2024
16.62
16.95
16.55
16.64
7.26
35,900
Jul 23, 2024
16.83
16.87
16.70
16.73
7.30
29,900
Jul 22, 2024
16.55
16.95
16.49
16.85
7.35
127,000
Jul 19, 2024
16.87
17.56
16.37
16.45
7.18
407,600
Jul 18, 2024
16.87
16.89
16.55
16.64
7.26
76,100
Jul 17, 2024
16.64
16.76
16.56
16.70
7.29
70,400
Jul 16, 2024
16.98
17.02
16.78
16.89
7.37
48,400
Jul 15, 2024
16.64
17.14
16.64
16.90
7.37
53,300
Jul 12, 2024
16.77
16.86
16.60
16.71
7.29
65,300
Jul 11, 2024
17.25
17.25
16.67
16.77
7.32
75,200
Jul 10, 2024
17.57
17.57
17.21
17.34
7.57
83,700
Jul 9, 2024
17.51
17.67
17.47
17.47
7.62
104,800
Jul 8, 2024
17.54
17.54
17.36
17.46
7.62
118,300
Jul 5, 2024
0.377 Dividend 

Jul 5, 2024
17.37
17.66
17.25
17.58
7.67
83,700
Jul 3, 2024
17.65
17.75
17.56
17.68
7.55
90,900
Jul 2, 2024
17.41
17.69
17.41
17.68
7.55
72,200
Jul 1, 2024
17.45
17.53
17.26
17.46
7.46
81,600
Jun 28, 2024
17.72
17.74
17.41
17.52
7.48
159,500
Jun 27, 2024
17.59
17.74
17.59
17.67
7.55
48,300
Jun 26, 2024
17.38
17.59
17.38
17.49
7.47
40,000
Jun 25, 2024
17.23
17.37
17.11
17.37
7.42
50,300
Jun 24, 2024
17.69
17.69
17.16
17.29
7.38
66,800
Jun 21, 2024
17.49
17.64
17.42
17.61
7.52
51,800
Jun 20, 2024
17.54
17.55
17.30
17.42
7.44
64,200
Jun 18, 2024
17.31
17.50
17.28
17.48
7.46
112,400
Jun 17, 2024
17.11
17.41
17.02
17.36
7.41
70,300
Jun 14, 2024
17.18
17.23
17.13
17.14
7.32
42,600
Jun 13, 2024
16.90
17.19
16.90
17.19
7.34
70,400
Jun 12, 2024
16.90
17.13
16.90
17.02
7.27
59,600
Jun 11, 2024
16.81
17.00
16.81
17.00
7.26
45,600
Jun 10, 2024
16.75
16.92
16.72
16.92
7.23
127,000
Jun 7, 2024
16.87
16.92
16.83
16.87
7.20
72,000
Jun 6, 2024
0.63 Dividend 

Jun 6, 2024
16.91
16.92
16.81
16.82
7.18
64,200
Jun 5, 2024
17.39
17.48
17.12
17.44
7.18
156,100
Jun 4, 2024
17.35
17.35
17.11
17.21
7.08
120,700
Jun 3, 2024
17.59
17.77
17.10
17.37
7.15
147,200
May 31, 2024
17.51
17.80
17.08
17.49
7.20
77,600
May 30, 2024
17.82
17.82
17.52
17.59
7.24
65,600
May 29, 2024
17.57
17.83
17.51
17.71
7.29
49,900
May 28, 2024
17.64
17.64
17.40
17.57
7.23
83,700
May 24, 2024
17.49
17.60
17.49
17.51
7.21
87,200
May 23, 2024
17.50
17.74
17.40
17.44
7.18
49,100
May 22, 2024
17.59
17.59
17.47
17.55
7.22
42,700
May 21, 2024
17.49
17.53
17.43
17.52
7.21
99,200
May 20, 2024
17.20
17.47
17.18
17.41
7.17
80,300
May 17, 2024
17.04
17.25
17.00
17.17
7.07
44,500
May 16, 2024
16.93
17.07
16.85
16.89
6.95
37,300
May 15, 2024
16.95
17.10
16.83
16.89
6.95
49,600
May 14, 2024
16.95
17.04
16.77
16.90
6.96
28,300
May 13, 2024
16.89
16.97
16.72
16.95
6.98
37,300
May 10, 2024
16.84
16.84
16.70
16.77
6.90
52,800
May 9, 2024
16.87
16.87
16.70
16.77
6.90
60,000
May 8, 2024
16.77
16.86
16.68
16.76
6.90
97,000
May 7, 2024
16.79
16.80
16.63
16.80
6.91
40,000
May 6, 2024
0.967 Dividend 

May 6, 2024
16.57
16.71
16.48
16.68
6.87
66,700
May 3, 2024
17.29
17.65
17.20
17.33
6.73
148,200
May 2, 2024
16.99
17.15
16.86
17.15
6.66
41,200
May 1, 2024
16.74
17.00
16.51
16.83
6.54
34,700
Apr 30, 2024
16.81
16.94
16.70
16.76
6.51
38,700
Apr 29, 2024
17.04
17.04
16.82
16.97
6.60
29,800
Apr 26, 2024
17.14
17.21
16.73
16.97
6.60
72,700
Apr 25, 2024
16.75
17.08
16.56
17.05
6.63
53,600
Apr 24, 2024
17.34
17.34
16.65
16.75
6.51
58,900
Apr 23, 2024
16.89
17.36
16.89
17.31
6.73
44,400
Apr 22, 2024
16.78
16.86
16.39
16.73
6.50
87,200
Apr 19, 2024
17.17
17.43
16.60
16.79
6.53
358,700
Apr 18, 2024
18.19
18.36
17.90
17.98
6.99
57,400
Apr 17, 2024
18.34
18.34
17.94
18.12
7.04
44,500
Apr 16, 2024
17.83
18.25
17.83
18.15
7.05
41,000
Apr 15, 2024
18.49
18.49
17.84
17.91
6.96
61,300
Apr 12, 2024
18.56
18.56
18.15
18.20
7.07
53,800
Apr 11, 2024
18.11
18.48
18.03
18.34
7.13
48,300
Apr 10, 2024
17.99
18.17
17.89
18.08
7.03
76,500
Apr 9, 2024
18.41
18.45
18.02
18.05
7.01
51,700
Apr 8, 2024
18.68
18.68
18.34
18.34
7.13
91,000
Apr 5, 2024
18.16
18.51
18.16
18.45
7.17
94,200
Apr 4, 2024
0.805 Dividend 

Apr 4, 2024
18.52
18.52
18.10
18.45
7.17
70,500
Apr 3, 2024
18.80
19.23
18.80
19.18
7.14
139,200
Apr 2, 2024
18.79
18.89
18.59
18.89
7.03
46,500
Apr 1, 2024
18.54
18.84
18.54
18.84
7.01
58,600
Mar 28, 2024
18.94
18.94
18.40
18.57
6.91
66,100
Mar 27, 2024
19.22
19.22
18.64
19.22
7.16
46,600
Mar 26, 2024
19.15
19.27
18.87
18.88
7.03
43,800
Mar 25, 2024
18.97
19.15
18.97
19.09
7.11
48,900
Mar 22, 2024
18.98
19.07
18.88
19.06
7.10
43,600
Mar 21, 2024
18.95
19.00
18.83
18.95
7.06
69,800
Mar 20, 2024
18.74
18.91
18.69
18.81
7.00
79,900
Mar 19, 2024
18.60
18.75
18.38
18.75
6.98
112,100
Mar 18, 2024
18.52
18.77
18.44
18.74
6.98
117,000
Mar 15, 2024
18.59
18.62
18.22
18.29
6.81
66,900
Mar 14, 2024
18.39
18.58
18.28
18.37
6.84
118,900
Mar 13, 2024
18.46
18.46
18.28
18.39
6.85
35,600
Mar 12, 2024
18.25
18.42
18.00
18.37
6.84
87,400
Mar 11, 2024
18.23
18.36
18.06
18.06
6.72
74,400
Mar 8, 2024
18.29
18.44
18.01
18.10
6.74
151,300
Mar 7, 2024
18.15
18.29
17.85
18.29
6.81
71,700
Mar 6, 2024
0.73 Dividend 

Mar 6, 2024
18.09
18.19
17.83
17.90
6.66
102,100
Mar 5, 2024
18.99
18.99
18.13
18.55
6.63
828,000
Mar 4, 2024
19.31
19.32
19.11
19.21
6.87
242,500
Mar 1, 2024
19.13
19.15
19.02
19.15
6.85
140,300
Feb 29, 2024
18.80
19.00
18.80
18.99
6.79
75,100
Feb 28, 2024
18.67
18.93
18.60
18.93
6.77
79,100
Feb 27, 2024
18.92
18.95
18.75
18.94
6.77
81,900
Feb 26, 2024
18.62
18.68
18.53
18.62
6.66
65,500
Feb 23, 2024
18.73
18.74
18.32
18.44
6.60
56,400
Feb 22, 2024
18.44
18.65
18.32
18.65
6.67
59,200
Feb 21, 2024
18.27
18.27
17.95
18.09
6.47
64,200
Feb 20, 2024
18.72
18.72
18.01
18.26
6.53
99,200
Feb 16, 2024
18.63
18.63
18.50
18.58
6.65
77,500
Feb 15, 2024
18.72
18.72
18.47
18.54
6.63
57,800
Feb 14, 2024
18.10
18.50
18.08
18.50
6.62
108,200
Feb 13, 2024
17.85
17.99
17.71
17.94
6.42
54,500
Feb 12, 2024
18.39
18.39
17.88
18.01
6.44
132,200
Feb 9, 2024
18.20
18.20
17.89
18.00
6.44
134,000
Feb 8, 2024
18.12
18.12
17.79
17.92
6.41
79,100
Feb 7, 2024
1.257 Dividend 

Feb 7, 2024
18.03
18.19
17.80
18.03
6.45
93,600
Feb 6, 2024
19.52
19.52
19.01
19.09
6.38
300,400
Feb 5, 2024
19.38
19.58
19.10
19.50
6.52
32,000
Feb 2, 2024
19.59
19.59
19.21
19.32
6.46
34,200
Feb 1, 2024
19.29
19.53
19.24
19.39
6.48
33,600
Jan 31, 2024
19.16
19.53
19.16
19.29
6.45
42,600
Jan 30, 2024
19.94
19.94
19.15
19.18
6.41
48,400
Jan 29, 2024
19.58
19.67
19.20
19.67
6.57
49,300
Jan 26, 2024
19.69
19.69
19.45
19.53
6.53
34,900
Jan 25, 2024
19.48
19.50
19.32
19.50
6.52
62,400
Jan 24, 2024
18.59
19.39
18.58
19.37
6.47
159,200
Jan 23, 2024
17.28
17.46
17.14
17.42
5.82
67,500
Jan 22, 2024
17.14
17.38
17.09
17.19
5.74
47,800
Jan 19, 2024
17.47
17.47
16.95
17.11
5.72
48,000
Jan 18, 2024
17.28
17.41
17.02
17.41
5.82
39,500
Jan 17, 2024
17.09
17.22
16.88
17.09
5.71
33,600
Jan 16, 2024
17.51
17.54
17.03
17.11
5.72
59,000
Jan 12, 2024
17.44
17.57
17.44
17.51
5.85
46,400
Jan 11, 2024
17.39
17.64
17.30
17.52
5.85
48,300
Jan 10, 2024
17.35
17.35
17.03
17.24
5.76
56,900
Jan 9, 2024
17.14
17.33
17.03
17.19
5.74
34,400
Jan 8, 2024
17.17
17.30
17.03
17.27
5.77
38,500
Jan 5, 2024
0.796 Dividend 

Jan 5, 2024
17.29
17.34
16.87
17.00
5.68
73,900
Jan 4, 2024
17.86
18.04
17.58
17.87
5.70
88,800
Jan 3, 2024
17.50
17.80
17.50
17.58
5.61
35,000
Jan 2, 2024
18.20
18.22
17.35
17.73
5.66
74,700
Dec 29, 2023
18.36
18.38
18.00
18.29
5.84
41,000
Dec 28, 2023
18.53
18.53
18.27
18.31
5.85
30,800
Dec 27, 2023
18.26
18.40
18.22
18.36
5.86
33,000
Dec 26, 2023
18.10
18.27
18.10
18.26
5.83
40,600
Dec 22, 2023
18.20
18.24
18.17
18.23
5.82
36,600
Dec 21, 2023
18.21
18.22
18.13
18.19
5.81
22,700
Dec 20, 2023
18.24
18.25
18.13
18.13
5.79
22,700
Dec 19, 2023
18.14
18.20
18.08
18.19
5.81
27,600
Dec 18, 2023
17.81
18.24
17.81
18.07
5.77
61,700
Dec 15, 2023
17.71
17.76
17.62
17.76
5.67
37,000
Dec 14, 2023
17.72
17.72
17.61
17.62
5.62
62,300
Dec 13, 2023
17.60
17.71
17.53
17.69
5.65
42,900
Dec 12, 2023
17.37
17.53
17.37
17.48
5.58
23,600
Dec 11, 2023
17.27
17.59
17.27
17.31
5.53
51,900
Dec 8, 2023
17.20
17.33
17.20
17.26
5.51
27,200
Dec 7, 2023
0.799 Dividend 

Dec 7, 2023
17.31
17.32
17.10
17.22
5.50
39,800
Dec 6, 2023
18.44
18.44
17.80
17.87
5.45
94,500
Dec 5, 2023
18.09
18.16
17.95
18.16
5.54
18,000
Dec 4, 2023
18.42
18.42
17.97
18.31
5.58
34,400
Dec 1, 2023
18.64
18.75
18.40
18.42
5.62
17,900
Nov 30, 2023
18.90
18.90
18.66
18.82
5.74
8,100
Nov 29, 2023
19.00
19.01
18.81
18.90
5.76
12,300
Nov 28, 2023
18.88
18.96
18.85
18.96
5.78
14,100
Nov 27, 2023
18.91
18.91
18.80
18.88
5.76
10,900
Nov 24, 2023
18.75
18.88
18.74
18.87
5.75
8,000
Nov 22, 2023
18.75
18.84
18.74
18.75
5.72
9,000
Nov 21, 2023
18.75
18.75
18.41
18.75
5.72
12,200
Nov 20, 2023
18.44
18.70
18.41
18.70
5.70
20,800
Nov 17, 2023
18.39
18.45
18.24
18.44
5.62
218,100
Nov 16, 2023
18.36
18.43
18.29
18.38
5.61
22,300
Nov 15, 2023
18.35
18.40
18.31
18.37
5.60
11,300
Nov 14, 2023
18.19
18.35
18.19
18.33
5.59
12,800
Nov 13, 2023
18.17
18.20
18.08
18.19
5.55
17,400
Nov 10, 2023
18.03
18.18
17.91
18.14
5.53
24,600
Nov 9, 2023
18.04
18.04
17.86
17.94
5.47
10,400
Nov 8, 2023
0.439 Dividend 

Nov 8, 2023
18.24
18.24
17.84
17.90
5.46
23,600
Nov 7, 2023
18.22
18.38
18.16
18.36
5.47
23,700
Nov 6, 2023
18.35
18.35
18.12
18.29
5.44
29,300
Nov 3, 2023
18.40
18.40
18.09
18.15
5.40
23,600
Nov 2, 2023
18.06
18.15
18.05
18.10
5.39
27,100
Nov 1, 2023
17.86
18.09
17.86
18.02
5.36
19,500
Oct 31, 2023
17.83
17.85
17.63
17.85
5.31
33,200
Oct 30, 2023
17.66
17.84
17.53
17.82
5.30
37,700
Oct 27, 2023
17.69
17.69
17.18
17.38
5.17
26,400
Oct 26, 2023
17.70
17.85
17.48
17.55
5.22
24,100
Oct 25, 2023
17.76
17.85
17.71
17.79
5.30
24,200
Oct 24, 2023
17.98
17.98
17.65
17.78
5.29
39,500
Oct 23, 2023
17.35
17.61
17.35
17.61
5.24
24,300
Oct 20, 2023
17.48
17.49
17.26
17.44
5.19
33,300
Oct 19, 2023
16.88
17.35
16.53
17.30
5.15
114,100
Oct 18, 2023
15.25
15.38
14.98
15.00
4.46
53,200
Oct 17, 2023
15.74
15.74
15.35
15.49
4.61
40,600
Oct 16, 2023
15.58
15.74
15.45
15.62
4.65
46,600
Oct 13, 2023
15.25
15.53
15.24
15.38
4.58
31,200
Oct 12, 2023
15.93
15.93
15.50
15.67
4.66
34,500
Oct 11, 2023
16.10
16.24
15.80
15.80
4.70
44,700
Oct 10, 2023
16.64
16.64
16.10
16.10
4.79
236,300
Oct 9, 2023
16.21
16.55
16.15
16.54
4.92
19,100
Oct 6, 2023
0.509 Dividend 

Oct 6, 2023
15.93
16.39
15.80
16.38
4.88
32,200
Oct 5, 2023
16.84
16.84
16.30
16.49
4.76
48,600
Oct 4, 2023
16.75
16.75
16.56
16.65
4.80
17,600
Oct 3, 2023
16.50
17.13
16.43
16.54
4.77
34,200
Oct 2, 2023
16.73
16.81
16.64
16.69
4.81
17,000
Sep 29, 2023
16.56
16.85
16.50
16.58
4.78
21,600
Sep 28, 2023
16.61
16.64
16.41
16.57
4.78
14,500
Sep 27, 2023
16.64
16.92
16.57
16.59
4.79
9,200
Sep 26, 2023
16.84
16.86
16.57
16.61
4.79
13,100
Sep 25, 2023
16.81
16.87
16.70
16.81
4.85
19,500
Sep 22, 2023
16.88
16.93
16.59
16.62
4.79
17,200
Sep 21, 2023
17.02
17.25
16.75
16.80
4.85
53,500
Sep 20, 2023
17.31
17.39
16.93
16.93
4.88
33,500
Sep 19, 2023
17.21
17.38
17.05
17.32
5.00
30,600
Sep 18, 2023
17.30
17.38
17.11
17.22
4.97
44,400
Sep 15, 2023
17.59
17.64
17.21
17.32
5.00
26,400
Sep 14, 2023
17.93
17.93
17.40
17.43
5.03
59,100
Sep 13, 2023
18.94
19.03
17.92
17.98
5.19
48,300
Sep 12, 2023
19.10
19.29
18.86
18.99
5.48
35,400
Sep 11, 2023
19.45
19.45
19.14
19.32
5.57
23,200
Sep 8, 2023
0.419 Dividend 

Sep 8, 2023
19.79
19.79
19.11
19.31
5.57
21,500
Sep 7, 2023
19.51
20.04
19.30
19.80
5.59
50,500
Sep 6, 2023
20.15
20.19
19.84
20.13
5.68
20,700
Sep 5, 2023
19.93
20.20
19.89
20.10
5.68
30,900
Sep 1, 2023
19.96
20.01
19.88
19.95
5.63
18,000
Aug 31, 2023
20.04
20.04
19.77
19.90
5.62
16,200
Aug 30, 2023
20.02
20.02
19.66
19.82
5.60
18,200
Aug 29, 2023
19.32
19.75
19.22
19.72
5.57
17,100
Aug 28, 2023
19.41
19.41
19.13
19.29
5.45
12,900
Aug 25, 2023
19.09
19.25
18.79
19.17
5.41
13,300
Aug 24, 2023
19.35
19.35
18.72
18.73
5.29
39,300
Aug 23, 2023
19.27
19.46
19.12
19.34
5.46
29,600
Aug 22, 2023
18.84
18.98
18.84
18.95
5.35
7,900
Aug 21, 2023
18.32
18.77
18.32
18.73
5.29
13,000
Aug 18, 2023
18.38
18.68
18.35
18.58
5.25
13,500
Aug 17, 2023
19.01
19.01
18.50
18.53
5.23
30,100
Aug 16, 2023
19.46
19.46
19.11
19.11
5.40
20,700
Aug 15, 2023
19.63
19.66
19.36
19.46
5.50
14,400
Aug 14, 2023
19.44
19.64
19.27
19.55
5.52
17,800
Aug 11, 2023
19.95
19.95
19.31
19.31
5.45
13,800
Aug 10, 2023
19.76
20.01
19.65
19.69
5.56
11,300
Aug 9, 2023
20.36
20.36
19.60
19.66
5.55
34,100
Aug 8, 2023
19.92
20.04
19.88
19.99
5.64
25,300
