Date
Open
High
Low
Close 

Adj Close 

Volume
Jun 5, 2026
21.78
21.82
21.51
21.69
21.69
7,700
Jun 4, 2026
22.45
22.45
22.01
22.17
22.17
4,700
Jun 3, 2026
22.27
23.94
22.27
22.77
22.77
4,600
Jun 2, 2026
23.15
23.29
22.80
22.89
22.89
18,100
Jun 1, 2026
23.75
24.02
23.75
23.92
23.92
2,700
May 29, 2026
24.50
24.64
24.34
24.51
24.51
1,800
May 28, 2026
24.85
24.85
24.55
24.64
24.64
4,900
May 27, 2026
25.70
25.70
25.41
25.41
25.41
500
May 26, 2026
26.28
26.28
25.51
25.51
25.51
7,200
May 22, 2026
25.37
25.50
25.26
25.37
25.37
5,700
May 21, 2026
26.16
26.16
25.53
25.53
25.53
6,000
May 20, 2026
25.79
25.85
25.55
25.73
25.73
5,600
May 19, 2026
25.54
25.70
25.40
25.41
25.41
21,400
May 18, 2026
25.70
25.86
25.68
25.68
25.68
25,000
May 15, 2026
26.54
26.56
26.14
26.29
26.29
29,700
May 14, 2026
27.00
27.01
26.86
26.86
26.86
23,800
May 13, 2026
26.79
26.82
26.53
26.72
26.72
3,100
May 12, 2026
26.17
27.18
26.17
26.95
26.95
4,600
May 11, 2026
27.67
27.74
27.16
27.16
27.16
19,400
May 8, 2026
27.24
27.26
27.07
27.26
27.26
10,700
May 7, 2026
26.95
27.40
26.95
27.32
27.32
1,300
May 6, 2026
27.81
27.81
27.50
27.64
27.64
2,800
May 5, 2026
27.73
27.73
27.58
27.60
27.60
900
May 4, 2026
27.50
27.63
27.26
27.63
27.63
539,800
May 1, 2026
26.27
28.90
26.27
26.98
26.98
1,900
Apr 30, 2026
26.48
26.59
26.19
26.25
26.25
13,600
Apr 29, 2026
26.20
26.25
26.11
26.11
26.11
1,100
Apr 28, 2026
25.97
26.03
25.96
25.96
25.96
1,300
Apr 27, 2026
26.32
26.41
26.12
26.13
26.13
19,600
Apr 24, 2026
25.26
26.40
25.26
26.36
26.36
401,900
Apr 23, 2026
26.07
26.25
26.03
26.10
26.10
110,200
Apr 22, 2026
26.01
26.61
26.01
26.48
26.48
14,700
Apr 21, 2026
25.51
25.51
25.40
25.40
25.40
800
Apr 20, 2026
25.56
25.56
25.31
25.47
25.47
1,500
Apr 17, 2026
26.11
26.33
26.11
26.30
26.30
1,600
Apr 16, 2026
27.18
27.18
25.71
25.84
25.84
49,600
Apr 15, 2026
25.94
25.97
25.81
25.89
25.89
3,100
Apr 14, 2026
25.36
25.88
25.36
25.85
25.85
5,800
Apr 13, 2026
26.25
26.25
25.44
25.51
25.51
3,600
Apr 10, 2026
28.79
31.42
26.30
26.37
26.37
39,300
Apr 9, 2026
27.00
27.00
26.25
26.36
26.36
217,600
Apr 8, 2026
26.29
26.39
26.29
26.33
26.33
2,700
