Date
Open
High
Low
Close 

Adj Close 

Volume
Jun 5, 2026
51.43
51.43
50.43
50.56
50.56
46,400
Jun 4, 2026
51.45
51.69
51.44
51.66
51.66
32,000
Jun 3, 2026
51.44
51.49
51.31
51.37
51.37
40,000
Jun 2, 2026
51.51
51.67
51.44
51.64
51.64
32,700
Jun 1, 2026
51.36
51.78
51.12
51.43
51.43
55,300
May 29, 2026
51.64
51.86
51.61
51.65
51.65
48,100
May 28, 2026
51.37
51.66
51.26
51.58
51.58
47,800
May 27, 2026
51.58
51.62
51.43
51.57
51.57
44,600
May 26, 2026
51.62
51.75
51.47
51.57
51.57
72,200
May 22, 2026
51.19
51.35
51.12
51.23
51.23
48,900
May 21, 2026
50.78
51.33
50.63
51.29
51.29
31,100
May 20, 2026
0.424 Dividend 

May 20, 2026
50.53
51.19
50.40
51.04
51.04
49,600
May 19, 2026
50.79
51.03
50.69
50.83
50.41
36,500
May 18, 2026
51.02
51.21
50.72
51.06
50.63
51,300
May 15, 2026
50.87
50.88
50.63
50.73
50.31
38,600
May 14, 2026
51.42
51.58
51.36
51.36
50.93
58,600
May 13, 2026
51.26
51.58
51.18
51.58
51.15
69,600
May 12, 2026
51.13
51.31
50.94
51.24
50.81
41,400
May 11, 2026
51.55
51.70
51.38
51.55
51.12
62,700
May 8, 2026
51.42
51.63
51.36
51.57
51.14
47,400
May 7, 2026
51.66
51.76
51.10
51.10
50.67
29,800
May 6, 2026
51.51
51.89
51.51
51.71
51.28
41,700
May 5, 2026
50.57
50.77
50.41
50.69
50.27
38,400
May 4, 2026
50.54
50.61
50.00
50.24
49.82
61,500
May 1, 2026
50.84
51.05
50.70
50.72
50.30
51,500
Apr 30, 2026
50.46
50.89
50.41
50.84
50.42
47,400
Apr 29, 2026
50.15
50.15
49.82
49.92
49.50
52,200
Apr 28, 2026
50.38
50.39
50.15
50.35
49.93
37,800
Apr 27, 2026
50.44
50.73
50.38
50.41
49.99
68,600
Apr 24, 2026
50.24
50.51
50.24
50.40
49.98
39,500
Apr 23, 2026
50.53
50.60
49.81
50.31
49.89
50,200
Apr 22, 2026
0.428 Dividend 

Apr 22, 2026
50.71
50.71
50.44
50.59
50.17
38,700
Apr 21, 2026
51.47
51.47
50.74
50.86
50.01
54,800
Apr 20, 2026
51.56
51.61
51.26
51.61
50.75
50,500
Apr 17, 2026
51.70
52.02
51.51
51.66
50.80
65,000
Apr 16, 2026
51.31
51.47
51.12
51.18
50.33
81,300
Apr 15, 2026
51.38
51.38
51.20
51.33
50.47
50,000
Apr 14, 2026
51.23
51.48
51.23
51.32
50.46
62,200
Apr 13, 2026
50.64
51.15
50.56
51.14
50.29
61,300
Apr 10, 2026
51.02
51.10
50.75
50.83
49.99
39,300
Apr 9, 2026
50.56
50.95
50.41
50.82
49.97
46,900
Apr 8, 2026
50.83
51.00
50.60
50.89
50.04
56,500
Apr 7, 2026
49.15
49.35
48.76
49.35
48.53
41,500
Apr 6, 2026
49.22
49.56
49.22
49.42
48.60
44,300
Apr 2, 2026
48.55
49.30
48.50
49.20
48.38
36,000
Apr 1, 2026
49.20
49.70
49.17
49.53
48.70
58,100
Mar 31, 2026
47.92
48.81
47.81
48.76
47.95
51,200
Mar 30, 2026
47.55
47.70
47.08
47.26
46.47
46,300
Mar 27, 2026
47.45
47.66
47.06
47.21
46.42
57,400
Mar 26, 2026
48.08
48.32
47.63
47.66
46.86
59,600
Mar 25, 2026
48.81
48.82
48.37
48.65
47.84
30,900
Mar 24, 2026
47.61
48.18
47.49
47.93
47.13
52,600
Mar 23, 2026
48.01
48.74
47.79
48.22
47.42
95,300
Mar 20, 2026
48.39
48.41
46.85
47.10
46.31
106,600
Mar 19, 2026
47.91
48.76
47.72
48.51
47.70
86,500
Mar 18, 2026
0.412 Dividend 

Mar 18, 2026
49.33
49.33
48.63
48.66
47.85
50,900
Mar 17, 2026
50.04
50.10
49.77
49.89
48.65
36,700
Mar 16, 2026
49.32
49.75
49.32
49.64
48.41
88,200
Mar 13, 2026
49.44
49.72
48.73
48.75
47.54
124,800
Mar 12, 2026
49.69
49.74
49.22
49.37
48.15
60,100
Mar 11, 2026
50.05
50.33
49.84
50.13
48.89
60,000
Mar 10, 2026
50.59
51.09
50.25
50.35
49.10
126,200
Mar 9, 2026
49.05
50.31
48.73
50.13
48.89
148,300
Mar 6, 2026
49.50
50.08
49.34
49.78
48.55
95,100
Mar 5, 2026
50.66
50.86
49.85
50.28
49.03
126,800
Mar 4, 2026
50.91
51.40
50.81
51.32
50.05
78,700
Mar 3, 2026
50.48
50.88
49.60
50.69
49.43
303,800
Mar 2, 2026
52.29
52.41
52.02
52.25
50.95
231,400
Feb 27, 2026
53.30
53.31
53.06
53.18
51.86
179,300
Feb 26, 2026
53.20
53.27
52.98
53.17
51.85
112,400
Feb 25, 2026
53.05
53.29
52.98
53.29
51.97
93,000
Feb 24, 2026
52.80
52.95
52.66
52.91
51.60
114,600
Feb 23, 2026
53.00
53.03
52.64
52.88
51.57
167,900
Feb 20, 2026
52.60
52.96
52.59
52.91
51.60
127,600
Feb 19, 2026
52.52
52.68
52.42
52.67
51.36
72,500
Feb 18, 2026
0.44 Dividend 

Feb 18, 2026
52.80
53.00
52.62
53.00
51.69
121,600
Feb 17, 2026
53.48
53.50
52.70
53.32
51.57
167,300
Feb 13, 2026
52.95
53.22
52.81
53.16
51.41
141,700
Feb 12, 2026
53.45
53.45
52.94
53.10
51.36
129,500
Feb 11, 2026
53.37
53.43
53.07
53.35
51.60
163,700
Feb 10, 2026
53.33
53.33
53.12
53.18
51.43
146,700
Feb 9, 2026
52.78
53.17
52.73
53.05
51.31
157,400
Feb 6, 2026
52.21
52.56
52.13
52.55
50.82
89,900
Feb 5, 2026
51.93
52.13
51.67
51.77
50.07
163,000
Feb 4, 2026
52.60
52.60
52.10
52.32
50.60
115,400
Feb 3, 2026
52.48
52.48
51.85
52.23
50.51
153,900
Feb 2, 2026
52.00
52.50
51.91
52.17
50.46
269,600
Jan 30, 2026
52.08
52.15
51.76
51.89
50.19
53,200
Jan 29, 2026
52.32
52.32
51.83
52.17
50.46
52,300
Jan 28, 2026
52.09
52.09
51.78
51.98
50.27
135,400
Jan 27, 2026
52.14
52.30
52.08
52.28
50.56
106,100
Jan 26, 2026
51.96
51.99
51.76
51.81
50.11
113,700
Jan 23, 2026
51.52
51.73
51.39
51.72
50.02
65,000
Jan 22, 2026
51.56
51.62
51.43
51.56
49.87
45,600
Jan 21, 2026
0.572 Dividend 

Jan 21, 2026
51.07
51.40
50.92
51.37
49.68
93,300
Jan 20, 2026
51.70
51.71
51.41
51.55
49.30
83,300
Jan 16, 2026
52.09
52.09
51.91
52.05
49.78
61,000
Jan 15, 2026
52.03
52.03
51.91
51.99
49.73
64,700
Jan 14, 2026
51.90
51.93
51.76
51.93
49.67
72,100
Jan 13, 2026
51.98
51.98
51.68
51.76
49.50
59,300
Jan 12, 2026
51.98
52.02
51.91
52.02
49.75
86,200
Jan 9, 2026
51.77
51.89
51.57
51.89
49.63
117,900
Jan 8, 2026
51.38
51.52
51.32
51.52
49.27
51,800
Jan 7, 2026
51.46
51.59
51.41
51.51
49.26
78,100
Jan 6, 2026
51.60
51.65
51.46
51.65
49.40
65,900
Jan 5, 2026
51.23
51.60
51.08
51.60
49.35
77,500
Jan 2, 2026
51.08
51.15
50.87
51.15
48.92
60,800
Dec 31, 2025
50.80
50.82
50.65
50.75
48.54
48,300
Dec 30, 2025
50.96
50.96
50.80
50.82
48.60
45,000
Dec 29, 2025
50.85
50.85
50.71
50.79
48.58
54,100
Dec 26, 2025
50.88
50.89
50.81
50.87
48.65
44,600
Dec 24, 2025
0.561 Dividend 

Dec 24, 2025
50.89
50.92
50.73
50.87
48.65
30,300
Dec 23, 2025
51.29
51.35
51.13
51.33
48.56
29,200
Dec 22, 2025
50.91
51.11
50.80
51.09
48.33
48,800
Dec 19, 2025
50.90
51.10
50.90
50.93
48.17
47,500
Dec 18, 2025
50.79
50.86
50.50
50.67
47.93
38,000
Dec 17, 2025
50.68
50.72
50.40
50.45
47.72
47,500
Dec 16, 2025
50.67
50.74
50.50
50.58
47.85
63,400
Dec 15, 2025
50.89
50.97
50.71
50.76
48.02
94,500
Dec 12, 2025
50.86
50.92
50.50
50.64
47.90
23,700
Dec 11, 2025
50.71
50.85
50.56
50.73
47.99
18,500
Dec 10, 2025
50.31
50.65
50.14
50.54
47.81
17,500
Dec 9, 2025
50.17
50.31
50.09
50.11
47.40
19,000
Dec 8, 2025
50.30
50.33
50.15
50.15
47.44
20,100
Dec 5, 2025
50.50
50.50
50.31
50.35
47.62
34,200
Dec 4, 2025
50.42
50.46
50.22
50.24
47.53
24,200
Dec 3, 2025
50.05
50.26
50.02
50.19
47.48
27,500
Dec 2, 2025
49.95
50.04
49.83
50.02
47.32
17,300
Dec 1, 2025
50.01
50.07
49.89
49.97
47.26
31,900
Nov 28, 2025
49.93
50.14
49.93
50.14
47.43
8,100
Nov 26, 2025
0.404 Dividend 

Nov 26, 2025
49.50
49.98
49.50
49.90
47.20
20,800
Nov 25, 2025
49.49
49.87
49.44
49.86
46.78
15,300
Nov 24, 2025
49.16
49.34
49.10
49.31
46.27
19,500
Nov 21, 2025
48.92
49.22
48.78
49.20
46.16
8,800
Nov 20, 2025
49.41
49.41
48.50
48.50
45.51
19,900
Nov 19, 2025
49.45
49.45
48.92
49.21
46.17
17,200
Nov 18, 2025
49.19
49.33
49.00
49.20
46.16
12,800
Nov 17, 2025
50.04
50.11
49.50
49.74
46.67
21,200
Nov 14, 2025
50.08
50.40
50.08
50.20
47.10
8,800
Nov 13, 2025
50.55
50.56
50.20
50.20
47.10
7,600
Nov 12, 2025
50.59
50.66
50.57
50.62
47.49
9,000
Nov 11, 2025
50.21
50.49
50.21
50.46
47.35
12,100
Nov 10, 2025
49.95
50.24
49.89
50.15
47.06
12,700
Nov 7, 2025
49.50
49.81
49.42
49.75
46.68
17,800
Nov 6, 2025
49.84
49.84
49.54
49.61
46.55
11,500
Nov 5, 2025
49.63
49.88
49.60
49.79
46.72
18,600
Nov 4, 2025
49.50
49.74
49.50
49.53
46.48
10,100
Nov 3, 2025
49.83
49.98
49.76
49.92
46.84
16,100
Oct 31, 2025
49.94
51.94
49.79
51.94
48.74
32,600
Oct 30, 2025
49.92
50.15
49.87
49.93
46.85
41,500
Oct 29, 2025
50.22
50.28
49.90
50.11
47.02
36,500
Oct 28, 2025
50.37
50.37
50.17
50.26
47.16
13,300
Oct 27, 2025
50.17
50.37
50.17
50.37
47.26
26,700
Oct 24, 2025
50.21
50.25
50.01
50.17
47.07
15,600
Oct 23, 2025
49.77
50.09
49.77
50.09
47.00
12,000
Oct 22, 2025
0.403 Dividend 

Oct 22, 2025
49.80
49.90
49.65
49.74
46.68
8,900
Oct 21, 2025
50.34
50.35
50.14
50.19
46.72
12,600
Oct 20, 2025
50.36
50.46
50.17
50.37
46.88
17,900
Oct 17, 2025
50.33
50.33
49.82
50.13
46.66
7,200
Oct 16, 2025
50.00
50.07
49.86
49.96
46.50
12,600
Oct 15, 2025
49.78
49.94
49.66
49.81
46.36
12,700
Oct 14, 2025
49.36
49.80
49.35
49.67
46.23
8,400
Oct 13, 2025
49.41
49.62
49.37
49.62
46.18
8,000
Oct 10, 2025
49.90
49.90
49.09
49.26
45.85
34,200
Oct 9, 2025
50.20
50.20
49.86
49.92
46.46
22,200
Oct 8, 2025
50.27
50.27
50.11
50.18
46.70
8,900
Oct 7, 2025
50.28
50.28
50.08
50.10
46.63
18,000
Oct 6, 2025
50.47
50.49
50.33
50.35
46.87
14,700
Oct 3, 2025
50.37
50.42
50.31
50.35
46.86
65,200
Oct 2, 2025
50.21
50.21
49.91
50.04
46.58
28,600
Oct 1, 2025
49.81
50.07
49.81
50.04
46.58
22,600
Sep 30, 2025
49.60
49.81
49.58
49.81
46.36
13,100
Sep 29, 2025
49.59
49.63
49.51
49.59
46.16
14,800
Sep 26, 2025
49.33
49.43
49.19
49.41
45.99
23,300
Sep 25, 2025
49.13
49.13
48.87
49.03
45.64
15,600
Sep 24, 2025
0.38 Dividend 

Sep 24, 2025
49.48
49.50
49.30
49.37
45.95
18,600
Sep 23, 2025
50.19
50.22
49.97
50.01
46.19
21,900
Sep 22, 2025
49.95
50.09
49.83
50.06
46.24
29,600
Sep 19, 2025
50.10
50.10
49.76
49.92
46.11
20,500
Sep 18, 2025
50.45
50.45
49.85
50.07
46.25
43,800
Sep 17, 2025
50.07
50.13
49.89
49.89
46.08
29,300
