Date
Open
High
Low
Close 

Adj Close 

Volume
May 26, 2026
52.06
52.20
51.91
51.91
51.91
1,792
May 22, 2026
51.35
51.35
51.30
51.30
51.30
1,100
May 21, 2026
50.86
50.86
50.86
50.86
50.86
100
May 20, 2026
51.26
51.26
50.90
51.01
51.01
1,400
May 19, 2026
50.96
51.26
50.95
51.19
51.19
1,000
May 18, 2026
49.99
50.69
49.99
50.69
50.69
1,200
May 15, 2026
49.63
49.70
49.63
49.65
49.65
1,300
May 14, 2026
49.36
49.36
49.36
49.36
49.36
100
May 13, 2026
49.36
49.36
49.36
49.36
49.36
200
May 12, 2026
49.15
49.33
49.08
49.33
49.33
600
May 11, 2026
49.47
49.47
49.29
49.34
49.34
1,000
May 8, 2026
49.08
49.08
49.08
49.08
49.08
200
May 7, 2026
47.79
48.44
47.79
48.35
48.35
600
May 6, 2026
48.10
48.10
47.87
47.87
47.87
300
May 5, 2026
48.81
48.81
48.75
48.75
48.75
400
May 4, 2026
48.20
48.56
48.20
48.55
48.55
1,800
May 1, 2026
47.65
47.72
47.60
47.72
47.72
1,900
Apr 30, 2026
47.58
47.58
47.58
47.58
47.58
200
Apr 29, 2026
0.208 Dividend 

Apr 29, 2026
47.89
48.18
47.89
48.18
48.18
500
Apr 28, 2026
47.27
47.27
47.27
47.27
47.06
100
Apr 27, 2026
47.22
47.22
47.22
47.22
47.02
100
Apr 24, 2026
47.15
47.15
47.15
47.15
46.94
100
Apr 23, 2026
46.22
46.22
46.22
46.22
46.01
200
Apr 22, 2026
47.50
47.50
47.50
47.50
47.29
200
Apr 21, 2026
47.03
47.11
47.03
47.11
46.91
200
Apr 20, 2026
46.55
46.67
46.55
46.67
46.47
300
Apr 17, 2026
46.49
46.49
46.49
46.49
46.28
300
Apr 16, 2026
46.69
46.69
46.69
46.69
46.48
100
Apr 15, 2026
45.97
46.42
45.97
46.42
46.21
300
Apr 14, 2026
45.60
45.74
45.60
45.67
45.47
400
Apr 13, 2026
44.35
45.22
44.35
45.22
45.02
400
Apr 10, 2026
44.58
44.65
44.08
44.21
44.01
900
Apr 9, 2026
44.70
44.82
44.70
44.82
44.63
300
Apr 8, 2026
45.33
45.33
45.33
45.33
45.13
100
Apr 7, 2026
45.60
45.71
45.60
45.71
45.51
300
Apr 6, 2026
45.76
45.84
45.76
45.84
45.64
200
Apr 2, 2026
45.69
45.69
45.69
45.69
45.49
100
Apr 1, 2026
45.59
45.59
45.59
45.59
45.39
100
Mar 31, 2026
45.54
45.54
45.54
45.54
45.34
100
Mar 30, 2026
45.00
45.12
44.82
45.12
44.92
700
Mar 27, 2026
45.51
45.51
44.53
44.53
44.33
900
Mar 26, 2026
45.34
46.16
45.34
45.74
45.54
1,500
Mar 25, 2026
0.21 Dividend 

Mar 25, 2026
46.55
46.55
45.63
45.63
45.43
600
Mar 24, 2026
46.31
46.31
46.21
46.29
45.88
2,200
Mar 23, 2026
48.26
48.26
47.68
47.79
47.37
1,300
Mar 20, 2026
47.49
47.69
47.43
47.69
47.26
1,500
Mar 19, 2026
47.18
48.00
47.18
47.70
47.27
1,600
Mar 18, 2026
47.99
48.08
47.54
47.54
47.12
1,800
Mar 17, 2026
48.21
48.21
47.97
47.97
47.54
600
Mar 16, 2026
46.87
47.25
46.28
47.05
46.63
1,400
Mar 13, 2026
46.75
46.75
46.46
46.46
46.04
300
Mar 12, 2026
46.99
47.03
46.28
46.28
45.87
900
Mar 11, 2026
47.75
47.94
47.33
47.33
46.91
1,000
Mar 10, 2026
48.53
48.53
47.50
47.59
47.17
1,300
Mar 9, 2026
48.13
48.67
48.03
48.67
48.23
700
Mar 6, 2026
48.01
48.74
47.94
48.74
48.30
700
Mar 5, 2026
48.49
48.79
48.32
48.79
48.35
2,700
Mar 4, 2026
48.02
48.14
47.95
47.95
47.52
800
Mar 3, 2026
46.14
47.28
46.14
47.28
46.86
1,300
Mar 2, 2026
46.58
46.95
46.58
46.95
46.53
700
Feb 27, 2026
46.64
46.91
46.39
46.91
46.49
1,100
Feb 26, 2026
47.09
47.40
47.06
47.40
46.98
1,000
Feb 25, 2026
0.198 Dividend 

Feb 25, 2026
45.42
46.64
45.40
46.47
46.06
1,800
Feb 24, 2026
45.27
45.71
45.03
45.58
44.98
7,000
Feb 23, 2026
46.03
46.03
44.96
44.99
44.40
5,000
Feb 20, 2026
46.09
46.36
46.09
46.19
45.58
1,500
Feb 19, 2026
46.39
46.39
46.23
46.23
45.62
700
Feb 18, 2026
45.69
46.58
45.60
46.58
45.96
1,500
Feb 17, 2026
45.93
46.02
45.44
45.72
45.11
2,200
Feb 13, 2026
45.52
45.58
45.24
45.57
44.97
2,000
Feb 12, 2026
45.47
45.65
44.75
45.23
44.63
3,300
Feb 11, 2026
45.64
45.64
44.85
45.06
44.46
9,800
Feb 10, 2026
45.58
46.13
45.58
45.67
45.07
5,800
Feb 9, 2026
46.15
46.15
45.65
45.65
45.05
3,700
Feb 6, 2026
46.26
46.62
46.24
46.44
45.83
2,200
Feb 5, 2026
46.94
47.14
46.49
46.49
45.88
2,400
Feb 4, 2026
47.11
47.11
46.88
46.94
46.32
2,500
Feb 3, 2026
47.90
47.91
47.10
47.21
46.58
2,300
Feb 2, 2026
48.53
48.91
48.53
48.60
47.95
2,500
Jan 30, 2026
48.78
48.78
48.66
48.72
48.07
1,400
Jan 29, 2026
48.42
48.42
48.06
48.15
47.52
2,900
Jan 28, 2026
0.22 Dividend 

Jan 28, 2026
49.05
49.19
48.95
48.97
48.32
8,700
Jan 27, 2026
49.70
49.70
48.90
49.17
48.31
4,200
Jan 26, 2026
49.63
49.94
49.43
49.90
49.02
4,600
Jan 23, 2026
49.49
49.64
49.39
49.50
48.62
5,100
Jan 22, 2026
49.12
49.59
49.10
49.59
48.72
3,800
Jan 21, 2026
48.70
49.20
48.70
48.95
48.09
4,300
Jan 20, 2026
48.80
48.83
48.47
48.51
47.65
3,400
Jan 16, 2026
48.88
49.02
48.85
48.92
48.06
2,000
Jan 15, 2026
49.30
49.32
49.13
49.13
48.26
1,700
Jan 14, 2026
49.68
49.68
48.92
49.29
48.42
9,300
Jan 13, 2026
50.75
50.75
49.66
49.66
48.78
12,000
Jan 12, 2026
50.74
51.02
50.74
50.94
50.04
3,500
Jan 9, 2026
51.42
51.42
51.08
51.08
50.18
6,500
Jan 8, 2026
52.03
52.03
51.40
51.62
50.71
10,600
Jan 7, 2026
51.77
52.22
51.77
51.99
51.07
12,800
Jan 6, 2026
51.38
51.78
51.38
51.78
50.86
4,000
Jan 5, 2026
50.73
51.22
50.66
51.08
50.18
11,700
Jan 2, 2026
51.21
51.21
50.60
50.82
49.92
13,600
Dec 31, 2025
51.58
51.60
51.22
51.22
50.32
4,600
Dec 30, 2025
51.50
51.69
51.50
51.62
50.70
10,600
Dec 29, 2025
51.48
51.66
51.41
51.64
50.73
7,800
Dec 26, 2025
51.58
51.70
51.50
51.68
50.77
19,400
Dec 24, 2025
0.237 Dividend 

Dec 24, 2025
51.39
51.57
51.32
51.53
50.62
6,000
Dec 23, 2025
51.62
51.66
51.47
51.62
50.47
22,800
Dec 22, 2025
51.43
51.66
51.42
51.64
50.50
16,300
Dec 19, 2025
51.09
51.38
51.01
51.10
49.97
17,400
Dec 18, 2025
50.96
51.11
50.88
50.99
49.86
10,400
Dec 17, 2025
50.70
50.97
50.61
50.73
49.61
11,100
Dec 16, 2025
50.81
50.85
50.39
50.60
49.48
7,600
Dec 15, 2025
51.62
51.62
50.74
50.87
49.74
28,200
Dec 12, 2025
50.96
51.07
50.76
50.81
49.68
16,500
Dec 11, 2025
50.77
51.14
50.77
50.85
49.73
14,500
Dec 10, 2025
50.20
50.66
49.87
50.50
49.39
13,800
