Date
Open
High
Low
Close 

Adj Close 

Volume
Jun 5, 2026
43.00
43.00
39.66
39.66
39.66
8,000
Jun 4, 2026
43.57
43.67
42.81
43.55
43.55
8,300
Jun 3, 2026
45.05
45.12
43.31
43.51
43.51
5,900
Jun 2, 2026
0.102 Dividend 

Jun 2, 2026
44.05
46.46
44.03
46.20
46.20
4,500
Jun 1, 2026
44.16
44.60
43.55
44.04
43.94
7,200
May 29, 2026
43.92
44.72
43.61
44.72
44.62
3,800
May 28, 2026
43.33
44.92
43.33
44.28
44.18
4,200
May 27, 2026
0.1 Dividend 

May 27, 2026
45.13
45.13
43.02
44.11
44.01
7,900
May 26, 2026
44.67
45.67
44.56
45.03
44.83
5,200
May 22, 2026
44.30
44.30
43.22
43.22
43.02
5,000
May 21, 2026
42.50
43.25
41.77
42.94
42.75
2,200
May 20, 2026
41.11
42.40
41.11
42.01
41.82
5,200
May 19, 2026
0.105 Dividend 

May 19, 2026
40.99
41.05
40.29
40.71
40.53
4,000
May 18, 2026
44.11
44.11
41.35
41.82
41.53
7,800
May 15, 2026
44.84
44.84
42.94
43.24
42.94
5,500
May 14, 2026
46.58
46.58
44.92
45.94
45.62
7,600
May 13, 2026
47.03
47.03
45.97
46.13
45.81
7,900
May 12, 2026
0.111 Dividend 

May 12, 2026
48.92
48.92
46.35
47.15
46.82
8,500
May 11, 2026
50.11
50.22
47.64
49.47
49.01
11,300
May 8, 2026
49.37
49.37
46.52
47.64
47.20
14,000
May 7, 2026
50.80
50.80
48.05
48.67
48.22
33,400
May 6, 2026
48.23
50.76
47.83
50.33
49.86
3,900
May 5, 2026
0.112 Dividend 

May 5, 2026
48.68
48.68
47.33
47.33
46.89
2,300
May 4, 2026
47.71
48.42
47.26
47.79
47.24
2,300
May 1, 2026
48.52
48.54
48.00
48.11
47.55
4,000
Apr 30, 2026
45.01
48.52
45.01
48.52
47.96
2,800
Apr 29, 2026
47.45
47.45
45.33
45.33
44.81
3,100
Apr 28, 2026
0.113 Dividend 

Apr 28, 2026
47.62
47.62
47.22
47.22
46.67
1,500
Apr 27, 2026
48.12
49.13
47.93
49.13
48.45
2,800
Apr 24, 2026
48.30
48.79
48.02
48.02
47.35
2,900
Apr 23, 2026
50.78
50.84
48.85
48.85
48.17
4,500
Apr 22, 2026
48.08
49.10
47.25
49.10
48.42
1,900
Apr 21, 2026
0.109 Dividend 

Apr 21, 2026
47.03
47.90
45.72
45.73
45.10
2,500
Apr 20, 2026
48.05
48.25
47.45
47.84
47.07
2,300
Apr 17, 2026
48.37
48.68
47.66
47.81
47.04
2,200
Apr 16, 2026
47.05
47.05
47.05
47.05
46.29
500
Apr 15, 2026
46.10
46.59
46.10
46.59
45.84
800
Apr 14, 2026
0.1 Dividend 

Apr 14, 2026
46.12
46.12
45.01
45.43
44.70
2,800
Apr 13, 2026
43.90
44.74
43.90
44.74
43.92
1,100
Apr 10, 2026
43.77
44.76
43.63
43.63
42.83
3,700
Apr 9, 2026
44.04
44.04
43.33
43.33
42.54
800
Apr 8, 2026
44.25
44.25
44.00
44.00
43.19
1,300
Apr 7, 2026
0.1 Dividend 

Apr 7, 2026
41.86
41.91
41.40
41.72
40.96
2,600
Apr 6, 2026
43.40
43.40
42.70
42.84
41.96
1,500
Apr 2, 2026
42.10
43.39
42.10
43.39
42.50
1,800
Apr 1, 2026
44.38
44.38
43.05
43.05
42.16
1,400
Mar 31, 2026
0.098 Dividend 

Mar 31, 2026
41.28
43.05
41.28
42.91
42.03
3,000
Mar 30, 2026
42.00
42.64
40.79
40.79
39.85
4,500
Mar 27, 2026
42.27
42.53
42.08
42.08
41.11
1,000
Mar 26, 2026
43.12
43.12
42.34
42.34
41.37
1,800
Mar 25, 2026
43.64
43.96
43.64
43.96
42.95
600
Mar 24, 2026
0.307 Dividend 

Mar 24, 2026
42.46
43.26
42.46
43.26
42.27
800
Mar 23, 2026
43.75
44.07
42.68
43.02
41.73
2,700
Mar 20, 2026
44.40
44.40
41.37
41.56
40.32
2,700
Mar 19, 2026
43.67
44.15
42.80
44.15
42.83
2,100
Mar 18, 2026
45.00
45.00
45.00
45.00
43.65
1,200
Mar 17, 2026
0.315 Dividend 

Mar 17, 2026
47.04
47.07
45.78
46.17
44.79
900
Mar 16, 2026
45.87
46.68
45.61
46.09
44.41
5,200
Mar 13, 2026
45.87
45.87
45.36
45.36
43.70
400
Mar 12, 2026
46.51
46.51
46.51
46.51
44.81
200
Mar 11, 2026
47.25
47.25
46.90
46.90
45.19
400
Mar 10, 2026
48.38
48.51
47.42
47.42
45.69
2,600
Mar 9, 2026
44.79
46.43
44.79
46.43
44.73
1,700
Mar 6, 2026
45.99
45.99
45.09
45.40
43.74
2,100
Mar 5, 2026
49.00
49.00
45.62
46.58
44.88
6,800
Mar 4, 2026
47.50
48.74
47.50
48.46
46.69
2,300
Mar 3, 2026
47.61
48.02
46.70
47.62
45.88
68,200
