Date
Open
High
Low
Close 

Adj Close 

Volume

May 22, 2026
42.45
42.45
40.89
40.98
40.98
120,500
May 21, 2026
42.67
43.46
41.54
41.96
41.96
88,000
May 20, 2026
42.91
43.42
42.32
42.88
42.88
71,400
May 19, 2026
41.92
43.00
41.58
42.15
42.15
79,800
May 18, 2026
0.452 Dividend 

May 18, 2026
44.46
44.46
41.70
42.55
42.55
123,500
May 15, 2026
44.73
45.12
43.67
43.67
43.22
192,300
May 14, 2026
44.91
46.34
44.75
46.21
45.73
125,100
May 13, 2026
43.80
44.31
43.00
43.97
43.51
77,000
May 12, 2026
42.26
43.33
41.49
42.80
42.36
93,600
May 11, 2026
0.209 Dividend 

May 11, 2026
41.22
43.07
41.22
42.34
41.90
120,900
May 8, 2026
41.27
42.21
41.14
41.59
40.95
75,100
May 7, 2026
40.13
41.38
39.77
40.91
40.28
128,800
May 6, 2026
38.12
40.11
38.03
40.11
39.50
111,400
May 5, 2026
38.12
38.18
37.34
37.34
36.77
121,500
May 4, 2026
0.38 Dividend 

May 4, 2026
38.00
38.60
37.03
37.85
37.27
81,600
May 1, 2026
38.98
39.30
37.91
38.29
37.33
122,900
Apr 30, 2026
41.02
41.02
38.40
38.53
37.56
105,900
Apr 29, 2026
41.67
41.67
40.37
40.78
39.76
72,100
Apr 28, 2026
40.94
42.00
40.54
41.69
40.64
72,800
Apr 27, 2026
0.384 Dividend 

Apr 27, 2026
40.94
42.55
40.48
42.55
41.48
121,800
Apr 24, 2026
39.09
41.55
39.08
40.91
39.51
131,100
Apr 23, 2026
39.50
39.90
38.48
38.88
37.55
60,900
Apr 22, 2026
39.34
39.58
38.97
39.55
38.20
35,800
Apr 21, 2026
39.48
39.54
38.76
39.00
37.66
72,900
Apr 20, 2026
0.369 Dividend 

Apr 20, 2026
38.96
39.49
38.52
39.47
38.12
75,300
Apr 17, 2026
39.46
39.75
39.26
39.71
37.99
79,700
Apr 16, 2026
38.85
39.36
38.45
38.99
37.30
58,800
Apr 15, 2026
38.69
39.40
38.47
39.15
37.46
67,100
Apr 14, 2026
37.34
38.55
37.31
38.53
36.86
167,900
Apr 13, 2026
0.363 Dividend 

Apr 13, 2026
36.10
36.99
36.10
36.87
35.28
37,400
Apr 10, 2026
36.06
37.35
36.06
37.15
35.20
112,600
Apr 9, 2026
35.60
36.11
35.26
35.98
34.09
29,100
Apr 8, 2026
36.25
36.26
35.24
35.57
33.70
30,500
Apr 7, 2026
34.22
34.65
33.70
34.64
32.82
45,600
Apr 6, 2026
0.227 Dividend 

Apr 6, 2026
34.37
34.55
34.20
34.51
32.70
33,200
Apr 2, 2026
33.45
34.80
33.40
34.80
32.76
32,800
Apr 1, 2026
34.46
34.74
34.23
34.35
32.33
32,300
Mar 31, 2026
32.33
34.12
32.33
34.06
32.06
42,500
Mar 30, 2026
0.213 Dividend 

Mar 30, 2026
32.75
32.93
31.77
31.88
30.01
57,500
Mar 27, 2026
33.22
33.46
32.62
32.66
30.54
70,600
Mar 26, 2026
34.85
34.85
33.61
33.68
31.49
44,700
Mar 25, 2026
35.08
35.92
35.08
35.37
33.07
28,100
Mar 24, 2026
34.44
34.76
34.28
34.57
32.33
75,400
Mar 23, 2026
0.335 Dividend 

Mar 23, 2026
34.99
35.32
34.47
34.71
32.46
140,600
Mar 20, 2026
35.58
35.58
34.15
34.39
31.85
580,900
Mar 19, 2026
35.65
36.07
35.06
35.79
33.14
59,300
Mar 18, 2026
36.73
36.80
36.23
36.26
33.58
70,800
Mar 17, 2026
37.22
37.35
36.55
36.59
33.88
38,700
Mar 16, 2026
0.338 Dividend 

Mar 16, 2026
36.70
37.89
36.50
36.86
34.13
71,800
Mar 13, 2026
37.56
37.92
36.42
36.46
33.45
79,600
Mar 12, 2026
37.60
37.62
36.90
37.24
34.16
43,200
Mar 11, 2026
37.90
38.30
37.59
37.92
34.79
33,200
Mar 10, 2026
36.97
38.02
36.95
37.54
34.44
65,500
Mar 9, 2026
0.196 Dividend 

Mar 9, 2026
35.60
37.08
35.42
37.08
34.02
68,400
Mar 6, 2026
36.61
37.30
35.97
36.18
33.01
89,100
Mar 5, 2026
36.94
37.63
36.14
37.43
34.15
102,300
Mar 4, 2026
36.85
37.80
36.77
37.35
34.08
80,600
Mar 3, 2026
36.17
36.90
35.97
36.72
33.51
85,400
Mar 2, 2026
0.425 Dividend 

Mar 2, 2026
35.43
37.48
35.36
37.22
33.96
106,200
Feb 27, 2026
37.34
37.72
36.28
36.39
32.82
210,100
Feb 26, 2026
40.81
40.81
38.24
38.37
34.60
150,200
Feb 25, 2026
40.86
41.50
40.65
40.98
36.96
118,300
Feb 24, 2026
39.91
40.53
38.95
40.33
36.37
65,000
Feb 23, 2026
0.315 Dividend 

Feb 23, 2026
39.88
40.51
39.58
39.97
36.04
74,600
Feb 20, 2026
39.20
40.00
38.97
39.85
35.65
82,700
Feb 19, 2026
39.26
39.55
38.94
39.48
35.32
34,500
Feb 18, 2026
39.59
40.04
39.23
39.49
35.33
98,000
Feb 17, 2026
0.291 Dividend 

Feb 17, 2026
37.81
39.25
37.25
38.72
34.64
56,200
Feb 13, 2026
39.60
39.60
38.18
38.40
34.09
116,800
Feb 12, 2026
40.97
41.17
39.47
39.52
35.09
79,700
Feb 11, 2026
40.78
41.05
40.08
40.30
35.78
74,300
Feb 10, 2026
40.66
40.85
39.83
40.02
35.53
59,300
Feb 9, 2026
0.385 Dividend 

Feb 9, 2026
38.90
41.08
38.90
40.32
35.80
107,500
Feb 6, 2026
37.22
39.93
37.03
39.60
34.82
144,800
Feb 5, 2026
36.76
37.07
35.95
36.15
31.79
84,200
Feb 4, 2026
38.13
38.13
36.07
36.67
32.24
134,000
Feb 3, 2026
39.75
39.75
37.25
38.33
33.70
257,900
Feb 2, 2026
0.35 Dividend 

Feb 2, 2026
40.06
40.77
39.43
39.59
34.81
150,200
Jan 30, 2026
41.36
42.27
41.00
41.39
36.08
88,200
Jan 29, 2026
41.43
42.07
40.15
41.81
36.45
89,300
Jan 28, 2026
41.51
41.77
41.13
41.58
36.25
59,200
Jan 27, 2026
40.54
41.11
40.06
40.83
35.60
49,700
Jan 26, 2026
0.34 Dividend 

Jan 26, 2026
40.50
40.93
40.13
40.30
35.13
52,100
Jan 23, 2026
40.73
41.35
40.69
40.95
35.40
50,500
Jan 22, 2026
40.24
40.47
39.95
40.06
34.63
83,700
Jan 21, 2026
38.67
40.28
38.53
39.72
34.34
107,700
Jan 20, 2026
0.283 Dividend 

Jan 20, 2026
39.52
39.52
38.31
38.33
33.14
100,400
Jan 16, 2026
41.55
41.90
40.80
40.86
35.08
96,200
Jan 15, 2026
40.82
41.78
40.82
41.09
35.28
137,500
Jan 14, 2026
40.26
40.34
39.47
40.01
34.35
85,700
Jan 13, 2026
40.51
41.25
40.17
40.75
34.99
63,300
Jan 12, 2026
0.333 Dividend 

Jan 12, 2026
40.01
41.10
40.01
40.54
34.81
104,300
Jan 9, 2026
40.99
41.21
40.48
40.80
34.74
148,100
Jan 8, 2026
42.10
42.10
40.58
40.96
34.88
127,900
Jan 7, 2026
41.75
42.60
41.42
42.05
35.81
155,900
Jan 6, 2026
42.25
42.87
41.46
41.57
35.40
118,900
Jan 5, 2026
0.469 Dividend 

Jan 5, 2026
42.83
43.18
41.25
41.78
35.58
151,100
Jan 2, 2026
42.60
43.42
42.26
42.37
35.68
158,500
Dec 31, 2025
42.51
42.81
41.79
41.84
35.24
68,300
Dec 30, 2025
42.29
42.47
41.94
42.10
35.45
108,600
Dec 29, 2025
0.444 Dividend 

Dec 29, 2025
42.01
42.34
41.56
42.34
35.66
105,100
Dec 26, 2025
43.05
43.92
43.05
43.44
36.21
207,200
Dec 24, 2025
42.71
42.85
42.31
42.76
35.64
81,200
Dec 23, 2025
41.25
43.05
41.25
43.04
35.88
160,100
Dec 22, 2025
0.32 Dividend 

Dec 22, 2025
41.55
41.60
41.22
41.54
34.63
83,200
Dec 19, 2025
39.89
41.11
39.89
40.98
33.89
111,600
Dec 18, 2025
39.36
39.80
38.76
39.21
32.43
79,700
Dec 17, 2025
39.90
39.90
38.30
38.38
31.74
134,500
Dec 16, 2025
39.84
40.39
39.60
40.27
33.30
100,800
Dec 15, 2025
0.471 Dividend 

Dec 15, 2025
40.03
40.45
39.57
39.96
33.05
96,800
Dec 12, 2025
41.66
42.15
39.94
40.04
32.73
111,700
Dec 11, 2025
41.57
41.82
40.49
41.72
34.10
136,700
Dec 10, 2025
42.84
42.96
41.97
42.45
34.69
102,900
Dec 9, 2025
42.99
42.99
42.33
42.81
34.99
86,000
Dec 8, 2025
0.389 Dividend 

Dec 8, 2025
42.26
43.56
42.12
42.90
35.06
156,700
Dec 5, 2025
42.82
42.99
42.03
42.37
34.31
102,200
Dec 4, 2025
42.17
43.09
41.87
42.74
34.61
176,900
Dec 3, 2025
42.17
42.46
41.59
41.77
33.83
138,200
Dec 2, 2025
42.21
43.36
41.86
42.25
34.21
171,700
Dec 1, 2025
0.341 Dividend 

Dec 1, 2025
40.46
41.91
40.19
41.78
33.83
198,900
Nov 28, 2025
42.12
42.12
41.17
41.31
33.18
128,600
Nov 26, 2025
42.60
42.99
41.78
42.28
33.96
115,700
Nov 25, 2025
40.84
41.64
39.33
41.53
33.35
243,000
Nov 24, 2025
0.518 Dividend 

Nov 24, 2025
42.11
43.17
41.30
42.88
34.44
341,300
Nov 21, 2025
43.03
44.01
40.70
42.33
33.58
779,500
Nov 20, 2025
47.39
47.41
42.73
42.92
34.05
377,700
Nov 19, 2025
44.11
44.99
43.63
44.69
35.45
414,800
Nov 18, 2025
43.87
44.09
42.58
43.19
34.26
221,900
Nov 17, 2025
0.343 Dividend 

Nov 17, 2025
44.51
45.40
44.05
44.63
35.40
220,800
Nov 14, 2025
43.64
46.28
43.28
46.10
36.29
467,400
Nov 13, 2025
46.36
46.41
44.29
45.21
35.60
300,100
Nov 12, 2025
47.63
47.63
46.43
47.09
37.08
146,800
Nov 11, 2025
47.49
47.60
46.46
46.94
36.96
159,400
Nov 10, 2025
0.577 Dividend 

Nov 10, 2025
47.33
48.94
47.17
48.72
38.36
249,500
Nov 7, 2025
45.17
46.19
43.36
46.06
35.81
498,700
Nov 6, 2025
48.72
48.89
45.61
46.02
35.78
300,400
Nov 5, 2025
49.34
50.52
48.17
48.27
37.53
376,800
Nov 4, 2025
50.34
50.84
49.02
49.24
38.29
288,200
Nov 3, 2025
0.487 Dividend 

Nov 3, 2025
52.12
53.06
51.60
51.74
40.23
300,600
Oct 31, 2025
52.05
52.53
50.85
50.99
39.27
224,100
Oct 30, 2025
51.74
51.85
50.62
51.01
39.28
258,300
Oct 29, 2025
52.47
53.76
51.69
52.33
40.30
245,300
Oct 28, 2025
48.20
51.16
47.82
50.51
38.89
275,400
Oct 27, 2025
0.473 Dividend 

Oct 27, 2025
47.30
47.75
46.82
47.69
36.73
151,700
Oct 24, 2025
45.96
46.87
45.82
46.55
35.48
167,100
Oct 23, 2025
44.92
45.67
44.62
45.45
34.65
173,600
Oct 22, 2025
45.09
45.81
43.79
44.81
34.16
164,200
Oct 21, 2025
45.53
45.56
44.73
45.14
34.41
174,400
Oct 20, 2025
0.656 Dividend 

Oct 20, 2025
45.81
46.31
45.35
45.58
34.74
241,800
Oct 17, 2025
45.44
46.66
45.37
46.33
34.82
430,900
Oct 16, 2025
46.17
46.43
45.33
46.00
34.57
526,700
Oct 15, 2025
46.92
46.92
44.64
45.39
34.11
389,700
Oct 14, 2025
0.764 Dividend 

Oct 14, 2025
47.02
47.02
45.43
45.54
34.22
255,800
Oct 13, 2025
48.61
49.28
48.07
48.64
35.98
149,300
Oct 10, 2025
50.42
51.03
47.11
47.17
34.89
294,100
Oct 9, 2025
50.15
50.98
49.48
50.10
37.06
141,600
Oct 8, 2025
48.36
49.17
48.36
49.08
36.30
120,000
Oct 7, 2025
48.32
49.01
47.63
47.75
35.32
167,300
Oct 6, 2025
1.13 Dividend 

Oct 6, 2025
48.08
48.48
47.36
48.00
35.50
323,200
Oct 3, 2025
50.28
50.62
49.06
49.72
35.94
386,200
Oct 2, 2025
50.34
50.75
49.90
50.13
36.24
86,100
Oct 1, 2025
49.10
49.93
48.66
49.69
35.92
74,600
Sep 30, 2025
47.90
49.66
47.89
49.46
35.75
207,900
Sep 29, 2025
0.608 Dividend 

Sep 29, 2025
47.51
48.60
47.51
48.15
34.81
105,600
Sep 26, 2025
47.44
47.49
46.48
47.44
33.85
99,100
Sep 25, 2025
46.31
48.06
45.80
47.31
33.76
69,000
Sep 24, 2025
47.97
47.97
46.60
47.01
33.55
59,800
Sep 23, 2025
48.76
48.76
47.13
47.45
33.86
84,400
Sep 22, 2025
0.458 Dividend 

Sep 22, 2025
46.67
49.42
46.33
49.06
35.01
95,500
Sep 19, 2025
47.29
47.90
46.84
47.37
33.48
128,900
Sep 18, 2025
46.46
47.55
46.16
47.29
33.42
112,400
Sep 17, 2025
46.00
46.28
44.78
45.28
32.00
163,900
Sep 16, 2025
47.69
47.69
46.70
46.92
33.16
108,000
Sep 15, 2025
0.306 Dividend 

Sep 15, 2025
47.21
47.89
46.76
47.75
33.75
90,100
Sep 12, 2025
48.00
48.34
47.77
48.11
33.78
108,500
Sep 11, 2025
48.82
48.90
47.71
47.95
33.67
146,900
Sep 10, 2025
47.63
48.65
47.35
47.98
33.69
105,700
Sep 9, 2025
45.38
45.90
44.62
45.89
32.22
73,000
Sep 8, 2025
0.384 Dividend 

Sep 8, 2025
44.87
45.93
44.87
45.06
31.64
116,100
Sep 5, 2025
45.45
45.65
44.12
45.05
31.36
146,200
Sep 4, 2025
46.32
46.65
45.84
46.65
32.48
77,900
Sep 3, 2025
46.45
46.76
45.71
46.23
32.19
88,700
Sep 2, 2025
0.438 Dividend 

Sep 2, 2025
45.98
46.81
45.17
46.33
32.26
200,700
Aug 29, 2025
49.25
49.25
47.58
47.85
33.01
218,200
Aug 28, 2025
50.17
51.30
48.75
49.88
34.41
182,200
Aug 27, 2025
50.56
50.65
49.60
50.36
34.74
196,800
Aug 26, 2025
49.91
50.62
49.49
50.46
34.81
127,000
Aug 25, 2025
0.452 Dividend 

Aug 25, 2025
49.27
50.47
48.80
49.82
34.37
176,800
Aug 22, 2025
47.95
49.82
47.40
49.65
33.94
202,500
Aug 21, 2025
48.52
49.28
48.27
48.63
33.24
112,200
Aug 20, 2025
48.72
48.83
46.64
48.80
33.36
211,100
Aug 19, 2025
51.20
51.20
48.88
48.94
33.45
238,100
Aug 18, 2025
1.083 Dividend 

Aug 18, 2025
50.55
51.37
50.55
51.08
34.92
143,400
Aug 15, 2025
52.07
52.07
50.78
51.59
34.53
168,900
Aug 14, 2025
51.64
52.49
51.36
52.18
34.92
319,200
Aug 13, 2025
52.39
52.80
51.27
51.98
34.79
147,500
Aug 12, 2025
52.54
52.61
51.38
52.59
35.19
163,100
Aug 11, 2025
0.955 Dividend 

Aug 11, 2025
52.21
52.80
51.67
52.14
34.89
139,000
Aug 8, 2025
52.89
53.60
52.61
53.42
35.11
157,000
Aug 7, 2025
53.04
53.69
52.06
52.70
34.64
79,500
Aug 6, 2025
51.22
52.40
51.16
52.28
34.36
59,300
Aug 5, 2025
52.34
52.56
51.07
51.83
34.07
86,400
Aug 4, 2025
0.451 Dividend 

Aug 4, 2025
50.75
52.47
50.61
52.44
34.46
114,900
Aug 1, 2025
50.79
51.76
49.80
50.79
33.09
164,500
Jul 31, 2025
54.03
54.05
51.69
52.26
34.04
108,900
Jul 30, 2025
51.79
52.94
51.70
52.72
34.34
83,200
Jul 29, 2025
52.31
52.71
51.30
51.43
33.50
84,700
Jul 28, 2025
0.786 Dividend 

Jul 28, 2025
50.95
51.88
50.95
51.88
33.80
113,300
Jul 25, 2025
51.46
51.92
51.34
51.53
33.06
165,600
Jul 24, 2025
51.21
51.66
50.79
51.66
33.14
79,600
Jul 23, 2025
50.05
50.67
49.65
50.52
32.41
51,300
Jul 22, 2025
50.69
50.69
48.42
49.27
31.61
87,400
Jul 21, 2025
0.503 Dividend 

Jul 21, 2025
51.25
51.49
50.80
50.82
32.60
83,400
Jul 18, 2025
52.15
52.23
51.29
51.68
32.83
75,900
Jul 17, 2025
51.60
52.22
51.20
51.97
33.01
68,600
Jul 16, 2025
51.17
51.39
50.53
51.37
32.63
72,400
Jul 15, 2025
51.19
51.70
50.57
51.10
32.46
64,000
Jul 14, 2025
0.473 Dividend 

Jul 14, 2025
49.26
49.26
48.05
48.78
30.99
78,200
Jul 11, 2025
49.07
50.51
49.07
49.53
31.16
71,600
Jul 10, 2025
49.35
49.35
48.46
49.25
30.99
47,400
Jul 9, 2025
48.19
49.34
48.19
48.83
30.72
81,600
Jul 8, 2025
47.56
47.82
47.23
47.82
30.09
88,000
Jul 7, 2025
0.512 Dividend 

Jul 7, 2025
47.19
47.49
46.86
47.19
29.69
75,500
Jul 3, 2025
47.74
48.60
47.55
48.04
29.90
53,000
Jul 2, 2025
45.72
47.45
45.72
47.37
29.49
51,100
Jul 1, 2025
46.98
47.31
45.32
45.92
28.58
68,700
Jun 30, 2025
0.451 Dividend 

Jun 30, 2025
47.79
47.79
46.94
47.63
29.65
56,900
Jun 27, 2025
47.38
48.27
47.12
47.99
29.59
63,300
Jun 26, 2025
47.30
47.61
46.73
47.08
29.03
41,300
Jun 25, 2025
45.01
46.86
45.01
46.78
28.85
35,900
Jun 24, 2025
43.70
44.38
43.70
44.37
27.36
34,900
Jun 23, 2025
0.363 Dividend 

Jun 23, 2025
42.57
43.35
42.49
43.14
26.60
57,600
Jun 20, 2025
44.05
44.19
42.99
43.48
26.59
53,600
Jun 18, 2025
43.52
44.00
43.50
43.92
26.86
15,300
Jun 17, 2025
43.70
43.85
43.44
43.52
26.61
16,900
Jun 16, 2025
0.451 Dividend 

Jun 16, 2025
43.25
44.24
43.25
43.64
26.69
23,800
Jun 13, 2025
43.31
43.76
42.97
43.21
26.15
32,800
Jun 12, 2025
43.18
44.36
43.18
44.36
26.84
15,200
Jun 11, 2025
44.30
44.30
43.30
43.52
26.33
12,700
Jun 10, 2025
43.24
44.02
43.21
43.90
26.56
14,300
Jun 9, 2025
0.398 Dividend 

Jun 9, 2025
43.76
44.25
43.35
43.54
26.35
28,500
Jun 6, 2025
43.81
44.08
43.52
43.57
26.12
15,800
Jun 5, 2025
43.75
44.23
42.63
42.93
25.74
11,400
Jun 4, 2025
43.76
43.76
42.85
43.56
26.12
14,200
Jun 3, 2025
42.40
43.67
42.25
43.44
26.04
19,900
Jun 2, 2025
0.305 Dividend 

Jun 2, 2025
44.04
44.08
41.27
41.98
25.17
34,200
May 30, 2025
42.77
43.00
40.70
41.56
24.73
48,900
May 29, 2025
44.16
44.54
42.79
43.06
25.63
19,700
May 28, 2025
41.81
42.28
41.44
41.44
24.66
19,100
May 27, 2025
0.493 Dividend 

May 27, 2025
41.23
41.69
40.96
41.55
24.73
41,000
May 23, 2025
40.12
40.90
39.89
40.63
23.89
36,800
May 22, 2025
41.00
41.74
41.00
41.34
24.31
13,200
May 21, 2025
41.32
42.87
40.37
40.88
24.03
26,600
May 20, 2025
41.77
41.83
41.22
41.79
24.57
28,400
May 19, 2025
0.359 Dividend 

May 19, 2025
41.04
42.34
41.04
42.25
24.84
22,400
May 16, 2025
42.80
42.87
41.96
42.55
24.81
44,400
May 15, 2025
42.13
42.89
41.81
42.28
24.65
22,900
May 14, 2025
41.79
42.50
41.33
42.50
24.78
18,700
May 13, 2025
38.72
40.99
38.60
40.58
23.66
13,500
May 12, 2025
0.377 Dividend 

May 12, 2025
37.67
38.03
37.16
37.95
22.12
20,600
May 9, 2025
36.55
36.65
35.62
36.11
20.83
22,100
May 8, 2025
36.81
36.89
36.00
36.42
21.01
23,500
May 7, 2025
34.81
36.12
34.73
36.12
20.84
8,200
May 6, 2025
34.16
35.42
33.99
34.99
20.19
10,200
May 5, 2025
0.428 Dividend 

May 5, 2025
34.72
35.38
34.68
35.05
20.22
14,400
May 2, 2025
35.60
35.98
35.46
35.68
20.34
27,400
May 1, 2025
35.26
35.81
34.67
34.67
19.76
16,200
Apr 30, 2025
32.08
33.49
32.00
33.49
19.09
15,500
Apr 29, 2025
33.28
33.91
33.21
33.69
19.20
5,500
Apr 28, 2025
0.195 Dividend 

Apr 28, 2025
34.04
34.06
32.91
33.65
19.18
21,800
Apr 25, 2025
33.19
35.04
33.02
34.70
19.67
20,000
Apr 24, 2025
31.83
33.01
31.83
33.01
18.71
16,000
Apr 23, 2025
32.34
32.36
31.50
31.68
17.95
21,000
Apr 22, 2025
30.16
30.36
29.80
30.34
17.20
11,600
Apr 21, 2025
0.508 Dividend 

Apr 21, 2025
30.21
30.40
28.92
29.55
16.75
16,800
Apr 17, 2025
32.91
32.91
31.20
32.03
17.86
16,100
Apr 16, 2025
32.83
33.57
31.45
32.73
18.26
16,600
Apr 15, 2025
35.35
36.25
35.35
35.87
20.01
6,500
Apr 14, 2025
0.155 Dividend 

Apr 14, 2025
36.64
36.64
34.97
35.33
19.71
11,900
Apr 11, 2025
34.61
35.51
34.43
35.46
19.69
8,800
Apr 10, 2025
35.04
35.19
32.96
34.34
19.07
10,100
Apr 9, 2025
31.02
36.80
30.67
36.74
20.41
19,600
Apr 8, 2025
32.69
33.50
29.96
29.96
16.64
9,200
Apr 7, 2025
0.224 Dividend 

Apr 7, 2025
26.88
31.65
26.88
30.54
16.96
16,100
Apr 4, 2025
31.31
31.51
29.15
29.57
16.30
24,200
Apr 3, 2025
33.12
33.79
32.64
32.64
17.99
15,500
Apr 2, 2025
34.64
36.35
34.62
35.90
19.79
6,600
Apr 1, 2025
35.10
35.72
34.53
35.72
19.69
8,400
Mar 31, 2025
0.295 Dividend 

Mar 31, 2025
33.83
35.22
33.30
35.09
19.34
11,200
Mar 28, 2025
36.64
36.95
35.77
35.92
19.64
10,200
Mar 27, 2025
36.59
37.62
36.37
36.71
20.07
13,100
Mar 26, 2025
39.47
39.47
37.30
37.61
20.56
14,300
Mar 25, 2025
40.28
40.38
39.88
40.32
22.04
8,500
Mar 24, 2025
0.553 Dividend 

Mar 24, 2025
39.94
40.86
39.90
40.57
22.18
14,700
Mar 21, 2025
39.32
39.78
38.90
39.60
21.35
12,100
Mar 20, 2025
40.00
40.52
39.83
40.05
21.59
6,000
Mar 19, 2025
39.35
40.68
39.35
39.68
21.39
2,500
Mar 18, 2025
39.01
39.88
38.61
38.81
20.92
4,000
Mar 17, 2025
0.198 Dividend 

Mar 17, 2025
41.70
41.78
40.25
40.58
21.87
6,600
Mar 14, 2025
40.25
41.60
40.25
41.50
22.26
8,000
Mar 13, 2025
39.64
39.82
39.05
39.28
21.07
4,900
Mar 12, 2025
38.60
39.34
38.30
39.19
21.02
6,400
Mar 11, 2025
35.60
37.54
34.87
36.33
19.49
8,700
Mar 10, 2025
0.264 Dividend 

Mar 10, 2025
36.80
37.24
35.13
35.62
19.11
12,000
Mar 7, 2025
38.10
38.40
36.22
38.24
20.37
18,000
Mar 6, 2025
38.55
39.08
37.26
37.43
19.94
11,000
Mar 5, 2025
39.52
40.51
39.13
40.14
21.38
7,500
Mar 4, 2025
37.39
40.41
37.17
39.70
21.15
7,600
Mar 3, 2025
0.375 Dividend 

Mar 3, 2025
42.79
42.79
38.42
38.73
20.63
17,400
Feb 28, 2025
40.73
43.77
40.28
43.77
23.12
16,100
Feb 27, 2025
47.96
47.96
41.71
41.71
22.03
10,900
Feb 26, 2025
45.83
47.16
45.55
46.49
24.55
13,800
Feb 25, 2025
45.28
45.70
43.77
44.41
23.45
23,800
Feb 24, 2025
48.83
49.35
46.27
46.27
24.43
8,900
Feb 21, 2025
50.38
50.38
48.03
48.03
25.37
6,100
Feb 20, 2025
50.21
50.32
49.20
50.26
26.54
8,700
Feb 19, 2025
49.84
50.63
49.24
49.89
26.35
10,100
