Date
Open
High
Low
Close 

Adj Close 

Volume

May 22, 2026
14.06
14.06
13.72
13.76
13.76
3,282,900
May 21, 2026
0.135 Dividend 

May 21, 2026
14.09
14.41
13.85
13.97
13.97
4,576,400
May 20, 2026
14.26
14.42
14.11
14.29
14.15
3,573,900
May 19, 2026
14.06
14.32
13.95
14.11
13.98
3,359,900
May 18, 2026
14.56
14.60
13.98
14.20
14.07
4,734,800
May 15, 2026
14.55
14.68
14.33
14.34
14.20
4,434,200
May 14, 2026
0.151 Dividend 

May 14, 2026
14.60
14.94
14.57
14.90
14.76
3,334,800
May 13, 2026
14.52
14.65
14.38
14.57
14.28
2,890,000
May 12, 2026
14.26
14.49
14.08
14.36
14.08
2,680,500
May 11, 2026
14.02
14.42
14.00
14.29
14.01
3,137,700
May 8, 2026
14.00
14.20
13.95
14.08
13.80
3,246,800
May 7, 2026
0.128 Dividend 

May 7, 2026
13.76
14.04
13.71
13.90
13.63
2,995,600
May 6, 2026
13.48
13.91
13.45
13.89
13.49
3,529,200
May 5, 2026
13.47
13.53
13.29
13.32
12.94
2,165,500
May 4, 2026
13.47
13.59
13.21
13.44
13.05
3,116,700
May 1, 2026
13.58
13.66
13.33
13.41
13.02
3,141,000
Apr 30, 2026
0.207 Dividend 

Apr 30, 2026
14.10
14.10
13.41
13.46
13.07
6,565,600
Apr 29, 2026
14.40
14.40
14.14
14.23
13.62
3,650,300
Apr 28, 2026
14.22
14.50
14.13
14.42
13.80
4,244,300
Apr 27, 2026
14.20
14.60
14.09
14.58
13.95
3,462,000
Apr 24, 2026
13.89
14.28
13.86
14.13
13.52
5,696,900
Apr 23, 2026
0.14 Dividend 

Apr 23, 2026
13.95
14.00
13.68
13.82
13.23
2,927,300
Apr 22, 2026
14.01
14.08
13.92
14.07
13.33
2,282,700
Apr 21, 2026
14.05
14.07
13.88
13.92
13.19
3,981,300
Apr 20, 2026
13.94
14.04
13.81
14.04
13.30
2,088,000
Apr 17, 2026
13.90
14.02
13.89
14.02
13.29
4,690,600
Apr 16, 2026
0.116 Dividend 

Apr 16, 2026
13.81
13.90
13.70
13.81
13.09
4,181,000
Apr 15, 2026
13.84
14.06
13.80
13.97
13.13
6,227,600
Apr 14, 2026
13.59
13.85
13.57
13.84
13.01
3,670,600
Apr 13, 2026
13.33
13.52
13.33
13.49
12.68
3,310,400
Apr 10, 2026
13.25
13.54
13.25
13.45
12.64
5,348,100
Apr 9, 2026
0.111 Dividend 

Apr 9, 2026
13.16
13.24
13.08
13.23
12.43
3,822,800
Apr 8, 2026
13.40
13.44
13.17
13.26
12.36
5,878,000
Apr 7, 2026
12.96
13.07
12.84
13.07
12.18
5,683,900
Apr 6, 2026
13.02
13.06
12.95
13.04
12.15
5,290,300
Apr 2, 2026
0.115 Dividend 

Apr 2, 2026
12.76
13.02
12.74
13.02
12.13
5,482,700
Apr 1, 2026
13.05
13.13
13.02
13.07
12.07
5,107,600
Mar 31, 2026
12.52
13.01
12.52
12.98
11.99
10,872,400
Mar 30, 2026
12.62
12.68
12.34
12.38
11.43
11,619,100
Mar 27, 2026
12.73
12.77
12.51
12.54
11.58
7,496,000
Mar 26, 2026
0.12 Dividend 

Mar 26, 2026
13.13
13.14
12.78
12.78
11.80
6,082,500
Mar 25, 2026
13.28
13.48
13.27
13.39
12.26
7,495,600
Mar 24, 2026
13.12
13.22
13.07
13.15
12.04
7,610,200
Mar 23, 2026
13.23
13.32
13.10
13.16
12.05
8,462,900
Mar 20, 2026
13.34
13.34
12.88
12.96
11.86
7,252,900
Mar 19, 2026
0.133 Dividend 

Mar 19, 2026
13.32
13.44
13.14
13.34
12.21
5,664,700
Mar 18, 2026
13.70
13.76
13.59
13.61
12.34
5,097,300
Mar 17, 2026
13.82
13.82
13.64
13.68
12.40
3,262,200
Mar 16, 2026
13.65
14.01
13.60
13.69
12.41
5,275,200
Mar 13, 2026
13.73
13.81
13.49
13.52
12.26
6,690,500
Mar 12, 2026
0.12 Dividend 

Mar 12, 2026
13.70
13.74
13.56
13.66
12.38
5,377,600
Mar 11, 2026
13.86
13.94
13.80
13.90
12.49
4,070,300
Mar 10, 2026
13.65
13.88
13.65
13.80
12.40
4,504,100
Mar 9, 2026
13.30
13.68
13.21
13.66
12.28
4,690,400
Mar 6, 2026
13.46
13.64
13.27
13.32
11.97
5,174,200
Mar 5, 2026
0.116 Dividend 

Mar 5, 2026
13.55
13.72
13.32
13.68
12.29
6,870,800
Mar 4, 2026
13.62
13.85
13.57
13.76
12.26
3,658,100
Mar 3, 2026
13.42
13.60
13.32
13.54
12.06
3,781,600
Mar 2, 2026
13.16
13.73
13.13
13.66
12.17
5,192,100
Feb 27, 2026
13.60
13.68
13.27
13.30
11.85
8,470,600
Feb 26, 2026
0.115 Dividend 

Feb 26, 2026
14.38
14.39
13.79
13.84
12.33
8,787,500
Feb 25, 2026
14.40
14.61
14.38
14.50
12.82
7,529,600
Feb 24, 2026
14.23
14.38
14.00
14.32
12.66
7,011,400
Feb 23, 2026
14.22
14.39
14.13
14.22
12.57
7,998,400
Feb 20, 2026
13.92
14.18
13.90
14.13
12.49
8,107,300
Feb 19, 2026
0.094 Dividend 

Feb 19, 2026
13.96
14.05
13.87
14.01
12.38
5,507,100
Feb 18, 2026
14.13
14.27
14.02
14.10
12.38
4,154,100
Feb 17, 2026
13.63
14.02
13.46
13.88
12.19
4,149,000
Feb 13, 2026
14.04
14.04
13.63
13.72
12.05
4,352,200
Feb 12, 2026
0.106 Dividend 

Feb 12, 2026
14.36
14.40
13.96
13.99
12.28
3,245,400
Feb 11, 2026
14.42
14.50
14.20
14.28
12.45
4,517,800
Feb 10, 2026
14.38
14.47
14.17
14.18
12.36
3,249,200
Feb 9, 2026
13.93
14.56
13.93
14.29
12.45
5,105,500
Feb 6, 2026
13.44
14.11
13.32
14.00
12.20
5,983,800
Feb 5, 2026
0.094 Dividend 

Feb 5, 2026
13.32
13.48
13.08
13.14
11.45
9,089,900
Feb 4, 2026
13.80
13.80
13.22
13.39
11.59
5,355,300
Feb 3, 2026
14.31
14.31
13.55
13.86
12.00
6,083,500
Feb 2, 2026
14.36
14.56
14.19
14.26
12.34
4,884,100
Jan 30, 2026
14.59
14.77
14.49
14.61
12.64
5,590,000
Jan 29, 2026
0.108 Dividend 

Jan 29, 2026
14.60
14.73
14.34
14.67
12.70
5,360,100
Jan 28, 2026
14.72
14.78
14.64
14.72
12.65
3,174,900
Jan 27, 2026
14.49
14.65
14.41
14.57
12.52
3,060,600
Jan 26, 2026
14.49
14.60
14.42
14.44
12.41
4,815,300
Jan 23, 2026
14.47
14.63
14.46
14.50
12.46
4,371,500
Jan 22, 2026
0.085 Dividend 

Jan 22, 2026
14.32
14.43
14.27
14.33
12.31
4,824,300
Jan 21, 2026
13.99
14.46
13.94
14.33
12.24
5,726,600
Jan 20, 2026
14.17
14.21
13.89
13.91
11.88
6,465,000
Jan 16, 2026
14.56
14.63
14.45
14.46
12.35
4,897,400
Jan 15, 2026
0.095 Dividend 

Jan 15, 2026
14.40
14.58
14.39
14.46
12.35
5,798,700
Jan 14, 2026
14.38
14.38
14.12
14.30
12.13
6,323,200
Jan 13, 2026
14.39
14.56
14.28
14.45
12.26
5,936,200
Jan 12, 2026
14.24
14.50
14.24
14.36
12.18
6,188,400
Jan 9, 2026
14.38
14.45
14.27
14.36
12.18
4,144,500
Jan 8, 2026
0.105 Dividend 

Jan 8, 2026
14.61
14.65
14.27
14.37
12.19
6,245,300
Jan 7, 2026
14.66
14.84
14.55
14.74
12.42
5,986,100
Jan 6, 2026
14.73
14.85
14.56
14.59
12.29
7,296,700
Jan 5, 2026
14.80
14.91
14.48
14.60
12.30
6,441,600
Jan 2, 2026
0.144 Dividend 

Jan 2, 2026
14.67
14.81
14.58
14.62
12.31
5,370,000
Dec 31, 2025
14.79
14.85
14.60
14.61
12.18
5,122,200
Dec 30, 2025
14.68
14.74
14.61
14.66
12.23
4,013,100
Dec 29, 2025
14.64
14.70
14.52
14.70
12.26
4,269,300
Dec 26, 2025
0.116 Dividend 

Dec 26, 2025
14.75
14.93
14.75
14.80
12.34
5,088,400
Dec 24, 2025
14.78
14.81
14.67
14.81
12.25
3,733,800
Dec 23, 2025
14.44
14.85
14.44
14.84
12.28
8,620,300
Dec 22, 2025
14.53
14.53
14.43
14.49
11.99
5,722,900
Dec 19, 2025
14.08
14.37
14.08
14.35
11.87
8,234,700
Dec 18, 2025
0.117 Dividend 

Dec 18, 2025
13.96
14.08
13.79
13.93
11.53
5,376,800
Dec 17, 2025
14.22
14.23
13.77
13.83
11.35
8,310,900
Dec 16, 2025
14.20
14.34
14.12
14.31
11.74
4,979,400
Dec 15, 2025
14.31
14.33
14.10
14.20
11.65
4,507,000
Dec 12, 2025
14.53
14.63
14.07
14.10
11.57
5,681,900
Dec 11, 2025
0.149 Dividend 

Dec 11, 2025
14.43
14.52
14.17
14.50
11.90
5,829,900
Dec 10, 2025
14.85
14.88
14.68
14.80
12.02
4,659,300
Dec 9, 2025
14.89
14.89
14.75
14.84
12.05
5,312,800
Dec 8, 2025
14.67
15.02
14.67
14.87
12.08
7,939,700
Dec 5, 2025
14.70
14.74
14.56
14.69
11.93
3,888,400
Dec 4, 2025
0.165 Dividend 

Dec 4, 2025
14.54
14.71
14.46
14.68
11.92
4,671,500
Dec 3, 2025
14.67
14.74
14.54
14.58
11.71
5,246,500
Dec 2, 2025
14.70
14.90
14.59
14.67
11.78
6,012,300
Dec 1, 2025
14.25
14.60
14.18
14.58
11.71
5,538,100
Nov 28, 2025
0.163 Dividend 

Nov 28, 2025
14.50
14.53
14.35
14.38
11.55
3,857,400
Nov 26, 2025
14.80
14.87
14.59
14.74
11.71
7,318,600
Nov 25, 2025
14.37
14.58
13.94
14.55
11.55
8,340,600
Nov 24, 2025
14.61
14.93
14.46
14.89
11.82
4,899,300
Nov 21, 2025
14.73
14.94
14.13
14.56
11.56
7,615,000
Nov 20, 2025
0.15 Dividend 

Nov 20, 2025
15.65
15.70
14.63
14.69
11.67
9,425,500
Nov 19, 2025
15.02
15.26
14.93
15.20
11.95
5,716,000
Nov 18, 2025
14.95
15.02
14.68
14.79
11.63
5,469,400
Nov 17, 2025
15.14
15.33
15.01
15.17
11.93
4,928,400
Nov 14, 2025
14.84
15.45
14.70
15.41
12.12
4,809,200
Nov 13, 2025
0.144 Dividend 

Nov 13, 2025
15.42
15.45
14.94
15.18
11.94
4,832,300
Nov 12, 2025
15.80
15.81
15.57
15.73
12.25
4,722,000
Nov 11, 2025
15.75
15.76
15.55
15.67
12.21
7,282,900
Nov 10, 2025
15.74
16.00
15.66
15.95
12.43
6,935,500
Nov 7, 2025
15.10
15.33
14.66
15.33
11.94
11,057,200
Nov 6, 2025
0.319 Dividend 

Nov 6, 2025
16.01
16.09
15.21
15.35
11.96
10,212,000
Nov 5, 2025
16.49
16.81
16.19
16.20
12.37
6,522,100
Nov 4, 2025
16.80
16.86
16.43
16.49
12.59
5,575,400
Nov 3, 2025
17.09
17.29
17.00
17.04
13.01
6,987,700
Oct 31, 2025
16.97
17.06
16.73
16.74
12.79
6,701,800
Oct 30, 2025
0.182 Dividend 

Oct 30, 2025
16.90
16.95
16.68
16.78
12.82
6,483,000
Oct 29, 2025
17.27
17.57
17.08
17.21
13.01
14,791,300
Oct 28, 2025
16.31
16.96
16.26
16.81
12.70
11,891,400
Oct 27, 2025
16.13
16.25
16.05
16.22
12.26
7,717,300
Oct 24, 2025
15.73
15.98
15.72
15.90
12.02
7,661,700
Oct 23, 2025
0.121 Dividend 

Oct 23, 2025
15.48
15.68
15.42
15.61
11.80
7,513,700
Oct 22, 2025
15.64
15.80
15.28
15.57
11.67
8,317,400
Oct 21, 2025
15.72
15.73
15.52
15.63
11.72
6,202,300
Oct 20, 2025
15.71
15.86
15.64
15.69
11.76
5,733,800
Oct 17, 2025
15.44
15.76
15.44
15.71
11.78
7,879,800
Oct 16, 2025
0.109 Dividend 

Oct 16, 2025
15.61
15.71
15.43
15.58
11.68
8,655,400
Oct 15, 2025
15.92
15.93
15.31
15.52
11.56
9,722,400
Oct 14, 2025
15.94
15.94
15.52
15.55
11.58
10,066,800
Oct 13, 2025
16.13
16.28
16.00
16.17
12.04
8,358,700
Oct 10, 2025
16.53
16.65
15.75
15.76
11.73
13,873,700
Oct 9, 2025
0.795 Dividend 

Oct 9, 2025
16.40
16.58
16.35
16.47
12.26
9,315,200
Oct 8, 2025
16.80
17.02
16.80
17.01
12.07
8,824,200
Oct 7, 2025
16.75
16.97
16.60
16.66
11.82
6,881,800
Oct 6, 2025
16.70
16.82
16.53
16.69
11.85
7,820,300
Oct 3, 2025
16.95
17.03
16.67
16.84
11.95
5,963,300
Oct 2, 2025
16.96
17.03
16.90
16.93
12.02
6,609,200
Oct 1, 2025
16.76
16.89
16.69
16.85
11.96
4,302,300
Sep 30, 2025
16.60
16.85
16.57
16.80
11.92
6,674,500
Sep 29, 2025
16.48
16.68
16.47
16.57
11.76
5,231,100
Sep 26, 2025
16.33
16.35
16.08
16.33
11.59
5,255,000
Sep 25, 2025
16.00
16.45
15.89
16.28
11.55
7,757,900
Sep 24, 2025
16.34
16.36
16.07
16.20
11.50
6,469,200
Sep 23, 2025
16.48
16.50
16.18
16.28
11.55
5,692,700
Sep 22, 2025
16.10
16.64
16.06
16.58
11.77
7,639,700
Sep 19, 2025
16.10
16.25
16.05
16.15
11.46
5,112,000
Sep 18, 2025
15.97
16.20
15.88
16.12
11.44
8,659,800
Sep 17, 2025
15.87
15.90
15.48
15.65
11.11
6,766,700
Sep 16, 2025
16.22
16.25
16.00
16.05
11.39
4,555,800
Sep 15, 2025
16.10
16.30
16.01
16.26
11.54
5,569,800
Sep 12, 2025
16.23
16.29
16.16
16.26
11.54
4,499,000
Sep 11, 2025
0.643 Dividend 

Sep 11, 2025
16.29
16.33
16.15
16.18
11.48
3,453,100
Sep 10, 2025
16.77
16.91
16.72
16.82
11.48
5,431,700
Sep 9, 2025
16.29
16.45
16.10
16.43
11.22
3,280,200
Sep 8, 2025
16.15
16.42
16.15
16.23
11.08
4,009,200
Sep 5, 2025
16.19
16.27
15.83
16.11
11.00
4,743,800
Sep 4, 2025
16.39
16.50
16.29
16.49
11.26
1,895,000
Sep 3, 2025
16.41
16.55
16.23
16.38
11.18
3,353,300
Sep 2, 2025
16.28
16.51
16.05
16.38
11.18
4,029,400
Aug 29, 2025
17.00
17.01
16.57
16.65
11.37
4,316,600
Aug 28, 2025
17.08
17.33
16.82
17.15
11.71
5,024,200
Aug 27, 2025
17.07
17.09
16.85
17.04
11.63
4,030,400
Aug 26, 2025
16.92
17.08
16.83
17.03
11.62
2,823,000
Aug 25, 2025
16.78
17.05
16.67
16.90
11.54
3,063,900
Aug 22, 2025
16.30
16.82
16.18
16.77
11.45
3,090,000
Aug 21, 2025
16.49
16.67
16.40
16.51
11.27
3,658,200
Aug 20, 2025
16.52
16.56
15.94
16.54
11.29
6,375,500
Aug 19, 2025
17.09
17.10
16.56
16.57
11.31
5,077,200
Aug 18, 2025
16.93
17.12
16.92
17.06
11.65
4,066,400
Aug 15, 2025
17.06
17.07
16.72
16.93
11.56
5,669,800
Aug 14, 2025
0.84 Dividend 

Aug 14, 2025
16.88
17.15
16.85
17.07
11.65
4,682,500
Aug 13, 2025
17.94
18.03
17.65
17.86
11.62
6,242,800
Aug 12, 2025
17.93
17.98
17.65
17.96
11.68
5,762,200
Aug 11, 2025
17.83
17.98
17.70
17.85
11.61
5,395,400
Aug 8, 2025
17.80
17.92
17.71
17.88
11.63
3,551,200
Aug 7, 2025
17.79
17.93
17.56
17.73
11.53
4,665,300
Aug 6, 2025
17.34
17.64
17.33
17.62
11.46
2,663,900
Aug 5, 2025
17.58
17.63
17.28
17.48
11.37
3,549,800
Aug 4, 2025
17.22
17.60
17.16
17.59
11.44
3,309,600
Aug 1, 2025
17.08
17.30
16.77
17.06
11.10
5,888,400
Jul 31, 2025
17.73
17.73
17.23
17.40
11.32
4,785,700
Jul 30, 2025
17.34
17.54
17.30
17.50
11.38
3,692,900
Jul 29, 2025
17.42
17.50
17.24
17.26
11.23
3,724,100
Jul 28, 2025
17.14
17.34
17.14
17.33
11.27
3,329,100
Jul 25, 2025
17.08
17.19
17.04
17.08
11.11
3,368,100
Jul 24, 2025
16.95
17.10
16.86
17.09
11.12
3,390,600
Jul 23, 2025
16.66
16.84
16.53
16.79
10.92
3,949,200
Jul 22, 2025
16.83
16.83
16.19
16.43
10.69
4,446,100
Jul 21, 2025
16.91
16.98
16.81
16.83
10.95
5,178,500
Jul 18, 2025
16.97
17.00
16.79
16.89
10.99
5,401,400
Jul 17, 2025
1.029 Dividend 

Jul 17, 2025
16.87
16.97
16.80
16.93
11.01
5,372,600
Jul 16, 2025
17.80
17.86
17.68
17.86
10.95
7,368,500
Jul 15, 2025
17.81
17.85
17.65
17.77
10.89
6,242,300
Jul 14, 2025
17.39
17.40
17.09
17.30
10.61
6,329,600
Jul 11, 2025
17.27
17.49
17.26
17.36
10.64
4,362,900
Jul 10, 2025
17.30
17.31
17.14
17.30
10.61
2,880,800
Jul 9, 2025
17.09
17.27
17.09
17.21
10.55
3,280,600
Jul 8, 2025
16.92
17.01
16.87
17.01
10.43
2,114,000
Jul 7, 2025
16.80
16.90
16.76
16.84
10.32
2,645,900
Jul 3, 2025
16.84
16.97
16.83
16.87
10.34
2,503,500
Jul 2, 2025
16.41
16.80
16.41
16.77
10.28
2,367,300
Jul 1, 2025
16.68
16.73
16.27
16.45
10.08
3,503,600
Jun 30, 2025
16.77
16.82
16.63
16.77
10.28
2,200,300
Jun 27, 2025
16.60
16.79
16.54
16.71
10.24
2,215,900
Jun 26, 2025
16.57
16.64
16.45
16.52
10.13
2,897,900
Jun 25, 2025
16.22
16.47
16.21
16.46
10.09
3,322,500
Jun 24, 2025
16.00
16.17
16.00
16.15
9.90
3,347,000
Jun 23, 2025
15.69
15.93
15.69
15.89
9.74
5,341,400
Jun 20, 2025
0.672 Dividend 

Jun 20, 2025
15.96
16.00
15.72
15.84
9.71
3,680,900
Jun 18, 2025
16.46
16.63
16.41
16.62
9.78
4,145,300
Jun 17, 2025
16.49
16.54
16.43
16.45
9.68
3,698,400
Jun 16, 2025
16.36
16.58
16.35
16.47
9.69
4,051,400
Jun 13, 2025
16.24
16.37
16.12
16.21
9.54
2,840,100
Jun 12, 2025
16.17
16.49
16.17
16.49
9.70
2,026,000
Jun 11, 2025
16.40
16.41
16.16
16.26
9.56
2,407,400
Jun 10, 2025
16.19
16.35
16.09
16.32
9.60
2,389,600
Jun 9, 2025
16.22
16.34
16.10
16.16
9.51
2,491,500
Jun 6, 2025
16.10
16.19
16.04
16.06
9.45
1,781,100
Jun 5, 2025
16.07
16.21
15.76
15.87
9.34
2,349,000
Jun 4, 2025
16.04
16.07
15.87
16.04
9.44
1,401,200
Jun 3, 2025
15.79
16.03
15.77
15.97
9.39
1,688,600
Jun 2, 2025
15.53
15.76
15.52
15.71
9.24
2,327,300
May 30, 2025
15.85
15.93
15.22
15.45
9.09
3,069,900
May 29, 2025
15.97
16.11
15.74
15.87
9.34
3,747,800
May 28, 2025
15.39
15.47
15.24
15.29
8.99
2,586,800
May 27, 2025
15.23
15.35
15.13
15.33
9.02
3,076,200
May 23, 2025
14.77
15.02
14.68
14.92
8.78
4,429,700
May 22, 2025
1.628 Dividend 

May 22, 2025
15.00
15.21
14.93
15.05
8.85
2,965,400
May 21, 2025
16.72
17.19
16.40
16.52
8.76
5,411,700
May 20, 2025
16.80
16.86
16.64
16.86
8.94
2,715,800
May 19, 2025
16.55
16.95
16.53
16.93
8.98
2,783,100
May 16, 2025
16.92
16.95
16.70
16.84
8.93
1,819,700
May 15, 2025
16.71
16.92
16.58
16.77
8.89
1,672,200
May 14, 2025
16.65
16.83
16.50
16.83
8.92
2,012,300
May 13, 2025
15.98
16.43
15.96
16.32
8.65
2,585,400
May 12, 2025
15.80
15.89
15.69
15.86
8.41
2,009,100
May 9, 2025
15.42
15.49
15.17
15.33
8.13
1,023,600
May 8, 2025
15.43
15.48
15.20
15.36
8.14
917,300
May 7, 2025
14.88
15.37
14.78
15.26
8.09
1,159,000
May 6, 2025
14.68
15.03
14.59
14.92
7.91
958,700
May 5, 2025
14.83
15.01
14.80
14.91
7.91
992,300
May 2, 2025
14.94
15.02
14.90
14.96
7.93
1,437,800
May 1, 2025
14.78
14.90
14.68
14.68
7.78
1,609,500
Apr 30, 2025
13.87
14.38
13.79
14.38
7.63
1,386,700
Apr 29, 2025
14.23
14.47
14.19
14.34
7.60
1,222,700
Apr 28, 2025
14.40
14.43
14.01
14.27
7.57
2,070,800
Apr 25, 2025
14.17
14.49
14.10
14.43
7.65
3,277,900
Apr 24, 2025
0.673 Dividend 

Apr 24, 2025
13.80
14.13
13.80
14.13
7.49
1,561,900
Apr 23, 2025
14.56
14.60
14.31
14.39
7.27
2,598,400
Apr 22, 2025
13.84
14.01
13.68
13.91
7.03
2,015,100
Apr 21, 2025
13.87
13.91
13.36
13.61
6.88
3,053,800
Apr 17, 2025
14.54
14.56
13.96
14.11
7.13
1,492,100
Apr 16, 2025
14.56
14.87
14.02
14.55
7.35
2,597,600
Apr 15, 2025
15.34
15.63
15.33
15.50
7.83
1,338,600
Apr 14, 2025
15.60
15.63
15.10
15.30
7.73
1,722,200
Apr 11, 2025
14.89
15.28
14.83
15.23
7.70
1,544,400
Apr 10, 2025
14.97
15.10
14.22
14.80
7.48
1,752,800
Apr 9, 2025
13.91
15.48
13.84
15.35
7.76
3,498,800
Apr 8, 2025
14.45
14.62
13.46
13.73
6.94
1,804,800
Apr 7, 2025
12.58
14.25
12.47
13.79
6.97
3,751,100
Apr 4, 2025
14.10
14.27
13.15
13.46
6.80
4,295,500
Apr 3, 2025
14.75
15.02
14.48
14.50
7.33
2,278,700
Apr 2, 2025
15.25
15.82
15.17
15.61
7.89
1,609,300
Apr 1, 2025
15.40
15.60
15.14
15.58
7.88
1,219,900
Mar 31, 2025
14.95
15.42
14.73
15.38
7.77
2,812,300
Mar 28, 2025
15.74
15.91
15.40
15.49
7.83
3,302,600
Mar 27, 2025
0.787 Dividend 

Mar 27, 2025
15.71
16.13
15.61
15.73
7.95
3,254,700
Mar 26, 2025
17.46
17.49
16.67
16.83
8.11
4,201,000
Mar 25, 2025
17.65
17.73
17.48
17.68
8.52
2,968,900
Mar 24, 2025
17.57
17.77
17.51
17.69
8.52
3,151,500
Mar 21, 2025
17.20
17.33
16.98
17.29
8.33
1,783,900
Mar 20, 2025
17.09
17.56
17.08
17.35
8.36
1,517,900
Mar 19, 2025
17.12
17.57
16.92
17.18
8.28
1,469,000
Mar 18, 2025
17.16
17.26
16.70
16.89
8.14
1,775,100
Mar 17, 2025
17.67
17.70
17.13
17.31
8.34
2,260,400
Mar 14, 2025
17.30
17.53
17.26
17.50
8.43
1,864,700
Mar 13, 2025
17.13
17.20
16.80
17.04
8.21
1,352,200
Mar 12, 2025
16.75
17.05
16.64
16.95
8.17
1,820,900
Mar 11, 2025
15.82
16.52
15.56
16.08
7.75
1,910,800
Mar 10, 2025
16.26
16.47
15.64
15.83
7.63
3,591,800
Mar 7, 2025
16.35
16.68
15.90
16.56
7.98
2,334,400
Mar 6, 2025
16.70
16.94
16.23
16.30
7.85
2,859,000
Mar 5, 2025
17.20
17.30
16.78
17.19
8.28
1,925,100
Mar 4, 2025
16.19
17.42
16.14
16.95
8.17
3,946,700
Mar 3, 2025
18.00
18.01
16.45
16.67
8.03
4,272,700
Feb 28, 2025
17.21
18.15
16.97
18.14
8.74
4,645,800
Feb 27, 2025
1.612 Dividend 

Feb 27, 2025
19.69
19.69
17.50
17.51
8.44
5,443,300
Feb 26, 2025
20.35
20.90
20.19
20.61
9.15
3,895,400
Feb 25, 2025
20.33
20.38
19.55
19.88
8.83
3,092,500
Feb 24, 2025
21.33
21.52
20.40
20.40
9.06
3,028,800
Feb 21, 2025
21.69
21.80
20.93
20.99
9.32
2,196,300
Feb 20, 2025
21.55
21.67
21.23
21.67
9.62
1,542,500
Feb 19, 2025
21.48
21.64
21.22
21.49
9.54
1,374,600
Feb 18, 2025
21.61
21.79
21.27
21.42
9.51
1,751,700
Feb 14, 2025
21.03
21.34
21.00
21.29
9.46
1,654,500
Feb 13, 2025
20.63
21.01
20.58
20.95
9.30
1,583,300
Feb 12, 2025
20.35
20.64
20.28
20.60
9.15
1,123,600
Feb 11, 2025
20.61
20.83
20.49
20.64
9.17
1,127,100
Feb 10, 2025
20.38
20.86
20.35
20.71
9.20
1,778,300
Feb 7, 2025
20.17
20.30
20.03
20.29
9.01
1,882,100
Feb 6, 2025
19.90
20.08
19.67
20.08
8.92
1,895,000
Feb 5, 2025
19.14
19.60
19.02
19.60
8.71
2,447,500
Feb 4, 2025
18.38
19.02
18.38
18.70
8.31
2,184,200
Feb 3, 2025
18.03
18.62
17.82
18.32
8.14
4,086,200
Jan 31, 2025
19.31
19.77
18.68
18.83
8.36
3,784,900
Jan 30, 2025
0.829 Dividend 

Jan 30, 2025
19.05
19.36
18.37
19.36
8.60
4,688,700
Jan 29, 2025
20.37
20.40
19.47
19.91
8.47
4,252,300
Jan 28, 2025
19.72
20.68
18.90
20.68
8.80
5,166,400
Jan 27, 2025
20.28
20.80
18.92
19.19
8.17
11,997,400
Jan 24, 2025
23.85
23.88
22.95
23.07
9.82
2,161,700
Jan 23, 2025
23.32
23.70
23.17
23.70
10.09
1,527,400
Jan 22, 2025
23.42
23.68
23.27
23.61
10.05
1,869,600
Jan 21, 2025
22.85
23.10
22.66
22.98
9.78
1,883,900
Jan 17, 2025
22.54
22.75
22.37
22.69
9.66
1,218,000
Jan 16, 2025
22.66
22.67
22.08
22.11
9.41
1,468,000
Jan 15, 2025
22.00
22.38
21.71
22.38
9.53
2,059,700
Jan 14, 2025
22.36
22.36
21.50
21.78
9.27
1,694,600
Jan 13, 2025
21.48
21.97
21.38
21.97
9.35
1,988,700
Jan 10, 2025
22.58
22.63
22.08
22.37
9.52
1,924,500
Jan 8, 2025
23.20
23.42
22.61
23.02
9.80
1,886,400
Jan 7, 2025
24.54
24.55
22.89
22.93
9.76
3,745,700
Jan 6, 2025
24.02
24.45
23.94
24.13
10.27
4,154,100
Jan 3, 2025
0.898 Dividend 

Jan 3, 2025
23.11
23.60
23.11
23.60
10.05
4,676,900
Jan 2, 2025
23.59
23.92
23.41
23.90
9.79
3,232,800
Dec 31, 2024
23.88
23.88
23.26
23.35
9.57
2,392,100
Dec 30, 2024
23.38
24.09
23.26
23.76
9.73
2,243,100
Dec 27, 2024
23.93
23.95
23.30
23.70
9.71
1,772,400
Dec 26, 2024
24.03
24.14
23.78
24.08
9.86
1,320,700
Dec 24, 2024
24.00
24.23
23.88
24.08
9.86
1,299,400
Dec 23, 2024
23.57
23.96
23.43
23.96
9.82
2,263,600
Dec 20, 2024
22.58
23.41
22.36
23.35
9.57
1,634,000
Dec 19, 2024
22.92
23.20
22.57
22.74
9.32
1,570,000
Dec 18, 2024
23.19
23.58
22.40
22.49
9.21
2,693,200
Dec 17, 2024
22.50
22.89
22.18
22.70
9.30
2,622,700
Dec 16, 2024
23.28
23.34
22.75
23.00
9.42
3,377,500
Dec 13, 2024
23.91
24.00
23.06
23.33
9.56
2,063,400
Dec 12, 2024
23.74
23.87
23.50
23.75
9.73
1,480,300
Dec 11, 2024
23.66
24.07
23.39
23.98
9.82
1,692,300
Dec 10, 2024
23.93
24.36
23.16
23.36
9.57
2,362,100
Dec 9, 2024
24.00
24.11
23.66
23.93
9.80
3,221,400
Dec 6, 2024
24.76
24.89
24.32
24.48
10.03
3,371,300
Dec 5, 2024
1.185 Dividend 

Dec 5, 2024
24.76
24.98
24.66
24.81
10.16
3,081,200
Dec 4, 2024
25.85
26.06
25.64
26.01
10.17
4,232,900
Dec 3, 2024
25.37
25.61
25.28
25.61
10.01
2,506,200
Dec 2, 2024
25.40
25.54
25.24
25.35
9.91
2,691,700
Nov 29, 2024
25.03
25.38
24.93
25.26
9.88
1,021,200
Nov 27, 2024
24.76
24.80
24.25
24.80
9.70
1,924,000
Nov 26, 2024
25.05
25.30
24.79
24.98
9.77
1,156,500
Nov 25, 2024
25.76
25.76
24.78
24.82
9.70
2,493,100
Nov 22, 2024
26.32
26.48
25.55
25.68
10.04
1,853,300
Nov 21, 2024
26.34
26.83
25.42
26.40
10.32
2,323,500
Nov 20, 2024
26.01
26.01
25.35
25.76
10.07
1,748,200
Nov 19, 2024
25.14
25.96
25.14
25.93
10.14
1,298,300
Nov 18, 2024
24.94
25.18
24.53
25.01
9.78
1,906,300
Nov 15, 2024
25.79
25.79
24.93
25.20
9.85
2,665,900
Nov 14, 2024
25.94
26.15
25.76
25.96
10.15
1,070,900
Nov 13, 2024
26.06
26.08
25.76
25.85
10.11
1,467,600
Nov 12, 2024
25.78
26.14
25.75
25.99
10.16
1,871,300
Nov 11, 2024
25.95
25.99
25.37
25.64
10.03
3,217,500
Nov 8, 2024
25.98
26.12
25.73
25.87
10.11
3,041,000
Nov 7, 2024
1.023 Dividend 

Nov 7, 2024
25.68
26.03
25.66
26.01
10.17
2,447,200
Nov 6, 2024
26.34
26.75
26.22
26.64
10.02
4,216,900
Nov 5, 2024
25.66
26.00
25.64
25.98
9.77
1,919,500
Nov 4, 2024
25.61
25.84
25.34
25.45
9.57
2,395,600
Nov 1, 2024
25.22
25.54
25.16
25.28
9.50
1,655,200
Oct 31, 2024
25.71
25.71
24.73
24.86
9.35
2,993,500
Oct 30, 2024
26.04
26.15
25.56
26.00
9.78
1,300,300
Oct 29, 2024
26.11
26.43
25.87
26.28
9.88
1,070,300
Oct 28, 2024
26.49
26.49
26.07
26.15
9.83
1,776,200
Oct 25, 2024
26.27
26.54
26.15
26.23
9.86
1,137,600
Oct 24, 2024
26.16
26.20
25.81
26.16
9.84
938,400
Oct 23, 2024
26.21
26.24
25.60
25.92
9.75
1,736,700
Oct 22, 2024
26.30
26.45
26.14
26.38
9.92
1,239,600
Oct 21, 2024
25.66
26.37
25.63
26.36
9.91
2,094,000
Oct 18, 2024
25.56
25.68
25.44
25.59
9.62
1,529,100
Oct 17, 2024
25.50
25.65
25.34
25.37
9.54
2,126,000
Oct 16, 2024
24.77
25.18
24.47
25.07
9.43
1,773,000
Oct 15, 2024
25.28
25.38
23.91
24.47
9.20
2,928,000
Oct 14, 2024
25.08
25.48
25.07
25.31
9.52
2,669,700
Oct 11, 2024
24.70
24.96
24.66
24.87
9.35
2,071,600
Oct 10, 2024
1.1 Dividend 

Oct 10, 2024
24.40
24.86
24.35
24.82
9.33
1,785,800
Oct 9, 2024
25.84
25.87
25.40
25.62
9.22
2,329,000
Oct 8, 2024
25.27
25.69
25.12
25.63
9.22
2,201,800
Oct 7, 2024
24.46
25.29
24.46
24.89
8.96
1,844,800
Oct 4, 2024
24.45
24.45
24.05
24.45
8.80
1,538,300
Oct 3, 2024
23.89
24.35
23.79
24.17
8.70
1,218,400
Oct 2, 2024
23.07
23.62
22.91
23.56
8.48
1,125,500
Oct 1, 2024
24.05
24.11
22.98
23.21
8.35
1,574,400
Sep 30, 2024
23.42
23.98
23.40
23.96
8.62
1,032,100
Sep 27, 2024
24.23
24.23
23.55
23.93
8.61
1,632,300
Sep 26, 2024
24.62
24.75
23.90
24.21
8.71
1,040,900
Sep 25, 2024
23.95
24.36
23.89
24.15
8.69
1,152,200
Sep 24, 2024
23.03
23.88
22.86
23.76
8.55
1,235,100
Sep 23, 2024
22.99
23.07
22.75
23.01
8.28
945,900
Sep 20, 2024
23.22
23.29
22.82
22.97
8.27
1,449,900
Sep 19, 2024
23.29
23.35
23.21
23.21
8.35
1,066,500
Sep 18, 2024
23.12
23.26
22.92
23.00
8.28
1,009,500
Sep 17, 2024
23.20
23.21
22.98
23.04
8.29
729,200
Sep 16, 2024
23.03
23.13
22.86
23.10
8.31
948,500
Sep 13, 2024
23.10
23.14
22.98
23.14
8.33
987,300
Sep 12, 2024
22.91
23.09
22.75
23.02
8.28
1,034,100
Sep 11, 2024
22.10
22.88
21.82
22.85
8.22
1,729,500
Sep 10, 2024
21.87
22.06
21.43
21.93
7.89
1,083,900
Sep 9, 2024
21.30
21.69
21.14
21.67
7.80
1,540,400
Sep 6, 2024
1.355 Dividend 

Sep 6, 2024
21.94
21.97
20.54
20.96
7.54
1,951,800
Sep 5, 2024
22.75
23.55
22.65
23.15
7.84
1,669,300
Sep 4, 2024
22.77
23.59
22.51
22.96
7.78
1,607,300
Sep 3, 2024
24.85
24.85
23.08
23.25
7.88
2,848,900
Aug 30, 2024
25.35
25.69
25.00
25.40
8.60
930,300
Aug 29, 2024
25.36
25.98
24.82
25.03
8.48
1,716,800
Aug 28, 2024
25.75
25.75
25.02
25.45
8.62
1,824,500
Aug 27, 2024
25.33
25.82
25.21
25.72
8.71
832,500
Aug 26, 2024
25.85
25.96
25.21
25.41
8.61
930,800
Aug 23, 2024
25.29
25.75
25.17
25.71
8.71
759,800
Aug 22, 2024
25.81
25.87
24.93
24.99
8.47
1,172,300
Aug 21, 2024
25.53
25.72
25.41
25.64
8.69
705,600
Aug 20, 2024
25.60
25.71
25.29
25.44
8.62
923,700
Aug 19, 2024
25.18
25.74
25.07
25.73
8.72
1,242,300
Aug 16, 2024
24.93
25.24
24.81
25.16
8.52
1,002,900
Aug 15, 2024
24.83
25.08
24.76
25.00
8.47
895,100
Aug 14, 2024
24.78
24.78
24.52
24.74
8.38
1,040,600
Aug 13, 2024
24.33
24.64
24.24
24.64
8.35
1,081,900
Aug 12, 2024
23.43
24.12
23.43
23.86
8.08
1,231,900
Aug 9, 2024
23.22
23.38
22.86
23.13
7.84
1,167,400
Aug 8, 2024
22.43
23.20
21.41
23.09
7.82
1,821,500
Aug 7, 2024
1.251 Dividend 

Aug 7, 2024
23.67
23.81
21.66
21.66
7.34
1,700,600
Aug 6, 2024
24.00
24.83
23.40
24.21
7.78
1,665,100
Aug 5, 2024
21.46
23.90
21.26
23.39
7.51
2,381,300
Aug 2, 2024
23.89
24.93
23.28
24.65
7.92
2,251,500
Aug 1, 2024
26.73
27.15
24.45
25.07
8.05
2,411,900
Jul 31, 2024
25.48
26.80
25.26
26.65
8.56
2,213,500
Jul 30, 2024
25.48
25.53
23.47
23.72
7.62
2,595,400
Jul 29, 2024
25.87
26.34
25.42
25.47
8.18
1,445,600
Jul 26, 2024
26.24
26.24
25.43
25.67
8.25
1,141,300
Jul 25, 2024
25.65
26.33
24.04
25.49
8.19
2,301,500
Jul 24, 2024
26.90
27.02
25.68
25.88
8.31
1,926,200
Jul 23, 2024
27.61
27.78
27.45
27.50
8.83
940,700
Jul 22, 2024
27.00
27.65
26.85
27.60
8.87
1,534,100
Jul 19, 2024
26.93
27.07
26.38
26.53
8.52
1,792,000
Jul 18, 2024
27.12
27.22
26.16
27.01
8.68
2,413,100
Jul 17, 2024
27.19
27.27
26.11
26.36
8.47
3,237,900
Jul 16, 2024
28.65
28.71
27.83
28.23
9.07
1,806,600
Jul 15, 2024
28.94
29.00
28.35
28.60
9.19
1,467,600
Jul 12, 2024
28.26
29.06
28.13
28.73
9.23
1,367,100
Jul 11, 2024
29.10
29.10
28.05
28.17
9.05
3,480,000
Jul 10, 2024
28.87
29.00
28.69
28.98
9.31
1,728,200
Jul 9, 2024
28.46
28.75
28.21
28.60
9.19
2,097,800
Jul 8, 2024
27.93
28.39
27.84
28.10
9.03
2,439,900
Jul 5, 2024
2.471 Dividend 

Jul 5, 2024
27.92
28.17
27.48
27.60
8.87
2,672,200
Jul 3, 2024
29.06
30.46
28.95
30.46
8.99
2,403,300
Jul 2, 2024
28.92
29.35
28.84
29.24
8.63
1,778,700
Jul 1, 2024
29.38
29.61
28.33
29.53
8.72
1,652,400
Jun 28, 2024
29.40
30.01
29.11
29.31
8.65
1,310,800
Jun 27, 2024
29.29
29.74
29.01
29.27
8.64
1,178,100
Jun 26, 2024
29.71
30.07
28.89
29.73
8.78
1,159,500
Jun 25, 2024
28.48
29.74
28.11
29.70
8.77
1,486,100
Jun 24, 2024
29.00
29.13
27.79
27.82
8.21
3,014,300
Jun 21, 2024
29.79
30.50
29.02
29.59
8.74
2,914,000
Jun 20, 2024
31.77
31.77
30.22
30.54
9.02
2,686,600
Jun 18, 2024
30.59
31.36
30.47
31.30
9.24
1,554,500
Jun 17, 2024
30.72
30.80
30.14
30.52
9.01
2,487,000
Jun 14, 2024
30.37
30.61
30.14
30.51
9.01
1,018,700
Jun 13, 2024
30.19
30.26
30.11
30.26
8.93
1,116,000
Jun 12, 2024
29.57
29.99
29.47
29.90
8.83
963,900
Jun 11, 2024
29.30
29.41
28.70
29.16
8.61
864,700
Jun 10, 2024
28.74
29.39
28.25
29.26
8.64
1,425,300
Jun 7, 2024
28.49
28.87
28.15
28.82
8.51
1,541,900
Jun 6, 2024
2.563 Dividend 

Jun 6, 2024
28.90
28.93
28.04
28.58
8.44
2,059,500
Jun 5, 2024
30.69
31.24
30.49
31.24
8.47
2,241,400
Jun 4, 2024
30.01
30.24
29.66
30.23
8.19
927,900
Jun 3, 2024
29.47
29.85
29.24
29.85
8.09
1,129,700
May 31, 2024
29.19
29.19
27.87
28.53
7.73
967,600
May 30, 2024
29.47
29.47
28.48
28.72
7.78
1,356,100
May 29, 2024
29.43
29.46
29.17
29.42
7.97
794,500
May 28, 2024
29.21
29.37
29.13
29.36
7.96
1,272,400
May 24, 2024
28.22
28.64
27.91
28.55
7.74
681,400
May 23, 2024
28.25
28.42
27.60
27.99
7.58
1,248,200
May 22, 2024
27.10
27.18
26.73
27.00
7.32
877,100
May 21, 2024
26.80
27.07
26.65
27.04
7.33
523,800
May 20, 2024
26.68
26.98
26.61
26.89
7.29
685,400
May 17, 2024
26.68
26.70
26.26
26.41
7.16
659,000
May 16, 2024
26.66
26.71
26.59
26.68
7.23
563,700
May 15, 2024
26.30
26.63
26.26
26.63
7.22
482,300
May 14, 2024
25.87
26.22
25.65
26.22
7.11
460,200
May 13, 2024
25.90
26.02
25.52
25.88
7.01
495,400
May 10, 2024
25.72
26.05
25.53
25.75
6.98
492,600
May 9, 2024
25.71
25.85
25.22
25.42
6.89
826,800
May 8, 2024
25.53
25.81
25.45
25.73
6.97
712,900
May 7, 2024
25.78
25.82
25.31
25.67
6.96
564,900
May 6, 2024
1.199 Dividend 

May 6, 2024
25.32
25.85
25.25
25.78
6.99
665,200
May 3, 2024
26.04
26.45
25.87
26.40
6.83
1,182,500
May 2, 2024
25.09
25.60
24.70
25.44
6.58
528,900
May 1, 2024
25.35
25.43
24.10
24.78
6.41
769,200
Apr 30, 2024
25.81
26.09
25.54
25.64
6.63
495,700
Apr 29, 2024
25.84
25.93
25.18
25.91
6.70
626,300
Apr 26, 2024
25.45
25.85
25.45
25.84
6.68
594,100
Apr 25, 2024
24.14
25.35
24.09
25.26
6.53
531,100
Apr 24, 2024
25.39
25.39
24.29
24.46
6.33
660,500
Apr 23, 2024
24.72
25.15
24.51
25.11
6.50
782,600
Apr 22, 2024
23.80
24.43
23.42
24.31
6.29
1,132,700
Apr 19, 2024
25.41
25.65
23.00
23.38
6.05
1,745,500
Apr 18, 2024
25.78
26.16
25.05
25.73
6.66
488,200
Apr 17, 2024
26.86
26.86
25.52
25.61
6.62
867,500
Apr 16, 2024
26.25
26.70
26.14
26.57
6.87
510,100
Apr 15, 2024
26.90
27.18
26.06
26.13
6.76
638,100
Apr 12, 2024
26.98
27.04
26.45
26.63
6.89
526,800
Apr 11, 2024
26.38
27.09
26.20
27.09
7.01
736,700
Apr 10, 2024
25.30
26.22
25.15
26.22
6.78
536,000
Apr 9, 2024
26.29
26.30
24.97
25.72
6.65
1,054,500
Apr 8, 2024
26.58
26.58
26.02
26.20
6.78
1,058,300
Apr 5, 2024
25.88
26.43
25.65
26.31
6.81
543,500
Apr 4, 2024
2.608 Dividend 

Apr 4, 2024
27.05
27.05
25.62
25.63
6.63
1,334,600
Apr 3, 2024
29.00
29.61
29.00
29.20
6.88
1,337,700
Apr 2, 2024
29.08
29.48
28.75
29.37
6.92
813,100
Apr 1, 2024
29.58
29.89
29.17
29.52
6.95
824,200
Mar 28, 2024
29.30
29.51
29.01
29.40
6.93
542,300
Mar 27, 2024
30.25
30.26
28.93
29.30
6.90
900,900
Mar 26, 2024
31.08
31.08
30.04
30.04
7.08
699,200
Mar 25, 2024
30.48
31.00
30.18
30.70
7.23
743,600
Mar 22, 2024
29.30
30.44
29.25
30.31
7.14
547,000
Mar 21, 2024
29.74
29.74
29.10
29.39
6.92
605,300
Mar 20, 2024
28.85
29.08
28.38
29.05
6.84
490,300
Mar 19, 2024
27.92
28.98
27.34
28.65
6.75
737,500
Mar 18, 2024
28.65
28.98
27.83
28.17
6.64
711,200
Mar 15, 2024
27.52
28.35
27.30
27.91
6.57
394,600
Mar 14, 2024
28.42
28.64
27.42
27.81
6.55
472,000
Mar 13, 2024
28.89
28.90
27.97
28.75
6.77
649,500
Mar 12, 2024
27.81
28.99
27.25
28.99
6.83
763,500
Mar 11, 2024
27.30
27.94
26.69
27.15
6.40
809,300
Mar 8, 2024
29.80
30.00
27.22
27.60
6.50
1,613,400
Mar 7, 2024
29.00
29.09
28.83
29.08
6.85
868,100
Mar 6, 2024
2.622 Dividend 

Mar 6, 2024
28.85
28.98
28.71
28.88
6.80
1,018,900
Mar 5, 2024
31.25
31.25
30.60
31.17
6.73
1,989,500
Mar 4, 2024
30.86
31.31
30.70
31.02
6.69
785,100
Mar 1, 2024
29.69
30.36
29.35
30.36
6.55
419,300
Feb 29, 2024
29.09
29.47
28.89
29.37
6.34
309,500
Feb 28, 2024
28.69
29.08
28.45
28.65
6.18
311,700
Feb 27, 2024
29.18
29.18
28.43
28.99
6.25
252,900
Feb 26, 2024
29.23
29.38
28.81
29.09
6.28
379,700
Feb 23, 2024
29.38
29.64
28.33
28.91
6.24
575,600
Feb 22, 2024
27.15
28.61
27.01
28.60
6.17
741,100
Feb 21, 2024
24.56
24.94
24.10
24.45
5.28
325,800
Feb 20, 2024
25.85
25.85
24.50
25.09
5.41
546,900
Feb 16, 2024
26.33
26.40
25.89
25.97
5.60
318,000
Feb 15, 2024
26.15
26.15
25.70
25.89
5.59
210,300
Feb 14, 2024
25.89
26.12
25.59
26.06
5.62
175,300
Feb 13, 2024
25.02
25.89
24.85
25.59
5.52
270,400
Feb 12, 2024
25.72
26.08
25.20
25.60
5.52
336,700
Feb 9, 2024
25.49
25.50
25.40
25.50
5.50
371,900
Feb 8, 2024
25.27
25.40
25.23
25.35
5.47
200,900
Feb 7, 2024
1.53 Dividend 

Feb 7, 2024
24.89
25.31
24.70
25.31
5.46
361,100
Feb 6, 2024
26.65
26.66
25.82
26.37
5.36
519,000
Feb 5, 2024
26.15
26.56
26.03
26.56
5.40
272,100
Feb 2, 2024
25.82
25.82
25.59
25.75
5.23
274,300
Feb 1, 2024
24.92
25.46
24.83
25.35
5.15
231,700
Jan 31, 2024
24.80
24.97
24.52
24.76
5.03
133,700
Jan 30, 2024
25.08
25.27
24.96
24.97
5.07
135,600
Jan 29, 2024
24.64
25.00
24.50
25.00
5.08
136,400
Jan 26, 2024
24.48
24.57
24.32
24.45
4.97
169,800
Jan 25, 2024
24.50
24.56
24.32
24.51
4.98
150,200
Jan 24, 2024
24.02
24.53
24.01
24.40
4.96
251,000
Jan 23, 2024
23.86
23.97
23.51
23.97
4.87
142,900
Jan 22, 2024
23.95
23.95
23.63
23.87
4.85
274,100
Jan 19, 2024
23.60
23.69
23.52
23.69
4.81
278,700
Jan 18, 2024
23.50
23.56
23.38
23.49
4.77
181,900
Jan 17, 2024
23.21
23.32
22.90
23.30
4.74
167,600
Jan 16, 2024
22.90
23.37
22.89
23.32
4.74
237,200
Jan 12, 2024
22.79
22.86
22.65
22.82
4.64
155,400
Jan 11, 2024
22.83
22.88
22.36
22.81
4.64
210,400
Jan 10, 2024
22.38
22.66
22.31
22.61
4.60
180,800
Jan 9, 2024
22.43
22.50
22.19
22.20
4.51
390,600
Jan 8, 2024
21.98
22.40
21.98
22.40
4.55
229,100
Jan 5, 2024
0.626 Dividend 

Jan 5, 2024
21.66
21.95
21.59
21.87
4.44
143,800
Jan 4, 2024
21.95
22.23
21.80
22.08
4.36
183,700
Jan 3, 2024
21.80
22.07
21.73
21.83
4.31
126,400
Jan 2, 2024
22.59
22.59
21.85
22.13
4.37
196,300
Dec 29, 2023
22.59
22.73
22.25
22.61
4.46
161,700
Dec 28, 2023
22.55
22.64
22.44
22.53
4.45
147,600
Dec 27, 2023
22.38
22.45
22.32
22.42
4.43
109,700
Dec 26, 2023
22.12
22.39
22.12
22.34
4.41
134,200
Dec 22, 2023
22.30
22.31
21.97
22.11
4.37
101,500
Dec 21, 2023
22.04
22.19
21.91
22.16
4.38
74,100
Dec 20, 2023
22.25
22.44
21.81
21.81
4.31
151,600
Dec 19, 2023
22.17
22.30
22.05
22.26
4.40
163,700
Dec 18, 2023
22.05
22.43
22.01
22.42
4.43
211,000
Dec 15, 2023
21.78
21.97
21.78
21.97
4.34
211,900
Dec 14, 2023
21.76
21.89
21.63
21.85
4.31
194,600
Dec 13, 2023
21.62
21.81
21.61
21.78
4.30
204,900
Dec 12, 2023
20.92
21.54
20.92
21.54
4.25
147,800
Dec 11, 2023
21.48
21.48
20.86
21.20
4.19
148,600
Dec 8, 2023
21.03
21.49
21.03
21.37
4.22
150,900
Dec 7, 2023
0.507 Dividend 

Dec 7, 2023
20.71
21.10
20.67
21.10
4.17
140,000
Dec 6, 2023
21.78
21.89
21.07
21.17
4.08
237,600
Dec 5, 2023
21.08
21.58
21.03
21.54
4.15
129,900
Dec 4, 2023
21.42
21.42
20.87
21.11
4.07
315,700
Dec 1, 2023
21.55
21.78
21.37
21.66
4.17
105,700
Nov 30, 2023
22.18
22.18
21.41
21.64
4.17
265,000
Nov 29, 2023
22.25
22.42
22.00
22.15
4.27
203,500
Nov 28, 2023
22.12
22.22
21.87
21.97
4.23
145,600
Nov 27, 2023
21.98
22.25
21.92
22.18
4.28
155,400
Nov 24, 2023
22.15
22.34
21.85
21.85
4.21
90,300
Nov 22, 2023
22.29
22.70
21.81
22.27
4.29
510,800
Nov 21, 2023
22.25
22.32
21.99
22.22
4.28
206,800
Nov 20, 2023
22.00
22.32
21.95
22.27
4.29
267,000
Nov 17, 2023
21.95
22.04
21.83
21.97
4.23
277,800
Nov 16, 2023
21.72
22.00
21.58
22.00
4.24
168,600
Nov 15, 2023
22.00
22.03
21.51
21.75
4.19
139,300
Nov 14, 2023
22.00
22.00
21.75
21.97
4.23
217,700
Nov 13, 2023
21.45
21.75
21.45
21.67
4.18
311,600
Nov 10, 2023
21.25
21.50
21.01
21.45
4.13
283,100
Nov 9, 2023
21.32
21.37
21.30
21.31
4.11
198,500
Nov 8, 2023
0.415 Dividend 

Nov 8, 2023
21.28
21.33
21.21
21.29
4.10
150,000
Nov 7, 2023
21.65
21.68
21.50
21.63
4.09
341,200
Nov 6, 2023
21.54
21.63
21.43
21.63
4.09
261,700
Nov 3, 2023
21.43
21.45
21.38
21.44
4.05
206,400
Nov 2, 2023
21.35
21.39
21.20
21.34
4.03
259,700
Nov 1, 2023
20.47
21.05
20.47
21.05
3.98
159,900
Oct 31, 2023
20.24
20.37
19.62
20.36
3.85
329,800
Oct 30, 2023
20.41
20.65
20.20
20.48
3.87
192,700
Oct 27, 2023
20.41
20.41
19.90
20.10
3.80
155,600
Oct 26, 2023
20.70
20.98
19.82
19.97
3.78
415,500
Oct 25, 2023
21.33
21.47
20.65
20.69
3.91
247,600
Oct 24, 2023
21.27
21.52
21.07
21.44
4.05
169,600
Oct 23, 2023
20.36
21.29
20.26
21.17
4.00
441,700
Oct 20, 2023
20.73
20.97
20.33
20.51
3.88
481,700
Oct 19, 2023
21.02
21.30
20.71
20.82
3.94
394,700
Oct 18, 2023
21.08
21.32
20.69
20.80
3.93
543,000
Oct 17, 2023
21.78
22.09
21.04
21.74
4.11
623,200
Oct 16, 2023
22.29
22.70
22.13
22.62
4.28
182,100
Oct 13, 2023
22.60
22.60
22.27
22.31
4.22
234,200
Oct 12, 2023
22.46
22.58
22.44
22.55
4.26
188,100
Oct 11, 2023
22.35
22.50
22.35
22.50
4.25
240,500
Oct 10, 2023
22.00
22.34
21.99
22.22
4.20
241,000
Oct 9, 2023
21.82
22.13
21.68
22.03
4.16
317,400
Oct 6, 2023
0.677 Dividend 

Oct 6, 2023
21.74
22.10
21.60
22.05
4.17
504,700
Oct 5, 2023
22.29
22.57
22.20
22.53
4.13
578,600
Oct 4, 2023
22.14
22.28
21.91
22.25
4.08
430,000
Oct 3, 2023
22.44
22.45
21.85
22.00
4.03
392,000
Oct 2, 2023
22.12
22.44
22.06
22.37
4.10
395,600
Sep 29, 2023
21.99
22.04
21.83
21.90
4.02
343,400
Sep 28, 2023
21.42
21.76
21.20
21.68
3.98
193,900
Sep 27, 2023
21.30
21.46
20.95
21.36
3.92
250,600
Sep 26, 2023
21.15
21.44
20.95
21.10
3.87
303,800
Sep 25, 2023
20.93
21.31
20.73
21.16
3.88
314,000
Sep 22, 2023
20.91
21.13
20.70
20.89
3.83
226,600
Sep 21, 2023
20.93
21.07
20.59
20.64
3.78
365,700
Sep 20, 2023
21.91
21.95
21.12
21.17
3.88
429,600
Sep 19, 2023
21.97
21.99
21.55
21.81
4.00
345,600
Sep 18, 2023
21.45
22.14
21.21
22.03
4.04
463,200
Sep 15, 2023
22.71
22.78
21.91
22.05
4.04
496,000
Sep 14, 2023
22.96
22.96
22.55
22.82
4.18
196,800
Sep 13, 2023
22.34
22.87
22.24
22.69
4.16
188,200
Sep 12, 2023
22.37
22.74
22.22
22.41
4.11
242,200
Sep 11, 2023
22.97
22.97
22.11
22.53
4.13
466,400
Sep 8, 2023
0.93 Dividend 

Sep 8, 2023
22.88
23.03
22.54
22.65
4.15
367,800
Sep 7, 2023
23.51
23.90
23.28
23.85
4.20
799,100
Sep 6, 2023
24.92
24.92
24.01
24.23
4.27
346,300
Sep 5, 2023
24.77
24.98
24.60
24.89
4.39
403,800
Sep 1, 2023
24.96
24.96
24.63
24.86
4.38
363,200
Aug 31, 2023
24.74
24.88
24.70
24.82
4.37
185,100
Aug 30, 2023
24.65
24.76
24.48
24.70
4.35
258,500
Aug 29, 2023
23.85
24.58
23.68
24.53
4.32
257,000
Aug 28, 2023
23.67
23.88
22.94
23.82
4.20
351,800
Aug 25, 2023
23.98
24.23
22.90
23.46
4.13
305,600
Aug 24, 2023
24.22
24.55
23.88
23.98
4.23
360,100
Aug 23, 2023
22.77
23.28
22.50
23.20
4.09
280,600
Aug 22, 2023
23.40
23.40
22.54
22.70
4.00
245,800
Aug 21, 2023
22.12
23.07
22.12
23.06
4.06
302,600
Aug 18, 2023
21.31
21.83
21.03
21.76
3.83
205,300
Aug 17, 2023
21.99
21.99
21.55
21.74
3.83
111,900
Aug 16, 2023
22.00
22.10
21.69
21.74
3.83
185,800
Aug 15, 2023
22.23
22.34
21.83
21.90
3.86
201,100
Aug 14, 2023
20.50
21.87
20.46
21.82
3.85
216,300
Aug 11, 2023
20.99
21.08
20.50
20.69
3.65
122,100
Aug 10, 2023
21.20
21.65
21.06
21.20
3.74
133,000
Aug 9, 2023
22.19
22.19
21.05
21.26
3.75
201,900
Aug 8, 2023
22.21
22.51
21.99
22.24
3.92
108,600
Aug 7, 2023
22.30
22.57
22.21
22.54
3.97
161,800
Aug 4, 2023
0.814 Dividend 

Aug 4, 2023
22.44
22.65
22.05
22.19
3.91
216,600
Aug 3, 2023
22.51
23.14
22.51
22.89
3.89
216,000
Aug 2, 2023
23.58
23.58
22.30
22.78
3.87
320,200
Aug 1, 2023
23.86
23.99
23.64
23.84
4.05
183,500
Jul 31, 2023
23.90
24.05
23.81
23.89
4.06
177,900
Jul 28, 2023
23.83
23.92
23.62
23.86
4.06
158,200
Jul 27, 2023
23.66
23.99
23.33
23.40
3.98
137,100
Jul 26, 2023
23.35
23.35
22.78
23.21
3.94
126,100
Jul 25, 2023
22.78
23.39
22.78
23.15
3.93
110,300
Jul 24, 2023
22.87
22.98
22.50
22.78
3.87
170,600
Jul 21, 2023
23.42
23.42
22.59
22.62
3.84
175,100
Jul 20, 2023
23.68
23.84
22.90
23.17
3.94
160,800
Jul 19, 2023
24.10
24.11
23.72
23.85
4.05
153,700
Jul 18, 2023
23.72
24.16
23.22
24.02
4.08
175,500
Jul 17, 2023
23.50
23.59
22.85
23.44
3.98
246,800
Jul 14, 2023
24.08
24.12
23.24
23.50
3.99
426,400
Jul 13, 2023
23.89
24.08
23.83
24.08
4.09
99,000
Jul 12, 2023
23.36
23.70
23.23
23.70
4.03
96,200
Jul 11, 2023
23.09
23.15
22.88
23.03
3.91
86,900
Jul 10, 2023
23.11
23.11
22.67
22.85
3.88
112,700
Jul 7, 2023
0.957 Dividend 

Jul 7, 2023
22.77
23.31
22.77
22.97
3.90
114,300
Jul 6, 2023
23.59
23.69
23.26
23.67
3.86
157,600
Jul 5, 2023
23.79
24.09
23.75
23.81
3.88
182,600
Jul 3, 2023
23.78
23.80
23.50
23.67
3.86
90,100
Jun 30, 2023
23.26
23.74
23.19
23.59
3.85
55,700
Jun 29, 2023
23.20
23.20
22.65
22.81
3.72
53,700
Jun 28, 2023
22.71
23.32
22.65
22.92
3.74
69,700
Jun 27, 2023
22.76
23.35
22.55
23.32
3.80
54,000
Jun 26, 2023
23.60
23.72
22.34
22.68
3.70
102,200
Jun 23, 2023
23.57
23.70
23.33
23.42
3.82
53,800
Jun 22, 2023
23.53
23.95
23.33
23.80
3.88
49,900
Jun 21, 2023
24.14
24.14
23.38
23.77
3.88
65,600
Jun 20, 2023
23.72
24.16
23.53
24.14
3.94
66,600
Jun 16, 2023
23.96
23.98
23.47
23.47
3.83
83,600
Jun 15, 2023
23.57
23.62
23.43
23.59
3.85
55,300
Jun 14, 2023
23.45
23.59
23.35
23.58
3.85
61,000
Jun 13, 2023
23.24
23.48
23.05
23.48
3.83
35,600
Jun 12, 2023
22.89
22.98
22.62
22.98
3.75
43,500
Jun 9, 2023
22.68
22.94
22.60
22.70
3.70
25,500
Jun 8, 2023
22.13
22.65
22.10
22.58
3.68
37,200
Jun 7, 2023
0.746 Dividend 

Jun 7, 2023
22.99
23.21
22.10
22.17
3.62
60,400
Jun 6, 2023
23.63
23.66
23.13
23.50
3.71
69,200
Jun 5, 2023
23.56
23.71
23.40
23.69
3.74
23,500
Jun 2, 2023
24.13
24.13
23.45
23.64
3.73
47,600
Jun 1, 2023
23.21
23.90
23.14
23.83
3.76
49,100
May 31, 2023
23.66
23.88
22.83
22.83
3.60
33,500
May 30, 2023
26.49
26.50
23.71
23.79
3.76
34,900
May 26, 2023
22.62
23.20
22.48
23.17
3.66
42,600
May 25, 2023
22.81
22.81
22.00
22.48
3.55
98,000
May 24, 2023
20.71
20.84
20.49
20.82
3.29
22,600
May 23, 2023
21.12
21.18
20.94
20.96
3.31
19,600
May 22, 2023
21.20
21.35
21.04
21.24
3.35
19,000
May 19, 2023
21.34
21.34
21.09
21.26
3.36
35,300
May 18, 2023
20.97
21.34
20.91
21.31
3.36
33,400
May 17, 2023
20.44
20.84
20.44
20.84
3.29
15,400
May 16, 2023
20.15
20.61
20.15
20.35
3.21
21,800
May 15, 2023
19.96
20.18
19.74
20.15
3.18
16,500
May 12, 2023
20.00
20.09
19.60
19.83
3.13
35,100
May 11, 2023
20.01
20.01
19.85
19.91
3.14
12,700
