Date
Open
High
Low
Close 

Adj Close 

Volume
Jun 5, 2026
26.63
26.63
25.08
25.15
25.15
513,800
Jun 4, 2026
26.46
27.40
26.01
27.12
27.12
138,100
Jun 3, 2026
27.28
27.42
26.47
26.52
26.52
230,400
Jun 2, 2026
0.256 Dividend 

Jun 2, 2026
27.61
28.25
27.26
27.44
27.44
174,500
Jun 1, 2026
26.73
27.87
26.73
27.85
27.59
345,300
May 29, 2026
26.65
27.00
26.19
26.25
26.01
153,900
May 28, 2026
26.05
26.73
26.05
26.56
26.32
122,200
May 27, 2026
0.598 Dividend 

May 27, 2026
26.60
26.66
25.75
26.35
26.11
239,900
May 26, 2026
27.51
27.69
26.80
27.23
26.39
195,300
May 22, 2026
28.10
28.34
27.22
27.28
26.44
185,700
May 21, 2026
28.20
28.97
27.55
27.82
26.96
197,200
May 20, 2026
28.31
28.68
27.91
28.37
27.49
109,900
May 19, 2026
0.26 Dividend 

May 19, 2026
27.72
28.37
27.48
27.83
26.97
111,600
May 18, 2026
29.26
29.40
27.76
28.46
27.33
193,200
May 15, 2026
29.34
29.53
28.47
28.58
27.44
190,900
May 14, 2026
29.64
30.22
29.33
30.20
29.00
381,300
May 13, 2026
29.13
29.41
28.91
29.28
28.11
98,800
May 12, 2026
0.239 Dividend 

May 12, 2026
28.48
29.02
28.08
28.82
27.67
211,500
May 11, 2026
28.26
29.08
28.26
28.77
27.40
140,800
May 8, 2026
28.00
28.58
27.97
28.26
26.91
82,700
May 7, 2026
27.54
28.04
27.35
27.87
26.54
104,800
May 6, 2026
26.45
27.46
26.38
27.40
26.09
147,100
May 5, 2026
0.218 Dividend 

May 5, 2026
26.40
26.43
25.91
25.98
24.74
75,400
May 4, 2026
26.54
26.85
25.88
26.43
24.96
192,700
May 1, 2026
26.70
26.93
26.27
26.43
24.96
109,100
Apr 30, 2026
27.71
27.77
26.35
26.48
25.01
181,100
Apr 29, 2026
27.92
27.92
27.40
27.54
26.01
68,700
Apr 28, 2026
0.18 Dividend 

Apr 28, 2026
27.48
28.06
27.43
27.98
26.42
45,700
Apr 27, 2026
27.75
28.46
27.48
28.46
26.71
92,200
Apr 24, 2026
26.65
27.83
26.61
27.53
25.83
111,300
Apr 23, 2026
26.82
27.06
26.15
26.52
24.89
80,700
Apr 22, 2026
26.69
26.88
26.50
26.82
25.17
84,500
Apr 21, 2026
0.143 Dividend 

Apr 21, 2026
26.84
26.84
26.42
26.58
24.94
81,600
Apr 20, 2026
26.62
26.96
26.45
26.91
25.12
114,800
Apr 17, 2026
26.65
26.88
26.59
26.81
25.02
88,900
Apr 16, 2026
26.37
26.54
26.21
26.43
24.67
125,100
Apr 15, 2026
26.21
26.55
26.20
26.40
24.64
117,600
Apr 14, 2026
0.18 Dividend 

Apr 14, 2026
25.73
26.23
25.65
26.15
24.41
90,800
Apr 13, 2026
25.28
25.69
25.25
25.64
23.76
135,700
Apr 10, 2026
25.06
25.71
25.05
25.52
23.65
90,800
Apr 9, 2026
24.78
24.98
24.65
24.98
23.15
41,900
Apr 8, 2026
25.08
25.08
24.50
24.71
22.90
184,800
Apr 7, 2026
0.191 Dividend 

Apr 7, 2026
23.90
24.19
23.62
24.19
22.42
105,200
Apr 6, 2026
24.31
24.40
24.07
24.31
22.35
176,000
Apr 2, 2026
23.43
24.33
23.36
24.32
22.36
135,900
Apr 1, 2026
24.00
24.19
23.90
24.00
22.07
100,000
Mar 31, 2026
0.182 Dividend 

Mar 31, 2026
22.64
23.85
22.64
23.77
21.86
89,400
Mar 30, 2026
23.10
23.16
22.44
22.52
20.54
85,600
Mar 27, 2026
23.27
23.41
22.85
22.93
20.92
159,400
Mar 26, 2026
24.35
24.35
23.44
23.50
21.44
139,100
Mar 25, 2026
24.40
25.01
24.40
24.69
22.52
150,800
Mar 24, 2026
0.27 Dividend 

Mar 24, 2026
24.06
24.27
23.90
24.08
21.96
57,200
Mar 23, 2026
24.60
24.83
24.32
24.47
22.07
175,500
Mar 20, 2026
24.79
24.79
23.78
23.99
21.64
120,800
Mar 19, 2026
24.79
25.07
24.40
24.87
22.43
128,000
Mar 18, 2026
25.44
25.60
25.17
25.17
22.71
74,900
Mar 17, 2026
0.27 Dividend 

Mar 17, 2026
25.74
25.75
25.35
25.41
22.92
101,300
Mar 16, 2026
25.64
26.34
25.51
25.71
22.95
165,700
Mar 13, 2026
25.88
26.09
25.23
25.32
22.60
124,100
Mar 12, 2026
25.85
25.92
25.44
25.71
22.95
58,900
Mar 11, 2026
26.04
26.24
25.87
26.11
23.31
79,400
Mar 10, 2026
0.27 Dividend 

Mar 10, 2026
25.52
26.07
25.45
25.86
23.08
93,800
Mar 9, 2026
24.74
25.78
24.65
25.78
22.77
112,700
Mar 6, 2026
25.29
25.67
24.82
24.99
22.07
101,100
Mar 5, 2026
25.43
25.86
24.84
25.68
22.68
109,000
Mar 4, 2026
25.24
25.90
25.18
25.63
22.64
90,600
Mar 3, 2026
0.424 Dividend 

Mar 3, 2026
24.82
25.31
24.65
25.19
22.25
125,000
Mar 2, 2026
24.71
26.06
24.63
25.94
22.54
105,500
Feb 27, 2026
25.72
25.85
24.97
25.13
21.83
132,600
Feb 26, 2026
27.47
27.47
26.16
26.29
22.84
125,400
Feb 25, 2026
27.29
27.68
27.25
27.54
23.93
70,500
Feb 24, 2026
0.241 Dividend 

Feb 24, 2026
26.96
27.20
26.38
27.14
23.58
63,900
Feb 23, 2026
27.20
27.45
26.91
27.24
23.46
102,500
Feb 20, 2026
26.49
26.98
26.40
26.97
23.22
49,600
Feb 19, 2026
26.52
26.75
26.31
26.75
23.04
48,500
Feb 18, 2026
0.314 Dividend 

Feb 18, 2026
26.75
26.97
26.47
26.69
22.98
71,300
Feb 17, 2026
25.85
26.75
25.52
26.50
22.55
77,200
Feb 13, 2026
26.67
26.67
25.85
26.05
22.17
103,100
Feb 12, 2026
27.17
27.30
26.64
26.64
22.67
60,700
Feb 11, 2026
27.21
27.47
26.87
26.94
22.92
72,900
Feb 10, 2026
0.242 Dividend 

Feb 10, 2026
27.03
27.17
26.78
26.84
22.84
69,600
Feb 9, 2026
26.51
27.54
26.51
27.19
22.93
76,300
Feb 6, 2026
25.52
26.81
25.38
26.60
22.43
57,200
Feb 5, 2026
25.43
25.81
24.80
25.03
21.11
158,000
Feb 4, 2026
26.25
26.30
24.90
25.42
21.44
143,800
Feb 3, 2026
0.232 Dividend 

Feb 3, 2026
27.51
27.51
25.76
26.39
22.26
121,000
Feb 2, 2026
27.98
28.50
27.60
27.64
23.11
80,200
Jan 30, 2026
28.53
29.00
28.39
28.55
23.88
64,000
Jan 29, 2026
28.52
28.78
27.88
28.78
24.07
77,800
Jan 28, 2026
28.51
28.65
28.38
28.52
23.85
74,100
Jan 27, 2026
0.175 Dividend 

Jan 27, 2026
27.97
28.33
27.73
28.10
23.50
76,600
Jan 26, 2026
28.11
28.32
27.94
27.96
23.24
74,400
Jan 23, 2026
28.05
28.22
27.97
28.14
23.39
50,000
Jan 22, 2026
27.67
27.92
27.56
27.65
22.98
42,100
Jan 21, 2026
0.208 Dividend 

Jan 21, 2026
26.65
27.71
26.53
27.37
22.75
61,300
Jan 20, 2026
27.29
27.35
26.56
26.61
21.94
98,500
Jan 16, 2026
28.44
28.65
28.01
28.01
23.10
38,300
Jan 15, 2026
28.03
28.56
28.03
28.18
23.24
79,000
Jan 14, 2026
27.66
27.66
27.11
27.48
22.66
71,400
Jan 13, 2026
0.204 Dividend 

Jan 13, 2026
27.74
28.21
27.55
27.88
22.99
54,700
Jan 12, 2026
27.61
28.29
27.61
27.92
22.85
82,400
Jan 9, 2026
27.95
28.09
27.72
27.93
22.86
86,100
Jan 8, 2026
28.50
28.57
27.68
27.94
22.87
97,500
Jan 7, 2026
28.37
28.80
28.25
28.51
23.34
90,000
Jan 6, 2026
0.15 Dividend 

Jan 6, 2026
28.55
28.87
28.20
28.25
23.12
130,000
Jan 5, 2026
28.98
29.10
28.19
28.56
23.25
133,000
Jan 2, 2026
28.65
29.01
28.43
28.47
23.18
151,500
Dec 31, 2025
28.64
28.82
28.16
28.20
22.96
97,100
Dec 30, 2025
0.172 Dividend 

Dec 30, 2025
28.47
28.57
28.23
28.36
23.09
72,300
Dec 29, 2025
28.55
28.73
28.22
28.69
23.22
136,400
Dec 26, 2025
28.87
29.21
28.79
29.06
23.52
76,400
Dec 24, 2025
28.59
28.63
28.43
28.56
23.11
54,600
Dec 23, 2025
0.232 Dividend 

Dec 23, 2025
28.09
28.68
28.07
28.62
23.16
88,600
Dec 22, 2025
28.29
28.42
28.19
28.42
22.81
109,600
Dec 19, 2025
27.36
28.09
27.36
28.09
22.55
67,800
Dec 18, 2025
27.01
27.40
26.64
26.97
21.65
73,500
Dec 17, 2025
27.45
27.45
26.31
26.46
21.24
132,900
Dec 16, 2025
0.262 Dividend 

Dec 16, 2025
27.49
27.75
27.20
27.69
22.23
109,900
Dec 15, 2025
28.10
28.10
27.47
27.72
22.04
128,400
Dec 12, 2025
28.40
28.61
27.37
27.54
21.90
112,100
Dec 11, 2025
28.38
28.45
27.60
28.45
22.62
121,100
Dec 10, 2025
29.00
29.05
28.55
28.98
23.04
81,900
Dec 9, 2025
0.268 Dividend 

Dec 9, 2025
29.03
29.07
28.77
29.05
23.10
110,400
Dec 8, 2025
28.89
29.57
28.87
29.32
23.10
154,800
Dec 5, 2025
29.04
29.07
28.57
28.87
22.75
88,200
Dec 4, 2025
28.69
29.07
28.39
29.04
22.88
95,500
Dec 3, 2025
28.54
28.68
28.22
28.38
22.36
147,100
Dec 2, 2025
0.399 Dividend 

Dec 2, 2025
28.63
29.11
28.29
28.58
22.52
111,500
Dec 1, 2025
27.90
28.81
27.50
28.73
22.32
237,700
Nov 28, 2025
28.53
28.53
28.06
28.21
21.92
114,400
Nov 26, 2025
28.71
29.00
28.25
28.67
22.27
81,100
Nov 25, 2025
0.584 Dividend 

Nov 25, 2025
27.59
28.16
26.60
28.15
21.87
131,500
Nov 24, 2025
28.94
29.55
28.59
29.53
22.49
98,000
Nov 21, 2025
28.98
29.65
27.70
28.74
21.89
194,600
Nov 20, 2025
31.39
31.39
28.90
29.27
22.29
185,800
Nov 19, 2025
29.49
29.86
29.13
29.77
22.67
101,200
Nov 18, 2025
0.334 Dividend 

Nov 18, 2025
29.10
29.36
28.55
28.81
21.94
65,900
Nov 17, 2025
30.30
30.42
29.68
30.11
22.68
109,600
Nov 14, 2025
29.50
30.60
28.97
30.58
23.03
68,200
Nov 13, 2025
30.63
30.74
29.47
30.01
22.60
84,900
Nov 12, 2025
0.308 Dividend 

Nov 12, 2025
31.36
31.36
30.75
31.13
23.44
71,600
Nov 11, 2025
31.43
31.46
31.00
31.22
23.28
74,900
Nov 10, 2025
31.50
32.06
31.30
32.06
23.91
124,600
Nov 7, 2025
29.81
30.39
28.77
30.33
22.61
99,400
Nov 6, 2025
32.00
32.14
29.99
30.39
22.66
105,000
Nov 5, 2025
32.45
33.08
31.71
31.81
23.72
99,500
Nov 4, 2025
0.286 Dividend 

Nov 4, 2025
33.41
33.54
32.28
32.58
24.29
138,900
Nov 3, 2025
34.10
34.58
33.94
34.08
25.20
136,500
Oct 31, 2025
33.89
33.99
33.18
33.30
24.62
48,400
Oct 30, 2025
33.53
33.53
33.10
33.29
24.62
54,400
Oct 29, 2025
33.70
34.23
33.45
33.81
25.00
69,700
Oct 28, 2025
0.271 Dividend 

Oct 28, 2025
32.01
33.17
31.93
32.97
24.38
111,400
Oct 27, 2025
32.03
32.20
31.80
32.20
23.61
119,500
Oct 24, 2025
31.20
31.59
31.10
31.35
22.99
64,500
Oct 23, 2025
30.31
30.93
30.29
30.85
22.62
47,700
Oct 22, 2025
30.45
30.88
29.68
30.39
22.28
88,700
Oct 21, 2025
0.271 Dividend 

Oct 21, 2025
30.78
30.78
30.21
30.53
22.38
81,400
Oct 20, 2025
31.16
31.35
30.89
31.10
22.60
106,100
Oct 17, 2025
30.39
31.12
30.39
31.00
22.53
65,700
Oct 16, 2025
30.72
31.00
30.27
30.83
22.41
55,800
Oct 15, 2025
31.36
31.36
29.80
30.42
22.11
81,500
Oct 14, 2025
0.265 Dividend 

Oct 14, 2025
31.35
31.35
30.29
30.37
22.07
64,400
Oct 13, 2025
32.15
32.57
31.88
32.21
23.22
111,100
Oct 10, 2025
33.15
33.48
31.13
31.25
22.53
132,400
Oct 9, 2025
32.96
33.21
32.69
33.08
23.85
137,500
Oct 8, 2025
31.80
32.40
31.80
32.30
23.28
68,700
Oct 7, 2025
0.236 Dividend 

Oct 7, 2025
31.83
32.25
31.46
31.51
22.71
63,100
Oct 6, 2025
31.95
32.27
31.50
31.84
22.78
208,200
Oct 3, 2025
32.46
32.70
31.92
32.28
23.10
90,700
Oct 2, 2025
32.55
32.65
32.40
32.42
23.20
83,900
Oct 1, 2025
31.97
32.30
31.78
32.25
23.07
61,500
Sep 30, 2025
0.458 Dividend 

Sep 30, 2025
31.54
32.20
31.42
32.17
23.02
100,100
Sep 29, 2025
31.50
32.16
31.50
32.00
22.57
90,800
Sep 26, 2025
31.21
31.33
30.70
31.31
22.08
54,700
Sep 25, 2025
30.49
31.50
30.27
31.27
22.05
73,200
Sep 24, 2025
31.30
31.41
30.67
30.92
21.81
49,000
Sep 23, 2025
0.213 Dividend 

Sep 23, 2025
31.68
31.68
30.91
31.17
21.98
64,300
Sep 22, 2025
30.81
32.15
30.70
32.01
22.42
99,400
Sep 19, 2025
30.79
31.19
30.70
30.84
21.61
43,800
Sep 18, 2025
30.20
30.87
30.06
30.75
21.54
69,300
Sep 17, 2025
29.95
30.00
29.00
29.49
20.66
137,000
Sep 16, 2025
0.202 Dividend 

Sep 16, 2025
30.89
30.91
30.34
30.45
21.33
78,500
Sep 15, 2025
30.72
31.24
30.54
31.23
21.74
121,800
Sep 12, 2025
31.06
31.25
30.69
31.18
21.70
54,300
Sep 11, 2025
31.21
31.22
30.92
31.11
21.65
38,400
Sep 10, 2025
30.88
31.20
30.67
30.89
21.50
94,100
Sep 9, 2025
0.239 Dividend 

Sep 9, 2025
29.49
29.87
29.00
29.87
20.79
92,100
Sep 8, 2025
29.29
30.01
29.29
29.50
20.37
113,700
Sep 5, 2025
29.50
29.57
28.66
29.20
20.16
100,700
Sep 4, 2025
29.94
30.23
29.66
30.23
20.87
58,300
Sep 3, 2025
0.551 Dividend 

Sep 3, 2025
30.07
30.31
29.50
29.93
20.66
62,600
Sep 2, 2025
30.34
30.82
29.74
30.62
20.76
120,200
Aug 29, 2025
32.06
32.06
31.03
31.30
21.22
76,500
Aug 28, 2025
32.43
32.69
31.72
32.43
21.99
93,500
Aug 27, 2025
32.25
32.26
31.71
32.20
21.83
83,500
Aug 26, 2025
0.215 Dividend 

Aug 26, 2025
31.93
32.27
31.70
32.21
21.84
61,600
Aug 25, 2025
31.83
32.46
31.53
32.14
21.64
131,700
Aug 22, 2025
30.70
31.99
30.54
31.70
21.35
107,200
Aug 21, 2025
31.15
31.57
30.94
31.25
21.04
68,100
Aug 20, 2025
31.26
31.34
29.86
31.33
21.10
86,900
Aug 19, 2025
0.219 Dividend 

Aug 19, 2025
32.80
32.80
31.31
31.39
21.14
91,200
Aug 18, 2025
32.57
32.99
32.57
32.92
22.02
83,500
Aug 15, 2025
32.78
32.78
32.00
32.58
21.79
61,100
Aug 14, 2025
32.27
32.84
32.21
32.78
21.93
55,200
Aug 13, 2025
32.84
33.00
32.22
32.65
21.84
74,200
Aug 12, 2025
0.214 Dividend 

Aug 12, 2025
32.87
32.94
32.20
32.94
22.04
97,600
Aug 11, 2025
32.85
33.17
32.51
32.92
21.88
127,700
Aug 8, 2025
32.70
32.98
32.47
32.97
21.91
53,500
Aug 7, 2025
32.72
32.92
32.15
32.46
21.57
53,900
Aug 6, 2025
31.60
32.30
31.60
32.25
21.43
82,000
Aug 5, 2025
0.293 Dividend 

Aug 5, 2025
32.20
32.30
31.48
31.97
21.25
89,200
Aug 4, 2025
31.65
32.58
31.49
32.58
21.46
77,500
Aug 1, 2025
31.31
31.83
30.77
31.28
20.60
34,400
Jul 31, 2025
32.67
32.74
31.70
32.11
21.15
22,300
Jul 30, 2025
31.74
32.35
31.70
32.18
21.19
19,400
Jul 29, 2025
0.228 Dividend 

Jul 29, 2025
31.97
32.15
31.54
31.63
20.83
40,900
Jul 28, 2025
31.58
32.00
31.58
32.00
20.93
61,800
Jul 25, 2025
31.39
31.62
31.25
31.46
20.57
27,200
Jul 24, 2025
31.06
31.50
31.00
31.50
20.60
63,800
Jul 23, 2025
30.40
30.84
30.18
30.84
20.17
18,400
Jul 22, 2025
0.247 Dividend 

Jul 22, 2025
30.80
30.80
29.64
30.04
19.64
37,000
Jul 21, 2025
31.39
31.46
31.06
31.23
20.26
71,700
Jul 18, 2025
31.53
31.55
31.08
31.30
20.31
17,100
Jul 17, 2025
31.13
31.36
30.90
31.33
20.33
15,900
Jul 16, 2025
30.93
31.00
30.61
31.00
20.11
19,100
Jul 15, 2025
0.154 Dividend 

Jul 15, 2025
30.96
31.03
30.61
30.86
20.02
37,500
Jul 14, 2025
30.07
30.07
29.43
29.89
19.29
42,200
Jul 11, 2025
29.83
30.33
29.83
30.01
19.37
23,000
Jul 10, 2025
29.93
29.93
29.42
29.86
19.27
33,800
Jul 9, 2025
29.33
29.80
29.33
29.68
19.16
29,100
Jul 8, 2025
0.174 Dividend 

Jul 8, 2025
28.94
29.08
28.76
29.08
18.77
21,300
Jul 7, 2025
28.85
29.01
28.72
28.89
18.53
28,500
Jul 3, 2025
28.75
29.26
28.63
29.04
18.63
13,200
Jul 2, 2025
27.61
28.61
27.61
28.60
18.35
15,200
Jul 1, 2025
0.156 Dividend 

Jul 1, 2025
28.40
28.52
27.34
27.74
17.80
27,700
Jun 30, 2025
28.96
28.96
28.50
28.89
18.43
32,800
Jun 27, 2025
28.60
28.87
28.50
28.80
18.38
24,900
Jun 26, 2025
28.57
28.61
28.32
28.44
18.15
38,300
Jun 25, 2025
27.75
28.35
27.75
28.31
18.06
19,900
Jun 24, 2025
0.202 Dividend 

Jun 24, 2025
27.13
27.45
27.13
27.42
17.50
15,900
Jun 23, 2025
26.55
27.04
26.55
26.97
17.08
22,900
Jun 20, 2025
27.25
27.32
26.75
26.84
17.00
19,900
Jun 18, 2025
26.77
27.16
26.77
27.14
17.19
22,600
Jun 17, 2025
0.105 Dividend 

Jun 17, 2025
26.88
27.07
26.86
26.91
17.04
27,800
Jun 16, 2025
26.72
27.29
26.72
27.16
17.13
30,100
Jun 13, 2025
26.77
26.81
26.30
26.47
16.70
35,900
Jun 12, 2025
26.49
27.07
26.49
27.07
17.07
20,800
Jun 11, 2025
26.96
26.96
26.48
26.67
16.82
29,400
Jun 10, 2025
0.264 Dividend 

Jun 10, 2025
26.60
26.83
26.38
26.71
16.85
21,800
Jun 9, 2025
26.89
27.14
26.69
26.78
16.73
32,600
Jun 6, 2025
26.64
26.74
26.54
26.59
16.61
15,200
Jun 5, 2025
26.47
26.80
26.01
26.21
16.37
24,700
Jun 4, 2025
26.54
26.55
26.20
26.46
16.53
19,500
Jun 3, 2025
25.92
26.47
25.80
26.35
16.46
23,900
Jun 2, 2025
25.29
25.81
25.29
25.67
16.03
22,400
May 30, 2025
25.91
26.01
24.75
25.19
15.74
35,800
May 29, 2025
26.45
26.62
25.77
25.91
16.18
30,000
May 28, 2025
25.09
25.33
24.97
24.98
15.60
26,700
