Date
Open
High
Low
Close 

Adj Close 

Volume
Jun 5, 2026
50.89
50.89
49.79
49.79
49.79
5,100
Jun 4, 2026
51.31
52.94
51.07
52.60
52.60
4,000
Jun 3, 2026
51.78
51.78
51.71
51.71
51.71
1,000
Jun 2, 2026
0.245 Dividend 

Jun 2, 2026
53.94
54.78
53.12
53.12
53.12
5,500
Jun 1, 2026
51.91
53.78
51.91
53.60
53.36
11,000
May 29, 2026
51.75
52.23
51.22
51.22
50.99
7,700
May 28, 2026
51.52
51.85
51.20
51.82
51.58
3,000
May 27, 2026
0.254 Dividend 

May 27, 2026
51.61
51.61
50.73
51.32
51.08
3,000
May 26, 2026
52.48
52.59
51.59
51.97
51.48
4,400
May 22, 2026
52.41
52.53
52.12
52.12
51.63
2,900
May 21, 2026
53.50
53.50
52.76
52.87
52.37
2,500
May 20, 2026
53.39
53.76
53.10
53.53
53.02
1,500
May 19, 2026
0.261 Dividend 

May 19, 2026
53.14
53.21
52.76
52.87
52.37
2,400
May 18, 2026
54.90
54.90
53.02
53.62
52.86
8,300
May 15, 2026
55.10
55.17
54.16
54.16
53.38
3,500
May 14, 2026
55.03
56.26
55.03
56.26
55.46
4,600
May 13, 2026
54.22
54.63
53.96
54.28
53.50
3,200
May 12, 2026
0.251 Dividend 

May 12, 2026
52.78
53.74
51.95
53.07
52.31
11,600
May 11, 2026
52.23
53.77
52.15
53.09
52.09
8,000
May 8, 2026
52.11
52.46
52.11
52.30
51.31
800
May 7, 2026
51.10
52.06
51.05
51.66
50.68
3,400
May 6, 2026
49.63
51.07
49.63
51.07
50.10
6,100
May 5, 2026
0.239 Dividend 

May 5, 2026
49.52
49.67
48.75
49.07
48.14
11,900
May 4, 2026
49.89
50.04
49.05
49.62
48.45
16,800
May 1, 2026
49.90
49.91
49.62
49.62
48.45
2,100
Apr 30, 2026
51.77
51.77
49.77
49.90
48.72
10,100
Apr 29, 2026
52.24
52.24
51.40
51.53
50.31
1,100
Apr 28, 2026
0.24 Dividend 

Apr 28, 2026
51.63
52.47
51.60
52.41
51.17
12,100
Apr 27, 2026
51.81
53.38
51.69
53.38
51.88
11,800
Apr 24, 2026
50.07
52.19
50.07
51.63
50.19
11,100
Apr 23, 2026
50.58
50.60
49.91
49.95
48.55
1,500
Apr 22, 2026
50.25
50.50
50.25
50.50
49.08
3,600
Apr 21, 2026
0.24 Dividend 

Apr 21, 2026
50.47
50.47
49.81
49.81
48.41
8,900
Apr 20, 2026
50.18
50.70
50.03
50.70
49.04
3,300
Apr 17, 2026
50.35
50.63
50.30
50.63
48.98
5,100
Apr 16, 2026
49.81
50.02
49.59
50.00
48.37
1,600
Apr 15, 2026
49.93
50.37
49.63
50.14
48.51
2,700
Apr 14, 2026
0.235 Dividend 

Apr 14, 2026
49.13
49.67
49.01
49.67
48.05
4,200
Apr 13, 2026
48.66
49.02
48.66
49.01
47.18
7,500
Apr 10, 2026
48.82
48.90
48.60
48.88
47.05
1,800
Apr 9, 2026
47.72
48.23
47.72
48.23
46.43
4,600
Apr 8, 2026
48.12
48.12
47.76
47.79
46.01
900
Apr 7, 2026
0.226 Dividend 

Apr 7, 2026
46.65
46.96
46.16
46.96
45.21
1,800
Apr 6, 2026
47.05
47.14
46.92
47.14
45.17
4,500
Apr 2, 2026
46.05
47.00
46.05
47.00
45.03
1,300
Apr 1, 2026
46.58
46.92
46.40
46.59
44.64
3,300
Mar 31, 2026
0.216 Dividend 

Mar 31, 2026
44.42
46.25
44.42
46.25
44.31
7,500
Mar 30, 2026
45.12
45.12
44.19
44.35
42.29
4,500
Mar 27, 2026
45.61
45.66
44.81
44.87
42.78
5,400
Mar 26, 2026
46.72
46.72
45.73
45.73
43.60
7,100
Mar 25, 2026
47.23
47.64
47.23
47.32
45.12
1,700
Mar 24, 2026
0.222 Dividend 

Mar 24, 2026
46.39
46.72
46.07
46.55
44.38
4,200
Mar 23, 2026
47.11
47.35
46.84
46.92
44.52
6,000
Mar 20, 2026
46.75
46.80
46.15
46.15
43.80
3,400
Mar 19, 2026
46.99
47.49
46.99
47.44
45.02
1,300
Mar 18, 2026
48.16
48.16
47.69
47.69
45.25
1,100
Mar 17, 2026
0.23 Dividend 

Mar 17, 2026
48.83
48.83
48.06
48.06
45.61
6,700
Mar 16, 2026
48.81
49.49
48.22
48.50
45.80
7,200
Mar 13, 2026
47.70
47.70
47.70
47.70
45.05
800
Mar 12, 2026
48.20
48.50
48.20
48.36
45.68
3,000
Mar 11, 2026
49.15
49.15
48.74
48.95
46.23
7,900
Mar 10, 2026
0.227 Dividend 

Mar 10, 2026
48.83
48.90
48.60
48.60
45.90
1,300
Mar 9, 2026
46.81
48.44
46.80
48.44
45.53
3,500
Mar 6, 2026
48.02
48.18
47.17
47.17
44.34
2,000
Mar 5, 2026
48.24
48.54
47.44
48.39
45.49
3,600
Mar 4, 2026
48.27
48.63
48.26
48.35
45.45
6,900
Mar 3, 2026
0.227 Dividend 

Mar 3, 2026
47.36
47.64
47.10
47.64
44.78
2,900
Mar 2, 2026
46.60
48.50
46.60
48.35
45.24
8,000
Feb 27, 2026
48.09
48.34
47.00
47.00
43.97
3,600
Feb 26, 2026
50.07
50.07
48.78
48.78
45.63
1,800
Feb 25, 2026
51.13
51.13
50.85
50.85
47.58
1,800
Feb 24, 2026
0.24 Dividend 

Feb 24, 2026
49.76
50.23
49.76
50.23
47.00
800
Feb 23, 2026
50.09
50.67
49.87
50.09
46.64
5,500
Feb 20, 2026
49.46
49.83
49.46
49.83
46.39
2,900
Feb 19, 2026
49.24
49.40
48.95
49.40
45.99
3,000
Feb 18, 2026
0.232 Dividend 

Feb 18, 2026
49.79
49.81
49.28
49.50
46.09
1,700
Feb 17, 2026
48.05
49.16
47.62
48.83
45.25
1,100
Feb 13, 2026
48.45
48.62
48.20
48.27
44.73
5,200
Feb 12, 2026
49.84
49.84
49.10
49.10
45.50
1,400
Feb 11, 2026
49.75
49.98
49.75
49.78
46.14
1,400
Feb 10, 2026
0.234 Dividend 

Feb 10, 2026
49.85
49.85
49.40
49.41
45.79
2,300
Feb 9, 2026
48.68
50.18
48.68
49.78
45.91
6,000
Feb 6, 2026
47.60
48.90
47.60
48.90
45.10
2,400
Feb 5, 2026
45.83
46.49
45.67
45.68
42.13
6,900
Feb 4, 2026
47.50
47.50
46.00
46.35
42.75
4,700
Feb 3, 2026
0.24 Dividend 

Feb 3, 2026
48.95
48.95
46.79
47.62
43.92
8,700
Feb 2, 2026
49.38
49.81
49.01
49.09
45.06
11,300
Jan 30, 2026
50.14
50.29
49.78
49.88
45.78
3,400
Jan 29, 2026
49.90
50.25
49.06
50.09
45.97
10,700
Jan 28, 2026
50.07
50.12
49.94
49.94
45.83
1,500
Jan 27, 2026
0.238 Dividend 

Jan 27, 2026
48.86
49.69
48.86
49.46
45.40
4,800
Jan 26, 2026
49.52
49.82
49.28
49.28
45.01
5,400
Jan 23, 2026
49.40
49.51
49.36
49.42
45.14
2,100
Jan 22, 2026
49.05
49.05
48.89
48.89
44.65
500
Jan 21, 2026
0.239 Dividend 

Jan 21, 2026
48.60
48.68
47.85
48.62
44.41
1,200
Jan 20, 2026
48.53
48.53
47.67
47.67
43.32
7,300
Jan 16, 2026
49.75
49.91
49.68
49.72
45.19
1,800
Jan 15, 2026
49.93
49.97
49.71
49.79
45.25
10,400
Jan 14, 2026
49.22
49.22
48.94
49.20
44.71
5,900
Jan 13, 2026
0.238 Dividend 

Jan 13, 2026
49.32
49.66
49.23
49.46
44.95
4,400
Jan 12, 2026
49.37
49.73
49.37
49.64
44.90
5,300
Jan 9, 2026
49.34
49.53
49.34
49.53
44.80
1,400
Jan 8, 2026
49.69
49.69
49.30
49.40
44.68
4,300
Jan 7, 2026
49.85
50.02
49.58
49.86
45.09
2,400
Jan 6, 2026
0.24 Dividend 

Jan 6, 2026
50.13
50.28
49.57
49.57
44.83
5,900
Jan 5, 2026
50.36
50.36
49.67
49.83
44.85
8,200
Jan 2, 2026
50.33
50.33
49.92
49.92
44.93
5,600
Dec 31, 2025
50.04
50.04
49.76
49.76
44.79
7,900
Dec 30, 2025
0.243 Dividend 

Dec 30, 2025
49.96
49.96
49.80
49.83
44.86
1,200
Dec 29, 2025
50.21
50.21
50.01
50.11
44.89
1,500
Dec 26, 2025
50.40
50.74
50.40
50.49
45.23
1,200
Dec 24, 2025
50.17
50.22
50.15
50.15
44.93
700
Dec 23, 2025
0.235 Dividend 

Dec 23, 2025
49.08
50.24
49.08
50.24
45.00
700
Dec 22, 2025
49.57
49.57
49.28
49.49
44.12
2,100
Dec 19, 2025
48.29
49.06
48.29
48.94
43.63
5,100
Dec 18, 2025
47.73
47.98
47.67
47.67
42.49
2,400
Dec 17, 2025
47.63
47.63
46.91
46.91
41.82
700
Dec 16, 2025
0.23 Dividend 

Dec 16, 2025
48.15
48.42
48.00
48.42
43.17
700
Dec 15, 2025
48.38
48.60
48.27
48.27
42.83
2,000
Dec 12, 2025
49.29
49.29
47.84
47.84
42.45
8,300
Dec 11, 2025
48.63
49.27
48.35
49.27
43.71
1,200
Dec 10, 2025
49.88
49.89
49.68
49.87
44.24
1,000
Dec 9, 2025
0.239 Dividend 

Dec 9, 2025
49.96
50.12
49.94
50.01
44.37
2,000
Dec 8, 2025
49.94
50.64
49.94
50.25
44.37
3,600
Dec 5, 2025
49.40
49.88
49.40
49.64
43.83
2,400
Dec 4, 2025
49.17
50.02
49.17
49.80
43.98
8,400
Dec 3, 2025
49.21
49.49
48.97
48.97
43.24
2,300
Dec 2, 2025
0.233 Dividend 

Dec 2, 2025
49.51
50.22
49.37
49.37
43.60
3,700
Dec 1, 2025
49.16
49.23
48.86
49.17
43.21
4,000
Nov 28, 2025
48.66
48.98
48.62
48.62
42.73
2,600
Nov 26, 2025
49.51
49.51
48.93
49.25
43.28
5,100
Nov 25, 2025
48.02
48.64
46.92
48.64
42.75
3,700
Nov 24, 2025
48.98
49.77
48.83
49.77
43.74
4,700
Nov 21, 2025
48.83
49.99
47.81
48.74
42.83
8,400
Nov 20, 2025
52.22
52.27
49.22
49.22
43.26
3,000
Nov 19, 2025
50.36
50.50
49.75
50.43
44.32
6,000
Nov 18, 2025
49.46
49.83
49.25
49.25
43.28
8,600
