Date
Open
High
Low
Close 

Adj Close 

Volume

May 22, 2026
31.96
31.96
31.63
31.69
31.69
10,300
May 21, 2026
0.24 Dividend 

May 21, 2026
31.34
31.69
31.24
31.66
31.66
9,300
May 20, 2026
30.97
31.65
30.97
31.63
31.39
10,200
May 19, 2026
31.12
31.15
30.74
30.97
30.74
7,300
May 18, 2026
31.32
31.54
30.92
31.16
30.92
15,100
May 15, 2026
31.82
31.82
31.30
31.32
31.08
25,800
May 14, 2026
0.414 Dividend 

May 14, 2026
32.27
32.66
32.00
32.27
32.03
10,600
May 13, 2026
32.84
32.96
32.39
32.57
31.91
18,200
May 12, 2026
32.90
32.90
32.31
32.78
32.11
11,900
May 11, 2026
32.70
33.44
32.70
33.29
32.62
16,800
May 8, 2026
32.74
32.90
32.45
32.90
32.23
12,400
May 7, 2026
0.417 Dividend 

May 7, 2026
32.97
32.97
32.42
32.58
31.92
18,400
May 6, 2026
32.89
33.33
32.78
33.33
32.25
12,500
May 5, 2026
33.22
33.22
32.50
32.54
31.48
9,400
May 4, 2026
32.75
33.12
32.70
33.00
31.93
23,000
May 1, 2026
32.38
32.68
31.99
32.55
31.49
17,200
Apr 30, 2026
0.429 Dividend 

Apr 30, 2026
31.62
32.27
31.47
32.08
31.04
6,700
Apr 29, 2026
31.87
31.87
31.43
31.68
30.24
9,800
Apr 28, 2026
32.51
32.54
32.11
32.38
30.90
5,400
Apr 27, 2026
32.54
32.89
32.54
32.72
31.22
13,800
Apr 24, 2026
33.03
33.03
32.57
32.63
31.14
7,800
Apr 23, 2026
0.438 Dividend 

Apr 23, 2026
33.26
33.26
32.45
32.50
31.02
14,400
Apr 22, 2026
33.75
33.84
33.66
33.80
31.84
14,900
Apr 21, 2026
33.71
33.99
33.07
33.08
31.16
60,400
Apr 20, 2026
33.75
33.75
33.36
33.75
31.80
12,500
Apr 17, 2026
33.55
34.18
33.55
33.73
31.78
14,200
Apr 16, 2026
0.351 Dividend 

Apr 16, 2026
33.32
33.32
32.58
33.02
31.11
7,000
Apr 15, 2026
32.60
33.45
32.60
33.45
31.18
7,800
Apr 14, 2026
32.00
32.65
32.00
32.48
30.28
7,400
Apr 13, 2026
30.61
31.62
30.61
31.62
29.48
8,600
Apr 10, 2026
30.50
30.73
30.50
30.71
28.62
12,800
Apr 9, 2026
0.332 Dividend 

Apr 9, 2026
30.57
30.63
30.30
30.46
28.39
7,400
Apr 8, 2026
31.70
31.70
31.00
31.11
28.69
8,500
Apr 7, 2026
30.43
30.56
30.03
30.56
28.18
3,500
Apr 6, 2026
30.50
30.87
30.50
30.63
28.25
20,100
Apr 2, 2026
0.297 Dividend 

Apr 2, 2026
29.64
30.49
29.64
30.49
28.12
12,700
Apr 1, 2026
30.95
30.99
30.72
30.80
28.13
5,700
Mar 31, 2026
29.32
30.47
29.32
30.47
27.83
11,100
Mar 30, 2026
29.28
29.47
28.71
28.87
26.37
12,200
Mar 27, 2026
30.23
30.23
29.24
29.38
26.83
13,100
Mar 26, 2026
0.292 Dividend 

Mar 26, 2026
30.85
31.20
30.45
30.45
27.81
3,800
Mar 25, 2026
31.95
32.07
31.61
31.61
28.60
2,800
Mar 24, 2026
31.75
31.75
31.01
31.26
28.29
6,200
Mar 23, 2026
31.65
32.04
31.65
31.85
28.82
4,800
Mar 20, 2026
31.95
31.95
30.90
31.15
28.19
5,900
Mar 19, 2026
0.287 Dividend 

Mar 19, 2026
31.02
31.92
31.02
31.84
28.81
8,500
Mar 18, 2026
32.55
32.74
32.11
32.11
28.80
7,500
Mar 17, 2026
32.62
32.88
32.55
32.81
29.42
662,800
Mar 16, 2026
32.17
32.50
32.17
32.28
28.95
16,300
Mar 13, 2026
31.95
32.20
31.61
31.65
28.38
9,700
Mar 12, 2026
0.314 Dividend 

Mar 12, 2026
32.42
32.42
31.84
31.84
28.55
3,500
Mar 11, 2026
32.78
33.07
32.78
32.99
29.30
2,700
Mar 10, 2026
33.02
33.38
32.80
32.98
29.30
4,700
Mar 9, 2026
31.97
33.39
31.97
33.24
29.53
11,100
Mar 6, 2026
32.78
32.97
32.54
32.91
29.23
15,900
Mar 5, 2026
0.274 Dividend 

Mar 5, 2026
33.13
33.52
32.69
33.00
29.32
3,300
Mar 4, 2026
32.97
33.75
32.93
33.75
29.74
9,100
Mar 3, 2026
32.13
32.99
31.86
32.75
28.86
9,600
Mar 2, 2026
32.07
33.30
32.07
33.28
29.32
8,000
Feb 27, 2026
32.82
32.98
32.71
32.85
28.94
376,100
Feb 26, 2026
0.249 Dividend 

Feb 26, 2026
32.13
33.24
32.13
33.13
29.19
7,100
Feb 25, 2026
32.91
33.27
32.91
33.10
28.94
8,600
Feb 24, 2026
31.80
32.72
31.80
32.55
28.46
4,100
Feb 23, 2026
31.92
32.06
31.54
31.80
27.81
12,700
Feb 20, 2026
32.34
32.64
32.34
32.42
28.35
10,500
Feb 19, 2026
0.228 Dividend 

Feb 19, 2026
32.30
32.47
32.25
32.47
28.39
10,100
Feb 18, 2026
32.64
32.75
32.35
32.44
28.17
12,400
Feb 17, 2026
31.64
32.22
31.55
32.12
27.89
11,200
Feb 13, 2026
31.70
32.22
31.42
32.05
27.83
11,600
Feb 12, 2026
0.204 Dividend 

Feb 12, 2026
31.10
31.50
31.10
31.26
27.14
7,400
Feb 11, 2026
32.22
32.88
31.89
32.24
27.82
15,500
Feb 10, 2026
32.67
33.02
32.64
32.64
28.16
6,000
Feb 9, 2026
31.85
32.93
31.85
32.73
28.24
14,700
Feb 6, 2026
30.94
32.20
30.94
32.20
27.78
24,600
Feb 5, 2026
0.204 Dividend 

Feb 5, 2026
31.90
31.90
30.38
30.60
26.40
30,400
Feb 4, 2026
33.35
33.35
31.70
32.22
27.62
19,300
Feb 3, 2026
34.17
34.34
33.18
33.70
28.89
19,200
Feb 2, 2026
33.57
34.49
33.57
34.04
29.18
36,200
Jan 30, 2026
35.05
35.20
34.25
34.26
29.37
20,300
Jan 29, 2026
0.215 Dividend 

Jan 29, 2026
35.71
35.95
35.00
35.39
30.34
19,600
Jan 28, 2026
36.46
36.71
36.14
36.14
30.80
41,000
Jan 27, 2026
36.76
36.87
36.46
36.52
31.12
11,800
Jan 26, 2026
37.10
37.10
36.46
36.54
31.14
10,900
Jan 23, 2026
37.57
37.57
36.79
36.79
31.35
10,500
Jan 22, 2026
0.219 Dividend 

Jan 22, 2026
36.92
37.29
36.76
37.22
31.72
12,100
Jan 21, 2026
36.43
37.03
36.13
36.77
31.15
11,000
Jan 20, 2026
36.28
36.87
36.28
36.28
30.74
24,100
Jan 16, 2026
37.66
37.66
37.20
37.20
31.51
23,800
Jan 15, 2026
0.249 Dividend 

Jan 15, 2026
37.69
37.83
37.25
37.50
31.77
13,500
Jan 14, 2026
37.79
38.00
37.71
37.94
31.93
14,000
Jan 13, 2026
37.80
38.20
37.68
38.20
32.15
27,700
Jan 12, 2026
36.77
37.81
36.77
37.62
31.66
16,800
Jan 9, 2026
37.06
37.19
36.83
36.89
31.05
16,900
Jan 8, 2026
0.238 Dividend 

Jan 8, 2026
37.06
37.25
36.91
36.95
31.10
13,400
Jan 7, 2026
37.51
37.69
37.38
37.69
31.52
14,800
Jan 6, 2026
37.55
37.78
37.42
37.61
31.45
15,000
Jan 5, 2026
36.80
37.67
36.80
37.48
31.34
38,100
Jan 2, 2026
0.219 Dividend 

Jan 2, 2026
36.62
36.80
36.46
36.62
30.62
15,900
Dec 31, 2025
36.58
36.86
36.33
36.33
30.20
19,800
Dec 30, 2025
37.00
37.13
36.83
36.90
30.67
21,900
Dec 29, 2025
37.00
37.37
36.96
37.03
30.78
22,500
Dec 26, 2025
0.294 Dividend 

Dec 26, 2025
37.56
37.58
37.31
37.46
31.13
20,100
Dec 24, 2025
37.82
38.02
37.58
37.95
31.30
5,100
Dec 23, 2025
37.64
37.99
37.60
37.78
31.16
13,200
Dec 22, 2025
37.88
38.28
37.88
37.93
31.28
22,100
Dec 19, 2025
37.14
37.71
37.14
37.53
30.95
12,300
Dec 18, 2025
0.289 Dividend 

Dec 18, 2025
36.77
37.68
36.77
36.91
30.44
11,700
Dec 17, 2025
38.19
38.34
36.73
36.73
30.06
27,300
Dec 16, 2025
37.40
38.07
37.32
38.07
31.15
23,100
Dec 15, 2025
38.27
38.27
37.40
37.40
30.61
30,300
Dec 12, 2025
38.21
38.54
37.59
37.95
31.06
15,900
Dec 11, 2025
0.336 Dividend 

Dec 11, 2025
38.36
38.47
37.89
38.41
31.43
41,500
Dec 10, 2025
38.58
39.10
38.40
38.98
31.62
22,100
Dec 9, 2025
38.09
38.88
38.09
38.58
31.30
14,100
Dec 8, 2025
38.44
38.70
38.24
38.34
31.10
24,700
Dec 5, 2025
38.51
38.60
38.28
38.40
31.15
20,200
Dec 4, 2025
0.636 Dividend 

Dec 4, 2025
37.81
38.55
37.57
38.47
31.21
16,800
Dec 3, 2025
37.54
38.70
37.54
38.52
30.73
30,700
Dec 2, 2025
1:5 Stock Splits 

Dec 2, 2025
37.51
38.16
37.51
37.63
30.02
38,400
Dec 1, 2025
37.55
37.72
37.30
37.30
29.76
21,260
Nov 28, 2025
0.365 Dividend 

Nov 28, 2025
37.75
38.08
37.75
37.90
30.24
10,700
Nov 26, 2025
37.90
38.45
37.90
38.25
30.23
20,080
Nov 25, 2025
37.55
37.95
37.41
37.90
29.95
37,600
Nov 24, 2025
36.75
37.90
36.75
37.80
29.87
37,780
Nov 21, 2025
36.00
37.15
35.45
36.65
28.96
95,820
Nov 20, 2025
0.35 Dividend 

Nov 20, 2025
37.90
38.45
35.85
35.85
28.33
77,420
Nov 19, 2025
38.10
38.17
37.05
37.50
29.36
103,120
Nov 18, 2025
37.35
38.17
37.05
37.71
29.52
66,400
Nov 17, 2025
38.10
38.58
37.50
37.80
29.59
100,500
Nov 14, 2025
37.50
39.03
37.30
38.50
30.14
100,940
Nov 13, 2025
0.415 Dividend 

Nov 13, 2025
40.20
40.20
38.35
38.60
30.22
62,360
Nov 12, 2025
41.75
41.75
40.75
41.00
31.77
29,860
Nov 11, 2025
41.10
41.45
41.00
41.30
32.01
36,880
Nov 10, 2025
41.10
41.80
41.10
41.60
32.24
34,580
Nov 7, 2025
40.35
40.72
39.15
40.65
31.50
106,820
Nov 6, 2025
0.385 Dividend 

Nov 6, 2025
42.40
42.40
40.55
40.85
31.66
151,900
Nov 5, 2025
42.60
43.15
41.90
42.80
32.87
53,280
Nov 4, 2025
43.05
43.50
42.05
42.20
32.41
58,160
Nov 3, 2025
44.80
44.80
43.53
44.10
33.87
66,560
Oct 31, 2025
43.75
44.65
43.65
44.30
34.02
37,880
Oct 30, 2025
0.7 Dividend 

Oct 30, 2025
44.15
44.15
42.88
42.95
32.98
64,040
Oct 29, 2025
45.10
45.55
44.60
45.10
34.10
41,080
Oct 28, 2025
45.70
45.70
45.05
45.10
34.10
35,440
Oct 27, 2025
45.20
45.60
44.95
45.45
34.36
48,080
Oct 24, 2025
44.85
45.10
44.85
45.05
34.06
75,800
Oct 23, 2025
0.4 Dividend 

Oct 23, 2025
43.80
44.58
43.45
44.55
33.68
39,920
Oct 22, 2025
44.65
45.05
42.95
43.75
32.78
43,600
Oct 21, 2025
45.25
45.30
44.85
45.00
33.71
33,020
Oct 20, 2025
44.65
45.50
44.50
45.25
33.90
164,120
Oct 17, 2025
43.85
44.13
43.03
43.85
32.85
63,700
Oct 16, 2025
1.07 Dividend 

Oct 16, 2025
45.50
45.50
43.75
44.05
33.00
51,960
Oct 15, 2025
45.55
46.15
45.03
46.00
33.66
43,700
Oct 14, 2025
44.65
45.40
43.50
44.90
32.85
26,340
Oct 13, 2025
44.90
45.49
44.85
44.95
32.89
40,960
Oct 10, 2025
46.55
46.76
44.60
44.70
32.71
49,940
Oct 9, 2025
46.90
47.00
46.17
46.55
34.06
18,940
Oct 8, 2025
45.85
46.85
45.40
46.85
34.28
17,760
Oct 7, 2025
46.40
46.40
45.18
45.50
33.29
18,900
Oct 6, 2025
45.60
46.42
45.60
46.15
33.77
32,400
Oct 3, 2025
45.25
45.53
44.53
45.00
32.93
103,160
Oct 2, 2025
1.72 Dividend 

Oct 2, 2025
44.80
45.25
44.50
45.20
33.07
46,720
Oct 1, 2025
45.60
46.30
45.37
45.95
32.36
65,380
Sep 30, 2025
45.75
45.95
45.02
45.85
32.29
62,540
Sep 29, 2025
44.70
45.65
44.70
45.50
32.05
34,620
Sep 26, 2025
44.00
44.50
43.50
44.50
31.34
29,040
Sep 25, 2025
44.45
44.93
43.70
44.00
30.99
51,540
Sep 24, 2025
45.90
45.90
45.20
45.50
32.05
26,120
Sep 23, 2025
46.10
46.20
45.40
45.55
32.08
22,320
Sep 22, 2025
46.00
46.25
45.71
45.85
32.29
108,660
Sep 19, 2025
45.45
46.35
45.45
45.65
32.15
24,600
Sep 18, 2025
44.60
45.35
44.60
45.15
31.80
28,120
Sep 17, 2025
44.50
44.65
43.43
44.20
31.13
19,480
Sep 16, 2025
44.15
44.50
43.70
44.50
31.34
13,460
Sep 15, 2025
43.80
44.20
43.80
44.05
31.03
25,920
Sep 12, 2025
43.65
43.65
43.22
43.55
30.67
14,520
Sep 11, 2025
42.75
43.40
42.60
43.40
30.57
25,540
Sep 10, 2025
43.00
43.05
42.40
42.40
29.86
24,720
Sep 9, 2025
42.75
42.94
42.40
42.80
30.15
32,340
Sep 8, 2025
42.40
42.85
42.40
42.60
30.00
40,100
Sep 5, 2025
42.45
42.65
41.43
42.35
29.83
43,380
Sep 4, 2025
1.535 Dividend 

Sep 4, 2025
42.05
42.05
41.40
42.05
29.62
29,580
Sep 3, 2025
43.65
43.68
43.10
43.45
29.52
78,420
Sep 2, 2025
43.40
43.40
42.25
43.20
29.35
43,580
Aug 29, 2025
43.65
43.70
43.08
43.35
29.45
24,760
Aug 28, 2025
43.35
43.75
43.35
43.70
29.69
20,740
Aug 27, 2025
43.45
43.65
43.25
43.40
29.49
15,280
Aug 26, 2025
43.45
43.63
43.25
43.55
29.59
13,000
Aug 25, 2025
43.75
43.75
43.20
43.35
29.45
27,620
Aug 22, 2025
42.30
43.95
42.30
43.55
29.59
19,620
Aug 21, 2025
42.05
42.55
42.00
42.35
28.77
22,680
Aug 20, 2025
42.50
42.67
41.20
42.55
28.91
25,200
Aug 19, 2025
44.10
44.25
42.70
42.70
29.01
34,640
Aug 18, 2025
44.05
44.40
43.60
44.25
30.07
74,840
Aug 15, 2025
44.05
44.20
43.72
44.15
30.00
15,920
Aug 14, 2025
44.10
44.43
43.70
44.10
29.96
36,740
Aug 13, 2025
44.25
44.72
44.22
44.45
30.20
31,900
Aug 12, 2025
44.00
44.05
43.45
44.05
29.93
35,880
Aug 11, 2025
43.20
44.00
43.20
43.25
29.39
34,740
Aug 8, 2025
43.10
43.15
42.85
43.00
29.22
66,940
Aug 7, 2025
1.88 Dividend 

Aug 7, 2025
42.95
43.10
42.45
42.80
29.08
52,060
Aug 6, 2025
43.95
44.60
43.95
44.60
29.03
85,000
Aug 5, 2025
44.60
44.60
43.80
44.00
28.64
33,760
Aug 4, 2025
44.00
44.35
43.40
44.35
28.86
79,340
Aug 1, 2025
44.50
44.50
42.50
43.10
28.05
55,800
Jul 31, 2025
46.10
46.10
45.35
45.40
29.55
16,080
Jul 30, 2025
45.05
45.85
45.05
45.35
29.51
15,500
Jul 29, 2025
46.55
46.55
44.83
45.00
29.29
22,740
Jul 28, 2025
46.10
46.17
45.90
45.90
29.87
36,200
Jul 25, 2025
45.55
45.94
45.35
45.85
29.84
12,220
Jul 24, 2025
46.05
46.05
45.22
45.40
29.55
17,720
Jul 23, 2025
45.85
46.08
45.50
46.05
29.97
26,420
Jul 22, 2025
45.65
45.80
44.60
45.50
29.61
19,000
Jul 21, 2025
46.35
46.80
45.60
45.60
29.68
40,220
Jul 18, 2025
45.90
46.65
45.80
46.05
29.97
24,340
Jul 17, 2025
45.30
45.60
45.13
45.40
29.55
29,520
Jul 16, 2025
44.25
45.15
44.25
45.10
29.35
16,520
Jul 15, 2025
44.45
44.63
43.90
43.90
28.57
21,720
Jul 14, 2025
43.65
44.40
43.65
44.30
28.83
81,440
Jul 11, 2025
43.80
44.05
43.63
43.70
28.44
75,460
Jul 10, 2025
1.72 Dividend 

Jul 10, 2025
44.00
44.05
43.55
44.05
28.67
27,900
Jul 9, 2025
45.00
45.35
44.65
45.25
28.33
86,660
Jul 8, 2025
44.40
44.83
44.40
44.65
27.95
46,600
Jul 7, 2025
44.65
44.65
43.85
44.40
27.80
54,620
Jul 3, 2025
44.60
44.65
44.33
44.65
27.95
25,080
Jul 2, 2025
43.55
44.33
43.50
44.25
27.70
15,800
Jul 1, 2025
43.60
43.80
42.95
43.35
27.14
18,860
Jun 30, 2025
44.00
44.28
43.83
43.95
27.52
37,280
Jun 27, 2025
44.20
44.20
43.13
43.60
27.30
13,040
Jun 26, 2025
43.50
44.05
43.35
43.95
27.52
8,800
Jun 25, 2025
43.80
43.97
43.05
43.10
26.98
15,740
Jun 24, 2025
43.25
43.72
43.15
43.60
27.30
25,260
Jun 23, 2025
42.40
43.30
42.12
42.90
26.86
142,960
Jun 20, 2025
42.35
42.58
41.95
42.40
26.55
15,460
Jun 18, 2025
41.05
42.10
40.80
42.05
26.33
34,300
Jun 17, 2025
41.20
41.28
40.56
40.85
25.58
13,680
Jun 16, 2025
40.65
41.35
40.65
41.25
25.83
25,100
Jun 13, 2025
39.65
40.38
39.09
40.20
25.17
29,040
Jun 12, 2025
1.975 Dividend 

Jun 12, 2025
40.45
40.45
39.90
39.90
24.98
17,680
Jun 11, 2025
42.55
42.75
42.27
42.45
25.34
23,840
Jun 10, 2025
42.00
42.30
41.80
42.25
25.22
18,020
Jun 9, 2025
42.10
42.10
41.35
42.00
25.07
18,140
Jun 6, 2025
40.15
41.40
40.10
41.25
24.62
17,600
Jun 5, 2025
40.35
40.44
39.05
39.45
23.55
16,860
Jun 4, 2025
40.35
40.35
39.95
40.25
24.03
16,580
Jun 3, 2025
39.85
40.40
39.75
40.40
24.12
7,380
Jun 2, 2025
39.05
39.79
39.05
39.65
23.67
13,460
May 30, 2025
39.25
39.45
38.70
39.35
23.49
17,020
May 29, 2025
39.85
39.85
39.25
39.25
23.43
15,940
May 28, 2025
39.90
39.90
39.38
39.50
23.58
9,380
May 27, 2025
39.25
39.85
39.25
39.85
23.79
12,320
May 23, 2025
37.90
38.95
37.90
38.75
23.13
11,020
May 22, 2025
38.45
39.35
38.45
38.95
23.25
5,400
May 21, 2025
39.15
39.60
38.33
38.55
23.01
15,560
May 20, 2025
39.50
39.70
39.20
39.45
23.55
7,940
May 19, 2025
39.20
39.50
38.90
39.40
23.52
24,140
May 16, 2025
39.15
39.90
39.15
39.75
23.73
28,220
May 15, 2025
1.56 Dividend 

May 15, 2025
39.75
39.75
38.35
39.05
23.31
22,020
May 14, 2025
41.35
41.40
40.67
41.10
23.60
31,100
May 13, 2025
40.50
40.95
40.19
40.90
23.49
25,280
May 12, 2025
39.55
39.75
39.05
39.55
22.71
29,360
May 9, 2025
38.75
38.75
37.85
38.00
21.82
10,900
May 8, 2025
37.60
38.50
37.35
38.50
22.11
9,800
May 7, 2025
36.85
37.10
36.40
37.10
21.31
9,040
May 6, 2025
37.30
37.30
36.25
36.45
20.93
15,920
May 5, 2025
38.45
38.45
37.67
37.85
21.74
10,980
May 2, 2025
38.55
38.80
38.33
38.40
22.05
18,180
May 1, 2025
38.45
38.63
38.15
38.20
21.94
12,480
Apr 30, 2025
37.60
38.15
37.20
38.15
21.91
6,440
Apr 29, 2025
38.40
38.50
38.00
38.45
22.08
9,600
Apr 28, 2025
38.20
38.55
37.60
38.25
21.97
10,580
Apr 25, 2025
37.50
38.15
37.50
38.15
21.91
13,680
Apr 24, 2025
36.35
37.50
36.35
37.50
21.54
10,280
Apr 23, 2025
36.85
37.10
36.25
36.25
20.82
10,880
Apr 22, 2025
35.00
35.80
35.00
35.60
20.44
13,140
Apr 21, 2025
34.25
34.67
33.95
34.55
19.84
59,680
Apr 17, 2025
1.46 Dividend 

Apr 17, 2025
35.00
35.05
34.50
34.90
20.04
21,460
Apr 16, 2025
36.75
36.75
35.45
36.20
19.95
51,800
Apr 15, 2025
36.90
37.47
36.90
37.25
20.53
42,340
Apr 14, 2025
37.45
37.58
36.25
36.85
20.31
23,360
Apr 11, 2025
35.55
36.60
35.10
36.60
20.17
55,740
Apr 10, 2025
36.45
36.45
34.15
35.25
19.43
18,820
Apr 9, 2025
32.95
37.15
32.90
36.85
20.31
56,420
Apr 8, 2025
35.65
35.65
32.67
33.10
18.24
27,560
Apr 7, 2025
32.00
35.50
31.70
34.00
18.74
49,820
Apr 4, 2025
35.00
35.08
32.75
33.75
18.60
23,600
Apr 3, 2025
37.05
37.50
36.35
36.65
20.20
35,280
Apr 2, 2025
37.75
39.65
37.65
39.25
21.63
24,240
Apr 1, 2025
38.15
38.99
37.80
38.50
21.22
8,780
Mar 31, 2025
37.75
38.44
36.80
38.15
21.03
18,180
Mar 28, 2025
40.60
40.60
38.88
39.15
21.58
32,080
Mar 27, 2025
40.90
41.60
40.50
40.60
22.38
17,280
Mar 26, 2025
42.50
42.50
40.90
41.05
22.62
17,340
Mar 25, 2025
42.50
42.70
42.15
42.50
23.42
16,640
Mar 24, 2025
41.90
42.55
41.75
42.50
23.42
16,540
Mar 21, 2025
39.65
41.20
39.55
41.20
22.71
34,480
Mar 20, 2025
1.605 Dividend 

Mar 20, 2025
39.55
40.70
39.55
40.15
22.13
18,800
Mar 19, 2025
41.00
42.20
40.80
41.80
22.15
27,280
Mar 18, 2025
41.25
41.25
40.00
40.35
21.38
32,540
Mar 17, 2025
40.90
41.80
40.75
41.60
22.05
16,300
Mar 14, 2025
40.15
40.95
40.15
40.90
21.68
12,660
Mar 13, 2025
41.15
41.15
39.10
39.30
20.83
15,780
Mar 12, 2025
41.25
41.40
40.25
41.05
21.76
9,200
Mar 11, 2025
39.40
40.60
39.00
39.85
21.12
15,320
Mar 10, 2025
41.65
41.75
39.13
39.50
20.93
28,580
Mar 7, 2025
42.60
43.01
40.95
42.80
22.68
15,060
Mar 6, 2025
43.50
44.04
42.33
42.55
22.55
29,420
Mar 5, 2025
43.75
44.40
42.95
44.40
23.53
12,560
Mar 4, 2025
42.15
44.03
41.10
43.25
22.92
24,760
Mar 3, 2025
45.90
46.03
42.90
43.45
23.03
23,360
Feb 28, 2025
43.95
45.10
43.15
45.00
23.85
26,360
Feb 27, 2025
46.60
46.60
44.15
44.35
23.50
22,280
Feb 26, 2025
45.55
46.45
45.30
45.70
24.22
20,320
Feb 25, 2025
47.05
47.05
44.50
45.15
23.93
24,880
Feb 24, 2025
48.45
48.45
46.55
47.60
25.23
60,480
Feb 21, 2025
51.60
51.60
48.25
48.25
25.57
67,240
Feb 20, 2025
2.135 Dividend 

Feb 20, 2025
52.80
52.80
50.25
51.45
27.27
33,100
Feb 19, 2025
55.30
55.40
54.47
55.10
28.07
23,140
Feb 18, 2025
55.95
56.15
54.60
55.15
28.10
21,340
Feb 14, 2025
55.00
55.50
54.80
55.50
28.27
22,880
Feb 13, 2025
53.60
54.70
53.60
54.55
27.79
14,800
Feb 12, 2025
52.15
53.65
52.04
53.40
27.20
8,120
Feb 11, 2025
53.00
53.40
52.20
52.65
26.82
8,840
Feb 10, 2025
53.45
53.85
53.25
53.25
27.13
13,940
Feb 7, 2025
53.10
54.15
53.05
53.25
27.13
13,000
Feb 6, 2025
53.50
53.72
52.95
53.15
27.08
12,180
Feb 5, 2025
53.20
54.25
53.20
54.15
27.59
14,540
Feb 4, 2025
52.70
53.70
52.70
53.50
27.25
22,400
Feb 3, 2025
51.30
52.69
51.05
52.25
26.62
20,300
Jan 31, 2025
53.75
54.35
52.92
53.05
27.03
12,880
Jan 30, 2025
52.75
53.85
52.75
53.65
27.33
17,500
Jan 29, 2025
52.35
52.50
51.44
52.00
26.49
11,660
Jan 28, 2025
51.15
52.40
50.58
52.00
26.49
21,700
Jan 27, 2025
50.75
51.75
50.21
51.25
26.11
16,620
Jan 24, 2025
52.55
53.24
52.25
52.35
26.67
26,840
Jan 23, 2025
1.65 Dividend 

Jan 23, 2025
52.15
52.65
51.80
52.45
26.72
9,600
Jan 22, 2025
53.75
54.05
53.63
53.80
26.57
14,380
Jan 21, 2025
52.90
53.70
52.50
53.45
26.39
49,300
Jan 17, 2025
52.50
52.75
52.35
52.35
25.85
29,100
Jan 16, 2025
52.10
52.20
51.65
52.15
25.75
8,600
Jan 15, 2025
51.45
52.10
51.45
51.60
25.48
17,760
Jan 14, 2025
51.25
51.40
50.05
50.30
24.84
11,240
Jan 13, 2025
50.15
50.35
49.25
50.20
24.79
16,380
Jan 10, 2025
51.15
51.15
50.05
50.90
25.13
15,120
Jan 8, 2025
51.95
52.25
50.91
51.75
25.55
37,520
Jan 7, 2025
54.15
54.37
51.45
52.05
25.70
28,820
Jan 6, 2025
53.75
54.30
53.55
53.55
26.44
34,440
Jan 3, 2025
51.55
53.15
51.55
53.15
26.25
13,820
Jan 2, 2025
51.20
51.75
50.61
51.00
25.18
12,240
Dec 31, 2024
52.10
52.29
50.80
50.80
25.09
21,240
Dec 30, 2024
52.20
52.47
51.38
51.70
25.53
30,440
Dec 27, 2024
1.645 Dividend 

Dec 27, 2024
53.90
53.90
52.20
53.20
26.27
20,680
Dec 26, 2024
55.25
55.55
54.95
55.55
26.62
27,900
Dec 24, 2024
54.40
55.33
54.40
55.15
26.43
13,060
Dec 23, 2024
54.45
54.45
53.45
54.05
25.90
60,540
Dec 20, 2024
52.60
54.60
52.45
54.25
26.00
14,560
Dec 19, 2024
54.60
54.70
52.76
53.40
25.59
39,980
Dec 18, 2024
56.65
56.70
53.00
53.60
25.68
20,380
Dec 17, 2024
56.60
56.75
56.05
56.60
27.12
15,260
Dec 16, 2024
55.70
56.69
55.70
56.40
27.03
18,900
Dec 13, 2024
55.55
55.55
54.75
55.55
26.62
20,240
Dec 12, 2024
55.50
55.85
55.10
55.10
26.40
9,780
Dec 11, 2024
55.40
55.75
55.15
55.75
26.71
22,180
Dec 10, 2024
55.45
55.90
54.65
54.70
26.21
15,980
Dec 9, 2024
56.50
56.60
54.90
55.45
26.57
18,020
Dec 6, 2024
55.10
56.10
55.10
55.95
26.81
59,860
Dec 5, 2024
55.00
55.33
54.50
54.70
26.21
24,980
Dec 4, 2024
54.60
54.95
54.28
54.95
26.33
15,120
Dec 3, 2024
53.75
54.19
53.70
53.95
25.85
22,760
Dec 2, 2024
54.05
54.35
53.70
54.35
26.04
36,640
Nov 29, 2024
2.345 Dividend 

Nov 29, 2024
53.35
53.65
53.13
53.65
25.71
11,200
Nov 27, 2024
54.75
55.25
54.75
55.00
25.23
31,260
Nov 26, 2024
54.55
54.90
54.55
54.60
25.05
14,640
Nov 25, 2024
55.00
55.20
54.65
54.95
25.21
27,220
Nov 22, 2024
53.35
54.54
53.35
54.25
24.89
16,260
Nov 21, 2024
53.95
53.95
52.65
53.35
24.47
29,840
Nov 20, 2024
54.10
54.10
52.95
53.50
24.54
31,420
Nov 19, 2024
52.60
54.10
52.60
53.90
24.73
19,760
Nov 18, 2024
52.50
53.45
52.35
53.20
24.41
34,460
Nov 15, 2024
52.20
52.20
51.40
52.10
23.90
5,100
Nov 14, 2024
53.50
53.90
52.15
52.20
23.95
26,020
Nov 13, 2024
55.30
55.95
53.65
53.90
24.73
34,420
Nov 12, 2024
55.35
55.70
54.55
54.90
25.19
139,880
Nov 11, 2024
54.70
55.85
54.70
55.70
25.55
37,640
Nov 8, 2024
52.90
54.16
52.90
54.15
24.84
26,100
Nov 7, 2024
52.95
53.47
52.95
53.15
24.38
50,620
Nov 6, 2024
52.00
53.50
51.76
53.50
24.54
53,100
Nov 5, 2024
49.55
50.80
49.55
50.80
23.30
39,760
Nov 4, 2024
49.25
49.65
48.65
49.25
22.59
22,140
Nov 1, 2024
49.25
49.35
48.58
49.24
22.59
17,080
Oct 31, 2024
1.41 Dividend 

Oct 31, 2024
49.90
50.00
48.30
48.30
22.16
53,220
Oct 30, 2024
52.55
52.55
51.76
52.15
23.28
22,380
Oct 29, 2024
52.40
52.40
51.75
52.20
23.30
23,940
Oct 28, 2024
52.25
52.53
52.00
52.20
23.30
17,140
Oct 25, 2024
51.65
51.96
51.50
51.65
23.05
16,760
Oct 24, 2024
50.80
51.40
50.75
51.40
22.94
15,760
Oct 23, 2024
51.05
51.35
49.65
49.90
22.27
18,780
Oct 22, 2024
51.30
51.60
51.10
51.50
22.99
20,320
Oct 21, 2024
52.20
52.20
51.25
51.55
23.01
13,100
Oct 18, 2024
51.15
52.20
51.15
52.20
23.30
13,660
Oct 17, 2024
51.70
51.70
51.20
51.38
22.94
9,380
Oct 16, 2024
51.65
51.70
51.30
51.65
23.05
8,400
Oct 15, 2024
51.35
51.80
50.90
51.50
22.99
8,500
Oct 14, 2024
50.95
51.50
50.50
51.50
22.99
13,720
Oct 11, 2024
49.50
50.85
49.50
50.85
22.70
7,900
Oct 10, 2024
49.90
50.34
49.65
50.25
22.43
8,320
Oct 9, 2024
50.25
50.40
50.10
50.15
22.38
9,300
Oct 8, 2024
49.45
50.25
49.45
50.25
22.43
12,380
Oct 7, 2024
50.00
50.00
49.45
49.70
22.18
25,400
Oct 4, 2024
49.90
50.00
49.40
50.00
22.32
21,100
Oct 3, 2024
2.04 Dividend 

Oct 3, 2024
49.40
49.55
48.85
49.15
21.94
21,060
Oct 2, 2024
51.70
51.80
51.10
51.80
22.21
14,220
Oct 1, 2024
53.30
53.30
51.35
52.10
22.34
11,560
Sep 30, 2024
53.25
53.35
52.60
52.97
22.71
12,440
Sep 27, 2024
52.75
53.40
52.75
53.40
22.90
15,280
Sep 26, 2024
52.85
53.00
52.25
52.60
22.55
7,460
Sep 25, 2024
52.95
52.95
52.30
52.50
22.51
10,600
Sep 24, 2024
52.50
52.95
52.20
52.95
22.70
8,760
Sep 23, 2024
52.25
52.55
52.20
52.25
22.40
32,260
Sep 20, 2024
52.20
52.40
51.85
52.40
22.47
18,680
Sep 19, 2024
51.75
52.10
51.75
51.90
22.25
13,520
Sep 18, 2024
50.70
51.80
50.70
51.22
21.96
8,600
Sep 17, 2024
50.80
51.35
50.75
50.75
21.76
17,740
Sep 16, 2024
50.80
50.90
50.15
50.85
21.80
8,940
Sep 13, 2024
50.35
50.79
50.35
50.60
21.70
26,700
Sep 12, 2024
49.80
50.40
49.80
50.00
21.44
12,260
Sep 11, 2024
48.70
49.75
48.20
49.70
21.31
7,940
Sep 10, 2024
48.75
49.05
47.83
49.05
21.03
10,400
Sep 9, 2024
48.25
48.55
47.75
48.20
20.67
12,340
Sep 6, 2024
1.475 Dividend 

Sep 6, 2024
49.10
49.24
46.81
47.50
20.37
12,640
Sep 5, 2024
49.60
50.60
49.60
50.60
21.06
14,260
Sep 4, 2024
49.25
50.50
49.25
49.25
20.50
12,060
Sep 3, 2024
51.55
51.55
49.55
49.90
20.77
16,740
Aug 30, 2024
51.40
51.75
50.80
51.40
21.40
15,040
Aug 29, 2024
50.85
52.35
50.85
51.25
21.33
10,540
Aug 28, 2024
52.00
52.00
50.40
50.75
21.13
7,800
Aug 27, 2024
52.00
52.20
51.55
52.20
21.73
24,640
Aug 26, 2024
52.30
52.60
52.00
52.40
21.81
11,560
Aug 23, 2024
51.70
52.65
51.70
52.60
21.90
17,760
Aug 22, 2024
52.25
52.25
51.20
51.70
21.52
8,480
Aug 21, 2024
51.60
51.96
51.35
51.85
21.58
5,200
Aug 20, 2024
51.35
51.85
51.05
51.45
21.42
16,740
Aug 19, 2024
50.30
51.65
50.30
51.50
21.44
20,420
Aug 16, 2024
50.90
50.95
50.36
50.90
21.19
38,160
Aug 15, 2024
50.25
50.70
50.25
50.55
21.04
18,320
Aug 14, 2024
50.25
50.25
49.40
50.00
20.81
7,320
Aug 13, 2024
49.35
49.95
48.85
49.95
20.79
7,720
Aug 12, 2024
49.25
49.25
48.35
48.50
20.19
10,860
Aug 9, 2024
48.95
49.10
48.56
49.05
20.42
8,820
Aug 8, 2024
47.10
48.67
46.90
48.45
20.17
15,160
Aug 7, 2024
1.315 Dividend 

Aug 7, 2024
48.05
48.78
46.30
46.50
19.36
18,660
Aug 6, 2024
48.50
49.39
47.65
48.70
19.73
37,500
Aug 5, 2024
45.65
48.75
43.75
47.60
19.28
21,700
Aug 2, 2024
51.00
51.00
49.30
49.90
20.21
24,080
Aug 1, 2024
54.25
54.32
51.35
51.80
20.98
28,280
Jul 31, 2024
54.40
55.20
54.06
54.34
22.01
7,860
Jul 30, 2024
54.75
54.75
53.30
53.90
21.83
6,640
Jul 29, 2024
54.50
54.95
53.97
54.40
22.03
10,060
Jul 26, 2024
54.05
54.95
53.70
54.20
21.95
14,900
Jul 25, 2024
53.00
54.90
52.65
53.20
21.55
12,780
Jul 24, 2024
55.40
55.40
52.90
53.15
21.53
27,460
Jul 23, 2024
55.65
56.20
55.65
55.85
22.62
12,120
Jul 22, 2024
55.00
55.75
55.00
55.65
22.54
29,320
Jul 19, 2024
54.90
55.10
54.55
54.70
22.16
70,380
Jul 18, 2024
55.35
55.47
54.45
54.95
22.26
50,280
Jul 17, 2024
54.90
55.35
54.90
55.35
22.42
30,060
Jul 16, 2024
55.00
55.35
54.92
55.25
22.38
20,140
Jul 15, 2024
55.15
55.15
54.70
55.05
22.30
36,960
Jul 12, 2024
53.55
54.58
53.55
54.55
22.09
29,260
Jul 11, 2024
53.55
54.30
53.55
53.60
21.71
45,560
Jul 10, 2024
53.55
53.85
53.15
53.55
21.69
42,360
Jul 9, 2024
53.50
53.94
53.40
53.80
21.79
44,940
Jul 8, 2024
53.55
53.84
53.35
53.80
21.79
42,480
Jul 5, 2024
1.23 Dividend 

Jul 5, 2024
53.55
53.80
52.85
53.80
21.79
34,600
Jul 3, 2024
54.35
54.70
54.35
54.70
21.66
42,680
Jul 2, 2024
54.25
54.45
54.20
54.40
21.54
13,220
Jul 1, 2024
53.70
54.23
53.70
54.00
21.38
18,780
Jun 28, 2024
53.95
54.00
53.58
53.95
21.36
22,460
Jun 27, 2024
53.45
53.80
52.85
53.80
21.30
20,320
Jun 26, 2024
52.85
53.35
52.85
53.35
21.12
15,580
Jun 25, 2024
52.75
53.10
52.60
53.10
21.02
28,360
Jun 24, 2024
52.70
53.25
52.50
52.70
20.87
19,820
Jun 21, 2024
52.70
52.85
52.35
52.70
20.87
17,660
Jun 20, 2024
53.20
53.20
52.27
52.85
20.92
53,780
Jun 18, 2024
53.25
53.47
53.05
53.10
21.02
27,000
Jun 17, 2024
53.35
53.90
52.70
53.75
21.28
29,360
Jun 14, 2024
53.45
53.65
52.95
53.40
21.14
41,200
Jun 13, 2024
54.35
54.85
53.65
53.85
21.32
24,740
Jun 12, 2024
54.00
54.90
53.90
54.45
21.56
41,800
Jun 11, 2024
52.75
53.45
52.28
53.45
21.16
31,160
Jun 10, 2024
52.25
53.45
52.16
53.20
21.06
31,440
Jun 7, 2024
53.40
53.80
52.65
52.90
20.94
57,460
Jun 6, 2024
2 Dividend 

Jun 6, 2024
53.80
53.80
53.35
53.60
21.22
15,240
Jun 5, 2024
54.95
55.40
54.83
55.35
21.12
25,180
Jun 4, 2024
54.75
55.05
54.50
54.95
20.97
17,220
Jun 3, 2024
54.50
55.00
54.25
54.75
20.89
15,820
May 31, 2024
55.20
55.75
53.55
54.40
20.76
46,380
May 30, 2024
55.80
55.80
54.47
54.75
20.89
34,060
May 29, 2024
56.50
56.50
55.15
55.80
21.29
24,020
May 28, 2024
56.60
57.00
55.69
56.20
21.45
34,400
May 24, 2024
56.00
56.45
55.40
56.45
21.54
15,820
May 23, 2024
57.15
57.15
55.15
55.55
21.20
26,360
May 22, 2024
57.40
57.60
56.70
57.10
21.79
20,720
May 21, 2024
57.45
57.45
56.95
57.45
21.92
20,000
May 20, 2024
57.20
57.45
56.77
57.45
21.92
18,440
May 17, 2024
56.45
57.15
56.45
57.15
21.81
14,020
May 16, 2024
56.55
56.85
56.55
56.65
21.62
13,980
May 15, 2024
56.55
56.85
56.40
56.85
21.69
20,980
May 14, 2024
56.15
56.85
56.15
56.45
21.54
26,640
May 13, 2024
55.15
56.25
55.15
55.85
21.31
17,040
May 10, 2024
56.90
56.90
54.90
55.00
20.99
37,380
May 9, 2024
56.85
56.85
55.76
56.65
21.62
21,940
May 8, 2024
57.50
57.50
56.45
56.95
21.73
29,860
May 7, 2024
58.35
58.35
57.65
57.65
22.00
18,820
May 6, 2024
2.63 Dividend 

May 6, 2024
58.45
58.45
57.72
58.35
22.27
18,700
May 3, 2024
60.30
60.30
59.85
59.85
21.84
38,540
May 2, 2024
59.10
59.50
58.08
59.50
21.71
14,260
May 1, 2024
57.80
59.10
57.28
58.40
21.31
25,660
Apr 30, 2024
58.90
58.90
57.65
57.80
21.09
13,480
Apr 29, 2024
59.05
59.19
58.70
59.10
21.56
17,400
Apr 26, 2024
58.10
58.30
57.15
58.30
21.27
6,840
Apr 25, 2024
56.60
57.60
56.20
57.45
20.96
20,800
Apr 24, 2024
57.95
58.30
57.25
57.90
21.12
17,800
Apr 23, 2024
55.80
57.75
55.80
57.50
20.98
27,360
Apr 22, 2024
56.00
56.50
55.01
55.90
20.40
25,860
Apr 19, 2024
56.65
56.97
55.05
55.90
20.40
20,460
Apr 18, 2024
56.55
57.35
56.05
56.60
20.65
10,920
Apr 17, 2024
57.60
57.88
56.15
56.40
20.58
23,660
Apr 16, 2024
58.55
58.55
56.70
57.50
20.98
39,240
Apr 15, 2024
61.30
61.30
58.10
58.40
21.31
40,420
Apr 12, 2024
62.50
62.50
60.65
60.75
22.16
26,920
Apr 11, 2024
62.05
62.60
61.20
62.45
22.78
30,920
Apr 10, 2024
62.00
62.05
61.10
62.05
22.64
23,400
Apr 9, 2024
62.50
62.60
62.05
62.40
22.77
13,220
Apr 8, 2024
61.95
62.55
61.47
62.55
22.82
40,580
Apr 5, 2024
61.10
61.45
60.45
61.35
22.38
23,520
Apr 4, 2024
2.38 Dividend 

Apr 4, 2024
63.20
63.20
61.05
61.25
22.35
37,740
Apr 3, 2024
63.70
64.50
63.28
64.20
22.55
28,100
Apr 2, 2024
64.65
64.65
63.25
64.20
22.55
48,980
Apr 1, 2024
67.45
67.45
65.35
66.15
23.24
34,780
Mar 28, 2024
66.50
66.96
66.36
66.90
23.50
16,740
Mar 27, 2024
66.50
66.95
65.65
66.20
23.26
18,100
Mar 26, 2024
65.90
66.60
65.90
66.20
23.26
20,960
Mar 25, 2024
65.50
66.20
65.35
66.20
23.26
16,440
Mar 22, 2024
66.15
66.15
65.05
65.35
22.96
18,920
Mar 21, 2024
66.05
66.35
65.90
66.15
23.24
18,260
Mar 20, 2024
64.10
65.85
63.50
65.85
23.13
20,000
Mar 19, 2024
63.75
64.03
62.55
63.90
22.45
30,040
Mar 18, 2024
64.00
64.20
63.08
64.10
22.52
34,120
Mar 15, 2024
64.00
64.00
63.05
63.75
22.40
23,000
Mar 14, 2024
65.80
65.80
63.10
63.50
22.31
28,160
Mar 13, 2024
65.30
66.35
65.05
65.65
23.06
29,880
Mar 12, 2024
65.75
65.75
64.60
65.50
23.01
21,340
Mar 11, 2024
65.30
66.20
65.25
65.30
22.94
28,880
Mar 8, 2024
65.05
66.50
64.82
65.45
22.99
23,540
Mar 7, 2024
65.00
65.15
63.95
65.15
22.89
18,780
Mar 6, 2024
2.315 Dividend 

Mar 6, 2024
65.00
65.03
63.15
64.65
22.71
37,740
Mar 5, 2024
66.60
66.95
64.85
65.30
22.13
29,700
Mar 4, 2024
68.30
68.30
66.85
67.40
22.84
25,340
Mar 1, 2024
68.05
68.05
67.35
68.00
23.04
17,080
Feb 29, 2024
67.35
67.80
67.25
67.80
22.98
22,200
Feb 28, 2024
67.15
67.60
67.10
67.25
22.79
14,200
Feb 27, 2024
66.45
67.40
66.45
67.15
22.75
21,640
Feb 26, 2024
65.00
66.45
64.52
66.45
22.52
19,560
Feb 23, 2024
64.55
65.45
64.32
64.45
21.84
12,740
Feb 22, 2024
64.65
64.85
63.40
64.65
21.91
22,940
Feb 21, 2024
63.75
63.75
62.55
63.10
21.38
33,400
Feb 20, 2024
65.95
66.00
63.75
64.80
21.96
35,120
Feb 16, 2024
67.45
67.80
66.25
66.70
22.60
21,460
Feb 15, 2024
66.45
67.61
66.45
67.50
22.87
28,820
Feb 14, 2024
63.70
66.45
63.70
66.45
22.52
42,740
Feb 13, 2024
64.20
64.45
62.55
63.35
21.47
36,000
Feb 12, 2024
65.35
66.55
65.32
66.25
22.45
25,640
Feb 9, 2024
65.50
65.50
64.95
65.15
22.08
31,200
Feb 8, 2024
64.50
65.40
64.50
65.40
22.16
22,840
Feb 7, 2024
1.93 Dividend 

Feb 7, 2024
64.50
64.70
63.51
64.45
21.84
20,680
Feb 6, 2024
64.70
66.00
64.35
66.00
21.71
21,480
Feb 5, 2024
65.20
65.25
63.25
63.85
21.00
20,600
Feb 2, 2024
65.25
65.55
63.65
65.55
21.56
23,020
Feb 1, 2024
65.35
65.35
63.35
64.95
21.37
14,740
Jan 31, 2024
64.85
66.00
63.85
64.00
21.05
24,480
Jan 30, 2024
66.15
66.15
65.31
65.45
21.53
18,080
Jan 29, 2024
64.35
66.16
64.20
66.05
21.73
19,200
Jan 26, 2024
64.25
65.15
64.06
64.35
21.17
12,700
Jan 25, 2024
64.40
64.60
63.50
63.95
21.04
20,320
Jan 24, 2024
65.05
65.25
64.25
64.40
21.18
18,340
Jan 23, 2024
64.65
65.10
64.50
64.75
21.30
11,860
Jan 22, 2024
63.90
65.14
63.90
64.75
21.30
27,900
Jan 19, 2024
63.20
64.00
62.56
63.75
20.97
14,120
Jan 18, 2024
63.95
63.95
62.72
63.10
20.76
16,960
Jan 17, 2024
64.65
64.65
62.85
64.00
21.05
26,440
Jan 16, 2024
65.05
65.24
63.95
64.95
21.37
21,880
Jan 12, 2024
65.90
67.05
65.35
65.55
21.56
16,480
Jan 11, 2024
67.45
67.85
65.25
66.45
21.86
19,460
Jan 10, 2024
67.70
68.20
66.75
67.85
22.32
19,740
Jan 9, 2024
68.45
68.57
67.70
67.85
22.32
13,980
Jan 8, 2024
67.25
68.65
66.85
68.60
22.57
16,260
Jan 5, 2024
1.595 Dividend 

Jan 5, 2024
66.45
67.32
65.88
66.95
22.02
17,340
Jan 4, 2024
68.00
68.90
67.17
68.50
22.01
20,000
Jan 3, 2024
69.80
69.80
67.50
68.15
21.90
21,660
Jan 2, 2024
72.20
72.20
69.95
70.35
22.60
34,220
Dec 29, 2023
74.25
74.49
72.40
72.75
23.37
25,600
Dec 28, 2023
74.00
74.45
73.95
74.45
23.92
18,720
Dec 27, 2023
73.65
74.11
73.65
73.95
23.76
15,360
Dec 26, 2023
72.60
73.75
72.60
73.70
23.68
28,800
Dec 22, 2023
71.60
72.60
71.55
72.60
23.33
21,940
Dec 21, 2023
71.25
71.45
70.44
71.45
22.96
11,600
Dec 20, 2023
71.60
72.05
69.60
70.20
22.56
20,980
Dec 19, 2023
69.60
71.90
69.60
71.60
23.00
28,360
Dec 18, 2023
69.40
70.00
69.10
69.55
22.35
18,440
Dec 15, 2023
69.00
69.55
69.00
69.45
22.31
22,820
Dec 14, 2023
68.50
69.55
68.50
69.30
22.27
44,100
Dec 13, 2023
66.70
68.35
65.28
68.35
21.96
41,420
Dec 12, 2023
66.55
66.60
65.90
66.55
21.38
18,980
Dec 11, 2023
66.90
66.90
65.85
66.60
21.40
32,580
Dec 8, 2023
65.30
67.40
65.28
66.95
21.51
23,200
Dec 7, 2023
1.21 Dividend 

Dec 7, 2023
65.55
66.00
64.77
66.00
21.21
18,640
Dec 6, 2023
67.00
68.00
66.60
66.65
21.03
60,980
Dec 5, 2023
67.30
67.40
66.30
66.95
21.12
18,100
Dec 4, 2023
67.00
67.30
66.18
67.25
21.22
32,200
Dec 1, 2023
64.05
66.85
64.05
66.85
21.09
35,840
Nov 30, 2023
65.55
65.55
63.65
64.05
20.21
19,460
Nov 29, 2023
65.75
65.75
65.00
65.20
20.57
16,860
Nov 28, 2023
65.25
65.58
65.00
65.40
20.63
18,500
Nov 27, 2023
64.80
65.15
64.30
65.15
20.55
14,620
Nov 24, 2023
64.55
64.70
64.40
64.70
20.41
9,220
Nov 22, 2023
63.95
64.43
63.75
64.35
20.30
17,800
Nov 21, 2023
63.75
64.00
63.45
63.65
20.08
11,800
Nov 20, 2023
63.65
64.25
63.35
64.25
20.27
22,900
Nov 17, 2023
62.95
63.10
62.25
63.10
19.91
22,600
Nov 16, 2023
62.70
62.70
61.80
62.45
19.70
17,720
Nov 15, 2023
62.75
62.75
62.40
62.50
19.72
13,980
Nov 14, 2023
62.25
62.65
62.05
62.30
19.65
22,740
Nov 13, 2023
60.50
61.20
59.60
61.20
19.31
20,200
Nov 10, 2023
60.05
61.10
59.45
60.75
19.16
24,820
Nov 9, 2023
61.95
62.38
59.85
59.90
18.90
21,940
Nov 8, 2023
1.92 Dividend 

Nov 8, 2023
62.45
62.45
61.30
61.90
19.53
16,800
Nov 7, 2023
63.00
64.32
62.60
64.20
19.65
28,080
Nov 6, 2023
63.85
63.85
61.85
62.80
19.22
29,560
Nov 3, 2023
63.85
63.85
63.35
63.55
19.45
36,960
Nov 2, 2023
62.75
63.40
62.75
63.15
19.33
21,740
Nov 1, 2023
60.75
60.80
59.50
60.80
18.61
28,280
Oct 31, 2023
59.10
60.35
58.65
60.25
18.44
14,860
Oct 30, 2023
59.55
59.55
58.05
59.00
18.06
15,880
Oct 27, 2023
60.50
60.50
58.35
58.55
17.92
15,800
Oct 26, 2023
60.05
60.90
58.90
59.30
18.15
25,460
Oct 25, 2023
62.90
62.90
60.15
60.40
18.48
18,340
Oct 24, 2023
62.90
64.00
62.85
63.30
19.37
21,420
Oct 23, 2023
60.85
62.45
60.05
61.65
18.87
26,480
Oct 20, 2023
61.90
62.40
60.95
61.25
18.74
26,760
Oct 19, 2023
63.30
64.00
62.10
62.10
19.00
28,900
Oct 18, 2023
65.25
65.82
63.50
63.50
19.43
25,940
Oct 17, 2023
64.75
66.20
64.60
66.05
20.21
49,440
Oct 16, 2023
64.70
65.40
63.65
65.35
20.00
29,320
Oct 13, 2023
65.05
65.07
63.75
63.80
19.52
28,360
Oct 12, 2023
66.75
66.75
64.93
65.45
20.03
16,640
Oct 11, 2023
66.75
67.25
66.25
66.60
20.38
24,340
Oct 10, 2023
66.05
67.25
65.93
66.83
20.45
25,580
Oct 9, 2023
65.25
66.20
64.60
66.00
20.20
21,900
Oct 6, 2023
1.675 Dividend 

Oct 6, 2023
64.40
66.00
63.58
65.90
20.17
25,800
Oct 5, 2023
66.95
66.95
65.25
66.30
19.78
45,360
Oct 4, 2023
65.50
66.85
64.75
66.85
19.94
29,760
Oct 3, 2023
66.50
67.15
65.15
65.40
19.51
32,940
Oct 2, 2023
68.05
68.10
66.75
67.00
19.99
36,720
Sep 29, 2023
67.75
68.25
67.55
67.95
20.27
26,640
Sep 28, 2023
66.40
67.30
65.44
66.85
19.94
12,020
Sep 27, 2023
66.55
66.75
65.20
66.40
19.81
23,140
Sep 26, 2023
66.40
66.85
65.44
65.70
19.60
29,740
Sep 25, 2023
66.05
66.60
65.29
66.00
19.69
34,520
Sep 22, 2023
68.45
68.50
66.00
66.05
19.70
30,760
Sep 21, 2023
68.30
68.33
67.15
67.50
20.14
41,400
Sep 20, 2023
70.80
71.50
69.25
69.65
20.78
29,700
Sep 19, 2023
71.50
71.50
69.85
70.30
20.97
41,540
Sep 18, 2023
72.65
72.68
71.05
71.50
21.33
39,000
Sep 15, 2023
73.35
73.50
72.30
72.65
21.67
22,000
Sep 14, 2023
73.35
73.93
72.90
73.50
21.93
19,600
Sep 13, 2023
73.45
73.70
72.80
73.15
21.82
21,060
Sep 12, 2023
73.45
74.25
73.45
74.05
22.09
44,840
Sep 11, 2023
72.85
74.05
72.85
73.85
22.03
36,240
Sep 8, 2023
1.82 Dividend 

Sep 8, 2023
73.85
73.85
72.85
73.20
21.84
54,640
Sep 7, 2023
75.05
75.20
74.00
75.00
21.83
54,200
Sep 6, 2023
75.20
75.35
74.70
75.25
21.90
54,020
Sep 5, 2023
74.85
75.00
74.20
74.95
21.82
108,560
Sep 1, 2023
74.80
74.80
74.25
74.70
21.74
46,880
Aug 31, 2023
74.65
74.65
74.30
74.50
21.68
48,000
Aug 30, 2023
74.20
74.45
73.65
74.45
21.67
39,320
Aug 29, 2023
72.20
74.20
71.45
74.20
21.60
38,300
Aug 28, 2023
72.50
72.50
71.31
72.00
20.96
45,740
Aug 25, 2023
70.50
71.75
69.85
71.50
20.81
37,180
Aug 24, 2023
73.10
73.10
70.20
70.50
20.52
41,260
Aug 23, 2023
71.50
72.60
71.08
72.40
21.07
29,620
Aug 22, 2023
72.45
72.45
70.50
71.15
20.71
24,560
Aug 21, 2023
70.90
71.45
70.00
71.45
20.80
37,520
Aug 18, 2023
68.00
70.30
67.95
70.15
20.42
39,340
Aug 17, 2023
71.75
71.75
69.35
69.80
20.32
37,780
Aug 16, 2023
73.05
73.05
70.85
71.40
20.78
49,940
Aug 15, 2023
73.75
74.15
73.00
73.15
21.29
35,680
Aug 14, 2023
73.50
74.15
72.50
74.15
21.58
47,180
Aug 11, 2023
73.75
74.50
73.10
73.80
21.48
30,680
Aug 10, 2023
76.15
76.30
73.50
73.80
21.48
36,960
Aug 9, 2023
77.50
77.50
74.50
75.15
21.87
44,320
Aug 8, 2023
77.15
77.25
75.80
77.25
22.48
24,100
Aug 7, 2023
78.40
78.40
76.00
77.25
22.48
46,540
Aug 4, 2023
3.42 Dividend 

Aug 4, 2023
80.00
80.00
77.55
77.80
22.64
65,400
Aug 3, 2023
83.00
83.00
81.90
82.85
23.12
52,760
Aug 2, 2023
86.45
86.45
82.80
83.45
23.29
53,640
Aug 1, 2023
87.75
87.85
86.30
87.85
24.51
44,380
Jul 31, 2023
87.40
88.25
87.30
88.25
24.63
39,300
Jul 28, 2023
85.20
87.30
85.00
86.80
24.22
32,360
Jul 27, 2023
86.65
86.65
82.53
83.00
23.16
39,040
Jul 26, 2023
83.50
85.80
83.10
85.50
23.86
28,820
Jul 25, 2023
84.90
84.99
83.55
83.90
23.41
21,960
Jul 24, 2023
84.90
84.90
82.82
83.75
23.37
37,340
Jul 21, 2023
85.00
85.70
83.25
84.80
23.66
16,720
Jul 20, 2023
85.75
85.75
83.75
84.00
23.44
29,980
Jul 19, 2023
85.75
86.30
85.60
85.75
23.93
22,060
Jul 18, 2023
85.40
85.60
85.06
85.25
23.79
35,180
Jul 17, 2023
84.75
85.50
84.15
85.50
23.86
51,900
Jul 14, 2023
84.95
85.50
84.00
84.15
23.48
17,540
Jul 13, 2023
84.85
84.85
84.15
84.20
23.50
21,980
Jul 12, 2023
84.90
84.90
83.85
84.60
23.61
22,640
Jul 11, 2023
84.15
84.30
83.25
83.75
23.37
20,540
Jul 10, 2023
81.80
83.43
81.15
83.25
23.23
23,640
Jul 7, 2023
2.775 Dividend 

Jul 7, 2023
80.05
82.35
80.05
81.00
22.60
23,120
Jul 6, 2023
85.25
85.25
82.10
83.10
22.41
41,340
Jul 5, 2023
85.45
85.60
84.66
85.35
23.02
39,200
Jul 3, 2023
85.15
85.50
84.70
85.25
22.99
26,980
Jun 30, 2023
84.90
84.95
83.71
84.20
22.71
25,020
Jun 29, 2023
84.10
84.10
83.30
83.50
22.52
19,880
Jun 28, 2023
83.00
84.10
82.30
83.70
22.58
16,140
Jun 27, 2023
81.70
82.75
80.74
82.65
22.29
22,140
Jun 26, 2023
80.75
81.80
80.18
80.30
21.66
13,880
Jun 23, 2023
80.75
81.20
79.58
80.58
21.74
17,960
Jun 22, 2023
81.50
81.85
80.25
81.15
21.89
20,900
Jun 21, 2023
84.25
84.45
81.30
81.70
22.04
24,640
Jun 20, 2023
84.00
84.20
82.65
83.75
22.59
20,400
Jun 16, 2023
84.00
84.20
83.31
83.70
22.58
13,960
Jun 15, 2023
82.10
83.45
82.10
83.40
22.50
10,360
Jun 14, 2023
83.40
83.40
81.55
82.44
22.24
11,780
Jun 13, 2023
82.10
83.10
81.35
83.10
22.41
21,500
Jun 12, 2023
81.75
81.80
80.94
81.50
21.98
16,060
Jun 9, 2023
81.00
81.65
81.00
81.00
21.85
13,740
Jun 8, 2023
80.80
80.85
80.10
80.60
21.74
9,420
Jun 7, 2023
2.55 Dividend 

Jun 7, 2023
80.80
81.20
80.00
80.30
21.66
26,420
Jun 6, 2023
81.85
83.05
81.00
83.00
21.70
11,720
Jun 5, 2023
81.95
82.35
81.20
81.85
21.40
14,180
Jun 2, 2023
82.60
82.60
81.60
81.95
21.43
15,180
Jun 1, 2023
81.20
82.00
80.55
81.90
21.41
10,860
May 31, 2023
80.75
81.25
79.85
81.20
21.23
5,600
May 30, 2023
80.70
81.52
79.86
80.35
21.01
17,000
May 26, 2023
77.55
79.65
77.50
79.45
20.77
8,680
May 25, 2023
79.90
79.90
77.50
77.95
20.38
13,300
May 24, 2023
78.65
78.95
78.25
78.95
20.64
11,860
May 23, 2023
79.90
79.90
79.05
79.10
20.68
7,920
May 22, 2023
78.75
80.15
78.00
79.55
20.80
9,800
May 19, 2023
78.75
78.75
77.35
78.10
20.42
8,320
May 18, 2023
77.85
78.15
77.10
78.05
20.41
11,600
May 17, 2023
77.00
77.50
75.75
77.50
20.26
6,060
May 16, 2023
77.40
77.40
75.60
76.05
19.88
4,760
May 15, 2023
75.55
77.70
75.55
77.00
20.13
9,620
May 12, 2023
77.20
77.70
75.60
75.80
19.82
6,000
May 11, 2023
76.80
77.55
76.40
77.10
20.16
8,400
May 10, 2023
77.30
77.55
76.40
76.75
20.07
9,000
May 9, 2023
75.25
76.10
74.45
75.75
19.80
8,460
May 8, 2023
75.45
75.60
74.40
75.25
19.67
10,460
May 5, 2023
1.825 Dividend 

May 5, 2023
72.70
75.15
72.70
75.00
19.61
7,800
May 4, 2023
73.10
74.05
72.30
73.85
18.83
12,460
May 3, 2023
72.80
73.55
71.95
72.25
18.42
8,640
May 2, 2023
74.10
74.10
71.95
72.00
18.36
9,060
May 1, 2023
74.10
74.10
73.19
73.70
18.79
10,700
Apr 28, 2023
73.15
74.05
72.25
73.90
18.84
7,820
Apr 27, 2023
72.65
73.55
72.05
73.35
18.70
5,140
Apr 26, 2023
74.85
75.10
72.50
72.60
18.51
10,260
Apr 25, 2023
76.00
76.00
73.80
73.90
18.84
8,900
Apr 24, 2023
77.15
77.15
75.00
76.25
19.44
8,280
Apr 21, 2023
77.20
77.20
76.00
77.00
19.63
8,420
Apr 20, 2023
78.00
78.25
76.25
76.25
19.44
9,560
Apr 19, 2023
78.45
79.40
77.50
79.15
20.18
6,280
Apr 18, 2023
79.40
79.55
78.20
79.05
20.16
5,280
Apr 17, 2023
78.35
79.00
77.80
78.50
20.02
8,840
Apr 14, 2023
79.25
79.60
77.78
78.15
19.93
4,180
Apr 13, 2023
76.75
79.55
76.75
78.45
20.00
7,660
Apr 12, 2023
79.41
79.41
76.00
76.70
19.56
19,900
Apr 11, 2023
78.05
78.55
77.70
78.00
19.89
11,260
Apr 10, 2023
77.35
77.95
76.30
77.75
19.82
8,300
Apr 6, 2023
2.55 Dividend 

Apr 6, 2023
75.90
78.00
75.45
77.55
19.77
12,320
Apr 5, 2023
82.10
82.10
78.40
79.20
19.54
12,580
Apr 4, 2023
82.90
82.90
81.50
81.55
20.12
10,340
Apr 3, 2023
82.95
82.95
80.90
82.30
20.31
15,860
Mar 31, 2023
81.95
83.30
81.38
82.90
20.46
6,880
Mar 30, 2023
82.20
82.20
80.75
80.90
19.96
7,840
Mar 29, 2023
79.55
80.95
79.35
80.25
19.80
5,520
Mar 28, 2023
79.70
79.70
78.20
78.48
19.37
5,240
Mar 27, 2023
81.30
81.30
79.40
79.75
19.68
8,400
Mar 24, 2023
79.05
79.87
78.25
79.10
19.52
8,660
Mar 23, 2023
80.55
82.69
78.75
79.80
19.69
17,080
Mar 22, 2023
84.55
84.55
81.15
81.15
20.03
16,200
Mar 21, 2023
81.40
84.14
80.10
83.95
20.72
5,000
Mar 20, 2023
81.55
81.55
79.14
79.75
19.68
7,880
Mar 17, 2023
81.10
81.40
79.80
80.71
19.92
7,420
Mar 16, 2023
79.55
81.32
79.25
81.10
20.01
2,980
Mar 15, 2023
77.35
79.20
77.25
78.70
19.42
2,900
Mar 14, 2023
78.10
78.70
77.25
77.95
19.24
2,360
Mar 13, 2023
74.65
77.95
72.55
76.61
18.91
2,800
Mar 10, 2023
77.10
77.20
73.25
74.68
18.43
8,000
Mar 9, 2023
81.25
81.25
78.66
78.66
19.41
5,660
Mar 8, 2023
3.845 Dividend 

Mar 8, 2023
81.30
81.30
79.35
80.50
19.86
3,120
Mar 7, 2023
86.05
86.65
84.35
84.64
19.94
3,780
Mar 6, 2023
87.50
87.60
85.68
85.68
20.18
9,680
Mar 3, 2023
85.95
87.10
85.30
86.75
20.43
7,640
Mar 2, 2023
87.50
87.50
82.53
85.27
20.09
4,680
Mar 1, 2023
85.31
85.55
84.65
84.93
20.00
2,740
Feb 28, 2023
84.69
86.00
84.60
85.28
20.09
5,320
Feb 27, 2023
83.85
84.10
83.30
83.79
19.74
2,400
Feb 24, 2023
82.55
83.45
81.55
82.42
19.41
1,440
Feb 23, 2023
87.50
87.50
82.59
85.65
20.18
11,740
Feb 22, 2023
85.65
87.05
85.00
86.95
20.48
5,040
Feb 21, 2023
87.82
89.10
85.07
85.07
20.04
5,160
Feb 17, 2023
89.65
89.65
87.65
89.65
21.12
2,260
Feb 16, 2023
91.30
93.35
90.05
90.28
21.27
2,180
Feb 15, 2023
90.50
91.85
90.43
91.76
21.61
480
Feb 14, 2023
86.50
89.61
85.05
89.61
21.11
660
Feb 13, 2023
84.30
87.10
84.29
86.85
20.46
640
Feb 10, 2023
85.94
85.95
84.29
85.00
20.02
960
Feb 9, 2023
93.25
93.25
88.28
88.28
20.79
1,600
Feb 8, 2023
5.45 Dividend 

Feb 8, 2023
94.95
94.95
91.38
91.38
21.52
280
Feb 7, 2023
97.30
100.50
97.25
100.07
22.29
1,320
Feb 6, 2023
102.75
102.75
101.67
101.67
22.64
620
Feb 3, 2023
102.61
103.45
102.61
102.81
22.90
180
Feb 2, 2023
102.87
102.87
102.87
102.87
22.91
20
Feb 1, 2023
95.63
99.54
95.63
99.54
22.17
80
Jan 31, 2023
93.75
95.69
93.75
95.69
21.31
40
Jan 30, 2023
97.50
97.50
94.04
94.04
20.94
140
Jan 27, 2023
98.79
98.79
98.35
98.35
21.91
80
Jan 26, 2023
97.93
97.93
97.93
97.93
21.81
20
Jan 25, 2023
93.75
96.63
93.75
96.63
21.52
20
Jan 24, 2023
96.75
96.75
96.28
96.28
21.44
120
Jan 23, 2023
96.80
96.85
96.80
96.82
21.57
200
Jan 20, 2023
92.40
94.53
92.40
94.53
21.05
320
Jan 19, 2023
90.85
90.85
90.31
90.31
20.11
200
Jan 18, 2023
94.50
94.50
92.56
92.56
20.61
100
Jan 17, 2023
94.10
94.10
93.43
93.61
20.85
80
Jan 13, 2023
92.22
92.57
92.22
92.57
20.62
40
Jan 12, 2023
92.00
92.00
92.00
92.00
20.49
20
Jan 11, 2023
91.19
91.19
91.00
91.00
20.27
80
Jan 10, 2023
3.725 Dividend 

Jan 10, 2023
89.50
90.39
89.50
90.39
20.13
180
Jan 9, 2023
93.70
94.20
93.36
93.36
19.96
480
Jan 6, 2023
90.80
90.80
90.80
90.80
19.42
20
Jan 5, 2023
89.89
90.25
89.89
90.05
19.26
160
Jan 4, 2023
91.22
91.22
91.22
91.22
19.51
-
Jan 3, 2023
88.80
88.80
88.80
88.80
18.99
20
Dec 30, 2022
90.99
90.99
90.99
90.99
19.46
-
Dec 29, 2022
89.98
89.98
89.98
89.98
19.24
-
Dec 28, 2022
86.58
86.58
86.58
86.58
18.51
20
Dec 27, 2022
86.79
86.79
86.79
86.79
18.56
20
Dec 23, 2022
89.71
89.71
89.71
89.71
19.18
20
Dec 22, 2022
91.73
91.73
91.73
91.73
19.62
20
Dec 21, 2022
94.40
94.40
94.40
94.40
20.19
20
Dec 20, 2022
92.81
92.81
92.81
92.81
19.85
20
Dec 19, 2022
92.86
92.86
92.86
92.86
19.86
20
Dec 16, 2022
95.70
95.70
95.70
95.70
20.46
20
Dec 15, 2022
95.70
95.85
95.35
95.67
20.46
340
Dec 14, 2022
100.46
100.46
100.46
100.46
21.48
-
Dec 13, 2022
100.72
100.72
100.72
100.72
21.54
-
Dec 12, 2022
98.60
100.39
98.60
100.39
21.47
160
Dec 9, 2022
98.43
98.43
98.43
98.43
21.05
-
Dec 8, 2022
99.50
99.79
99.50
99.79
21.34
20
Dec 7, 2022
97.80
98.25
97.80
97.98
20.95
500
Dec 6, 2022
99.35
99.50
98.51
98.51
21.07
60
Dec 5, 2022
104.10
104.10
102.58
102.58
21.94
20
Dec 2, 2022
106.32
106.32
106.32
106.32
22.74
20
Dec 1, 2022
105.35
105.35
104.40
104.57
22.36
80
Nov 30, 2022
103.57
103.57
103.57
103.57
22.15
20
Nov 29, 2022
98.10
98.10
97.76
97.76
20.91
20
Nov 28, 2022
100.30
100.30
98.09
98.09
20.98
320
Nov 25, 2022
100.29
100.30
100.10
100.10
21.41
300
