Date
Open
High
Low
Close 

Adj Close 

Volume
Jun 5, 2026
14.96
15.12
14.35
14.51
14.51
2,900
Jun 4, 2026
15.42
15.54
15.06
15.17
15.17
2,500
Jun 3, 2026
15.54
15.57
15.10
15.18
15.18
5,200
Jun 2, 2026
0.066 Dividend 

Jun 2, 2026
16.35
16.44
15.98
16.05
16.05
10,700
Jun 1, 2026
16.62
16.85
16.40
16.69
16.62
15,200
May 29, 2026
15.69
16.43
15.56
16.33
16.27
16,200
May 28, 2026
14.35
15.20
14.35
15.17
15.11
13,800
May 27, 2026
0.054 Dividend 

May 27, 2026
14.02
14.40
13.96
14.06
14.01
13,900
May 26, 2026
14.26
14.69
14.26
14.57
14.46
4,500
May 22, 2026
14.58
14.64
14.43
14.59
14.48
5,800
May 21, 2026
14.60
14.68
14.57
14.62
14.51
1,900
May 20, 2026
14.35
14.56
14.35
14.56
14.45
2,500
May 19, 2026
0.053 Dividend 

May 19, 2026
14.34
14.40
14.24
14.37
14.26
7,400
May 18, 2026
13.87
14.41
13.86
14.41
14.24
2,300
May 15, 2026
14.23
14.37
14.13
14.26
14.10
5,600
May 14, 2026
13.90
14.22
13.90
14.22
14.06
4,800
May 13, 2026
14.45
14.45
13.73
13.83
13.68
10,100
May 12, 2026
0.056 Dividend 

May 12, 2026
14.36
14.45
14.25
14.45
14.28
3,100
May 11, 2026
14.22
14.55
14.16
14.55
14.33
7,900
May 8, 2026
14.43
14.60
14.26
14.60
14.38
6,700
May 7, 2026
14.31
14.70
14.31
14.54
14.32
10,500
May 6, 2026
13.89
14.37
13.89
14.18
13.97
8,700
May 5, 2026
0.062 Dividend 

May 5, 2026
14.70
14.99
14.28
14.42
14.20
12,400
May 4, 2026
15.40
15.48
15.20
15.23
14.94
7,200
May 1, 2026
14.98
15.14
14.90
15.06
14.77
4,100
Apr 30, 2026
14.48
14.69
14.37
14.65
14.37
23,200
Apr 29, 2026
14.35
14.42
14.20
14.42
14.14
3,100
Apr 28, 2026
0.061 Dividend 

Apr 28, 2026
14.77
14.85
14.77
14.78
14.50
2,900
Apr 27, 2026
14.76
15.10
14.76
15.01
14.66
5,600
Apr 24, 2026
14.73
14.98
14.72
14.98
14.64
9,600
Apr 23, 2026
15.59
15.59
14.64
14.80
14.46
16,200
Apr 22, 2026
15.58
15.97
15.53
15.95
15.58
12,100
Apr 21, 2026
0.072 Dividend 

Apr 21, 2026
15.35
15.56
15.27
15.28
14.93
2,800
Apr 20, 2026
15.21
15.40
15.14
15.33
14.91
6,200
Apr 17, 2026
15.29
15.41
15.24
15.35
14.92
1,600
Apr 16, 2026
15.14
15.21
15.07
15.10
14.69
2,700
Apr 15, 2026
14.83
15.12
14.72
15.06
14.65
4,600
Apr 14, 2026
0.067 Dividend 

Apr 14, 2026
14.64
14.66
14.49
14.56
14.16
2,900
Apr 13, 2026
13.94
14.48
13.94
14.30
13.83
27,400
Apr 10, 2026
13.48
13.84
13.30
13.76
13.31
20,600
Apr 9, 2026
14.63
14.63
13.78
14.02
13.57
7,400
Apr 8, 2026
16.68
16.68
15.22
15.22
14.73
7,900
Apr 7, 2026
0.068 Dividend 

Apr 7, 2026
15.94
16.24
15.73
16.24
15.71
51,200
Apr 6, 2026
16.14
16.25
16.07
16.10
15.51
4,300
Apr 2, 2026
15.54
16.10
15.45
16.10
15.52
4,400
Apr 1, 2026
15.92
16.08
15.83
15.94
15.36
1,600
Mar 31, 2026
0.065 Dividend 

Mar 31, 2026
15.15
15.83
15.09
15.79
15.22
4,400
Mar 30, 2026
15.48
15.48
14.65
14.77
14.17
24,600
Mar 27, 2026
15.71
15.71
15.41
15.46
14.84
2,500
Mar 26, 2026
16.54
16.54
15.92
15.92
15.28
17,100
Mar 25, 2026
17.08
17.25
16.84
16.85
16.16
4,400
Mar 24, 2026
0.059 Dividend 

Mar 24, 2026
17.24
17.41
16.58
16.77
16.09
3,900
Mar 23, 2026
16.98
17.39
16.98
17.39
16.63
3,000
Mar 20, 2026
16.84
16.84
16.24
16.29
15.58
1,300
Mar 19, 2026
16.49
16.83
16.49
16.83
16.09
1,000
Mar 18, 2026
16.60
16.65
16.48
16.48
15.76
600
Mar 17, 2026
0.071 Dividend 

Mar 17, 2026
16.39
16.80
16.39
16.69
15.96
3,900
Mar 16, 2026
16.50
16.52
16.35
16.47
15.68
2,500
Mar 13, 2026
16.53
16.53
16.24
16.24
15.46
300
Mar 12, 2026
16.44
16.78
16.35
16.50
15.71
2,700
Mar 11, 2026
16.11
16.24
16.11
16.24
15.46
800
Mar 10, 2026
0.077 Dividend 

Mar 10, 2026
16.21
16.24
16.14
16.14
15.37
2,500
Mar 9, 2026
16.98
16.98
16.82
16.87
15.99
2,200
Mar 6, 2026
16.98
16.98
16.98
16.98
16.09
500
Mar 5, 2026
16.65
16.65
16.65
16.65
15.78
200
Mar 4, 2026
16.33
16.75
16.33
16.69
15.82
5,300
Mar 3, 2026
0.069 Dividend 

Mar 3, 2026
15.77
16.15
15.68
16.15
15.31
6,400
Mar 2, 2026
16.03
16.20
15.99
16.13
15.22
4,900
Feb 27, 2026
15.10
15.34
15.10
15.34
14.48
7,900
Feb 26, 2026
14.95
15.36
14.95
15.25
14.39
1,600
Feb 25, 2026
14.69
14.98
14.69
14.98
14.13
1,000
Feb 24, 2026
0.058 Dividend 

Feb 24, 2026
14.30
14.37
14.10
14.32
13.51
5,600
Feb 23, 2026
14.78
14.78
14.31
14.57
13.69
2,000
Feb 20, 2026
14.60
14.76
14.57
14.73
13.84
6,000
Feb 19, 2026
14.54
14.66
14.54
14.66
13.78
1,700
Feb 18, 2026
0.099 Dividend 

Feb 18, 2026
15.02
15.04
14.69
14.69
13.81
2,500
Feb 17, 2026
14.23
14.56
14.23
14.53
13.56
1,400
Feb 13, 2026
13.91
14.43
13.91
14.31
13.35
1,800
Feb 12, 2026
14.86
14.86
13.80
14.05
13.12
4,000
Feb 11, 2026
15.29
15.29
14.60
14.92
13.92
3,000
Feb 10, 2026
0.101 Dividend 

Feb 10, 2026
15.83
15.83
15.29
15.29
14.27
1,100
Feb 9, 2026
15.07
15.86
15.07
15.69
14.55
16,400
Feb 6, 2026
14.63
15.06
14.52
14.96
13.88
4,600
Feb 5, 2026
14.96
14.96
14.04
14.17
13.14
7,200
Feb 4, 2026
16.71
16.71
14.80
15.28
14.17
8,800
Feb 3, 2026
0.064 Dividend 

Feb 3, 2026
17.89
17.89
17.43
17.69
16.40
6,700
Feb 2, 2026
16.70
16.73
16.30
16.33
15.09
5,000
Jan 30, 2026
16.57
16.57
16.15
16.15
14.92
4,100
Jan 29, 2026
17.38
17.38
16.45
16.81
15.53
9,900
Jan 28, 2026
18.01
18.13
17.39
17.39
16.06
5,700
Jan 27, 2026
0.075 Dividend 

Jan 27, 2026
18.53
18.69
18.40
18.40
17.00
1,500
Jan 26, 2026
18.78
18.90
18.67
18.67
17.18
2,300
Jan 23, 2026
18.99
19.01
18.85
18.86
17.35
1,500
Jan 22, 2026
19.33
19.33
18.78
18.85
17.34
8,200
Jan 21, 2026
0.08 Dividend 

Jan 21, 2026
19.04
19.25
18.28
18.78
17.28
2,500
Jan 20, 2026
19.29
19.45
19.26
19.26
17.65
2,200
Jan 16, 2026
20.58
20.58
19.40
19.48
17.85
3,300
Jan 15, 2026
20.37
20.45
20.19
20.19
18.50
1,100
Jan 14, 2026
20.26
20.26
19.90
20.26
18.56
1,900
Jan 13, 2026
0.078 Dividend 

Jan 13, 2026
20.16
20.30
20.16
20.28
18.59
2,900
Jan 12, 2026
20.39
20.61
20.31
20.39
18.61
2,600
Jan 9, 2026
19.93
20.20
19.93
20.15
18.39
4,500
Jan 8, 2026
20.71
20.71
19.85
20.15
18.39
4,000
Jan 7, 2026
20.39
21.13
20.39
20.64
18.84
4,000
Jan 6, 2026
0.075 Dividend 

Jan 6, 2026
19.96
20.42
19.96
20.42
18.64
1,700
Jan 5, 2026
19.87
19.99
19.75
19.77
17.98
3,700
Jan 2, 2026
20.19
20.19
18.80
18.96
17.24
7,300
Dec 31, 2025
20.48
20.51
20.18
20.18
18.36
1,800
Dec 30, 2025
0.08 Dividend 

Dec 30, 2025
20.73
21.07
20.62
20.62
18.75
5,100
Dec 29, 2025
21.30
21.41
21.11
21.14
19.15
4,500
Dec 26, 2025
22.19
22.19
21.65
21.65
19.62
2,000
Dec 24, 2025
22.07
22.10
22.03
22.08
20.01
1,700
Dec 23, 2025
0.079 Dividend 

Dec 23, 2025
22.11
22.11
21.97
22.06
19.99
1,800
Dec 22, 2025
22.19
22.41
22.00
22.10
19.95
6,300
Dec 19, 2025
21.84
22.04
21.83
22.04
19.89
1,400
Dec 18, 2025
21.31
21.31
21.15
21.15
19.09
700
Dec 17, 2025
21.30
21.30
20.04
20.04
18.09
2,600
Dec 16, 2025
0.083 Dividend 

Dec 16, 2025
20.54
21.34
20.53
21.34
19.27
5,000
Dec 15, 2025
20.94
21.15
20.89
20.89
18.78
4,400
Dec 12, 2025
20.94
20.94
20.20
20.85
18.75
6,100
Dec 11, 2025
21.02
21.35
20.90
21.33
19.18
3,500
Dec 10, 2025
21.15
21.38
21.15
21.33
19.18
3,800
Dec 9, 2025
0.086 Dividend 

Dec 9, 2025
20.84
20.84
20.76
20.76
18.67
1,800
Dec 8, 2025
20.88
21.07
20.65
20.77
18.60
7,500
Dec 5, 2025
20.70
20.80
20.63
20.80
18.62
5,000
Dec 4, 2025
20.21
20.35
20.21
20.35
18.22
1,600
Dec 3, 2025
19.91
20.20
19.91
20.20
18.09
2,700
Dec 2, 2025
0.081 Dividend 

Dec 2, 2025
19.73
19.78
19.71
19.74
17.67
1,700
Dec 1, 2025
19.09
19.53
19.09
19.43
17.33
7,600
Nov 28, 2025
19.51
19.51
19.43
19.48
17.36
2,400
Nov 26, 2025
19.38
19.45
19.34
19.34
17.24
2,200
Nov 25, 2025
0.08 Dividend 

Nov 25, 2025
18.72
19.15
18.52
19.14
17.06
2,700
Nov 24, 2025
18.53
19.25
18.53
19.03
16.90
7,300
Nov 21, 2025
18.41
18.41
18.00
18.21
16.17
3,600
Nov 20, 2025
20.13
20.15
18.20
18.20
16.16
7,300
Nov 19, 2025
19.66
19.82
19.20
19.40
17.22
4,500
Nov 18, 2025
0.105 Dividend 

Nov 18, 2025
19.77
20.12
19.54
19.66
17.45
3,400
Nov 17, 2025
20.09
20.36
19.78
20.22
17.86
4,900
Nov 14, 2025
20.02
20.66
20.02
20.40
18.02
2,900
Nov 13, 2025
21.00
21.00
20.04
20.18
17.83
5,100
Nov 12, 2025
22.00
22.00
21.23
21.49
18.98
5,000
Nov 11, 2025
21.97
22.10
21.73
22.08
19.50
2,400
Nov 10, 2025
23.44
23.44
21.59
22.20
19.61
19,700
Nov 7, 2025
19.64
20.58
19.49
20.58
18.18
7,800
Nov 6, 2025
22.18
22.55
20.25
20.25
17.89
5,900
Nov 5, 2025
22.28
22.44
21.28
22.16
19.57
6,900
Nov 4, 2025
22.36
23.26
21.99
22.47
19.84
15,600
