Date
Open
High
Low
Close 

Adj Close 

Volume

May 22, 2026
21.73
21.97
21.12
21.53
21.53
184,400
May 21, 2026
21.44
21.89
21.38
21.66
21.66
158,100
May 20, 2026
21.10
21.64
20.78
21.60
21.60
143,900
May 19, 2026
21.11
21.65
20.98
21.30
21.30
139,200
May 18, 2026
0.173 Dividend 

May 18, 2026
20.75
21.40
20.56
21.25
21.25
103,000
May 15, 2026
21.01
21.53
20.95
21.18
21.01
186,800
May 14, 2026
20.40
21.33
20.40
21.17
21.00
222,700
May 13, 2026
21.38
21.73
20.25
20.53
20.36
332,500
May 12, 2026
21.70
21.88
21.17
21.67
21.49
254,800
May 11, 2026
0.26 Dividend 

May 11, 2026
21.42
21.81
21.03
21.78
21.60
261,600
May 8, 2026
21.98
22.27
21.32
22.22
21.78
248,400
May 7, 2026
21.70
22.82
21.69
22.13
21.69
227,000
May 6, 2026
21.53
21.83
20.98
21.46
21.04
247,400
May 5, 2026
23.00
23.24
21.69
21.87
21.44
333,600
May 4, 2026
0.225 Dividend 

May 4, 2026
24.13
24.59
23.70
23.97
23.50
169,300
May 1, 2026
23.46
24.16
23.19
23.68
22.99
128,200
Apr 30, 2026
22.63
22.94
22.30
22.80
22.14
119,800
Apr 29, 2026
23.06
23.08
21.88
22.40
21.75
156,300
Apr 28, 2026
23.30
23.66
23.03
23.23
22.55
144,500
Apr 27, 2026
0.329 Dividend 

Apr 27, 2026
23.09
23.91
23.06
23.52
22.84
108,000
Apr 24, 2026
23.84
23.91
23.01
23.78
22.77
170,600
Apr 23, 2026
25.23
25.24
23.25
23.45
22.45
203,200
Apr 22, 2026
24.78
25.79
24.75
25.70
24.61
125,100
Apr 21, 2026
24.61
25.20
24.09
24.34
23.31
130,100
Apr 20, 2026
0.088 Dividend 

Apr 20, 2026
24.20
24.70
24.06
24.39
23.35
197,100
Apr 17, 2026
24.42
25.00
24.05
24.72
23.58
300,000
Apr 16, 2026
24.10
24.22
23.31
23.98
22.88
261,900
Apr 15, 2026
22.77
23.90
22.43
23.84
22.75
171,900
Apr 14, 2026
22.25
23.00
22.23
22.58
21.54
171,500
Apr 13, 2026
0.317 Dividend 

Apr 13, 2026
21.40
22.27
21.27
21.83
20.83
180,800
Apr 10, 2026
21.50
21.57
20.25
21.27
19.99
389,500
Apr 9, 2026
24.03
24.03
21.49
21.91
20.59
369,300
Apr 8, 2026
26.92
27.17
23.67
24.01
22.57
324,100
Apr 7, 2026
25.22
25.95
24.75
25.82
24.27
87,400
Apr 6, 2026
0.214 Dividend 

Apr 6, 2026
25.36
26.00
25.21
25.43
23.90
129,500
Apr 2, 2026
24.75
25.80
24.16
25.80
24.05
173,900
Apr 1, 2026
25.51
25.77
25.00
25.38
23.66
91,800
Mar 31, 2026
24.01
25.67
23.86
25.36
23.64
197,300
Mar 30, 2026
0.288 Dividend 

Mar 30, 2026
24.80
24.88
23.39
23.55
21.95
207,400
Mar 27, 2026
25.48
25.73
24.68
25.01
23.04
128,900
Mar 26, 2026
27.30
27.30
25.90
25.90
23.86
152,400
Mar 25, 2026
28.27
28.61
27.52
27.55
25.38
102,300
Mar 24, 2026
28.51
29.00
26.96
27.45
25.29
152,100
Mar 23, 2026
0.25 Dividend 

Mar 23, 2026
27.02
28.82
27.02
28.76
26.50
196,400
Mar 20, 2026
27.74
28.03
26.59
26.76
24.42
565,200
Mar 19, 2026
27.30
28.05
26.82
27.92
25.48
92,700
Mar 18, 2026
27.97
28.18
27.33
27.37
24.98
147,400
Mar 17, 2026
27.60
28.20
27.24
27.92
25.48
148,300
Mar 16, 2026
0.44 Dividend 

Mar 16, 2026
27.34
27.57
27.04
27.31
24.93
196,100
Mar 13, 2026
28.23
28.23
26.90
27.51
24.71
219,000
Mar 12, 2026
27.33
28.49
27.33
28.07
25.21
197,100
Mar 11, 2026
27.40
27.87
27.08
27.52
24.72
76,300
Mar 10, 2026
28.90
28.90
27.27
27.40
24.61
216,500
Mar 9, 2026
0.3 Dividend 

Mar 9, 2026
28.90
29.02
27.88
28.77
25.84
268,100
Mar 6, 2026
27.80
30.00
27.70
29.21
25.96
170,300
Mar 5, 2026
28.18
28.93
27.48
28.11
24.99
155,100
Mar 4, 2026
27.39
28.52
27.14
28.36
25.21
183,700
Mar 3, 2026
25.85
27.02
25.04
27.02
24.02
218,700
Mar 2, 2026
0.311 Dividend 

Mar 2, 2026
25.50
26.86
25.50
26.56
23.61
235,900
Feb 27, 2026
24.88
25.29
24.43
25.18
22.11
183,300
Feb 26, 2026
24.49
25.11
24.11
24.72
21.70
123,400
Feb 25, 2026
23.55
24.85
23.39
24.35
21.38
155,400
Feb 24, 2026
23.07
23.56
22.76
23.18
20.35
219,100
Feb 23, 2026
0.234 Dividend 

Feb 23, 2026
24.06
24.06
22.98
23.73
20.83
157,000
Feb 20, 2026
24.54
25.10
24.05
25.01
21.75
235,900
Feb 19, 2026
24.25
25.10
24.05
24.80
21.57
155,300
Feb 18, 2026
25.13
26.17
24.88
25.08
21.81
111,400
Feb 17, 2026
0.181 Dividend 

Feb 17, 2026
23.42
24.69
23.21
24.34
21.17
158,800
Feb 13, 2026
23.48
24.71
23.17
24.16
20.85
177,100
Feb 12, 2026
25.18
25.22
23.23
23.71
20.47
241,600
Feb 11, 2026
26.10
26.10
24.66
25.24
21.79
178,400
Feb 10, 2026
27.32
27.42
25.76
26.17
22.59
159,500
Feb 9, 2026
0.117 Dividend 

Feb 9, 2026
25.50
27.54
25.08
26.77
23.11
157,200
Feb 6, 2026
25.21
25.80
24.64
25.47
21.88
234,200
Feb 5, 2026
25.38
25.85
23.70
24.05
20.66
320,300
Feb 4, 2026
29.87
29.87
25.40
26.33
22.62
321,000
Feb 3, 2026
31.46
32.25
29.36
30.37
26.09
434,900
Feb 2, 2026
0.336 Dividend 

Feb 2, 2026
28.76
28.94
27.88
28.11
24.15
253,000
Jan 30, 2026
28.75
29.20
27.84
28.23
23.97
231,500
Jan 29, 2026
30.94
30.94
28.35
29.36
24.93
383,200
Jan 28, 2026
32.53
32.53
30.75
30.75
26.11
376,300
Jan 27, 2026
33.20
33.65
32.53
32.67
27.74
191,600
Jan 26, 2026
0.303 Dividend 

Jan 26, 2026
33.27
33.99
33.21
33.29
28.26
129,300
Jan 23, 2026
33.21
34.50
33.21
34.10
28.69
152,300
Jan 22, 2026
34.18
34.18
32.93
33.20
27.94
167,100
Jan 21, 2026
33.65
34.15
32.02
33.05
27.81
238,900
Jan 20, 2026
0.48 Dividend 

Jan 20, 2026
33.70
34.65
33.24
33.90
28.53
284,800
Jan 16, 2026
36.71
37.61
34.67
34.94
29.00
455,600
Jan 15, 2026
36.98
37.24
36.27
36.33
30.15
150,600
Jan 14, 2026
36.59
37.48
35.57
36.72
30.47
271,100
Jan 13, 2026
36.90
37.36
36.19
36.62
30.39
274,500
Jan 12, 2026
0.167 Dividend 

Jan 12, 2026
36.75
37.71
36.33
36.90
30.62
214,400
Jan 9, 2026
36.63
37.01
36.05
36.71
30.33
199,600
Jan 8, 2026
38.62
38.64
35.99
36.81
30.41
213,900
Jan 7, 2026
37.13
39.14
36.80
37.75
31.19
196,100
Jan 6, 2026
36.29
37.40
36.11
37.36
30.86
164,800
Jan 5, 2026
0.457 Dividend 

Jan 5, 2026
36.09
36.34
35.39
36.09
29.81
219,700
Jan 2, 2026
38.20
38.42
34.48
35.08
28.60
431,900
Dec 31, 2025
38.26
38.26
37.21
37.34
30.45
200,800
Dec 30, 2025
39.05
39.22
38.20
38.24
31.18
251,400
Dec 29, 2025
0.626 Dividend 

Dec 29, 2025
39.53
39.81
38.99
39.12
31.90
251,600
Dec 26, 2025
42.40
42.80
40.75
41.00
32.92
304,900
Dec 24, 2025
42.05
42.49
41.97
42.27
33.94
92,100
Dec 23, 2025
41.67
42.57
41.59
42.22
33.90
202,400
Dec 22, 2025
0.57 Dividend 

Dec 22, 2025
42.52
43.50
41.90
42.06
33.77
253,800
Dec 19, 2025
40.98
43.06
40.90
42.53
33.69
596,000
Dec 18, 2025
39.88
41.05
39.53
40.28
31.91
265,500
Dec 17, 2025
41.18
41.42
38.39
38.41
30.43
244,500
Dec 16, 2025
39.68
41.42
39.30
41.08
32.54
232,300
Dec 15, 2025
0.603 Dividend 

Dec 15, 2025
40.52
41.32
40.02
40.06
31.73
161,000
Dec 12, 2025
41.29
41.35
39.18
40.87
31.90
275,900
Dec 11, 2025
41.40
41.89
39.80
41.80
32.62
171,600
Dec 10, 2025
41.02
42.50
40.60
42.00
32.78
237,200
Dec 9, 2025
39.87
40.54
39.64
40.20
31.37
170,500
Dec 8, 2025
0.555 Dividend 

Dec 8, 2025
40.50
40.79
39.75
40.08
31.28
141,600
Dec 5, 2025
40.03
41.00
39.70
41.00
31.57
180,400
Dec 4, 2025
39.34
40.00
38.87
39.71
30.57
120,000
Dec 3, 2025
37.79
39.45
37.53
39.45
30.37
118,400
Dec 2, 2025
37.70
39.27
37.69
38.00
29.26
152,200
Dec 1, 2025
0.322 Dividend 

Dec 1, 2025
36.63
37.55
35.90
37.22
28.66
164,200
Nov 28, 2025
37.58
37.77
37.08
37.69
28.77
133,300
Nov 26, 2025
37.31
37.65
36.46
37.06
28.29
217,600
Nov 25, 2025
35.47
36.74
34.59
36.44
27.82
230,900
Nov 24, 2025
0.52 Dividend 

Nov 24, 2025
34.77
36.84
34.61
36.17
27.61
340,500
Nov 21, 2025
34.76
35.49
32.61
34.56
25.98
511,100
Nov 20, 2025
39.05
40.00
34.47
34.97
26.29
427,100
Nov 19, 2025
38.18
38.60
36.75
37.37
28.10
264,100
Nov 18, 2025
38.39
39.44
37.60
38.11
28.65
273,500
Nov 17, 2025
0.335 Dividend 

Nov 17, 2025
39.01
40.00
38.20
39.19
29.46
294,300
Nov 14, 2025
38.02
41.13
37.53
40.21
29.98
492,800
Nov 13, 2025
42.27
42.79
39.45
39.84
29.70
422,200
Nov 12, 2025
45.08
45.08
42.14
43.13
32.16
282,500
Nov 11, 2025
45.34
45.60
43.82
45.08
33.61
209,900
Nov 10, 2025
0.809 Dividend 

Nov 10, 2025
43.49
46.08
43.05
45.83
34.17
459,000
Nov 7, 2025
40.33
42.59
39.60
42.20
30.86
649,200
Nov 6, 2025
45.50
46.20
41.31
41.50
30.35
702,500
Nov 5, 2025
45.88
45.88
43.31
45.46
33.24
333,600
Nov 4, 2025
46.00
47.50
44.63
46.09
33.70
791,500
Nov 3, 2025
0.68 Dividend 

Nov 3, 2025
50.46
50.90
49.04
50.90
37.22
559,900
Oct 31, 2025
49.24
50.66
48.87
49.60
35.77
550,600
Oct 30, 2025
48.99
49.37
47.75
48.16
34.74
373,800
Oct 29, 2025
46.84
49.39
46.71
49.04
35.37
514,700
Oct 28, 2025
46.70
47.05
45.63
46.42
33.48
387,300
Oct 27, 2025
0.995 Dividend 

Oct 27, 2025
46.42
47.37
45.98
46.34
33.42
435,200
Oct 24, 2025
45.52
46.40
45.51
45.96
32.43
533,700
Oct 23, 2025
43.32
45.09
43.32
44.89
31.68
208,500
Oct 22, 2025
45.26
45.26
41.54
43.36
30.60
371,600
Oct 21, 2025
45.01
45.35
44.25
45.08
31.81
196,400
Oct 20, 2025
1.01 Dividend 

Oct 20, 2025
44.71
45.55
43.90
45.25
31.93
257,400
Oct 17, 2025
44.69
46.14
43.85
45.10
31.11
392,300
Oct 16, 2025
46.19
47.12
44.56
45.15
31.15
229,700
Oct 15, 2025
46.00
47.00
44.38
45.46
31.36
197,800
Oct 14, 2025
0.858 Dividend 

Oct 14, 2025
44.49
46.40
42.78
45.49
31.38
202,600
Oct 13, 2025
46.44
46.50
44.62
45.74
30.96
212,600
Oct 10, 2025
48.32
48.66
45.00
45.00
30.46
440,400
Oct 9, 2025
47.72
48.95
46.66
48.26
32.67
253,700
Oct 8, 2025
47.89
47.90
47.06
47.85
32.39
210,100
Oct 7, 2025
46.70
48.56
46.46
47.40
32.08
387,900
Oct 6, 2025
0.863 Dividend 

Oct 6, 2025
46.25
47.55
46.09
46.80
31.68
420,200
Oct 3, 2025
49.92
50.08
44.68
45.67
30.33
1,109,500
Oct 2, 2025
50.00
50.04
48.57
49.91
33.15
237,300
Oct 1, 2025
48.21
49.64
47.50
49.35
32.77
277,300
Sep 30, 2025
47.18
48.65
47.08
48.65
32.31
244,700
Sep 29, 2025
1.108 Dividend 

Sep 29, 2025
47.54
48.00
46.78
47.50
31.54
237,100
Sep 26, 2025
48.62
48.91
47.13
48.06
31.18
313,300
Sep 25, 2025
47.41
50.15
46.88
48.13
31.23
254,600
Sep 24, 2025
50.26
50.35
47.91
48.25
31.30
171,400
Sep 23, 2025
49.41
50.68
47.78
49.33
32.00
215,800
Sep 22, 2025
0.672 Dividend 

Sep 22, 2025
49.13
49.35
48.22
48.86
31.70
134,600
Sep 19, 2025
48.41
50.87
48.41
50.16
32.11
276,000
Sep 18, 2025
46.32
48.91
46.04
48.14
30.81
271,000
Sep 17, 2025
46.00
46.09
43.30
45.58
29.18
237,100
Sep 16, 2025
46.54
46.57
45.77
46.06
29.48
105,900
Sep 15, 2025
0.497 Dividend 

Sep 15, 2025
46.40
46.69
45.38
46.59
29.82
213,600
Sep 12, 2025
45.19
47.23
44.82
47.05
29.80
260,800
Sep 11, 2025
46.05
46.07
44.58
45.04
28.53
196,700
Sep 10, 2025
45.84
46.25
44.72
45.70
28.94
170,000
Sep 9, 2025
42.68
44.40
42.36
44.31
28.06
154,800
Sep 8, 2025
0.547 Dividend 

Sep 8, 2025
41.55
42.95
41.55
42.25
26.76
160,400
Sep 5, 2025
43.28
43.75
40.14
42.04
26.28
271,900
Sep 4, 2025
42.59
43.10
41.90
42.72
26.70
128,500
Sep 3, 2025
43.36
44.63
42.08
42.14
26.34
191,100
Sep 2, 2025
0.36 Dividend 

Sep 2, 2025
41.12
43.57
40.81
43.12
26.95
211,100
Aug 29, 2025
43.72
44.00
42.70
43.74
27.12
221,800
Aug 28, 2025
43.60
44.22
42.40
44.16
27.38
184,800
Aug 27, 2025
45.35
45.35
43.18
43.57
27.01
240,200
Aug 26, 2025
43.25
45.43
42.81
44.85
27.80
242,400
Aug 25, 2025
0.527 Dividend 

Aug 25, 2025
43.44
44.20
41.10
43.93
27.23
321,300
Aug 22, 2025
43.66
46.26
42.60
44.91
27.52
447,400
Aug 21, 2025
43.92
44.56
43.13
44.03
26.98
306,900
Aug 20, 2025
42.59
43.99
39.03
43.96
26.93
557,100
Aug 19, 2025
49.09
49.45
44.13
44.40
27.20
704,400
Aug 18, 2025
1.586 Dividend 

Aug 18, 2025
50.48
51.40
49.12
49.70
30.45
310,100
Aug 15, 2025
53.79
53.79
51.28
52.66
31.29
404,300
Aug 14, 2025
55.35
55.69
53.60
54.31
32.27
206,200
Aug 13, 2025
57.20
57.21
55.01
55.60
33.04
189,900
Aug 12, 2025
55.50
56.72
54.65
56.39
33.51
240,000
Aug 11, 2025
1.141 Dividend 

Aug 11, 2025
56.23
56.44
54.55
54.67
32.49
337,200
Aug 8, 2025
56.99
57.83
56.16
57.75
33.64
411,900
Aug 7, 2025
55.39
56.60
54.43
55.99
32.61
219,600
Aug 6, 2025
52.02
55.15
51.82
55.00
32.04
192,000
Aug 5, 2025
51.73
53.62
51.25
52.50
30.58
229,500
Aug 4, 2025
0.704 Dividend 

Aug 4, 2025
47.00
48.32
47.00
48.24
28.10
227,300
Aug 1, 2025
47.00
47.93
45.35
46.84
26.87
301,500
Jul 31, 2025
48.75
48.95
47.51
48.10
27.60
128,400
Jul 30, 2025
47.44
48.48
47.44
48.26
27.69
128,500
Jul 29, 2025
48.10
48.73
46.87
47.32
27.15
203,800
Jul 28, 2025
0.685 Dividend 

Jul 28, 2025
48.86
48.86
46.27
48.18
27.64
202,000
Jul 25, 2025
47.91
49.50
47.76
49.24
27.86
295,700
Jul 24, 2025
47.22
47.80
46.72
47.50
26.87
110,100
Jul 23, 2025
45.60
47.46
45.21
47.46
26.85
158,700
Jul 22, 2025
46.00
46.65
43.97
45.08
25.50
243,200
Jul 21, 2025
0.66 Dividend 

Jul 21, 2025
47.26
47.72
46.31
46.45
26.28
263,300
Jul 18, 2025
48.12
48.26
47.12
47.94
26.75
212,400
Jul 17, 2025
47.21
48.55
46.81
48.15
26.87
186,500
Jul 16, 2025
46.08
47.00
45.60
46.93
26.18
149,200
Jul 15, 2025
46.20
46.65
45.38
45.86
25.59
206,300
Jul 14, 2025
0.645 Dividend 

Jul 14, 2025
43.87
46.28
43.66
46.27
25.82
249,400
Jul 11, 2025
44.30
45.15
44.12
44.41
24.42
220,500
Jul 10, 2025
44.70
45.28
43.30
44.52
24.48
138,700
Jul 9, 2025
43.20
44.61
42.50
44.48
24.46
143,000
Jul 8, 2025
43.17
43.36
41.94
43.23
23.77
145,400
Jul 7, 2025
0.49 Dividend 

Jul 7, 2025
41.24
43.19
40.67
43.04
23.67
173,600
Jul 3, 2025
41.69
42.26
41.21
42.10
22.88
162,700
Jul 2, 2025
40.74
41.60
40.45
41.20
22.39
150,300
Jul 1, 2025
42.18
42.31
39.63
40.77
22.16
266,400
Jun 30, 2025
0.651 Dividend 

Jun 30, 2025
43.36
43.63
42.08
42.83
23.28
294,400
Jun 27, 2025
46.75
46.75
41.17
41.55
22.23
386,200
Jun 26, 2025
46.62
47.79
45.90
46.55
24.90
170,900
Jun 25, 2025
46.53
47.74
45.40
46.02
24.62
211,200
Jun 24, 2025
45.28
46.18
44.00
46.08
24.65
121,300
Jun 23, 2025
0.692 Dividend 

Jun 23, 2025
44.46
45.63
43.35
44.88
24.01
172,000
Jun 20, 2025
45.77
46.12
44.28
44.54
23.46
195,400
Jun 18, 2025
45.29
45.57
44.56
45.55
23.99
106,800
Jun 17, 2025
46.00
46.14
44.04
44.90
23.65
136,200
Jun 16, 2025
0.474 Dividend 

Jun 16, 2025
45.64
47.25
45.50
46.15
24.30
110,600
Jun 13, 2025
43.62
46.00
43.37
45.05
23.48
169,700
Jun 12, 2025
44.71
44.81
44.00
44.24
23.05
92,800
Jun 11, 2025
43.82
45.64
43.33
44.69
23.29
94,100
Jun 10, 2025
42.70
43.45
42.00
43.31
22.57
83,400
Jun 9, 2025
0.678 Dividend 

Jun 9, 2025
41.15
43.00
40.18
42.85
22.33
111,300
Jun 6, 2025
40.50
42.12
39.85
42.00
21.53
186,000
Jun 5, 2025
42.73
44.00
38.67
38.93
19.96
160,800
Jun 4, 2025
44.07
44.07
41.05
42.78
21.93
94,500
Jun 3, 2025
43.94
44.86
43.00
44.20
22.66
78,400
Jun 2, 2025
0.45 Dividend 

Jun 2, 2025
43.42
44.59
42.58
43.75
22.43
79,400
May 30, 2025
40.99
44.10
40.57
44.02
22.34
174,700
May 29, 2025
41.96
41.96
40.10
40.30
20.45
71,300
May 28, 2025
41.25
41.65
40.67
40.97
20.79
100,500
May 27, 2025
0.683 Dividend 

May 27, 2025
42.40
42.56
40.00
40.81
20.71
85,900
May 23, 2025
40.39
42.37
40.39
41.51
20.72
180,600
May 22, 2025
40.90
42.60
40.80
41.12
20.52
89,100
May 21, 2025
42.25
42.97
39.92
40.39
20.16
77,800
May 20, 2025
43.01
43.30
42.02
42.39
21.16
63,500
May 19, 2025
0.403 Dividend 

May 19, 2025
42.35
43.32
42.00
42.71
21.32
104,000
May 16, 2025
44.87
44.87
43.40
44.49
22.00
101,800
May 15, 2025
45.07
45.07
42.98
43.93
21.73
67,200
May 14, 2025
44.69
46.02
43.85
44.76
22.14
57,000
May 13, 2025
40.50
44.92
40.50
43.92
21.72
97,900
May 12, 2025
0.674 Dividend 

May 12, 2025
41.32
41.32
38.70
39.97
19.77
84,900
May 9, 2025
41.42
41.42
39.28
40.29
19.59
141,100
May 8, 2025
38.51
41.51
38.38
41.08
19.98
55,900
May 7, 2025
37.00
37.95
36.28
37.38
18.18
39,100
May 6, 2025
39.52
39.52
35.26
36.81
17.90
93,400
May 5, 2025
0.609 Dividend 

May 5, 2025
43.11
43.89
42.00
43.89
21.34
62,900
May 2, 2025
41.87
43.84
41.74
43.44
20.83
65,900
May 1, 2025
42.47
42.47
40.04
40.53
19.43
28,700
Apr 30, 2025
39.24
41.54
37.93
41.48
19.89
39,900
Apr 29, 2025
40.23
40.59
39.20
40.32
19.33
29,400
Apr 28, 2025
0.497 Dividend 

Apr 28, 2025
39.87
39.92
37.49
39.92
19.14
47,000
Apr 25, 2025
37.99
39.66
36.76
39.64
18.77
59,400
Apr 24, 2025
34.36
37.60
34.36
37.60
17.80
23,900
Apr 23, 2025
33.35
35.95
33.35
34.84
16.50
39,500
Apr 22, 2025
31.36
32.88
31.23
31.91
15.11
22,800
Apr 21, 2025
0.469 Dividend 

Apr 21, 2025
32.15
32.88
30.11
30.71
14.54
27,600
Apr 17, 2025
33.05
33.05
31.88
32.42
15.13
23,000
Apr 16, 2025
33.11
33.40
30.75
32.02
14.94
36,300
Apr 15, 2025
32.56
34.50
32.35
34.34
16.02
33,200
Apr 14, 2025
0.234 Dividend 

Apr 14, 2025
31.51
33.72
31.50
32.00
14.93
35,300
Apr 11, 2025
30.36
30.68
29.18
30.54
14.14
35,800
Apr 10, 2025
32.04
32.04
28.85
30.43
14.09
47,300
Apr 9, 2025
26.02
32.31
26.02
31.90
14.77
63,300
Apr 8, 2025
28.67
29.43
25.29
25.95
12.02
29,200
Apr 7, 2025
0.348 Dividend 

Apr 7, 2025
22.49
27.27
22.00
26.34
12.20
75,000
Apr 4, 2025
27.30
27.44
24.28
25.10
11.46
53,700
Apr 3, 2025
28.29
29.89
28.24
29.17
13.32
37,200
Apr 2, 2025
28.70
31.00
28.65
30.76
14.05
41,300
Apr 1, 2025
29.27
29.76
28.63
29.50
13.47
22,700
Mar 31, 2025
0.512 Dividend 

Mar 31, 2025
28.25
29.49
27.38
29.45
13.45
42,000
Mar 28, 2025
31.90
31.90
29.90
31.54
14.17
51,900
Mar 27, 2025
32.50
33.94
32.25
32.47
14.59
21,700
Mar 26, 2025
35.54
35.54
32.84
33.42
15.01
28,100
Mar 25, 2025
35.90
35.90
34.58
35.26
15.84
22,700
Mar 24, 2025
0.479 Dividend 

Mar 24, 2025
34.20
35.55
33.79
35.39
15.90
39,200
Mar 21, 2025
31.77
34.02
30.37
34.02
15.07
41,700
Mar 20, 2025
30.63
32.46
30.63
31.82
14.09
16,000
Mar 19, 2025
30.49
31.87
30.01
31.20
13.82
27,600
Mar 18, 2025
31.06
31.06
29.67
30.38
13.45
21,500
Mar 17, 2025
0.453 Dividend 

Mar 17, 2025
32.57
32.57
30.61
31.83
14.10
22,600
Mar 14, 2025
30.60
32.18
30.03
31.77
13.87
32,200
Mar 13, 2025
30.40
30.40
28.64
28.80
12.57
13,700
Mar 12, 2025
30.57
30.95
29.25
30.93
13.50
15,100
Mar 11, 2025
26.75
29.24
26.75
28.31
12.36
5,800
Mar 10, 2025
0.178 Dividend 

Mar 10, 2025
30.03
30.03
26.81
27.32
11.93
20,800
Mar 7, 2025
29.34
31.40
29.34
31.40
13.63
17,700
Mar 6, 2025
32.67
32.75
29.30
29.49
12.80
25,000
Mar 5, 2025
31.50
33.71
31.33
33.62
14.59
15,300
Mar 4, 2025
28.96
32.14
28.96
31.43
13.64
10,800
Mar 3, 2025
0.182 Dividend 

Mar 3, 2025
33.39
33.91
30.49
30.49
13.24
16,700
Feb 28, 2025
29.10
31.63
28.81
31.63
13.65
19,600
Feb 27, 2025
35.15
35.50
31.45
31.45
13.57
20,200
Feb 26, 2025
33.86
34.84
32.90
33.69
14.54
21,700
Feb 25, 2025
33.51
34.26
32.06
32.87
14.19
82,300
Feb 24, 2025
37.79
37.90
33.99
34.28
14.79
25,100
Feb 21, 2025
42.85
43.01
39.27
39.27
16.95
19,900
Feb 20, 2025
39.68
42.03
37.50
41.99
18.12
41,900
Feb 19, 2025
55.00
55.00
43.10
44.24
19.09
48,000
