Date
Open
High
Low
Close 

Adj Close 

Volume

May 22, 2026
34.05
34.24
33.44
34.02
34.02
187,600
May 21, 2026
0.357 Dividend 

May 21, 2026
33.79
34.15
33.77
34.00
34.00
89,900
May 20, 2026
33.72
34.32
33.41
34.32
33.96
118,800
May 19, 2026
33.77
34.26
33.61
33.96
33.61
110,000
May 18, 2026
33.30
34.01
33.20
33.90
33.55
140,400
May 15, 2026
33.29
34.01
33.29
33.72
33.37
155,000
May 14, 2026
0.436 Dividend 

May 14, 2026
32.70
33.74
32.67
33.62
33.27
167,500
May 13, 2026
34.01
34.67
32.90
33.23
32.45
304,400
May 12, 2026
34.43
34.64
33.91
34.45
33.64
161,700
May 11, 2026
34.10
34.59
33.69
34.49
33.68
365,500
May 8, 2026
34.30
34.72
33.76
34.70
33.89
205,600
May 7, 2026
0.271 Dividend 

May 7, 2026
34.09
35.38
34.06
34.47
33.66
153,900
May 6, 2026
34.23
34.56
33.47
34.09
33.03
337,000
May 5, 2026
35.51
35.87
34.31
34.60
33.52
422,300
May 4, 2026
36.75
37.17
36.36
36.41
35.28
211,500
May 1, 2026
35.72
36.61
35.46
35.98
34.86
160,600
Apr 30, 2026
0.361 Dividend 

Apr 30, 2026
34.77
35.22
34.41
34.92
33.83
152,400
Apr 29, 2026
35.54
35.54
34.29
35.06
33.62
159,200
Apr 28, 2026
36.00
36.30
35.62
35.80
34.33
124,300
Apr 27, 2026
35.67
36.57
35.67
36.11
34.62
159,300
Apr 24, 2026
36.03
36.31
35.21
36.11
34.62
228,300
Apr 23, 2026
0.383 Dividend 

Apr 23, 2026
37.51
37.51
35.38
35.85
34.38
251,300
Apr 22, 2026
37.46
38.32
37.34
38.27
36.33
198,600
Apr 21, 2026
37.22
37.78
36.69
37.06
35.18
894,200
Apr 20, 2026
36.90
37.28
36.59
37.09
35.21
162,300
Apr 17, 2026
36.88
37.54
36.56
37.17
35.28
195,700
Apr 16, 2026
0.356 Dividend 

Apr 16, 2026
36.58
36.76
35.75
36.27
34.43
180,200
Apr 15, 2026
35.45
36.74
35.22
36.61
34.42
237,900
Apr 14, 2026
35.12
35.79
34.96
35.30
33.18
160,700
Apr 13, 2026
34.03
35.00
33.80
34.56
32.49
311,700
Apr 10, 2026
33.73
33.99
32.30
33.68
31.66
467,900
Apr 9, 2026
0.455 Dividend 

Apr 9, 2026
36.49
36.49
33.70
34.24
32.19
432,100
Apr 8, 2026
40.04
40.23
36.83
37.26
34.60
342,800
Apr 7, 2026
38.36
39.10
37.89
39.01
36.22
125,700
Apr 6, 2026
38.80
39.20
38.44
38.58
35.82
218,600
Apr 2, 2026
0.45 Dividend 

Apr 2, 2026
37.44
38.72
37.05
38.69
35.93
103,100
Apr 1, 2026
39.16
39.23
38.31
38.85
35.66
163,800
Mar 31, 2026
37.08
39.13
36.97
38.60
35.43
196,400
Mar 30, 2026
38.11
38.19
36.30
36.63
33.62
197,900
Mar 27, 2026
38.60
38.60
37.64
38.00
34.88
226,300
Mar 26, 2026
0.478 Dividend 

Mar 26, 2026
40.09
40.09
38.90
38.94
35.74
194,100
Mar 25, 2026
41.50
41.91
40.96
41.12
37.30
159,700
Mar 24, 2026
41.99
42.27
40.31
40.94
37.14
178,600
Mar 23, 2026
40.50
42.08
40.50
42.07
38.16
240,100
Mar 20, 2026
40.94
41.16
39.55
40.00
36.29
200,300
Mar 19, 2026
0.802 Dividend 

Mar 19, 2026
40.34
41.02
39.81
40.94
37.14
150,800
Mar 18, 2026
41.50
41.83
41.10
41.14
36.59
356,300
Mar 17, 2026
41.00
41.82
40.91
41.60
37.00
903,200
Mar 16, 2026
40.98
41.29
40.65
41.03
36.49
156,400
Mar 13, 2026
41.06
41.33
39.98
40.99
36.46
203,000
Mar 12, 2026
0.8 Dividend 

Mar 12, 2026
40.80
41.54
40.50
41.01
36.48
177,100
Mar 11, 2026
41.46
41.73
40.80
41.41
36.12
169,700
Mar 10, 2026
42.18
42.22
40.93
41.15
35.89
138,700
Mar 9, 2026
42.00
42.57
41.56
42.20
36.81
126,400
Mar 6, 2026
40.86
43.42
40.85
42.40
36.98
193,500
Mar 5, 2026
0.478 Dividend 

Mar 5, 2026
41.32
42.19
40.63
41.28
36.01
134,700
Mar 4, 2026
41.03
42.34
40.90
42.05
36.26
214,100
Mar 3, 2026
39.85
40.74
38.75
40.74
35.13
157,100
Mar 2, 2026
39.15
40.65
39.15
40.14
34.62
177,900
Feb 27, 2026
37.60
38.62
37.60
38.41
33.12
486,100
Feb 26, 2026
0.393 Dividend 

Feb 26, 2026
37.45
38.30
37.27
38.07
32.83
117,600
Feb 25, 2026
36.99
38.35
36.80
37.93
32.37
195,000
Feb 24, 2026
36.52
36.86
35.96
36.50
31.15
156,700
Feb 23, 2026
37.27
37.27
36.17
36.95
31.53
293,500
Feb 20, 2026
37.35
38.17
37.15
38.00
32.43
174,400
Feb 19, 2026
0.387 Dividend 

Feb 19, 2026
37.25
38.06
37.00
37.81
32.27
108,900
Feb 18, 2026
38.43
39.49
38.22
38.32
32.37
135,000
Feb 17, 2026
36.82
38.06
36.42
37.76
31.90
191,300
Feb 13, 2026
36.78
37.87
36.08
37.40
31.60
196,600
Feb 12, 2026
0.385 Dividend 

Feb 12, 2026
38.25
38.38
36.12
36.78
31.07
254,900
Feb 11, 2026
39.45
39.45
38.04
38.63
32.31
170,300
Feb 10, 2026
40.53
40.90
39.12
39.50
33.04
137,200
Feb 9, 2026
38.80
40.92
38.40
40.19
33.61
233,800
Feb 6, 2026
38.39
39.03
37.80
38.47
32.18
321,300
Feb 5, 2026
0.359 Dividend 

Feb 5, 2026
38.83
39.18
36.67
37.00
30.95
700,500
Feb 4, 2026
43.91
44.04
39.02
40.15
33.28
524,100
Feb 3, 2026
45.37
46.00
43.49
44.40
36.80
364,500
Feb 2, 2026
42.58
42.74
41.48
41.48
34.38
471,100
Jan 30, 2026
42.31
42.70
41.29
41.38
34.30
458,300
Jan 29, 2026
0.369 Dividend 

Jan 29, 2026
44.53
44.53
41.71
42.96
35.61
619,700
Jan 28, 2026
46.69
46.87
44.86
44.86
36.88
421,100
Jan 27, 2026
47.40
47.82
46.85
47.03
38.66
294,800
Jan 26, 2026
47.44
48.15
47.35
47.49
39.04
331,700
Jan 23, 2026
47.11
48.37
47.06
47.70
39.21
227,300
Jan 22, 2026
0.379 Dividend 

Jan 22, 2026
47.66
47.66
46.68
46.85
38.51
246,000
Jan 21, 2026
47.77
48.22
45.96
47.12
38.43
336,700
Jan 20, 2026
47.68
48.77
47.33
47.91
39.07
440,800
Jan 16, 2026
50.67
51.35
48.27
48.46
39.52
405,000
Jan 15, 2026
0.413 Dividend 

Jan 15, 2026
50.52
50.93
50.09
50.13
40.88
219,200
Jan 14, 2026
50.52
51.51
49.70
50.79
41.08
177,500
Jan 13, 2026
50.73
51.29
50.17
50.80
41.09
184,400
Jan 12, 2026
50.47
51.51
50.24
50.73
41.03
215,500
Jan 9, 2026
50.40
50.81
49.82
50.47
40.82
283,200
Jan 8, 2026
0.451 Dividend 

Jan 8, 2026
52.50
52.50
49.75
50.29
40.68
186,700
Jan 7, 2026
51.44
53.24
51.06
51.94
41.65
206,900
Jan 6, 2026
50.47
51.60
50.30
51.44
41.25
206,500
Jan 5, 2026
50.25
50.58
49.60
50.14
40.20
348,400
Jan 2, 2026
0.513 Dividend 

Jan 2, 2026
52.31
52.35
48.04
48.62
38.98
544,500
Dec 31, 2025
52.53
52.71
51.55
51.55
40.92
323,200
Dec 30, 2025
53.46
53.67
52.45
52.46
41.65
339,400
Dec 29, 2025
54.16
54.34
53.34
53.61
42.56
370,600
Dec 26, 2025
0.993 Dividend 

Dec 26, 2025
56.27
56.56
54.62
54.62
43.36
236,000
Dec 24, 2025
56.63
57.20
56.60
57.00
44.46
194,900
Dec 23, 2025
56.60
57.08
56.49
57.08
44.52
181,100
Dec 22, 2025
57.04
58.03
56.66
56.86
44.35
327,100
Dec 19, 2025
55.32
57.10
55.30
56.69
44.22
348,700
Dec 18, 2025
0.435 Dividend 

Dec 18, 2025
54.01
55.49
54.01
54.96
42.87
210,800
Dec 17, 2025
56.03
56.10
53.25
53.25
41.20
261,500
Dec 16, 2025
54.48
56.11
54.42
56.09
43.39
197,900
Dec 15, 2025
55.27
55.90
54.79
54.79
42.39
201,100
Dec 12, 2025
55.38
55.38
53.23
54.91
42.48
354,500
Dec 11, 2025
0.563 Dividend 

Dec 11, 2025
55.54
55.77
54.42
55.77
43.15
239,400
Dec 10, 2025
55.71
56.86
55.37
56.31
43.13
313,200
Dec 9, 2025
54.95
55.31
54.78
55.09
42.19
174,000
Dec 8, 2025
55.17
55.56
54.63
54.90
42.05
288,000
Dec 5, 2025
54.07
55.14
53.94
55.05
42.16
337,500
Dec 4, 2025
1.302 Dividend 

Dec 4, 2025
53.97
54.25
53.55
54.18
41.50
246,600
Dec 3, 2025
54.05
55.17
53.67
55.17
41.26
293,500
Dec 2, 2025
53.51
55.04
53.51
53.85
40.27
179,200
Dec 1, 2025
52.50
53.53
52.10
53.01
39.64
288,200
Nov 28, 2025
0.592 Dividend 

Nov 28, 2025
53.11
53.45
52.73
53.45
39.97
131,100
Nov 26, 2025
53.49
53.83
52.75
53.20
39.34
255,900
Nov 25, 2025
51.75
52.91
50.73
52.70
38.97
212,200
Nov 24, 2025
50.71
52.93
50.65
52.05
38.49
333,400
Nov 21, 2025
50.32
50.99
47.77
50.02
36.99
679,300
Nov 20, 2025
0.73 Dividend 

Nov 20, 2025
55.38
55.87
49.75
50.29
37.19
510,800
Nov 19, 2025
54.74
55.21
53.04
54.01
39.40
320,400
Nov 18, 2025
54.15
55.99
53.91
54.33
39.63
340,600
Nov 17, 2025
55.44
56.31
54.52
55.64
40.59
431,200
Nov 14, 2025
53.89
57.10
53.34
56.00
40.85
565,900
Nov 13, 2025
0.834 Dividend 

Nov 13, 2025
58.10
58.63
55.19
55.55
40.52
557,400
Nov 12, 2025
61.43
61.43
58.83
59.96
43.13
429,000
Nov 11, 2025
61.49
61.75
60.47
61.46
44.21
256,700
Nov 10, 2025
59.93
62.25
59.52
62.02
44.62
442,100
Nov 7, 2025
56.37
58.10
55.21
57.99
41.72
777,400
Nov 6, 2025
1.219 Dividend 

Nov 6, 2025
61.02
61.79
56.89
57.11
41.08
723,100
Nov 5, 2025
62.59
62.75
60.05
62.16
43.84
627,600
Nov 4, 2025
63.02
64.41
61.39
63.04
44.46
691,100
Nov 3, 2025
66.33
66.90
65.36
66.90
47.18
646,700
Oct 31, 2025
64.80
65.74
64.40
65.14
45.94
388,300
Oct 30, 2025
1.246 Dividend 

Oct 30, 2025
64.67
64.84
63.56
63.60
44.85
263,100
Oct 29, 2025
64.11
66.07
64.01
65.78
45.51
458,900
Oct 28, 2025
63.70
64.24
63.01
63.84
44.17
217,000
Oct 27, 2025
63.35
64.44
63.25
63.69
44.07
446,000
Oct 24, 2025
61.81
62.45
61.79
62.32
43.12
381,900
Oct 23, 2025
0.737 Dividend 

Oct 23, 2025
59.45
61.30
59.40
60.99
42.20
275,300
Oct 22, 2025
61.75
62.02
58.24
60.14
41.10
409,200
Oct 21, 2025
62.08
62.08
61.12
62.02
42.39
231,100
Oct 20, 2025
60.76
62.13
60.61
61.75
42.20
340,700
Oct 17, 2025
60.31
61.60
59.35
60.61
41.42
283,000
Oct 16, 2025
0.741 Dividend 

Oct 16, 2025
61.47
62.42
60.02
60.46
41.32
209,800
Oct 15, 2025
62.07
62.89
60.60
61.51
41.53
320,700
Oct 14, 2025
60.33
62.30
58.80
61.52
41.54
366,600
Oct 13, 2025
61.35
61.35
59.69
60.86
41.09
401,100
Oct 10, 2025
62.90
63.40
60.01
60.06
40.55
643,100
Oct 9, 2025
3.285 Dividend 

Oct 9, 2025
62.50
63.50
61.38
63.09
42.60
477,200
Oct 8, 2025
65.47
65.85
64.95
65.75
42.18
705,300
Oct 7, 2025
64.63
66.24
64.28
65.25
41.85
416,200
Oct 6, 2025
64.49
65.32
63.77
64.39
41.30
587,100
Oct 3, 2025
66.36
66.43
61.22
62.03
39.79
684,100
Oct 2, 2025
66.26
66.50
65.65
66.46
42.63
209,400
Oct 1, 2025
65.04
66.23
64.63
66.04
42.36
200,500
Sep 30, 2025
64.30
65.30
64.17
65.27
41.87
167,900
Sep 29, 2025
64.22
64.85
63.84
64.20
41.18
201,700
Sep 26, 2025
64.21
64.49
63.00
63.73
40.88
285,300
Sep 25, 2025
63.17
65.56
62.62
64.21
41.19
224,100
Sep 24, 2025
65.20
65.57
63.56
64.33
41.26
146,700
Sep 23, 2025
64.75
65.72
63.45
64.91
41.64
257,200
Sep 22, 2025
64.22
64.81
63.74
63.94
41.01
266,000
Sep 19, 2025
63.83
65.16
63.83
64.64
41.46
541,400
Sep 18, 2025
62.20
64.07
62.01
63.78
40.91
419,800
Sep 17, 2025
61.70
61.90
59.12
61.59
39.51
413,600
Sep 16, 2025
62.13
62.26
61.70
62.02
39.78
296,300
Sep 15, 2025
61.70
62.27
61.25
62.19
39.89
655,900
Sep 12, 2025
60.40
62.30
60.16
62.14
39.86
807,100
Sep 11, 2025
2.441 Dividend 

Sep 11, 2025
60.85
61.00
59.87
60.19
38.61
460,200
Sep 10, 2025
63.26
63.79
62.51
63.43
39.12
1,094,200
Sep 9, 2025
61.21
62.36
60.86
62.26
38.40
695,100
Sep 8, 2025
60.50
61.32
60.17
60.73
37.46
610,900
Sep 5, 2025
61.42
61.74
57.87
59.85
36.91
616,400
Sep 4, 2025
60.36
61.09
59.79
60.88
37.55
242,300
Sep 3, 2025
61.08
61.89
59.87
60.34
37.22
289,600
Sep 2, 2025
58.91
61.08
58.50
60.85
37.53
299,900
Aug 29, 2025
60.75
61.00
59.78
60.63
37.39
223,700
Aug 28, 2025
60.44
60.97
59.18
60.97
37.60
268,800
Aug 27, 2025
61.78
61.87
60.02
60.39
37.25
260,500
Aug 26, 2025
59.83
61.71
59.50
61.32
37.82
280,300
Aug 25, 2025
60.00
60.68
57.60
60.29
37.19
392,800
Aug 22, 2025
59.51
62.01
58.83
60.60
37.38
450,200
Aug 21, 2025
60.25
60.36
58.99
59.82
36.90
476,400
Aug 20, 2025
58.40
59.96
54.67
59.71
36.83
1,476,500
Aug 19, 2025
65.50
65.95
60.26
60.62
37.39
1,142,400
Aug 18, 2025
66.93
67.66
65.53
66.33
40.91
635,400
Aug 15, 2025
68.38
68.38
66.02
67.46
41.61
739,700
Aug 14, 2025
7.492 Dividend 

Aug 14, 2025
69.07
70.03
67.99
68.60
42.31
883,600
Aug 13, 2025
78.74
78.84
76.86
77.20
42.99
2,550,300
Aug 12, 2025
77.15
78.34
76.23
77.96
43.42
414,600
Aug 11, 2025
77.83
78.00
76.09
76.50
42.60
491,500
Aug 8, 2025
77.21
78.19
77.06
78.03
43.46
310,600
Aug 7, 2025
76.11
77.01
74.96
76.25
42.46
274,800
Aug 6, 2025
73.90
75.86
73.90
75.65
42.13
513,200
Aug 5, 2025
73.55
75.16
73.36
74.08
41.26
531,700
Aug 4, 2025
69.07
70.13
68.98
69.86
38.91
408,100
Aug 1, 2025
67.79
69.17
66.23
67.73
37.72
410,800
Jul 31, 2025
69.50
70.00
68.59
69.02
38.44
207,500
Jul 30, 2025
68.50
69.44
68.35
69.05
38.45
219,300
Jul 29, 2025
68.92
69.51
67.66
68.04
37.89
231,900
Jul 28, 2025
69.23
69.41
66.85
68.62
38.22
378,900
Jul 25, 2025
68.21
69.33
68.21
68.90
38.37
479,200
Jul 24, 2025
67.53
68.21
67.13
67.97
37.85
305,000
Jul 23, 2025
65.91
67.75
65.30
67.66
37.68
583,400
Jul 22, 2025
66.22
66.69
64.07
65.65
36.56
417,900
Jul 21, 2025
67.23
67.88
66.50
66.75
37.17
854,700
Jul 18, 2025
67.53
67.66
66.50
67.12
37.38
864,700
Jul 17, 2025
2.56 Dividend 

Jul 17, 2025
66.66
67.95
66.46
67.33
37.50
766,100
Jul 16, 2025
68.39
69.17
68.05
69.08
37.05
1,168,500
Jul 15, 2025
68.55
68.97
68.01
68.40
36.68
790,700
Jul 14, 2025
66.43
68.61
66.30
68.57
36.77
864,100
Jul 11, 2025
65.97
66.84
65.96
66.16
35.48
487,100
Jul 10, 2025
66.37
66.85
64.94
66.17
35.49
370,900
Jul 9, 2025
65.35
66.21
64.65
66.21
35.51
388,800
Jul 8, 2025
65.08
65.34
64.08
65.34
35.04
371,700
Jul 7, 2025
63.37
65.10
62.51
65.10
34.91
422,800
Jul 3, 2025
63.22
63.75
62.56
63.37
33.98
172,900
Jul 2, 2025
62.00
63.00
61.60
62.43
33.48
277,900
Jul 1, 2025
63.91
64.13
60.76
61.68
33.08
692,200
Jun 30, 2025
64.84
65.17
63.53
64.26
34.46
484,100
Jun 27, 2025
67.30
67.30
61.55
61.61
33.04
892,200
Jun 26, 2025
67.21
68.13
66.75
67.15
36.01
330,300
Jun 25, 2025
67.00
68.03
66.29
66.48
35.65
537,900
Jun 24, 2025
66.00
66.85
64.95
66.69
35.76
586,000
Jun 23, 2025
64.96
66.43
64.05
65.54
35.15
682,600
Jun 20, 2025
3.26 Dividend 

Jun 20, 2025
65.79
66.35
64.35
64.47
34.57
837,600
Jun 18, 2025
68.35
68.88
67.68
68.79
35.14
1,093,900
Jun 17, 2025
69.06
69.10
66.92
67.87
34.67
961,100
Jun 16, 2025
68.50
70.00
68.35
69.13
35.32
1,000,600
Jun 13, 2025
66.00
68.15
65.81
67.40
34.43
662,000
Jun 12, 2025
66.92
67.03
66.25
66.51
33.98
374,400
Jun 11, 2025
66.31
67.77
65.88
66.94
34.20
535,200
Jun 10, 2025
65.33
66.12
64.54
65.79
33.61
397,600
Jun 9, 2025
63.90
65.53
62.85
65.53
33.48
476,500
Jun 6, 2025
62.37
64.12
61.63
64.00
32.70
428,100
Jun 5, 2025
64.96
66.15
60.04
60.53
30.92
821,800
Jun 4, 2025
66.22
66.22
63.05
65.07
33.24
411,600
Jun 3, 2025
66.00
66.80
65.00
66.16
33.80
368,600
Jun 2, 2025
65.25
66.47
64.46
65.64
33.53
372,500
May 30, 2025
62.54
65.46
62.24
65.28
33.35
790,300
May 29, 2025
63.33
63.50
61.35
62.04
31.69
276,000
May 28, 2025
62.50
63.08
62.00
62.32
31.84
339,400
May 27, 2025
63.32
63.75
61.09
62.10
31.72
653,000
May 23, 2025
60.75
62.86
60.61
62.04
31.69
736,600
May 22, 2025
7.044 Dividend 

May 22, 2025
61.01
63.32
61.01
61.52
31.43
1,006,900
May 21, 2025
70.19
71.06
67.29
67.80
31.04
2,179,600
May 20, 2025
71.08
71.50
69.76
70.25
32.16
670,800
May 19, 2025
69.75
71.26
69.51
70.51
32.28
926,200
May 16, 2025
71.64
71.98
70.59
71.90
32.91
338,200
May 15, 2025
71.25
71.77
69.88
71.13
32.56
311,200
May 14, 2025
71.37
73.00
70.60
71.79
32.86
264,100
May 13, 2025
68.20
71.85
68.20
70.65
32.34
401,200
May 12, 2025
68.30
68.34
65.76
67.51
30.91
443,200
May 9, 2025
67.78
67.78
65.58
66.79
30.58
235,200
May 8, 2025
64.00
67.85
64.00
67.21
30.77
263,300
May 7, 2025
61.52
63.70
61.19
62.97
28.83
263,400
May 6, 2025
64.11
64.52
60.18
62.07
28.41
510,900
May 5, 2025
67.50
67.80
66.29
67.42
30.86
346,900
May 2, 2025
65.86
67.42
65.75
66.91
30.63
223,600
May 1, 2025
66.39
66.50
64.81
64.95
29.73
200,800
Apr 30, 2025
63.14
65.50
62.62
65.50
29.99
171,500
Apr 29, 2025
63.90
64.75
63.34
64.71
29.62
165,900
Apr 28, 2025
63.34
63.92
61.64
63.50
29.07
329,500
Apr 25, 2025
61.30
63.00
60.91
63.00
28.84
750,000
Apr 24, 2025
4.656 Dividend 

Apr 24, 2025
59.10
61.29
58.90
61.29
28.06
333,100
Apr 23, 2025
62.40
64.37
62.00
63.38
26.88
703,100
Apr 22, 2025
59.17
61.00
58.08
59.73
25.33
431,900
Apr 21, 2025
59.10
60.88
56.84
57.89
24.55
481,600
Apr 17, 2025
59.92
60.03
58.50
59.44
25.21
167,700
Apr 16, 2025
60.83
61.04
56.81
58.66
24.88
243,500
Apr 15, 2025
59.82
61.85
59.63
61.60
26.13
158,300
Apr 14, 2025
60.06
61.35
58.53
58.55
24.83
210,700
Apr 11, 2025
56.79
57.59
55.09
57.07
24.21
153,300
Apr 10, 2025
57.40
58.15
54.24
57.09
24.22
107,700
Apr 9, 2025
53.35
59.44
52.94
58.82
24.95
224,800
Apr 8, 2025
55.27
56.20
51.75
52.72
22.36
161,700
Apr 7, 2025
46.49
54.84
46.28
52.51
22.27
230,500
Apr 4, 2025
54.99
55.20
49.21
50.76
21.53
354,100
Apr 3, 2025
55.52
58.17
55.25
57.57
24.42
136,900
Apr 2, 2025
55.97
59.30
55.97
58.85
24.96
123,000
Apr 1, 2025
57.00
57.63
55.90
57.39
24.34
105,600
Mar 31, 2025
54.39
57.38
53.62
57.06
24.20
241,300
Mar 28, 2025
60.26
60.26
56.72
57.95
24.58
287,500
Mar 27, 2025
5.326 Dividend 

Mar 27, 2025
61.18
62.60
60.27
60.82
25.80
204,500
Mar 26, 2025
69.17
69.53
66.07
67.06
26.18
753,300
Mar 25, 2025
69.68
69.74
68.37
69.18
27.01
169,800
Mar 24, 2025
67.51
69.42
67.00
68.91
26.91
271,400
Mar 21, 2025
63.81
66.32
62.35
66.32
25.90
131,200
Mar 20, 2025
62.67
65.44
62.67
64.03
25.00
92,000
Mar 19, 2025
62.17
64.03
60.98
63.17
24.67
72,900
Mar 18, 2025
63.00
63.00
60.15
61.59
24.05
78,200
Mar 17, 2025
63.94
63.96
61.75
63.43
24.77
97,300
Mar 14, 2025
60.51
63.03
60.03
62.57
24.43
82,700
Mar 13, 2025
60.21
60.21
57.30
58.16
22.71
61,900
Mar 12, 2025
59.93
60.63
58.40
60.41
23.59
56,600
Mar 11, 2025
55.05
58.20
55.05
56.76
22.16
93,900
Mar 10, 2025
58.75
59.20
54.32
55.37
21.62
179,400
Mar 7, 2025
57.61
61.03
57.25
60.93
23.79
86,100
Mar 6, 2025
62.58
62.82
57.67
57.97
22.64
123,900
Mar 5, 2025
61.83
63.86
60.00
63.86
24.94
126,500
Mar 4, 2025
58.19
62.90
57.77
60.19
23.50
186,300
Mar 3, 2025
63.19
64.17
59.80
60.41
23.59
151,000
Feb 28, 2025
57.95
61.34
56.95
61.17
23.89
426,300
Feb 27, 2025
5.938 Dividend 

Feb 27, 2025
66.51
67.40
61.56
62.00
24.21
241,900
Feb 26, 2025
71.00
72.13
69.50
71.46
25.58
614,400
Feb 25, 2025
71.10
72.23
67.77
69.56
24.90
183,100
Feb 24, 2025
75.73
77.04
70.83
71.25
25.51
410,300
Feb 21, 2025
82.82
83.47
78.09
78.97
28.27
95,300
Feb 20, 2025
79.86
82.50
74.32
81.63
29.23
267,000
Feb 19, 2025
94.63
95.07
84.27
86.98
31.14
167,500
Feb 18, 2025
92.99
95.00
91.81
94.87
33.97
122,800
Feb 14, 2025
91.04
92.71
90.35
91.94
32.92
74,000
Feb 13, 2025
90.48
90.89
89.21
90.89
32.54
49,100
Feb 12, 2025
85.45
90.26
85.45
90.23
32.30
50,800
Feb 11, 2025
89.56
90.54
86.52
86.98
31.14
82,600
Feb 10, 2025
86.17
89.56
84.31
89.56
32.06
98,400
Feb 7, 2025
86.42
89.11
85.36
85.54
30.63
105,000
Feb 6, 2025
79.80
86.15
79.59
85.52
30.62
112,900
Feb 5, 2025
80.13
81.42
78.52
79.94
28.62
108,800
Feb 4, 2025
80.97
83.47
78.00
81.65
29.23
611,100
Feb 3, 2025
65.68
68.51
64.84
67.79
24.27
136,600
Jan 31, 2025
66.50
69.29
66.50
67.41
24.13
136,100
Jan 30, 2025
2.983 Dividend 

Jan 30, 2025
66.06
67.15
65.60
66.86
23.94
73,600
Jan 29, 2025
69.25
69.56
67.32
68.82
23.57
180,900
Jan 28, 2025
65.96
69.32
64.56
69.00
23.63
90,700
Jan 27, 2025
65.08
66.84
63.45
65.47
22.42
188,300
Jan 24, 2025
68.86
70.69
68.17
68.37
23.42
81,000
Jan 23, 2025
67.18
68.81
67.15
68.80
23.56
62,600
Jan 22, 2025
65.71
67.42
65.06
67.28
23.04
79,500
Jan 21, 2025
64.52
65.04
63.06
64.59
22.12
84,800
Jan 17, 2025
63.20
64.22
62.59
63.65
21.80
45,200
Jan 16, 2025
61.93
63.62
61.42
61.93
21.21
32,500
Jan 15, 2025
61.53
61.68
60.56
61.26
20.98
31,400
Jan 14, 2025
60.56
61.12
59.07
59.61
20.42
43,200
Jan 13, 2025
57.94
59.14
57.20
58.69
20.10
55,400
Jan 10, 2025
59.67
61.44
58.86
60.66
20.78
64,100
Jan 8, 2025
61.23
62.27
60.12
61.40
21.03
124,600
Jan 7, 2025
66.95
66.95
62.57
62.86
21.53
125,200
Jan 6, 2025
69.12
70.11
66.53
67.35
23.07
170,200
Jan 3, 2025
3.589 Dividend 

Jan 3, 2025
67.01
70.04
66.83
69.99
23.97
144,600
Jan 2, 2025
71.19
71.42
68.05
70.45
22.90
264,300
Dec 31, 2024
72.35
72.53
70.10
70.70
22.98
75,000
Dec 30, 2024
71.66
73.33
70.96
71.92
23.38
106,600
Dec 27, 2024
74.75
75.00
71.89
73.21
23.80
46,800
Dec 26, 2024
75.76
75.84
74.58
75.31
24.48
84,200
Dec 24, 2024
74.34
76.32
74.34
75.04
24.39
35,800
Dec 23, 2024
73.78
74.43
71.54
73.31
23.83
227,800
Dec 20, 2024
68.62
73.51
67.58
73.36
23.85
59,500
Dec 19, 2024
69.63
71.21
69.19
69.94
22.73
47,500
Dec 18, 2024
69.60
71.80
66.94
67.25
21.86
84,900
Dec 17, 2024
68.96
70.44
67.75
69.89
22.72
47,300
Dec 16, 2024
69.81
71.71
67.32
70.44
22.90
83,000
Dec 13, 2024
68.31
70.59
67.92
70.59
22.95
35,600
Dec 12, 2024
67.52
69.34
67.48
68.31
22.20
32,700
Dec 11, 2024
68.47
68.47
63.75
67.67
22.00
82,200
Dec 10, 2024
66.99
69.57
66.03
66.07
21.48
114,300
Dec 9, 2024
73.18
73.51
66.25
67.46
21.93
235,200
Dec 6, 2024
68.48
70.81
67.94
70.51
22.92
151,100
Dec 5, 2024
3.348 Dividend 

Dec 5, 2024
66.09
68.28
66.09
67.55
21.96
111,300
Dec 4, 2024
70.28
70.32
67.35
69.38
21.46
403,000
Dec 3, 2024
67.02
70.49
67.02
70.32
21.75
62,300
Dec 2, 2024
67.75
67.90
66.65
66.97
20.72
74,700
Nov 29, 2024
66.74
67.37
66.45
67.37
20.84
39,200
Nov 27, 2024
66.65
67.04
65.59
66.92
20.70
21,200
Nov 26, 2024
65.54
66.34
65.54
66.34
20.52
40,800
Nov 25, 2024
67.50
67.50
65.04
65.53
20.27
37,500
Nov 22, 2024
63.15
65.10
62.81
65.10
20.14
20,600
Nov 21, 2024
63.43
63.47
62.28
62.47
19.33
14,600
Nov 20, 2024
63.00
63.00
61.26
62.72
19.40
14,400
Nov 19, 2024
60.42
63.54
60.42
63.32
19.59
15,600
Nov 18, 2024
64.75
64.75
59.12
62.30
19.27
265,000
Nov 15, 2024
61.66
65.24
61.64
65.24
20.18
24,000
Nov 14, 2024
61.47
61.47
59.41
59.84
18.51
27,000
Nov 13, 2024
62.91
63.33
60.64
61.38
18.99
57,100
Nov 12, 2024
60.56
61.13
60.14
60.91
18.84
26,400
Nov 11, 2024
60.85
62.30
60.07
61.11
18.91
32,400
Nov 8, 2024
58.50
60.08
58.28
60.05
18.58
33,700
Nov 7, 2024
2.201 Dividend 

Nov 7, 2024
57.50
58.70
56.65
58.58
18.12
280,500
Nov 6, 2024
59.99
61.03
59.00
59.59
17.76
82,100
Nov 5, 2024
56.08
57.57
52.20
57.27
17.06
92,800
Nov 4, 2024
48.81
49.38
48.74
48.90
14.57
21,100
Nov 1, 2024
49.62
50.05
49.38
49.56
14.77
10,400
Oct 31, 2024
50.36
51.10
48.84
49.14
14.64
24,100
Oct 30, 2024
52.51
52.66
51.60
51.64
15.39
6,500
Oct 29, 2024
52.78
53.00
52.00
52.78
15.73
10,800
Oct 28, 2024
52.89
52.89
52.56
52.75
15.72
20,100
Oct 25, 2024
52.45
52.77
52.26
52.53
15.65
28,200
Oct 24, 2024
51.81
52.26
51.74
52.22
15.56
4,800
Oct 23, 2024
51.72
52.02
51.09
51.46
15.33
7,200
Oct 22, 2024
51.99
52.00
51.59
51.74
15.42
7,900
Oct 21, 2024
53.11
53.11
51.27
51.43
15.32
13,000
Oct 18, 2024
51.06
51.59
51.06
51.58
15.37
4,800
Oct 17, 2024
50.79
51.23
50.45
50.73
15.12
3,600
Oct 16, 2024
50.68
50.85
49.05
50.72
15.11
6,700
Oct 15, 2024
51.84
51.84
51.14
51.21
15.26
7,300
Oct 14, 2024
52.47
52.81
52.07
52.19
15.55
10,400
Oct 11, 2024
52.07
52.74
51.40
52.08
15.52
7,800
Oct 10, 2024
51.89
52.19
51.58
52.19
15.55
27,900
Oct 9, 2024
51.58
51.88
51.49
51.75
15.42
22,400
Oct 8, 2024
50.58
51.66
50.58
51.43
15.32
14,200
