Date
Open
High
Low
Close 

Adj Close 

Volume
Jun 5, 2026
25.36
25.36
24.82
24.92
24.92
6,900
Jun 4, 2026
0.224 Dividend 

Jun 4, 2026
26.00
26.00
25.68
25.68
25.68
1,800
Jun 3, 2026
26.00
26.00
25.63
25.73
25.51
7,000
Jun 2, 2026
26.91
26.96
26.71
26.74
26.51
5,800
Jun 1, 2026
26.60
27.23
26.60
26.96
26.73
4,400
May 29, 2026
26.68
26.88
26.68
26.80
26.56
1,800
May 28, 2026
0.179 Dividend 

May 28, 2026
26.12
26.68
26.07
26.68
26.45
2,500
May 27, 2026
26.56
26.68
26.40
26.44
26.04
10,600
May 26, 2026
26.43
26.62
26.43
26.61
26.20
6,600
May 22, 2026
26.66
26.71
26.51
26.61
26.20
3,000
May 21, 2026
0.232 Dividend 

May 21, 2026
26.49
26.90
26.39
26.66
26.25
1,800
May 20, 2026
26.54
26.88
26.14
26.88
26.23
7,300
May 19, 2026
26.90
27.15
26.65
26.72
26.08
124,900
May 18, 2026
26.87
27.32
26.87
26.95
26.31
7,400
May 15, 2026
26.97
27.30
26.97
26.98
26.34
5,000
May 14, 2026
0.256 Dividend 

May 14, 2026
27.34
27.37
26.97
27.20
26.55
3,000
May 13, 2026
27.39
27.80
27.26
27.37
26.47
8,000
May 12, 2026
27.30
27.78
27.14
27.67
26.76
8,000
May 11, 2026
27.59
27.63
27.38
27.38
26.48
18,400
May 8, 2026
27.85
28.05
27.58
27.58
26.67
7,600
May 7, 2026
0.335 Dividend 

May 7, 2026
28.30
28.45
27.98
27.99
27.06
22,800
May 6, 2026
29.00
29.05
28.43
28.43
27.17
10,700
May 5, 2026
28.54
28.54
27.19
28.54
27.27
38,000
May 4, 2026
30.64
30.64
30.31
30.42
29.06
5,500
May 1, 2026
30.52
30.63
30.43
30.47
29.12
6,700
Apr 30, 2026
0.413 Dividend 

Apr 30, 2026
30.70
30.70
29.95
30.29
28.94
4,600
Apr 29, 2026
30.36
31.02
30.24
30.98
29.21
5,800
Apr 28, 2026
30.56
30.56
30.36
30.36
28.63
2,000
Apr 27, 2026
30.54
30.62
30.40
30.44
28.70
10,800
Apr 24, 2026
30.42
30.72
30.42
30.70
28.94
4,700
Apr 23, 2026
0.475 Dividend 

Apr 23, 2026
30.68
30.68
30.40
30.43
28.69
2,300
Apr 22, 2026
31.49
31.56
31.27
31.49
29.24
7,700
Apr 21, 2026
31.99
31.99
31.29
31.44
29.20
3,900
Apr 20, 2026
31.25
31.62
31.15
31.62
29.36
9,100
Apr 17, 2026
31.19
31.46
31.17
31.27
29.04
7,700
Apr 16, 2026
0.316 Dividend 

Apr 16, 2026
30.60
30.80
30.42
30.80
28.60
2,200
Apr 15, 2026
30.55
31.17
30.55
31.06
28.55
3,100
Apr 14, 2026
30.13
30.40
30.11
30.21
27.77
7,300
Apr 13, 2026
29.14
30.17
29.14
30.03
27.60
6,800
Apr 10, 2026
28.98
29.47
28.88
28.88
26.54
13,800
Apr 9, 2026
0.297 Dividend 

Apr 9, 2026
29.08
29.18
29.08
29.18
26.82
1,000
Apr 8, 2026
29.28
29.47
29.28
29.39
26.74
3,200
Apr 7, 2026
29.15
29.15
28.80
28.93
26.33
9,000
Apr 6, 2026
29.10
29.48
29.10
29.15
26.52
3,200
Apr 2, 2026
0.265 Dividend 

Apr 2, 2026
28.44
29.13
28.44
29.13
26.50
4,700
Apr 1, 2026
29.02
29.17
28.80
29.04
26.18
3,500
Mar 31, 2026
28.90
29.19
28.90
29.14
26.27
5,700
Mar 30, 2026
28.59
28.95
28.59
28.91
26.06
5,800
Mar 27, 2026
28.73
28.73
28.24
28.30
25.51
4,400
Mar 26, 2026
0.274 Dividend 

Mar 26, 2026
28.76
29.22
28.76
28.94
26.09
3,700
Mar 25, 2026
29.27
29.27
28.95
29.07
25.96
1,600
Mar 24, 2026
28.89
29.00
28.76
28.80
25.72
1,600
Mar 23, 2026
28.93
29.34
28.93
29.19
26.07
3,600
Mar 20, 2026
28.72
28.73
28.22
28.51
25.47
9,100
Mar 19, 2026
0.331 Dividend 

Mar 19, 2026
28.65
29.01
28.43
28.78
25.70
16,300
Mar 18, 2026
30.00
30.11
28.90
28.90
25.51
10,700
Mar 17, 2026
29.95
30.39
29.95
30.22
26.68
926,800
Mar 16, 2026
29.46
30.00
29.46
29.75
26.26
17,100
Mar 13, 2026
29.53
29.65
29.37
29.38
25.94
6,200
Mar 12, 2026
0.491 Dividend 

Mar 12, 2026
29.88
29.93
29.09
29.09
25.68
7,200
Mar 11, 2026
30.66
30.66
30.03
30.45
26.45
8,000
Mar 10, 2026
30.37
30.37
29.90
29.93
26.00
11,400
Mar 9, 2026
30.72
30.72
30.00
30.57
26.55
8,200
Mar 6, 2026
30.91
31.08
30.74
31.01
26.94
3,300
Mar 5, 2026
0.208 Dividend 

Mar 5, 2026
31.48
31.50
31.30
31.38
27.26
3,000
Mar 4, 2026
30.78
31.37
30.78
31.08
26.82
5,100
Mar 3, 2026
29.99
30.98
29.99
30.78
26.56
6,400
Mar 2, 2026
30.30
30.78
30.27
30.27
26.12
8,900
Feb 27, 2026
30.11
31.39
30.11
30.79
26.57
400,700
Feb 26, 2026
0.217 Dividend 

Feb 26, 2026
31.50
31.76
29.85
30.39
26.22
8,700
Feb 25, 2026
31.61
32.15
31.31
31.77
27.22
11,500
Feb 24, 2026
29.34
32.03
29.34
32.03
27.45
13,100
Feb 23, 2026
28.24
31.88
27.89
29.90
25.62
60,800
Feb 20, 2026
28.72
28.72
28.35
28.35
24.29
5,300
Feb 19, 2026
0.214 Dividend 

Feb 19, 2026
28.27
28.43
28.08
28.43
24.36
7,000
Feb 18, 2026
28.40
28.61
28.40
28.50
24.24
2,000
Feb 17, 2026
28.01
28.51
28.01
28.17
23.96
7,000
Feb 13, 2026
27.49
27.98
27.38
27.97
23.79
9,400
Feb 12, 2026
0.195 Dividend 

Feb 12, 2026
27.86
28.00
27.07
27.36
23.27
7,800
Feb 11, 2026
28.52
28.92
28.20
28.31
23.91
6,100
Feb 10, 2026
28.76
29.13
28.76
28.93
24.43
4,200
Feb 9, 2026
27.54
28.70
27.54
28.61
24.17
9,200
Feb 6, 2026
27.89
28.41
27.73
28.19
23.81
10,200
Feb 5, 2026
0.166 Dividend 

Feb 5, 2026
28.40
28.40
27.42
27.93
23.59
20,500
Feb 4, 2026
29.74
29.74
28.30
28.80
24.18
20,500
Feb 3, 2026
30.20
30.70
29.24
29.39
24.68
46,200
Feb 2, 2026
36.24
36.97
36.24
36.35
30.52
11,400
Jan 30, 2026
36.63
36.65
34.61
36.50
30.65
21,300
Jan 29, 2026
0.22 Dividend 

Jan 29, 2026
37.40
37.40
36.55
36.76
30.87
6,900
Jan 28, 2026
38.56
38.61
37.63
37.75
31.51
14,500
Jan 27, 2026
39.18
39.18
38.62
38.70
32.31
5,700
Jan 26, 2026
39.34
39.57
39.22
39.28
32.79
9,600
Jan 23, 2026
39.30
39.56
39.24
39.27
32.78
10,900
Jan 22, 2026
0.228 Dividend 

Jan 22, 2026
39.25
39.76
39.25
39.54
33.01
6,400
Jan 21, 2026
38.90
39.12
38.51
38.90
32.29
3,700
Jan 20, 2026
38.95
38.99
38.44
38.62
32.05
16,700
Jan 16, 2026
39.38
39.65
39.24
39.61
32.87
8,000
Jan 15, 2026
0.242 Dividend 

Jan 15, 2026
39.44
39.91
39.32
39.91
33.12
6,600
Jan 14, 2026
39.44
40.12
39.44
40.10
33.08
6,400
Jan 13, 2026
39.72
39.72
39.42
39.58
32.65
4,500
Jan 12, 2026
39.78
39.94
39.69
39.80
32.83
6,500
Jan 9, 2026
40.49
40.49
39.76
40.13
33.10
9,800
Jan 8, 2026
0.243 Dividend 

Jan 8, 2026
40.43
40.74
40.31
40.62
33.51
4,100
Jan 7, 2026
41.10
41.10
40.67
40.99
33.61
7,700
Jan 6, 2026
41.20
41.40
41.01
41.23
33.81
3,500
Jan 5, 2026
40.70
41.52
40.70
41.04
33.65
5,100
Jan 2, 2026
0.283 Dividend 

Jan 2, 2026
40.62
40.68
40.34
40.46
33.18
3,900
Dec 31, 2025
41.33
41.33
40.83
40.83
33.25
17,900
Dec 30, 2025
41.43
41.48
41.33
41.36
33.68
9,400
Dec 29, 2025
41.60
41.60
41.29
41.43
33.74
20,500
Dec 26, 2025
0.281 Dividend 

Dec 26, 2025
41.47
41.68
41.47
41.58
33.86
5,600
Dec 24, 2025
41.65
41.91
41.61
41.91
33.90
6,900
Dec 23, 2025
41.72
41.72
41.38
41.58
33.64
3,200
Dec 22, 2025
41.76
42.05
41.76
41.92
33.91
23,400
Dec 19, 2025
41.11
41.85
41.11
41.56
33.62
7,000
Dec 18, 2025
0.257 Dividend 

Dec 18, 2025
41.80
42.00
41.28
41.37
33.46
7,900
Dec 17, 2025
42.72
43.40
42.17
42.17
33.90
5,100
Dec 16, 2025
42.92
43.18
42.68
43.12
34.67
18,700
Dec 15, 2025
42.94
43.40
42.38
42.38
34.07
17,000
Dec 12, 2025
42.42
43.10
42.42
42.96
34.54
6,700
Dec 11, 2025
0.262 Dividend 

Dec 11, 2025
41.77
42.97
41.77
42.97
34.55
6,500
Dec 10, 2025
42.40
42.94
42.15
42.61
34.05
7,200
Dec 9, 2025
42.10
42.80
42.10
42.43
33.90
7,100
Dec 8, 2025
1:5 Stock Splits 

Dec 8, 2025
43.01
43.28
42.55
42.55
34.00
6,300
Dec 5, 2025
43.05
43.45
42.82
43.40
34.68
5,640
Dec 4, 2025
0.63 Dividend 

Dec 4, 2025
42.40
43.10
42.26
42.85
34.24
7,020
Dec 3, 2025
44.00
44.65
42.83
43.35
34.13
10,960
Dec 2, 2025
44.00
44.55
43.72
44.00
34.65
7,860
Dec 1, 2025
43.80
44.25
43.65
44.05
34.69
8,120
Nov 28, 2025
0.355 Dividend 

Nov 28, 2025
44.05
44.15
43.90
44.05
34.69
2,120
Nov 26, 2025
44.20
44.31
43.90
44.25
34.56
5,440
Nov 25, 2025
43.75
44.40
43.65
43.85
34.25
9,740
Nov 24, 2025
43.10
43.80
43.10
43.60
34.06
20,760
Nov 21, 2025
42.20
44.00
42.15
42.75
33.39
21,020
Nov 20, 2025
0.385 Dividend 

Nov 20, 2025
44.45
44.45
42.10
42.40
33.12
13,560
Nov 19, 2025
44.30
44.30
43.30
43.90
33.99
10,000
Nov 18, 2025
45.00
45.00
44.22
44.40
34.38
9,020
Nov 17, 2025
45.80
45.90
44.80
45.20
35.00
13,960
Nov 14, 2025
47.00
47.00
45.65
45.78
35.44
22,980
Nov 13, 2025
0.45 Dividend 

Nov 13, 2025
49.00
49.00
47.30
47.35
36.66
15,140
Nov 12, 2025
49.05
49.35
48.88
48.98
37.57
8,300
Nov 11, 2025
48.60
49.40
48.51
49.20
37.74
5,160
Nov 10, 2025
48.90
48.90
48.05
48.35
37.09
7,260
Nov 7, 2025
47.40
48.50
47.40
48.15
36.94
14,300
Nov 6, 2025
0.57 Dividend 

Nov 6, 2025
48.75
49.20
48.25
48.25
37.01
6,400
Nov 5, 2025
48.50
49.95
48.50
49.85
37.80
6,260
Nov 4, 2025
49.75
50.00
48.58
48.70
36.93
12,660
Nov 3, 2025
50.65
51.00
49.61
50.10
37.99
8,360
Oct 31, 2025
50.35
50.70
49.55
50.65
38.41
16,560
Oct 30, 2025
0.695 Dividend 

Oct 30, 2025
51.55
51.64
49.65
49.65
37.65
14,240
Oct 29, 2025
54.00
54.00
51.35
51.35
38.42
16,420
Oct 28, 2025
55.50
57.00
54.00
54.00
40.40
40,160
Oct 27, 2025
52.40
53.15
52.00
52.30
39.13
11,080
Oct 24, 2025
51.75
52.60
51.75
51.80
38.75
8,760
Oct 23, 2025
0.44 Dividend 

Oct 23, 2025
51.45
51.98
51.15
51.94
38.85
4,360
Oct 22, 2025
52.20
52.65
51.45
51.56
38.24
18,420
Oct 21, 2025
51.90
52.50
51.80
52.33
38.81
5,580
Oct 20, 2025
51.05
52.00
51.05
51.90
38.50
87,240
Oct 17, 2025
49.95
51.20
49.85
50.90
37.75
10,900
Oct 16, 2025
1.415 Dividend 

Oct 16, 2025
52.15
52.15
49.70
50.10
37.16
19,040
Oct 15, 2025
53.60
54.15
52.75
52.78
38.09
7,560
Oct 14, 2025
52.70
53.85
51.69
53.46
38.59
7,640
Oct 13, 2025
54.80
54.80
52.85
53.51
38.63
15,380
Oct 10, 2025
58.30
58.94
54.15
54.17
39.10
12,060
Oct 9, 2025
58.30
59.13
58.00
58.30
42.08
8,280
Oct 8, 2025
57.90
58.60
57.05
58.35
42.12
11,700
Oct 7, 2025
56.15
58.28
56.15
57.65
41.61
17,200
Oct 6, 2025
54.45
56.02
54.45
55.55
40.10
26,060
Oct 3, 2025
53.90
54.58
53.80
54.35
39.23
22,520
Oct 2, 2025
53.05
54.25
53.05
54.25
39.16
5,720
Oct 1, 2025
53.10
53.75
52.75
53.00
38.26
7,020
Sep 30, 2025
54.45
54.45
53.10
53.25
38.44
8,920
Sep 29, 2025
53.50
55.36
53.50
54.60
39.41
15,860
Sep 26, 2025
53.05
53.40
52.60
53.40
38.55
6,380
Sep 25, 2025
53.40
53.40
52.31
52.75
38.08
5,940
Sep 24, 2025
53.20
54.05
53.20
53.60
38.69
4,520
Sep 23, 2025
53.65
54.49
53.00
53.40
38.55
6,360
Sep 22, 2025
53.55
53.72
53.05
53.65
38.73
27,100
Sep 19, 2025
54.05
54.15
53.58
53.75
38.80
11,700
Sep 18, 2025
1.335 Dividend 

Sep 18, 2025
54.55
54.72
54.00
54.20
39.12
14,720
Sep 17, 2025
54.75
55.85
54.75
55.75
39.28
20,820
Sep 16, 2025
54.85
54.85
54.15
54.70
38.54
8,480
Sep 15, 2025
54.65
55.26
54.56
54.65
38.50
8,960
Sep 12, 2025
54.70
55.00
54.58
54.60
38.47
9,160
Sep 11, 2025
53.55
54.85
53.55
54.65
38.50
5,760
Sep 10, 2025
55.15
55.40
53.40
53.55
37.73
10,800
Sep 9, 2025
55.60
55.60
55.05
55.05
38.79
5,920
Sep 8, 2025
55.50
55.70
55.26
55.60
39.17
5,580
Sep 5, 2025
56.20
56.37
55.40
55.45
39.07
10,620
Sep 4, 2025
56.06
56.30
53.95
55.55
39.14
9,500
Sep 3, 2025
56.10
56.50
55.95
56.44
39.76
4,460
Sep 2, 2025
55.45
56.19
55.45
56.10
39.53
5,520
Aug 29, 2025
56.63
56.80
56.50
56.70
39.95
4,020
Aug 28, 2025
56.50
56.70
56.25
56.55
39.84
4,320
Aug 27, 2025
55.90
56.50
55.76
56.20
39.60
4,160
Aug 26, 2025
56.15
56.50
55.95
56.45
39.77
4,840
Aug 25, 2025
56.30
56.31
55.85
56.20
39.60
7,420
Aug 22, 2025
55.00
56.45
55.00
56.35
39.70
8,380
Aug 21, 2025
1.7 Dividend 

Aug 21, 2025
55.40
55.40
54.45
54.85
38.64
8,100
Aug 20, 2025
57.91
57.91
56.76
56.90
38.89
8,680
Aug 19, 2025
58.00
58.65
57.65
57.65
39.40
9,400
Aug 18, 2025
57.80
58.40
57.80
58.20
39.78
6,000
Aug 15, 2025
57.55
58.22
57.55
57.80
39.51
3,080
Aug 14, 2025
58.05
58.05
57.00
57.80
39.51
6,100
Aug 13, 2025
57.42
58.50
57.37
58.35
39.88
6,320
Aug 12, 2025
56.65
57.40
56.65
57.15
39.06
3,600
Aug 11, 2025
56.60
57.08
56.25
56.25
38.45
15,320
Aug 8, 2025
57.00
57.25
56.55
56.70
38.75
5,280
Aug 7, 2025
57.90
57.90
56.70
56.97
38.94
3,980
Aug 6, 2025
56.80
57.85
56.80
57.55
39.34
5,820
Aug 5, 2025
57.00
57.05
56.30
56.65
38.72
4,620
Aug 4, 2025
56.80
57.15
56.30
56.70
38.75
8,020
Aug 1, 2025
56.70
57.10
55.62
56.20
38.41
14,220
Jul 31, 2025
58.25
58.25
57.20
57.20
39.10
16,300
Jul 30, 2025
59.95
59.95
57.92
58.20
39.78
13,580
Jul 29, 2025
62.00
62.00
58.80
59.60
40.74
79,760
Jul 28, 2025
64.10
64.75
63.92
64.40
44.02
13,380
Jul 25, 2025
63.75
64.45
63.60
64.00
43.74
17,000
Jul 24, 2025
1.365 Dividend 

Jul 24, 2025
63.35
64.25
63.35
63.75
43.57
10,740
Jul 23, 2025
64.45
64.75
64.25
64.35
43.05
10,800
Jul 22, 2025
64.10
64.40
63.80
64.27
43.00
10,160
Jul 21, 2025
63.50
64.29
63.50
63.80
42.68
37,660
Jul 18, 2025
62.85
63.20
62.75
63.20
42.28
5,820
Jul 17, 2025
62.15
63.00
62.10
62.80
42.01
5,700
Jul 16, 2025
62.35
62.65
61.45
62.25
41.65
9,980
Jul 15, 2025
62.90
62.95
62.15
62.15
41.58
6,300
Jul 14, 2025
61.00
63.20
61.00
63.00
42.15
7,160
Jul 11, 2025
64.20
64.20
60.40
61.00
40.81
13,160
Jul 10, 2025
63.65
64.70
63.10
64.55
43.18
4,360
Jul 9, 2025
63.85
64.40
63.35
63.65
42.58
7,780
Jul 8, 2025
64.90
64.93
63.45
63.80
42.68
7,960
Jul 7, 2025
64.50
64.89
64.20
64.40
43.08
7,720
Jul 3, 2025
65.00
65.30
64.75
64.85
43.38
3,440
Jul 2, 2025
63.90
64.75
63.90
64.57
43.20
9,120
Jul 1, 2025
63.45
64.17
63.42
63.90
42.75
5,520
Jun 30, 2025
62.95
63.70
62.95
63.50
42.48
8,480
Jun 27, 2025
63.20
63.28
62.70
63.05
42.18
12,080
Jun 26, 2025
1.65 Dividend 

Jun 26, 2025
63.25
63.25
61.80
62.60
41.88
22,120
Jun 25, 2025
65.50
65.50
64.00
64.75
42.21
20,780
Jun 24, 2025
64.50
65.00
64.25
65.00
42.38
22,740
Jun 23, 2025
63.50
64.30
63.25
63.90
41.66
21,880
Jun 20, 2025
62.00
63.25
61.92
63.25
41.24
5,880
Jun 18, 2025
63.90
64.25
61.10
62.00
40.42
14,060
Jun 17, 2025
64.60
64.70
63.62
63.85
41.63
6,860
Jun 16, 2025
64.00
64.90
63.90
64.70
42.18
8,460
Jun 13, 2025
65.60
66.00
63.55
63.55
41.43
12,080
Jun 12, 2025
66.45
66.82
66.31
66.80
43.55
4,000
Jun 11, 2025
66.80
66.80
66.10
66.35
43.26
4,220
Jun 10, 2025
65.60
66.60
65.60
66.25
43.19
5,720
Jun 9, 2025
65.90
65.95
65.25
65.85
42.93
6,020
Jun 6, 2025
65.25
65.65
64.95
65.65
42.80
7,120
Jun 5, 2025
65.15
65.35
64.51
64.60
42.12
5,560
Jun 4, 2025
64.90
65.15
64.46
65.05
42.41
6,480
Jun 3, 2025
63.90
64.35
63.32
64.35
41.95
8,440
Jun 2, 2025
63.25
64.10
62.75
63.90
41.66
9,060
May 30, 2025
63.60
63.63
62.85
63.25
41.24
17,060
May 29, 2025
2.755 Dividend 

May 29, 2025
64.95
64.95
63.30
64.00
41.72
10,280
May 28, 2025
67.25
67.25
66.65
66.80
41.75
16,560
May 27, 2025
66.20
67.15
66.20
66.90
41.82
13,800
May 23, 2025
65.75
65.80
65.00
65.60
41.00
8,260
May 22, 2025
67.10
67.20
66.65
66.95
41.85
4,820
May 21, 2025
67.40
67.95
66.80
66.80
41.75
5,680
May 20, 2025
66.80
67.70
66.80
67.45
42.16
4,980
May 19, 2025
67.15
67.45
66.65
67.40
42.13
8,120
May 16, 2025
66.80
67.15
66.25
67.00
41.88
5,420
May 15, 2025
66.45
67.00
66.40
66.65
41.66
4,080
May 14, 2025
66.40
67.00
66.40
66.70
41.69
7,420
May 13, 2025
66.65
66.70
66.30
66.40
41.50
5,660
May 12, 2025
67.10
67.15
66.18
66.35
41.47
8,260
May 9, 2025
65.25
65.75
65.00
65.13
40.71
3,580
May 8, 2025
64.45
65.32
64.00
65.15
40.72
5,660
May 7, 2025
63.20
63.60
62.88
63.53
39.71
8,800
May 6, 2025
63.80
63.80
63.00
63.00
39.38
2,160
May 5, 2025
62.30
64.20
62.30
63.45
39.66
9,900
May 2, 2025
61.80
63.20
61.80
62.70
39.19
15,180
May 1, 2025
2.76 Dividend 

May 1, 2025
62.50
62.50
61.30
61.65
38.54
9,880
Apr 30, 2025
64.35
64.89
62.60
64.80
38.78
13,360
Apr 29, 2025
63.75
65.35
63.50
65.20
39.02
8,660
Apr 28, 2025
63.40
63.60
62.50
62.95
37.67
8,240
Apr 25, 2025
63.00
63.45
62.63
63.40
37.94
8,240
Apr 24, 2025
61.80
63.00
61.80
63.00
37.70
2,460
Apr 23, 2025
61.30
63.18
61.30
61.55
36.83
8,320
Apr 22, 2025
60.25
61.15
60.17
60.70
36.33
4,740
Apr 21, 2025
60.00
60.35
59.22
59.95
35.88
4,100
Apr 17, 2025
59.15
60.78
59.15
60.20
36.03
4,080
Apr 16, 2025
61.00
61.00
59.25
59.65
35.70
1,760
Apr 15, 2025
60.80
61.79
60.80
61.00
36.50
2,080
Apr 14, 2025
62.00
62.10
60.55
61.26
36.66
3,840
Apr 11, 2025
60.10
61.23
59.80
60.95
36.47
2,360
Apr 10, 2025
59.85
60.29
58.26
59.35
35.52
5,380
Apr 9, 2025
55.55
61.30
55.55
61.24
36.65
11,440
Apr 8, 2025
59.00
59.88
55.75
56.75
33.96
4,880
Apr 7, 2025
55.25
58.60
55.05
57.25
34.26
12,080
Apr 4, 2025
58.15
59.86
56.50
57.55
34.44
18,420
Apr 3, 2025
1.76 Dividend 

Apr 3, 2025
62.45
62.95
59.85
60.60
36.27
14,460
Apr 2, 2025
65.65
68.00
65.65
67.60
39.40
5,420
Apr 1, 2025
64.85
67.05
64.85
66.70
38.88
4,520
Mar 31, 2025
64.55
65.90
64.26
65.65
38.26
7,220
Mar 28, 2025
67.90
67.90
65.60
65.90
38.41
14,840
Mar 27, 2025
69.55
69.95
68.65
69.15
40.30
5,020
Mar 26, 2025
70.40
70.70
69.50
69.95
40.77
4,340
Mar 25, 2025
71.55
71.55
70.04
70.45
41.06
3,540
Mar 24, 2025
70.55
70.60
70.05
70.10
40.86
25,740
Mar 21, 2025
69.20
69.89
68.56
69.60
40.57
6,380
Mar 20, 2025
69.40
69.63
69.00
69.00
40.22
3,180
Mar 19, 2025
68.40
69.45
68.09
69.15
40.30
3,960
Mar 18, 2025
68.85
68.85
67.90
68.40
39.87
3,460
Mar 17, 2025
68.30
69.15
67.85
68.90
40.16
4,480
Mar 14, 2025
67.25
68.22
67.07
68.11
39.70
4,380
Mar 13, 2025
67.10
67.93
66.01
66.10
38.53
4,880
Mar 12, 2025
66.65
68.20
66.65
67.65
39.43
6,200
Mar 11, 2025
66.45
67.85
66.45
66.90
38.99
4,640
Mar 10, 2025
67.60
68.46
66.05
66.95
39.02
14,080
Mar 7, 2025
66.80
69.06
66.80
69.00
40.22
8,800
Mar 6, 2025
1.885 Dividend 

Mar 6, 2025
67.50
68.38
66.81
66.85
38.96
10,640
Mar 5, 2025
69.00
70.25
68.64
70.10
39.76
10,940
Mar 4, 2025
69.35
70.75
66.25
68.15
38.65
11,900
Mar 3, 2025
71.40
72.50
70.11
70.55
40.01
13,100
Feb 28, 2025
71.00
71.70
70.38
71.70
40.67
11,040
Feb 27, 2025
72.15
72.75
71.10
71.35
40.47
7,060
Feb 26, 2025
74.45
74.45
72.10
72.15
40.92
12,280
Feb 25, 2025
75.55
76.43
72.60
74.20
42.09
10,120
Feb 24, 2025
75.00
75.50
73.76
75.10
42.60
47,740
Feb 21, 2025
76.65
76.65
74.50
74.50
42.26
11,940
Feb 20, 2025
77.00
77.39
76.20
76.55
43.42
6,840
Feb 19, 2025
76.85
77.25
76.55
77.25
43.82
10,660
Feb 18, 2025
76.70
77.15
76.35
76.85
43.59
10,340
Feb 14, 2025
75.50
76.90
75.50
76.50
43.39
6,160
Feb 13, 2025
75.25
76.03
74.85
75.50
42.82
8,440
Feb 12, 2025
74.65
75.89
74.36
75.50
42.82
16,640
Feb 11, 2025
77.65
77.65
75.25
75.50
42.82
11,480
Feb 10, 2025
76.85
77.65
76.60
77.30
43.84
16,180
Feb 7, 2025
78.00
78.00
76.15
76.40
43.33
25,900
Feb 6, 2025
3.335 Dividend 

Feb 6, 2025
78.00
78.25
76.85
77.50
43.96
27,360
Feb 5, 2025
81.75
81.75
79.81
81.30
44.22
25,380
Feb 4, 2025
84.70
85.23
79.85
79.90
43.46
79,780
Feb 3, 2025
87.00
90.97
87.00
90.10
49.01
11,600
Jan 31, 2025
90.70
90.75
89.11
89.45
48.65
11,340
Jan 30, 2025
89.82
90.79
89.38
90.20
49.06
12,300
Jan 29, 2025
88.30
89.64
88.30
89.25
48.54
4,900
Jan 28, 2025
90.00
90.18
87.40
88.30
48.03
4,960
Jan 27, 2025
87.85
90.00
87.85
89.90
48.90
10,700
Jan 24, 2025
88.50
89.88
87.63
89.05
48.44
5,100
Jan 23, 2025
88.95
89.49
88.10
89.35
48.60
9,280
Jan 22, 2025
89.40
89.98
89.00
89.35
48.60
5,200
Jan 21, 2025
91.65
91.65
89.04
89.20
48.52
28,840
Jan 17, 2025
90.62
92.18
90.15
91.00
49.50
7,360
Jan 16, 2025
89.15
90.57
89.15
89.50
48.68
6,780
Jan 15, 2025
89.80
90.43
89.20
89.85
48.87
11,320
Jan 14, 2025
87.50
88.65
87.15
88.65
48.22
9,520
Jan 13, 2025
84.70
86.65
84.70
86.65
47.13
11,520
Jan 10, 2025
89.00
89.06
84.90
86.00
46.78
20,560
Jan 8, 2025
2.13 Dividend 

Jan 8, 2025
90.10
90.10
89.20
89.85
48.87
9,340
Jan 7, 2025
93.05
93.05
91.85
92.20
48.99
17,140
Jan 6, 2025
92.00
93.10
91.85
92.60
49.20
17,580
Jan 3, 2025
91.40
91.85
90.80
91.70
48.73
13,440
Jan 2, 2025
89.90
91.02
89.50
90.25
47.95
10,800
Dec 31, 2024
90.10
90.63
89.50
89.60
47.61
9,180
Dec 30, 2024
90.15
90.35
89.00
89.95
47.80
10,660
Dec 27, 2024
92.05
92.05
90.45
90.95
48.33
7,280
Dec 26, 2024
92.10
92.82
91.63
92.20
48.99
6,100
Dec 24, 2024
91.15
92.45
90.65
92.45
49.12
4,560
Dec 23, 2024
90.75
90.80
89.95
90.60
48.14
13,060
Dec 20, 2024
88.45
91.65
88.40
90.70
48.19
7,040
Dec 19, 2024
90.00
91.80
89.75
90.38
48.02
5,660
Dec 18, 2024
93.80
94.35
88.85
89.46
47.54
14,260
Dec 17, 2024
94.55
94.90
93.75
94.10
50.00
5,920
Dec 16, 2024
94.15
94.80
93.05
94.40
50.16
24,120
Dec 13, 2024
93.50
94.45
93.28
94.45
50.19
20,120
Dec 12, 2024
3.005 Dividend 

Dec 12, 2024
93.75
94.05
93.15
93.25
49.55
12,680
Dec 11, 2024
95.85
96.95
94.50
96.85
49.86
13,060
Dec 10, 2024
96.45
96.45
95.05
95.25
49.04
10,360
Dec 9, 2024
97.30
98.70
96.15
96.55
49.71
23,620
Dec 6, 2024
95.85
96.32
95.01
96.10
49.48
11,680
Dec 5, 2024
95.95
96.00
94.45
95.55
49.20
16,380
Dec 4, 2024
92.60
95.90
92.25
95.65
49.25
11,480
Dec 3, 2024
93.65
93.65
91.95
92.00
47.37
19,140
Dec 2, 2024
93.75
93.95
92.55
93.45
48.11
11,640
Nov 29, 2024
92.80
93.49
92.67
93.05
47.91
3,600
Nov 27, 2024
93.85
93.85
92.76
93.00
47.88
4,140
Nov 26, 2024
92.85
93.78
92.85
93.00
47.88
8,320
Nov 25, 2024
93.75
94.25
92.85
93.70
48.24
15,520
Nov 22, 2024
90.90
92.80
90.90
92.75
47.75
17,040
Nov 21, 2024
90.00
91.45
90.00
90.75
46.72
16,360
Nov 20, 2024
89.95
91.25
89.95
90.55
46.62
15,180
Nov 19, 2024
89.55
90.10
88.50
90.10
46.39
15,300
Nov 18, 2024
91.35
92.35
90.50
90.50
46.60
43,340
Nov 15, 2024
90.50
91.80
90.25
91.40
47.06
24,640
Nov 14, 2024
2.94 Dividend 

Nov 14, 2024
92.40
92.60
90.65
91.15
46.93
22,840
Nov 13, 2024
94.80
95.75
94.50
95.30
47.55
46,260
Nov 12, 2024
95.25
96.00
94.15
95.00
47.40
37,980
Nov 11, 2024
92.75
95.63
92.15
95.30
47.55
51,600
Nov 8, 2024
90.50
92.00
90.45
91.95
45.88
17,360
Nov 7, 2024
91.35
92.40
90.15
90.55
45.18
27,160
Nov 6, 2024
91.35
91.50
90.07
90.85
45.33
15,200
Nov 5, 2024
88.25
89.60
88.10
89.30
44.56
9,340
Nov 4, 2024
87.45
88.33
87.45
88.30
44.06
10,980
Nov 1, 2024
88.15
88.15
86.55
87.40
43.61
17,720
Oct 31, 2024
88.25
89.40
88.25
89.00
44.41
6,780
Oct 30, 2024
88.50
89.40
88.05
88.25
44.04
11,500
Oct 29, 2024
89.75
90.95
86.80
90.15
44.98
34,220
Oct 28, 2024
91.50
92.75
91.31
92.70
46.26
16,360
Oct 25, 2024
91.75
91.75
90.75
91.10
45.46
6,960
Oct 24, 2024
91.00
91.35
90.65
91.15
45.48
6,800
Oct 23, 2024
89.75
91.00
89.50
90.30
45.06
20,540
Oct 22, 2024
90.00
90.60
89.60
90.40
45.11
20,240
Oct 21, 2024
89.20
90.74
89.10
89.95
44.88
60,600
Oct 18, 2024
89.25
90.25
88.43
90.25
45.03
29,480
Oct 17, 2024
5.52 Dividend 

Oct 17, 2024
90.50
90.50
88.54
89.25
44.53
28,220
Oct 16, 2024
95.30
95.85
94.31
95.80
45.05
60,060
Oct 15, 2024
95.30
95.65
93.35
94.40
44.39
26,320
Oct 14, 2024
95.75
95.85
94.57
95.45
44.88
42,680
Oct 11, 2024
94.85
95.40
94.57
95.25
44.79
32,520
Oct 10, 2024
94.50
94.75
94.07
94.54
44.46
11,220
Oct 9, 2024
94.40
95.00
94.40
94.90
44.62
7,860
Oct 8, 2024
94.85
94.85
94.00
94.85
44.60
8,500
Oct 7, 2024
94.80
94.80
93.57
94.35
44.37
20,860
Oct 4, 2024
93.95
94.24
93.00
93.95
44.18
12,860
Oct 3, 2024
92.40
92.44
91.40
92.40
43.45
7,680
Oct 2, 2024
94.00
94.00
91.05
92.55
43.52
10,300
Oct 1, 2024
93.95
93.95
91.50
92.50
43.49
15,920
Sep 30, 2024
93.50
93.50
92.40
93.15
43.80
12,920
Sep 27, 2024
95.25
95.25
92.75
92.93
43.70
10,200
Sep 26, 2024
93.00
94.80
93.00
94.70
44.53
8,560
Sep 25, 2024
93.05
93.65
92.16
92.16
43.34
5,880
Sep 24, 2024
93.15
93.30
92.05
93.15
43.80
5,900
Sep 23, 2024
92.50
93.40
91.80
92.05
43.28
30,320
Sep 20, 2024
92.15
92.25
90.05
92.25
43.38
10,500
Sep 19, 2024
88.75
92.50
88.75
92.15
43.33
11,640
Sep 18, 2024
86.45
87.80
85.90
87.80
41.29
6,720
Sep 17, 2024
86.30
86.50
85.50
85.81
40.35
6,200
Sep 16, 2024
86.00
86.45
84.80
86.00
40.44
10,060
Sep 13, 2024
85.55
85.85
84.70
85.65
40.28
10,300
Sep 12, 2024
84.75
85.04
84.05
84.95
39.95
11,440
Sep 11, 2024
84.40
84.40
82.29
84.00
39.50
6,960
Sep 10, 2024
84.45
84.45
81.81
83.70
39.36
11,340
Sep 9, 2024
85.00
85.40
83.25
83.50
39.26
31,640
Sep 6, 2024
8.095 Dividend 

Sep 6, 2024
87.75
87.75
83.05
84.90
39.92
22,160
Sep 5, 2024
96.75
97.78
94.05
95.10
40.91
78,840
Sep 4, 2024
94.50
95.95
91.95
94.78
40.77
6,040
Sep 3, 2024
94.50
95.50
94.20
94.58
40.69
2,480
Aug 30, 2024
94.90
95.50
94.00
94.50
40.65
3,100
Aug 29, 2024
93.80
95.45
93.80
95.01
40.88
3,980
Aug 28, 2024
93.13
93.30
91.85
92.40
39.75
1,220
Aug 27, 2024
93.40
94.03
93.15
93.36
40.16
1,180
Aug 26, 2024
93.90
94.40
93.50
93.75
40.33
2,260
Aug 23, 2024
93.30
93.50
92.90
93.32
40.15
2,480
Aug 22, 2024
93.20
93.30
92.75
92.90
39.97
1,940
Aug 21, 2024
93.20
93.20
92.50
93.05
40.03
4,100
Aug 20, 2024
91.75
93.00
91.75
92.60
39.84
2,980
Aug 19, 2024
90.50
91.45
90.50
91.35
39.30
39,600
Aug 16, 2024
89.75
90.35
89.60
90.07
38.75
2,320
Aug 15, 2024
89.25
89.95
89.20
89.75
38.61
3,540
Aug 14, 2024
88.20
88.90
87.46
88.90
38.25
1,820
Aug 13, 2024
86.20
87.96
86.20
87.50
37.64
2,880
Aug 12, 2024
86.80
87.35
85.85
85.85
36.93
3,100
Aug 9, 2024
86.25
87.35
86.25
86.80
37.34
3,320
Aug 8, 2024
85.20
86.48
85.20
86.35
37.15
3,580
Aug 7, 2024
1.755 Dividend 

Aug 7, 2024
85.00
86.50
84.79
84.79
36.48
3,980
Aug 6, 2024
83.86
86.95
83.71
86.23
36.34
4,040
Aug 5, 2024
80.20
84.70
80.20
83.15
35.04
2,980
Aug 2, 2024
87.15
87.15
83.65
85.50
36.03
2,340
Aug 1, 2024
87.65
87.85
87.36
87.55
36.90
3,040
Jul 31, 2024
86.45
87.50
86.45
87.50
36.88
4,240
Jul 30, 2024
82.10
86.25
82.10
86.25
36.35
25,860
Jul 29, 2024
79.45
80.00
79.03
79.85
33.65
1,780
Jul 26, 2024
77.80
78.95
77.78
78.85
33.23
2,360
Jul 25, 2024
78.50
79.10
77.78
77.78
32.78
1,860
Jul 24, 2024
80.10
80.21
78.45
78.45
33.06
2,880
Jul 23, 2024
80.95
81.70
80.57
80.80
34.05
3,340
Jul 22, 2024
79.50
81.30
79.50
81.10
34.18
3,200
Jul 19, 2024
80.35
80.45
79.10
79.50
33.51
24,200
Jul 18, 2024
81.50
82.05
80.70
80.73
34.02
1,820
Jul 17, 2024
80.85
82.30
80.85
82.05
34.58
2,900
Jul 16, 2024
81.00
82.45
81.00
82.20
34.64
3,300
Jul 15, 2024
81.45
81.55
80.25
81.10
34.18
4,120
Jul 12, 2024
80.50
81.20
80.00
81.00
34.14
1,780
Jul 11, 2024
79.60
81.20
79.60
80.50
33.93
4,460
Jul 10, 2024
78.60
79.15
78.15
79.00
33.29
4,700
Jul 9, 2024
78.85
79.65
78.50
79.15
33.36
6,600
Jul 8, 2024
79.40
80.00
78.60
79.20
33.38
8,200
Jul 5, 2024
2.16 Dividend 

Jul 5, 2024
79.40
80.15
78.75
79.65
33.57
3,940
Jul 3, 2024
81.00
81.85
79.58
81.65
33.50
5,880
Jul 2, 2024
81.20
81.20
80.00
81.15
33.30
7,700
Jul 1, 2024
80.45
80.45
78.46
78.95
32.39
4,960
Jun 28, 2024
79.80
80.49
79.25
79.35
32.56
3,740
Jun 27, 2024
79.50
80.65
78.95
79.90
32.78
2,880
Jun 26, 2024
81.25
81.25
79.55
79.55
32.64
5,020
Jun 25, 2024
80.30
81.25
80.30
80.80
33.15
4,100
Jun 24, 2024
82.50
82.50
80.85
81.32
33.36
4,780
Jun 21, 2024
82.00
82.05
81.25
81.79
33.56
1,300
Jun 20, 2024
80.20
81.25
79.70
81.00
33.23
3,800
Jun 18, 2024
81.95
81.95
80.10
80.25
32.93
13,860
Jun 17, 2024
82.00
82.00
80.45
81.90
33.60
7,840
Jun 14, 2024
83.35
83.35
81.40
81.81
33.57
6,060
Jun 13, 2024
86.05
86.05
83.05
83.35
34.20
5,620
Jun 12, 2024
87.96
87.96
84.99
85.16
34.94
14,500
Jun 11, 2024
89.55
89.60
86.80
87.15
35.76
2,800
Jun 10, 2024
89.65
90.55
89.20
90.29
37.04
4,880
Jun 7, 2024
88.70
90.75
88.70
90.00
36.93
6,900
Jun 6, 2024
3.345 Dividend 

Jun 6, 2024
90.15
90.20
89.10
89.90
36.89
5,720
Jun 5, 2024
92.70
92.70
91.50
91.82
36.30
7,980
Jun 4, 2024
92.35
92.45
91.60
91.85
36.31
6,400
Jun 3, 2024
92.15
92.15
90.70
91.80
36.29
5,600
May 31, 2024
91.40
91.50
89.82
91.25
36.08
2,960
May 30, 2024
90.30
91.65
89.45
90.83
35.91
2,540
May 29, 2024
90.20
90.20
88.50
89.10
35.23
4,940
May 28, 2024
89.85
90.60
89.60
90.50
35.78
5,640
May 24, 2024
89.11
89.85
89.00
89.28
35.30
6,400
May 23, 2024
90.50
90.50
88.25
90.00
35.58
5,920
May 22, 2024
92.95
92.95
89.70
89.89
35.54
9,440
May 21, 2024
93.45
93.45
92.20
92.90
36.73
3,580
May 20, 2024
93.00
93.40
92.25
93.40
36.93
8,400
May 17, 2024
91.70
93.15
91.70
92.98
36.76
5,240
May 16, 2024
91.79
92.50
91.44
91.93
36.34
3,280
May 15, 2024
93.35
93.35
91.05
92.70
36.65
2,580
May 14, 2024
90.75
92.50
90.75
92.00
36.37
2,860
May 13, 2024
91.15
91.65
90.45
91.14
36.03
3,080
May 10, 2024
92.05
92.39
90.00
90.45
35.76
3,920
May 9, 2024
92.20
92.20
90.41
92.06
36.39
3,240
May 8, 2024
93.90
94.09
90.95
91.00
35.98
5,300
May 7, 2024
93.25
95.40
93.25
94.10
37.20
2,280
May 6, 2024
4.71 Dividend 

May 6, 2024
95.00
95.20
92.75
93.05
36.79
7,160
May 3, 2024
99.80
100.55
96.70
98.25
36.98
6,900
May 2, 2024
99.72
100.00
97.75
99.45
37.43
2,420
May 1, 2024
98.80
101.09
97.40
98.86
37.21
6,420
Apr 30, 2024
99.60
102.15
99.60
100.89
37.98
9,280
Apr 29, 2024
97.05
98.20
96.60
97.44
36.68
2,500
Apr 26, 2024
95.60
96.75
95.32
96.41
36.29
2,000
Apr 25, 2024
94.75
95.38
93.70
95.38
35.90
960
Apr 24, 2024
94.60
96.00
94.50
95.70
36.02
3,120
Apr 23, 2024
92.90
94.85
92.90
94.61
35.61
1,480
Apr 22, 2024
90.10
94.30
90.10
92.75
34.91
12,660
Apr 19, 2024
91.85
91.85
91.20
91.53
34.45
580
Apr 18, 2024
94.45
94.45
91.10
91.55
34.46
2,900
Apr 17, 2024
93.60
93.75
92.25
93.24
35.10
2,280
Apr 16, 2024
92.85
94.45
92.45
93.10
35.04
2,020
Apr 15, 2024
95.35
95.35
92.85
93.32
35.12
1,900
Apr 12, 2024
94.91
95.70
94.12
94.50
35.57
8,720
Apr 11, 2024
95.70
95.95
94.00
95.68
36.02
3,000
Apr 10, 2024
95.50
96.15
94.95
96.15
36.19
8,240
Apr 9, 2024
95.85
96.25
95.50
96.17
36.20
3,900
Apr 8, 2024
93.75
96.10
93.75
95.85
36.08
4,600
Apr 5, 2024
92.40
94.75
92.40
92.85
34.95
3,460
Apr 4, 2024
2.33 Dividend 

Apr 4, 2024
94.85
95.40
93.00
93.50
35.19
2,520
Apr 3, 2024
96.56
96.75
95.50
96.43
35.42
6,640
Apr 2, 2024
97.85
97.85
95.08
95.63
35.12
4,080
Apr 1, 2024
97.50
97.85
96.05
96.55
35.46
5,100
Mar 28, 2024
97.70
97.70
97.00
97.40
35.78
3,900
Mar 27, 2024
97.75
97.75
96.40
96.93
35.60
3,060
Mar 26, 2024
96.00
97.25
96.00
96.54
35.46
2,920
Mar 25, 2024
95.55
96.35
95.00
96.35
35.39
6,620
Mar 22, 2024
95.45
95.50
94.85
95.28
34.99
3,460
Mar 21, 2024
95.00
96.00
94.50
94.75
34.80
4,300
Mar 20, 2024
92.50
94.95
92.20
94.90
34.86
3,260
Mar 19, 2024
93.20
93.25
91.75
92.30
33.90
4,300
Mar 18, 2024
92.60
93.55
92.00
93.25
34.25
3,360
Mar 15, 2024
91.55
91.75
90.95
91.38
33.56
3,320
Mar 14, 2024
91.70
91.70
90.75
91.23
33.51
3,960
Mar 13, 2024
90.05
91.65
89.65
90.75
33.33
3,960
Mar 12, 2024
89.45
89.85
88.75
89.35
32.82
2,300
Mar 11, 2024
87.75
89.70
86.55
89.15
32.75
5,640
Mar 8, 2024
88.20
88.75
86.55
88.75
32.60
4,840
Mar 7, 2024
87.30
87.95
86.43
87.75
32.23
2,500
Mar 6, 2024
3.615 Dividend 

Mar 6, 2024
88.20
88.20
85.90
86.85
31.90
4,760
Mar 5, 2024
92.50
93.55
90.00
90.04
31.74
5,100
Mar 4, 2024
93.95
93.95
91.25
92.95
32.77
4,120
Mar 1, 2024
93.75
94.00
92.85
93.22
32.87
1,740
Feb 29, 2024
93.20
93.60
92.25
92.78
32.71
2,760
Feb 28, 2024
92.05
92.90
91.86
92.80
32.72
2,420
Feb 27, 2024
90.35
91.98
90.35
91.60
32.29
2,320
Feb 26, 2024
90.75
91.94
89.75
91.30
32.19
5,220
Feb 23, 2024
90.85
91.00
89.31
91.00
32.08
3,380
Feb 22, 2024
89.10
89.60
87.97
89.28
31.47
3,580
Feb 21, 2024
88.50
89.25
87.55
88.10
31.06
4,480
Feb 20, 2024
89.70
89.70
88.60
89.40
31.52
2,840
Feb 16, 2024
89.85
90.30
88.70
90.00
31.73
4,680
Feb 15, 2024
89.65
90.30
87.60
90.30
31.84
3,440
Feb 14, 2024
87.60
89.05
87.15
88.94
31.36
4,860
Feb 13, 2024
87.88
88.75
87.55
88.45
31.18
3,600
Feb 12, 2024
88.50
89.90
88.00
89.32
31.49
7,540
Feb 9, 2024
85.10
89.15
84.97
88.40
31.17
12,020
Feb 8, 2024
87.50
88.50
84.40
84.95
29.95
16,360
Feb 7, 2024
3.275 Dividend 

Feb 7, 2024
95.65
95.65
93.05
93.54
32.98
9,020
Feb 6, 2024
95.65
97.95
95.56
97.30
33.15
4,560
Feb 5, 2024
96.00
96.30
94.85
95.43
32.51
3,600
Feb 2, 2024
94.85
96.60
94.66
96.42
32.85
2,080
Feb 1, 2024
94.60
96.00
93.95
95.96
32.69
980
Jan 31, 2024
96.65
96.65
94.72
94.90
32.33
2,720
Jan 30, 2024
96.25
96.50
95.15
96.50
32.88
1,100
Jan 29, 2024
94.90
96.60
93.61
96.60
32.91
2,480
Jan 26, 2024
91.75
94.89
91.75
94.60
32.23
1,360
Jan 25, 2024
96.05
96.69
90.55
92.40
31.48
6,400
Jan 24, 2024
99.35
99.35
96.00
96.07
32.73
3,540
Jan 23, 2024
97.20
99.75
97.20
98.67
33.61
3,340
Jan 22, 2024
102.50
102.50
96.18
96.81
32.98
6,960
Jan 19, 2024
99.35
99.60
99.30
99.43
33.87
5,320
Jan 18, 2024
96.75
99.20
96.47
98.64
33.60
8,800
Jan 17, 2024
92.40
96.35
91.00
96.35
32.83
3,840
Jan 16, 2024
96.70
96.70
93.50
94.15
32.08
5,960
Jan 12, 2024
98.05
98.05
97.05
97.58
33.25
3,000
Jan 11, 2024
96.50
97.35
95.76
97.22
33.12
1,480
Jan 10, 2024
96.40
96.80
95.80
96.30
32.81
2,260
Jan 9, 2024
95.90
97.20
95.90
96.45
32.86
2,940
Jan 8, 2024
95.40
97.00
95.40
97.00
33.05
4,780
Jan 5, 2024
2.83 Dividend 

Jan 5, 2024
92.05
95.38
92.00
95.30
32.47
7,480
Jan 4, 2024
95.55
96.59
94.30
96.03
31.75
7,640
Jan 3, 2024
99.65
99.65
95.80
96.05
31.76
7,960
Jan 2, 2024
105.75
105.75
99.11
100.51
33.24
5,080
Dec 29, 2023
102.74
102.95
99.50
100.08
33.09
5,780
Dec 28, 2023
102.10
103.10
101.80
102.57
33.91
2,880
Dec 27, 2023
101.60
101.95
101.25
101.77
33.65
2,580
Dec 26, 2023
100.75
101.80
100.75
101.54
33.57
2,980
Dec 22, 2023
100.50
101.25
99.75
100.29
33.16
1,980
Dec 21, 2023
100.65
100.65
99.55
100.29
33.16
3,580
Dec 20, 2023
101.10
102.10
100.00
100.00
33.06
5,800
Dec 19, 2023
99.40
101.15
99.40
101.10
33.43
2,480
Dec 18, 2023
98.89
99.40
98.40
99.39
32.86
1,980
Dec 15, 2023
98.75
98.80
98.38
98.59
32.60
3,640
Dec 14, 2023
98.55
98.80
98.24
98.57
32.59
4,260
Dec 13, 2023
97.15
98.45
96.85
98.40
32.54
2,680
Dec 12, 2023
96.75
97.05
96.32
97.05
32.09
1,620
Dec 11, 2023
97.60
97.60
96.75
96.97
32.06
2,780
Dec 8, 2023
96.90
97.15
96.50
96.81
32.01
1,780
Dec 7, 2023
2.6 Dividend 

Dec 7, 2023
97.10
97.10
95.93
96.39
31.87
5,360
Dec 6, 2023
98.75
99.45
97.90
99.38
32.00
7,940
Dec 5, 2023
98.80
98.80
97.60
98.25
31.63
7,160
Dec 4, 2023
99.30
99.30
98.64
98.85
31.83
4,980
Dec 1, 2023
98.45
98.80
97.80
98.63
31.76
2,520
Nov 30, 2023
97.30
98.10
97.30
97.86
31.51
3,620
Nov 29, 2023
98.50
98.50
97.89
97.95
31.54
2,320
Nov 28, 2023
97.10
98.25
96.50
97.85
31.51
1,920
Nov 27, 2023
96.20
96.90
96.20
96.45
31.06
2,880
Nov 24, 2023
95.50
95.95
95.10
95.65
30.80
1,600
Nov 22, 2023
95.05
96.18
95.05
95.95
30.90
4,920
Nov 21, 2023
96.25
96.25
95.05
95.11
30.63
1,280
Nov 20, 2023
95.28
96.25
95.28
96.10
30.94
2,060
Nov 17, 2023
95.05
95.80
95.05
95.60
30.78
2,300
Nov 16, 2023
95.60
95.70
94.98
95.40
30.72
3,020
Nov 15, 2023
95.70
95.70
95.33
95.45
30.73
1,160
Nov 14, 2023
94.31
95.40
94.05
95.15
30.64
2,040
Nov 13, 2023
92.50
93.05
92.00
92.70
29.85
2,160
Nov 10, 2023
92.50
93.50
91.65
93.14
29.99
2,360
Nov 9, 2023
95.25
95.25
92.63
92.63
29.83
3,180
Nov 8, 2023
3.105 Dividend 

Nov 8, 2023
92.80
95.00
91.75
94.07
30.29
5,560
Nov 7, 2023
95.90
97.00
95.80
96.45
30.06
12,600
Nov 6, 2023
99.00
99.00
95.80
96.24
29.99
3,260
Nov 3, 2023
97.30
98.35
97.30
98.31
30.64
760
Nov 2, 2023
96.55
96.95
93.00
96.35
30.03
8,240
Nov 1, 2023
90.70
91.15
90.00
90.01
28.05
1,040
Oct 31, 2023
90.24
90.24
90.24
90.24
28.12
120
Oct 30, 2023
88.78
89.10
88.55
89.10
27.76
240
Oct 27, 2023
90.00
90.00
87.78
87.78
27.35
780
Oct 26, 2023
89.30
90.26
89.20
90.14
28.09
560
Oct 25, 2023
91.70
92.00
89.45
89.99
28.04
3,280
Oct 24, 2023
93.80
94.60
93.80
94.43
29.43
560
Oct 23, 2023
92.13
93.75
92.07
92.94
28.96
1,240
Oct 20, 2023
93.35
94.05
92.47
92.63
28.86
2,200
Oct 19, 2023
96.60
97.05
94.95
94.95
29.59
2,300
Oct 18, 2023
97.97
98.18
96.64
96.64
30.11
4,620
Oct 17, 2023
97.40
98.60
97.40
98.17
30.59
2,240
Oct 16, 2023
96.80
97.92
96.60
97.92
30.51
1,940
Oct 13, 2023
97.30
97.65
95.86
95.86
29.87
1,560
Oct 12, 2023
98.75
98.75
97.00
97.00
30.23
1,780
Oct 11, 2023
99.78
99.78
98.95
99.32
30.95
1,500
Oct 10, 2023
99.25
99.25
98.82
98.85
30.80
340
Oct 9, 2023
97.55
99.00
96.88
98.79
30.79
520
Oct 6, 2023
97.50
99.50
95.95
98.71
30.76
1,560
Oct 5, 2023
99.95
99.95
98.25
98.25
30.62
540
Oct 4, 2023
98.35
100.30
98.35
100.18
31.22
940
Oct 3, 2023
99.35
99.35
97.75
97.93
30.52
1,340
Oct 2, 2023
100.05
101.11
99.65
99.94
31.15
860
Sep 29, 2023
100.15
100.90
99.64
99.68
31.07
1,360
Sep 28, 2023
98.35
99.25
97.90
99.21
30.92
1,300
Sep 27, 2023
100.75
100.85
96.75
97.85
30.49
2,760
Sep 26, 2023
100.00
100.15
99.55
100.10
31.19
1,560
