Date
Open
High
Low
Close 

Adj Close 

Volume
May 26, 2026
28.75
28.75
28.72
28.75
28.75
1,053
May 22, 2026
28.72
28.72
28.72
28.72
28.72
100
May 21, 2026
28.65
28.69
28.65
28.69
28.69
400
May 20, 2026
28.65
28.65
28.64
28.64
28.64
1,400
May 19, 2026
28.63
28.63
28.59
28.61
28.61
900
May 18, 2026
28.62
28.65
28.58
28.61
28.61
700
May 15, 2026
28.61
28.61
28.61
28.61
28.61
100
May 14, 2026
28.65
28.65
28.65
28.65
28.65
100
May 13, 2026
28.58
28.63
28.57
28.63
28.63
3,200
May 12, 2026
28.56
28.59
28.54
28.59
28.59
4,300
May 11, 2026
28.64
28.65
28.57
28.62
28.62
25,100
May 8, 2026
28.58
28.59
28.58
28.59
28.59
600
May 7, 2026
28.58
28.58
28.48
28.54
28.54
400
May 6, 2026
28.46
28.55
28.46
28.51
28.51
300
May 5, 2026
28.43
28.43
28.43
28.43
28.43
100
May 4, 2026
28.42
28.42
28.38
28.38
28.38
400
May 1, 2026
28.31
28.47
28.31
28.40
28.40
22,800
Apr 30, 2026
28.18
28.38
28.17
28.32
28.32
1,800
Apr 29, 2026
28.20
28.26
28.20
28.26
28.26
300
Apr 28, 2026
28.23
28.23
28.18
28.18
28.18
100
Apr 27, 2026
28.25
28.25
28.25
28.25
28.25
100
Apr 24, 2026
28.23
28.23
28.23
28.23
28.23
100
Apr 23, 2026
28.11
28.11
28.07
28.07
28.07
1,200
Apr 22, 2026
28.06
28.13
28.06
28.13
28.13
800
Apr 21, 2026
28.06
28.06
27.96
27.96
27.96
300
Apr 20, 2026
28.16
28.16
27.99
28.02
28.02
5,500
Apr 17, 2026
27.98
28.07
27.98
28.05
28.05
1,800
Apr 16, 2026
27.81
27.92
27.81
27.92
27.92
300
Apr 15, 2026
27.93
27.93
27.86
27.86
27.86
4,800
Apr 14, 2026
27.66
27.73
27.65
27.73
27.73
900
Apr 13, 2026
27.51
27.51
27.51
27.51
27.51
200
Apr 10, 2026
27.39
27.39
27.34
27.35
27.35
5,700
Apr 9, 2026
27.26
27.34
27.25
27.34
27.34
500
Apr 8, 2026
27.13
27.20
27.13
27.20
27.20
6,800
Apr 7, 2026
26.74
26.80
26.62
26.80
26.80
7,600
Apr 6, 2026
26.79
26.79
26.79
26.79
26.79
600
Apr 2, 2026
26.70
26.72
26.70
26.72
26.72
200
Apr 1, 2026
26.71
26.71
26.71
26.71
26.71
900
Mar 31, 2026
26.33
26.51
26.33
26.51
26.51
1,000
Mar 30, 2026
26.24
26.24
26.10
26.10
26.10
2,700
Mar 27, 2026
26.23
26.23
26.23
26.23
26.23
1,400
Mar 26, 2026
26.47
26.47
26.46
26.46
26.46
200
Mar 25, 2026
26.84
26.84
26.80
26.80
26.80
2,200
Mar 24, 2026
26.81
26.81
26.70
26.70
26.70
2,500
Mar 23, 2026
26.90
26.91
26.82
26.82
26.82
14,300
Mar 20, 2026
26.87
26.98
26.67
26.69
26.69
9,500
Mar 19, 2026
27.11
27.11
27.11
27.11
27.11
100
Mar 18, 2026
27.23
27.23
27.23
27.23
27.23
100
Mar 17, 2026
27.62
27.62
27.58
27.58
27.58
100
Mar 16, 2026
27.54
27.60
27.49
27.49
27.49
4,900
Mar 13, 2026
27.48
27.48
27.36
27.36
27.36
5,000
Mar 12, 2026
27.52
27.52
27.52
27.52
27.52
100
Mar 11, 2026
27.91
27.91
27.91
27.91
27.91
200
Mar 10, 2026
27.92
27.92
27.92
27.92
27.92
100
Mar 9, 2026
27.74
27.97
27.64
27.97
27.97
900
Mar 6, 2026
27.80
27.80
27.80
27.80
27.80
100
Mar 5, 2026
27.98
28.07
27.94
28.02
28.02
1,100
Mar 4, 2026
28.16
28.16
28.11
28.11
28.11
300
Mar 3, 2026
27.58
27.82
27.58
27.82
27.82
600
Mar 2, 2026
27.79
28.12
27.79
28.05
28.05
16,500
Feb 27, 2026
27.93
28.00
27.92
28.00
28.00
1,400
Feb 26, 2026
28.06
28.11
28.05
28.05
28.05
10,200
Feb 25, 2026
28.32
28.40
28.29
28.35
28.35
600
Feb 24, 2026
27.92
28.13
27.92
28.07
28.07
9,600
Feb 23, 2026
27.95
27.95
27.79
27.85
27.85
8,100
Feb 20, 2026
28.01
28.11
28.00
28.11
28.11
300
Feb 19, 2026
27.91
27.94
27.91
27.94
27.94
300
Feb 18, 2026
28.05
28.05
28.05
28.05
28.05
300
Feb 17, 2026
27.74
27.88
27.63
27.88
27.88
16,000
Feb 13, 2026
28.05
28.05
27.96
27.96
27.96
400
Feb 12, 2026
27.95
27.95
27.95
27.95
27.95
100
Feb 11, 2026
28.36
28.36
28.32
28.32
28.32
600
Feb 10, 2026
28.39
28.39
28.29
28.29
28.29
400
Feb 9, 2026
28.20
28.45
28.20
28.39
28.39
8,100
Feb 6, 2026
28.25
28.25
28.25
28.25
28.25
100
Feb 5, 2026
28.02
28.02
27.92
27.92
27.92
2,400
Feb 4, 2026
28.25
28.25
28.15
28.15
28.15
500
Feb 3, 2026
28.73
28.73
28.44
28.46
28.46
1,100
Feb 2, 2026
28.69
28.80
28.69
28.78
28.78
4,600
Jan 30, 2026
28.88
28.88
28.65
28.65
28.65
200
Jan 29, 2026
28.75
28.91
28.75
28.91
28.91
1,600
Jan 28, 2026
29.00
29.00
28.95
29.00
29.00
2,200
Jan 27, 2026
28.88
28.92
28.87
28.92
28.92
11,300
Jan 26, 2026
28.75
28.75
28.75
28.75
28.75
100
Jan 23, 2026
28.57
28.66
28.57
28.66
28.66
600
Jan 22, 2026
28.68
28.68
28.52
28.59
28.59
2,000
Jan 21, 2026
28.48
28.50
28.30
28.45
28.45
14,600
Jan 20, 2026
28.24
28.24
28.24
28.24
28.24
400
Jan 16, 2026
28.74
28.74
28.63
28.63
28.63
400
Jan 15, 2026
28.78
28.78
28.64
28.64
28.64
1,000
Jan 14, 2026
28.50
28.56
28.50
28.56
28.56
300
Jan 13, 2026
28.78
28.78
28.71
28.76
28.76
600
Jan 12, 2026
28.72
28.84
28.71
28.80
28.80
1,500
Jan 9, 2026
28.59
28.81
28.48
28.76
28.76
7,600
Jan 8, 2026
28.70
28.70
28.51
28.61
28.61
12,900
Jan 7, 2026
28.73
28.77
28.68
28.68
28.68
2,600
Jan 6, 2026
28.62
28.71
28.62
28.67
28.67
1,500
Jan 5, 2026
28.56
28.56
28.51
28.51
28.51
3,900
Jan 2, 2026
28.40
28.80
28.35
28.35
28.35
600
Dec 31, 2025
28.53
28.53
28.41
28.41
28.41
300
Dec 30, 2025
4.172 Dividend 

Dec 30, 2025
28.58
28.64
28.54
28.56
28.56
8,300
Dec 29, 2025
32.77
32.77
32.77
32.77
28.60
100
Dec 26, 2025
32.91
32.91
32.87
32.87
28.69
200
Dec 24, 2025
32.88
32.88
32.87
32.87
28.69
2,300
Dec 23, 2025
32.78
32.82
32.78
32.82
28.64
800
Dec 22, 2025
32.73
32.73
32.73
32.73
28.56
300
Dec 19, 2025
32.65
32.65
32.65
32.65
28.49
100
Dec 18, 2025
32.24
32.28
32.24
32.28
28.17
200
Dec 17, 2025
31.94
31.94
31.81
31.81
27.76
1,600
Dec 16, 2025
32.44
32.44
32.44
32.44
28.31
200
Dec 15, 2025
32.50
32.50
32.33
32.36
28.24
11,000
Dec 12, 2025
32.99
32.99
32.45
32.49
28.36
1,100
Dec 11, 2025
32.93
33.12
32.93
33.12
28.90
1,500
Dec 10, 2025
33.22
33.24
33.21
33.24
29.01
5,800
Dec 9, 2025
33.00
33.10
33.00
33.10
28.89
600
Dec 8, 2025
33.11
33.11
33.00
33.02
28.82
400
Dec 5, 2025
33.13
33.13
33.13
33.13
28.91
100
Dec 4, 2025
32.98
32.98
32.98
32.98
28.78
100
Dec 3, 2025
32.91
33.03
32.91
33.03
28.82
1,600
Dec 2, 2025
32.89
33.00
32.89
33.00
28.80
300
Dec 1, 2025
32.70
32.71
32.70
32.71
28.54
500
Nov 28, 2025
32.69
32.81
32.69
32.81
28.64
600
Nov 26, 2025
32.65
32.65
32.63
32.63
28.48
300
Nov 25, 2025
32.41
32.41
32.41
32.41
28.28
100
Nov 24, 2025
32.22
32.33
32.22
32.29
28.18
2,400
Nov 21, 2025
31.66
31.72
31.66
31.72
27.68
300
Nov 20, 2025
31.79
31.84
31.67
31.67
27.64
2,300
Nov 19, 2025
32.06
32.14
32.06
32.14
28.05
600
Nov 18, 2025
32.28
32.30
32.05
32.05
27.97
2,300
Nov 17, 2025
32.16
32.26
32.16
32.26
28.15
1,400
Nov 14, 2025
32.45
32.45
32.45
32.45
28.32
100
Nov 13, 2025
32.72
32.80
32.44
32.44
28.31
800
Nov 12, 2025
32.97
32.97
32.88
32.90
28.71
1,100
Nov 11, 2025
32.99
33.14
32.92
32.92
28.73
12,700
Nov 10, 2025
32.85
33.00
32.80
33.00
28.80
900
Nov 7, 2025
32.27
32.49
32.27
32.49
28.35
700
Nov 6, 2025
32.57
32.57
32.57
32.57
28.42
100
Nov 5, 2025
33.07
33.07
32.99
32.99
28.79
300
Nov 4, 2025
32.85
32.85
32.82
32.82
28.64
300
Nov 3, 2025
33.25
33.25
33.25
33.25
29.02
100
Oct 31, 2025
33.17
33.17
33.17
33.17
28.95
200
Oct 30, 2025
33.06
33.06
33.06
33.06
28.85
100
Oct 29, 2025
33.32
33.32
33.31
33.31
29.06
200
Oct 28, 2025
33.25
33.25
33.25
33.25
29.02
100
Oct 27, 2025
33.13
33.14
33.12
33.12
28.90
1,600
Oct 24, 2025
32.79
32.79
32.77
32.77
28.60
200
Oct 23, 2025
32.53
32.53
32.53
32.53
28.39
100
Oct 22, 2025
32.35
32.35
32.35
32.35
28.24
100
Oct 21, 2025
32.59
32.59
32.59
32.59
28.44
100
Oct 20, 2025
32.37
32.58
32.37
32.58
28.44
800
Oct 17, 2025
32.37
32.37
32.37
32.37
28.25
100
Oct 16, 2025
32.38
32.39
32.24
32.24
28.14
2,500
Oct 15, 2025
32.36
32.36
32.27
32.27
28.16
200
Oct 14, 2025
32.15
32.15
32.15
32.15
28.06
200
Oct 13, 2025
32.28
32.28
32.28
32.28
28.17
100
Oct 10, 2025
31.88
31.88
31.88
31.88
27.82
100
Oct 9, 2025
32.53
32.53
32.53
32.53
28.39
200
Oct 8, 2025
32.57
32.58
32.52
32.57
28.42
1,500
Oct 7, 2025
32.32
32.32
32.32
32.32
28.21
100
Oct 6, 2025
32.53
32.54
32.46
32.46
28.33
3,600
Oct 3, 2025
32.39
32.43
32.30
32.37
28.25
11,400
Oct 2, 2025
32.30
32.37
32.30
32.37
28.25
1,400
Oct 1, 2025
32.10
32.28
32.10
32.28
28.17
1,900
Sep 30, 2025
32.12
32.20
32.12
32.20
28.10
6,200
Sep 29, 2025
32.17
32.17
32.13
32.13
28.04
200
Sep 26, 2025
31.92
32.04
31.92
32.04
27.96
200
Sep 25, 2025
31.97
31.97
31.89
31.96
27.89
1,100
Sep 24, 2025
32.04
32.04
32.04
32.04
27.96
100
Sep 23, 2025
32.20
32.20
32.12
32.12
28.03
300
Sep 22, 2025
32.14
32.28
32.13
32.28
28.17
400
Sep 19, 2025
32.24
32.24
32.24
32.24
28.14
100
Sep 18, 2025
32.12
32.18
32.12
32.18
28.08
300
Sep 17, 2025
32.13
32.14
32.00
32.11
28.02
7,200
Sep 16, 2025
32.15
32.19
32.15
32.19
28.09
200
Sep 15, 2025
32.02
32.18
32.02
32.15
28.06
20,700
Sep 12, 2025
32.07
32.07
32.07
32.07
27.98
100
Sep 11, 2025
31.96
32.03
31.96
32.03
27.95
3,300
Sep 10, 2025
31.95
31.95
31.95
31.95
27.88
1,300
Sep 9, 2025
31.90
31.97
31.90
31.97
27.90
2,000
Sep 8, 2025
31.85
31.87
31.85
31.87
27.81
1,600
Sep 5, 2025
31.83
31.83
31.71
31.77
27.72
7,600
Sep 4, 2025
31.58
31.72
31.58
31.72
27.68
300
Sep 3, 2025
31.46
31.50
31.41
31.50
27.49
6,400
Sep 2, 2025
31.28
31.28
31.28
31.28
27.30
100
Aug 29, 2025
31.57
31.57
31.47
31.47
27.47
100
Aug 28, 2025
31.70
31.70
31.70
31.70
27.66
100
Aug 27, 2025
31.44
31.54
31.44
31.54
27.52
300
Aug 26, 2025
31.35
31.53
31.35
31.53
27.52
1,600
Aug 25, 2025
31.43
31.43
31.43
31.43
27.43
100
Aug 22, 2025
31.56
31.56
31.47
31.47
27.47
400
Aug 21, 2025
31.12
31.12
31.12
31.12
27.16
100
Aug 20, 2025
31.24
31.24
31.24
31.24
27.26
100
Aug 19, 2025
31.54
31.54
31.33
31.33
27.34
4,900
Aug 18, 2025
31.57
31.57
31.57
31.57
27.55
200
Aug 15, 2025
31.50
31.57
31.50
31.55
27.53
1,400
Aug 14, 2025
31.60
31.60
31.57
31.57
27.55
1,200
Aug 13, 2025
31.61
31.61
31.61
31.61
27.59
100
Aug 12, 2025
31.55
31.59
31.55
31.59
27.57
200
Aug 11, 2025
31.34
31.34
31.34
31.34
27.35
100
Aug 8, 2025
31.39
31.39
31.39
31.39
27.39
100
Aug 7, 2025
31.41
31.41
31.25
31.25
27.27
300
Aug 6, 2025
31.05
31.17
31.05
31.17
27.20
200
Aug 5, 2025
30.98
31.07
30.95
30.95
27.01
300
Aug 4, 2025
31.10
31.10
31.10
31.10
27.14
100
Aug 1, 2025
30.76
30.76
30.76
30.76
26.84
100
Jul 31, 2025
31.16
31.16
31.07
31.07
27.12
200
Jul 30, 2025
31.20
31.20
31.17
31.18
27.21
600
Jul 29, 2025
31.13
31.13
31.13
31.13
27.17
100
Jul 28, 2025
31.20
31.20
31.20
31.20
27.23
100
Jul 25, 2025
31.09
31.16
31.09
31.09
27.13
1,600
Jul 24, 2025
31.04
31.12
31.02
31.04
27.09
1,900
Jul 23, 2025
30.99
31.10
30.98
31.10
27.14
13,700
Jul 22, 2025
30.92
30.92
30.92
30.92
26.98
200
Jul 21, 2025
31.07
31.07
30.97
30.97
27.03
300
Jul 18, 2025
30.88
30.88
30.88
30.88
26.95
100
Jul 17, 2025
30.88
30.88
30.88
30.88
26.95
200
Jul 16, 2025
30.75
30.75
30.75
30.75
26.84
100
Jul 15, 2025
30.71
30.71
30.71
30.71
26.80
100
Jul 14, 2025
30.75
30.76
30.70
30.70
26.79
2,700
Jul 11, 2025
30.65
30.65
30.65
30.65
26.74
100
Jul 10, 2025
30.68
30.68
30.66
30.66
26.75
500
Jul 9, 2025
30.68
30.68
30.64
30.64
26.74
100
Jul 8, 2025
30.55
30.55
30.55
30.55
26.66
100
Jul 7, 2025
30.49
30.53
30.49
30.53
26.65
300
Jul 3, 2025
30.65
30.66
30.55
30.64
26.74
1,000
Jul 2, 2025
30.49
30.49
30.49
30.49
26.60
200
Jul 1, 2025
30.42
30.42
30.34
30.34
26.48
400
Jun 30, 2025
30.45
30.53
30.45
30.53
26.65
400
Jun 27, 2025
0.057 Dividend 

Jun 27, 2025
30.38
30.40
30.34
30.40
26.53
600
Jun 26, 2025
30.36
30.36
30.36
30.36
26.45
100
Jun 25, 2025
30.23
30.23
30.23
30.23
26.33
100
Jun 24, 2025
30.20
30.20
30.20
30.20
26.31
100
Jun 23, 2025
29.82
29.96
29.82
29.96
26.09
600
Jun 20, 2025
29.80
29.80
29.69
29.72
25.89
1,000
Jun 18, 2025
29.99
30.01
29.99
30.01
26.14
100
Jun 17, 2025
30.03
30.04
29.92
29.92
26.06
400
Jun 16, 2025
30.02
30.02
30.02
30.02
26.15
100
Jun 13, 2025
29.98
29.98
29.78
29.78
25.94
6,800
Jun 12, 2025
29.96
29.96
29.96
29.96
26.09
100
Jun 11, 2025
29.97
30.00
29.91
29.91
26.05
1,300
Jun 10, 2025
29.90
29.94
29.78
29.94
26.08
700
Jun 9, 2025
29.87
29.87
29.78
29.78
25.94
1,000
Jun 6, 2025
29.85
29.96
29.85
29.95
26.09
8,200
Jun 5, 2025
29.66
29.78
29.57
29.57
25.76
5,900
Jun 4, 2025
29.74
29.74
29.68
29.73
25.90
600
Jun 3, 2025
29.64
29.69
29.63
29.69
25.86
600
Jun 2, 2025
29.36
29.51
29.36
29.51
25.70
600
May 30, 2025
29.30
29.41
29.30
29.41
25.62
300
May 29, 2025
29.43
29.43
29.43
29.43
25.63
100
May 28, 2025
29.35
29.39
29.24
29.24
25.47
1,300
May 27, 2025
29.37
29.44
29.37
29.44
25.64
200
