Date
Open
High
Low
Close 

Adj Close 

Volume
Jun 5, 2026
37.19
37.31
37.19
37.24
37.24
1,700
Jun 4, 2026
37.23
37.28
37.21
37.28
37.28
600
Jun 3, 2026
0.092 Dividend 

Jun 3, 2026
37.11
37.15
37.05
37.05
37.05
900
Jun 2, 2026
37.04
37.23
37.04
37.18
37.08
1,100
Jun 1, 2026
37.18
37.18
36.97
36.97
36.88
800
May 29, 2026
37.29
37.45
37.21
37.21
37.11
3,400
May 28, 2026
37.45
37.50
37.43
37.45
37.35
5,200
May 27, 2026
37.20
37.46
37.20
37.33
37.24
2,600
May 26, 2026
37.57
37.57
37.32
37.32
37.23
1,600
May 22, 2026
37.33
37.42
37.17
37.42
37.33
1,700
May 21, 2026
36.70
36.92
36.70
36.92
36.83
300
May 20, 2026
36.71
36.79
36.71
36.79
36.70
1,000
May 19, 2026
36.70
36.76
36.68
36.68
36.59
1,100
May 18, 2026
36.60
36.73
36.60
36.73
36.64
800
May 15, 2026
36.44
36.44
36.31
36.31
36.22
700
May 14, 2026
36.52
36.56
36.44
36.48
36.39
800
May 13, 2026
36.38
36.38
36.38
36.38
36.29
200
May 12, 2026
36.61
36.61
36.59
36.59
36.50
700
May 11, 2026
36.41
36.48
36.40
36.48
36.39
800
May 8, 2026
36.31
36.72
36.31
36.50
36.41
3,900
May 7, 2026
36.56
36.56
36.56
36.56
36.47
400
May 6, 2026
36.77
36.77
36.77
36.77
36.68
400
May 5, 2026
0.092 Dividend 

May 5, 2026
36.65
36.81
36.65
36.81
36.72
900
May 4, 2026
36.78
36.86
36.56
36.56
36.38
700
May 1, 2026
37.06
37.06
36.87
36.97
36.78
1,100
Apr 30, 2026
37.04
37.17
37.04
37.17
36.99
300
Apr 29, 2026
36.51
36.58
36.41
36.57
36.39
2,000
Apr 28, 2026
36.65
36.77
36.54
36.61
36.42
18,400
Apr 27, 2026
36.61
36.61
36.61
36.61
36.43
400
Apr 24, 2026
36.97
36.97
36.60
36.64
36.46
2,000
Apr 23, 2026
36.88
36.88
36.88
36.88
36.70
400
Apr 22, 2026
36.75
36.83
36.57
36.62
36.44
9,000
Apr 21, 2026
36.80
36.80
36.69
36.69
36.51
800
Apr 20, 2026
36.70
36.84
36.70
36.77
36.58
4,300
Apr 17, 2026
36.76
36.76
36.76
36.76
36.57
300
Apr 16, 2026
36.27
36.62
36.27
36.62
36.44
700
Apr 15, 2026
36.31
36.36
36.21
36.36
36.17
1,500
Apr 14, 2026
36.52
36.52
36.46
36.51
36.33
1,300
Apr 13, 2026
36.48
36.58
36.31
36.58
36.40
2,200
Apr 10, 2026
36.73
36.78
36.52
36.52
36.34
900
Apr 9, 2026
36.83
36.83
36.83
36.83
36.64
900
Apr 8, 2026
36.60
36.81
36.60
36.81
36.63
700
Apr 7, 2026
36.55
36.55
36.35
36.35
36.17
1,200
Apr 6, 2026
0.092 Dividend 

Apr 6, 2026
36.49
36.53
36.46
36.53
36.35
800
Apr 2, 2026
36.50
36.53
36.50
36.53
36.26
700
Apr 1, 2026
36.56
36.56
36.53
36.53
36.26
500
Mar 31, 2026
36.70
36.79
36.70
36.78
36.50
1,900
Mar 30, 2026
36.62
36.62
36.62
36.62
36.34
200
Mar 27, 2026
36.66
36.70
36.66
36.70
36.43
400
Mar 26, 2026
36.86
36.86
36.76
36.76
36.49
400
Mar 25, 2026
36.48
36.66
36.48
36.66
36.38
1,600
Mar 24, 2026
35.96
36.47
35.96
36.38
36.11
600
Mar 23, 2026
36.11
36.11
36.11
36.11
35.84
700
Mar 20, 2026
36.04
36.04
35.77
35.77
35.50
600
Mar 19, 2026
36.15
36.15
36.15
36.15
35.88
300
Mar 18, 2026
36.53
36.53
36.21
36.21
35.94
2,000
Mar 17, 2026
36.77
36.84
36.71
36.71
36.43
9,200
Mar 16, 2026
36.55
36.60
36.55
36.60
36.32
600
Mar 13, 2026
36.66
36.66
36.47
36.47
36.20
3,000
Mar 12, 2026
36.54
36.54
36.54
36.54
36.27
300
Mar 11, 2026
36.87
36.87
36.59
36.81
36.54
800
Mar 10, 2026
36.90
37.03
36.62
36.77
36.49
1,600
Mar 9, 2026
36.89
36.99
36.52
36.99
36.71
7,400
Mar 6, 2026
37.00
37.24
37.00
37.23
36.95
2,800
Mar 5, 2026
37.39
37.48
37.36
37.48
37.20
4,200
Mar 4, 2026
0.092 Dividend 

Mar 4, 2026
37.81
37.85
37.72
37.84
37.55
2,200
Mar 3, 2026
37.76
38.05
37.74
38.05
37.67
800
Mar 2, 2026
38.55
38.55
38.33
38.48
38.10
2,200
Feb 27, 2026
38.29
38.46
38.25
38.46
38.07
600
Feb 26, 2026
38.02
38.22
38.02
38.17
37.79
1,400
Feb 25, 2026
38.39
38.39
37.89
38.04
37.66
800
Feb 24, 2026
38.16
38.42
38.16
38.42
38.04
600
Feb 23, 2026
38.34
38.34
38.10
38.17
37.79
900
Feb 20, 2026
38.23
38.43
38.10
38.43
38.05
9,900
Feb 19, 2026
38.38
38.38
38.38
38.38
38.00
700
Feb 18, 2026
38.68
38.70
38.55
38.70
38.32
7,300
Feb 17, 2026
38.49
38.49
38.37
38.44
38.05
1,700
Feb 13, 2026
38.60
38.77
38.60
38.63
38.25
1,800
Feb 12, 2026
38.87
39.09
38.44
38.44
38.06
20,200
Feb 11, 2026
38.65
38.96
38.65
38.96
38.57
3,800
Feb 10, 2026
38.43
38.65
38.40
38.53
38.15
2,700
Feb 9, 2026
38.33
38.38
38.29
38.38
38.00
2,900
Feb 6, 2026
38.02
38.50
38.02
38.50
38.12
1,300
Feb 5, 2026
37.83
37.98
37.83
37.87
37.49
3,100
Feb 4, 2026
0.092 Dividend 

Feb 4, 2026
37.65
38.20
37.65
38.12
37.74
2,200
Feb 3, 2026
36.99
37.43
36.99
37.35
36.89
2,200
Feb 2, 2026
36.97
36.99
36.91
36.99
36.53
1,200
Jan 30, 2026
36.63
36.83
36.49
36.83
36.38
1,600
Jan 29, 2026
36.65
36.76
36.51
36.55
36.10
3,800
Jan 28, 2026
36.36
36.38
36.36
36.38
35.94
2,000
Jan 27, 2026
36.70
36.70
36.70
36.70
36.25
500
Jan 26, 2026
36.85
36.85
36.60
36.68
36.23
3,100
Jan 23, 2026
36.53
36.66
36.53
36.66
36.21
1,600
Jan 22, 2026
36.52
36.81
36.52
36.69
36.24
800
Jan 21, 2026
36.45
36.56
36.42
36.56
36.11
3,400
Jan 20, 2026
35.96
36.09
35.86
36.05
35.60
1,000
Jan 16, 2026
36.19
36.29
36.19
36.24
35.80
1,900
Jan 15, 2026
36.25
36.45
36.25
36.45
36.00
1,900
Jan 14, 2026
36.14
36.41
36.14
36.31
35.86
1,200
Jan 13, 2026
35.78
35.86
35.74
35.86
35.42
1,200
Jan 12, 2026
35.70
35.75
35.66
35.75
35.31
3,900
Jan 9, 2026
35.81
35.83
35.63
35.79
35.35
1,100
Jan 8, 2026
35.47
35.83
35.47
35.72
35.28
1,200
Jan 7, 2026
35.43
35.43
34.94
34.97
34.54
12,400
Jan 6, 2026
35.11
35.41
35.11
35.41
34.97
2,500
Jan 5, 2026
35.08
35.30
35.01
35.17
34.74
3,400
Jan 2, 2026
34.47
34.89
34.44
34.89
34.46
1,900
Dec 31, 2025
34.66
34.66
34.66
34.66
34.24
300
Dec 30, 2025
0.094 Dividend 

Dec 30, 2025
34.88
34.90
34.88
34.88
34.45
1,100
Dec 29, 2025
34.95
35.01
34.86
34.96
34.44
4,800
Dec 26, 2025
35.00
35.00
34.88
34.99
34.47
2,400
Dec 24, 2025
35.02
35.02
35.02
35.02
34.50
300
Dec 23, 2025
34.86
34.92
34.78
34.84
34.32
2,300
Dec 22, 2025
34.94
34.94
34.94
34.94
34.41
300
Dec 19, 2025
34.88
34.90
34.85
34.86
34.34
800
Dec 18, 2025
34.95
34.97
34.90
34.91
34.38
2,100
Dec 17, 2025
34.96
35.03
34.86
34.99
34.46
3,600
Dec 16, 2025
35.00
35.00
34.84
34.92
34.39
2,600
Dec 15, 2025
35.43
35.43
35.24
35.36
34.83
900
Dec 12, 2025
35.30
35.30
35.29
35.29
34.77
500
Dec 11, 2025
35.47
35.58
35.45
35.45
34.92
2,000
Dec 10, 2025
34.83
35.35
34.83
35.24
34.71
3,000
Dec 9, 2025
34.69
34.69
34.59
34.59
34.07
500
Dec 8, 2025
34.77
34.80
34.65
34.65
34.13
600
Dec 5, 2025
34.87
34.87
34.87
34.87
34.35
400
Dec 4, 2025
35.04
35.04
34.84
34.84
34.32
1,200
Dec 3, 2025
0.094 Dividend 

Dec 3, 2025
34.89
34.94
34.88
34.92
34.40
600
Dec 2, 2025
34.71
34.74
34.67
34.67
34.06
1,000
Dec 1, 2025
34.97
35.04
34.94
34.94
34.32
800
Nov 28, 2025
34.90
35.00
34.90
35.00
34.39
600
Nov 26, 2025
34.92
34.97
34.90
34.90
34.28
1,200
Nov 25, 2025
34.31
34.67
34.31
34.67
34.05
2,100
Nov 24, 2025
34.26
34.31
34.24
34.30
33.70
2,200
Nov 21, 2025
34.38
34.38
34.24
34.24
33.63
300
Nov 20, 2025
34.00
34.00
33.56
33.56
32.97
3,300
Nov 19, 2025
33.87
33.97
33.85
33.91
33.31
600
Nov 18, 2025
34.22
34.22
34.12
34.16
33.55
1,000
Nov 17, 2025
34.46
34.46
33.86
34.03
33.43
2,500
Nov 14, 2025
34.55
34.55
34.47
34.47
33.86
400
Nov 13, 2025
34.55
34.81
34.50
34.50
33.89
1,200
Nov 12, 2025
34.66
34.83
34.63
34.63
34.02
6,600
Nov 11, 2025
34.39
34.76
34.39
34.66
34.05
800
Nov 10, 2025
34.35
34.35
33.95
34.32
33.71
700
Nov 7, 2025
34.00
34.15
34.00
34.15
33.54
1,500
Nov 6, 2025
34.04
34.04
33.93
33.96
33.36
9,600
Nov 5, 2025
0.093 Dividend 

Nov 5, 2025
33.95
34.17
33.95
34.14
33.54
1,000
Nov 4, 2025
34.02
34.02
33.83
33.88
33.19
900
Nov 3, 2025
34.06
34.19
34.06
34.19
33.49
1,100
Oct 31, 2025
34.33
34.51
34.33
34.51
33.81
2,600
Oct 30, 2025
34.60
34.73
34.48
34.48
33.77
3,100
Oct 29, 2025
34.74
34.74
34.37
34.45
33.75
1,800
Oct 28, 2025
35.02
35.19
34.93
34.93
34.22
900
Oct 27, 2025
35.12
35.15
35.06
35.11
34.39
1,400
Oct 24, 2025
35.14
35.14
34.89
34.89
34.18
600
Oct 23, 2025
34.86
35.04
34.82
35.03
34.32
1,100
Oct 22, 2025
35.01
35.01
34.81
34.83
34.12
1,500
Oct 21, 2025
34.89
34.89
34.82
34.85
34.14
1,200
Oct 20, 2025
34.55
34.69
34.54
34.69
33.98
1,700
Oct 17, 2025
34.20
34.45
34.20
34.45
33.74
400
Oct 16, 2025
34.49
34.49
34.16
34.16
33.47
1,200
Oct 15, 2025
34.65
34.65
34.32
34.43
33.73
1,900
Oct 14, 2025
33.92
34.48
33.92
34.48
33.78
1,100
Oct 13, 2025
34.21
34.21
34.17
34.17
33.48
3,200
Oct 10, 2025
34.73
34.73
33.90
33.90
33.21
2,000
Oct 9, 2025
35.07
35.07
34.74
34.74
34.03
900
Oct 8, 2025
35.05
35.14
35.00
35.07
34.36
2,400
Oct 7, 2025
35.26
35.26
35.06
35.12
34.40
1,500
Oct 6, 2025
35.23
35.28
35.13
35.20
34.48
2,100
Oct 3, 2025
0.093 Dividend 

Oct 3, 2025
35.15
35.36
35.15
35.32
34.60
4,800
Oct 2, 2025
35.32
35.43
35.12
35.16
34.35
2,000
Oct 1, 2025
35.19
35.28
35.09
35.26
34.45
27,500
Sep 30, 2025
34.96
35.19
34.91
35.19
34.38
3,000
Sep 29, 2025
34.91
35.05
34.91
35.03
34.23
1,500
Sep 26, 2025
34.95
35.05
34.95
35.05
34.25
1,200
Sep 25, 2025
34.76
34.76
34.76
34.76
33.96
400
Sep 24, 2025
34.97
35.11
34.97
35.07
34.26
11,200
Sep 23, 2025
34.98
34.98
34.87
34.92
34.12
700
Sep 22, 2025
34.70
34.83
34.61
34.77
33.97
1,400
Sep 19, 2025
34.85
34.89
34.72
34.88
34.08
1,500
Sep 18, 2025
34.98
35.07
34.86
35.03
34.23
2,000
Sep 17, 2025
35.08
35.13
34.93
34.93
34.13
800
Sep 16, 2025
34.82
34.92
34.79
34.89
34.09
1,100
Sep 15, 2025
35.04
35.04
34.81
34.81
34.01
800
Sep 12, 2025
35.20
35.20
35.05
35.09
34.28
1,700
Sep 11, 2025
35.16
35.35
35.16
35.35
34.54
1,400
Sep 10, 2025
34.90
34.99
34.63
34.99
34.19
600
Sep 9, 2025
34.97
35.09
34.96
35.03
34.22
3,900
Sep 8, 2025
35.09
35.09
34.76
35.03
34.23
1,300
Sep 5, 2025
35.06
35.30
35.03
35.15
34.35
1,700
Sep 4, 2025
0.093 Dividend 

Sep 4, 2025
34.88
35.12
34.88
35.12
34.31
1,400
Sep 3, 2025
34.99
35.04
34.81
34.94
34.04
1,800
Sep 2, 2025
35.15
35.15
34.97
35.12
34.22
1,600
Aug 29, 2025
35.17
35.42
35.17
35.34
34.43
1,000
Aug 28, 2025
35.22
35.26
35.06
35.26
34.36
400
Aug 27, 2025
35.23
35.40
35.20
35.40
34.49
1,400
Aug 26, 2025
35.28
35.28
35.11
35.20
34.30
1,300
Aug 25, 2025
35.29
35.37
35.29
35.32
34.42
900
Aug 22, 2025
35.01
35.52
35.01
35.52
34.61
2,500
Aug 21, 2025
34.75
34.83
34.75
34.83
33.94
400
Aug 20, 2025
34.78
34.82
34.77
34.81
33.92
1,000
Aug 19, 2025
34.80
34.82
34.59
34.82
33.93
2,900
Aug 18, 2025
34.61
34.69
34.51
34.59
33.70
170,000
Aug 15, 2025
34.75
34.75
34.54
34.56
33.68
15,900
Aug 14, 2025
34.49
34.66
34.49
34.66
33.78
2,600
Aug 13, 2025
34.24
34.85
34.24
34.85
33.96
3,000
Aug 12, 2025
34.03
34.20
33.95
34.20
33.32
17,900
Aug 11, 2025
34.14
34.14
33.79
33.87
33.01
1,400
Aug 8, 2025
34.13
34.13
33.99
34.05
33.18
1,000
Aug 7, 2025
33.75
33.91
33.75
33.89
33.02
18,000
Aug 6, 2025
33.92
33.95
33.82
33.86
32.99
2,500
Aug 5, 2025
0.093 Dividend 

Aug 5, 2025
33.80
33.98
33.80
33.98
33.11
1,000
Aug 4, 2025
33.70
33.89
33.70
33.89
32.93
900
Aug 1, 2025
33.54
33.61
33.38
33.61
32.67
15,500
Jul 31, 2025
34.04
34.27
33.85
33.85
32.90
6,700
Jul 30, 2025
34.60
34.62
34.32
34.32
33.35
1,300
Jul 29, 2025
34.88
34.88
34.70
34.84
33.86
3,800
Jul 28, 2025
34.84
35.00
34.84
34.88
33.89
1,700
Jul 25, 2025
34.91
35.07
34.81
35.04
34.05
1,800
Jul 24, 2025
35.15
35.15
34.60
34.91
33.93
4,100
Jul 23, 2025
35.15
35.30
35.08
35.29
34.29
2,100
Jul 22, 2025
34.50
34.91
34.45
34.86
33.88
15,100
Jul 21, 2025
34.48
34.48
34.22
34.22
33.25
3,300
Jul 18, 2025
34.44
34.44
34.28
34.34
33.37
5,400
Jul 17, 2025
34.30
34.46
34.27
34.46
33.49
1,400
Jul 16, 2025
34.26
34.26
34.00
34.17
33.20
1,700
Jul 15, 2025
34.43
34.43
34.14
34.14
33.18
2,100
Jul 14, 2025
34.49
34.64
34.46
34.62
33.65
1,600
Jul 11, 2025
34.73
34.83
34.72
34.78
33.80
2,600
Jul 10, 2025
34.73
35.03
34.73
34.99
34.00
2,300
Jul 9, 2025
34.80
34.84
34.55
34.78
33.80
3,500
Jul 8, 2025
34.40
34.77
34.40
34.75
33.77
2,800
Jul 7, 2025
34.69
34.80
34.38
34.42
33.45
3,800
Jul 3, 2025
0.09 Dividend 

Jul 3, 2025
34.78
34.85
34.78
34.84
33.86
2,700
Jul 2, 2025
34.75
34.95
34.75
34.95
33.87
3,000
Jul 1, 2025
34.26
34.84
34.26
34.64
33.57
6,100
Jun 30, 2025
33.72
33.88
33.72
33.88
32.84
3,000
Jun 27, 2025
33.70
33.76
33.69
33.72
32.68
1,700
Jun 26, 2025
33.45
33.55
33.44
33.52
32.49
2,000
Jun 25, 2025
33.53
33.53
33.32
33.35
32.33
22,300
Jun 24, 2025
33.67
33.67
33.67
33.67
32.63
300
Jun 23, 2025
33.41
33.56
33.41
33.56
32.53
1,000
Jun 20, 2025
33.59
33.59
33.48
33.51
32.48
1,300
Jun 18, 2025
33.52
33.59
33.38
33.38
32.36
1,400
Jun 17, 2025
33.84
33.84
33.55
33.55
32.52
800
Jun 16, 2025
33.79
33.85
33.76
33.79
32.75
3,100
Jun 13, 2025
33.90
33.90
33.66
33.66
32.62
1,000
Jun 12, 2025
33.72
33.92
33.72
33.92
32.88
2,200
Jun 11, 2025
33.91
33.97
33.75
33.90
32.86
1,100
Jun 10, 2025
33.87
34.06
33.87
33.98
32.94
1,100
Jun 9, 2025
33.60
33.75
33.60
33.72
32.68
700
Jun 6, 2025
33.47
33.59
33.47
33.59
32.56
2,300
