Date
Open
High
Low
Close 

Adj Close 

Volume
Jun 5, 2026
31.32
31.37
30.18
30.19
30.19
1,514,900
Jun 4, 2026
0.238 Dividend 

Jun 4, 2026
31.54
31.76
31.38
31.74
31.74
552,600
Jun 3, 2026
32.24
32.28
31.96
32.12
31.88
545,500
Jun 2, 2026
32.04
32.19
31.93
32.17
31.93
583,000
Jun 1, 2026
31.93
32.10
31.85
32.08
31.84
849,100
May 29, 2026
31.82
32.00
31.80
31.92
31.68
518,300
May 28, 2026
0.283 Dividend 

May 28, 2026
31.62
31.78
31.49
31.77
31.53
344,800
May 27, 2026
32.00
32.02
31.70
31.90
31.38
781,100
May 26, 2026
31.72
31.90
31.66
31.90
31.38
789,900
May 22, 2026
31.34
31.56
31.31
31.36
30.85
483,500
May 21, 2026
0.172 Dividend 

May 21, 2026
31.04
31.23
30.93
31.21
30.70
487,200
May 20, 2026
31.12
31.36
31.07
31.35
30.68
685,400
May 19, 2026
30.83
31.14
30.67
30.95
30.28
761,800
May 18, 2026
31.32
31.39
30.80
31.09
30.42
1,023,300
May 15, 2026
31.19
31.42
31.01
31.19
30.52
422,700
May 14, 2026
0.21 Dividend 

May 14, 2026
31.36
31.66
31.33
31.64
30.96
401,500
May 13, 2026
31.44
31.56
31.25
31.54
30.65
375,000
May 12, 2026
31.34
31.41
30.88
31.30
30.42
570,100
May 11, 2026
31.33
31.57
31.33
31.55
30.66
523,100
May 8, 2026
31.13
31.45
31.13
31.42
30.54
504,800
May 7, 2026
0.166 Dividend 

May 7, 2026
31.00
31.14
30.82
30.94
30.07
408,400
May 6, 2026
30.88
31.14
30.86
31.14
30.10
538,700
May 5, 2026
30.47
30.65
30.47
30.65
29.63
342,100
May 4, 2026
30.28
30.40
30.08
30.26
29.25
623,100
May 1, 2026
30.00
30.33
30.00
30.28
29.28
491,000
Apr 30, 2026
0.157 Dividend 

Apr 30, 2026
29.99
30.00
29.72
30.00
29.00
582,600
Apr 29, 2026
29.89
30.01
29.77
30.01
28.86
675,900
Apr 28, 2026
29.84
29.89
29.63
29.81
28.67
364,300
Apr 27, 2026
30.03
30.09
29.91
30.06
28.91
449,400
Apr 24, 2026
29.85
30.07
29.82
30.07
28.92
685,100
Apr 23, 2026
0.163 Dividend 

Apr 23, 2026
29.66
29.76
29.29
29.56
28.42
463,100
Apr 22, 2026
29.75
29.87
29.70
29.87
28.57
802,200
Apr 21, 2026
29.67
29.71
29.40
29.51
28.22
600,400
Apr 20, 2026
29.56
29.63
29.41
29.58
28.29
572,300
Apr 17, 2026
29.44
29.64
29.41
29.63
28.34
688,000
Apr 16, 2026
0.099 Dividend 

Apr 16, 2026
29.20
29.28
29.02
29.28
28.00
786,100
Apr 15, 2026
29.05
29.24
29.04
29.21
27.84
569,300
Apr 14, 2026
28.84
29.07
28.84
29.05
27.69
521,300
Apr 13, 2026
28.48
28.71
28.48
28.71
27.36
448,900
Apr 10, 2026
28.56
28.68
28.50
28.58
27.24
632,200
Apr 9, 2026
0.104 Dividend 

Apr 9, 2026
28.35
28.54
28.26
28.54
27.20
723,700
Apr 8, 2026
28.56
28.62
28.32
28.47
27.04
585,400
Apr 7, 2026
27.51
27.63
27.13
27.63
26.24
574,900
Apr 6, 2026
27.43
27.60
27.41
27.58
26.19
817,800
Apr 2, 2026
27.14
27.39
27.06
27.36
25.98
939,200
Apr 1, 2026
0.159 Dividend 

Apr 1, 2026
27.48
27.72
27.46
27.67
26.28
480,200
Mar 31, 2026
27.15
27.48
27.15
27.42
25.89
959,700
Mar 30, 2026
27.27
27.32
26.75
26.85
25.35
844,000
Mar 27, 2026
27.45
27.49
27.01
27.05
25.54
938,100
Mar 26, 2026
0.113 Dividend 

Mar 26, 2026
27.98
28.08
27.57
27.59
26.05
831,400
Mar 25, 2026
28.44
28.52
28.26
28.36
26.67
575,500
Mar 24, 2026
28.22
28.28
28.05
28.17
26.49
409,700
Mar 23, 2026
28.42
28.57
28.27
28.35
26.66
1,064,700
Mar 20, 2026
28.35
28.41
27.82
27.99
26.32
823,300
Mar 19, 2026
0.125 Dividend 

Mar 19, 2026
28.30
28.51
28.14
28.48
26.78
701,800
Mar 18, 2026
28.97
28.99
28.63
28.63
26.81
369,400
Mar 17, 2026
28.93
29.09
28.93
29.01
27.16
406,400
Mar 16, 2026
28.81
28.97
28.72
28.85
27.01
658,600
Mar 13, 2026
28.76
28.90
28.43
28.50
26.68
604,000
Mar 12, 2026
0.187 Dividend 

Mar 12, 2026
28.87
28.93
28.61
28.63
26.81
550,800
Mar 11, 2026
29.34
29.48
29.16
29.29
27.25
453,900
Mar 10, 2026
29.30
29.52
29.16
29.28
27.24
394,400
Mar 9, 2026
28.89
29.38
28.74
29.28
27.24
684,500
Mar 6, 2026
29.16
29.41
29.07
29.15
27.12
719,000
Mar 5, 2026
0.195 Dividend 

Mar 5, 2026
29.50
29.74
29.26
29.59
27.53
480,000
Mar 4, 2026
29.53
29.86
29.51
29.86
27.60
450,500
Mar 3, 2026
29.14
29.47
28.96
29.42
27.19
689,900
Mar 2, 2026
29.20
29.76
29.20
29.70
27.45
607,900
Feb 27, 2026
29.42
29.67
29.36
29.66
27.41
749,900
Feb 26, 2026
0.221 Dividend 

Feb 26, 2026
29.96
30.01
29.40
29.69
27.44
612,800
Feb 25, 2026
29.95
30.23
29.94
30.23
27.74
443,700
Feb 24, 2026
29.49
29.78
29.34
29.77
27.31
290,400
Feb 23, 2026
29.62
29.72
29.29
29.39
26.96
451,400
Feb 20, 2026
29.41
29.78
29.32
29.78
27.32
697,500
Feb 19, 2026
0.27 Dividend 

Feb 19, 2026
29.45
29.58
29.37
29.50
27.07
313,900
Feb 18, 2026
29.67
29.88
29.59
29.88
27.17
725,700
Feb 17, 2026
29.40
29.71
29.23
29.58
26.89
616,200
Feb 13, 2026
29.46
29.62
29.28
29.58
26.89
858,100
Feb 12, 2026
0.14 Dividend 

Feb 12, 2026
30.22
30.22
29.45
29.51
26.83
455,500
Feb 11, 2026
30.28
30.37
29.94
30.19
27.32
419,000
Feb 10, 2026
30.29
30.34
30.10
30.12
27.26
419,000
Feb 9, 2026
30.03
30.26
29.91
30.15
27.28
627,000
Feb 6, 2026
29.75
30.16
29.70
30.12
27.26
986,800
Feb 5, 2026
0.073 Dividend 

Feb 5, 2026
29.70
29.88
29.45
29.61
26.80
985,700
Feb 4, 2026
30.40
30.44
29.78
30.02
27.10
1,243,700
Feb 3, 2026
31.09
31.09
30.24
30.52
27.55
896,300
Feb 2, 2026
30.60
30.98
30.58
30.97
27.96
637,700
Jan 30, 2026
30.93
31.06
30.65
30.75
27.76
1,128,500
Jan 29, 2026
0.099 Dividend 

Jan 29, 2026
31.23
31.28
30.58
31.14
28.11
554,200
Jan 28, 2026
31.43
31.49
31.30
31.37
28.23
639,600
Jan 27, 2026
31.15
31.24
31.08
31.24
28.11
431,300
Jan 26, 2026
30.83
31.03
30.79
30.97
27.87
724,300
Jan 23, 2026
30.69
30.83
30.63
30.83
27.74
793,800
Jan 22, 2026
0.177 Dividend 

Jan 22, 2026
30.78
30.80
30.58
30.74
27.66
534,300
Jan 21, 2026
30.35
30.68
30.29
30.64
27.41
950,200
Jan 20, 2026
30.37
30.62
30.26
30.29
27.10
987,200
Jan 16, 2026
31.12
31.14
30.81
30.92
27.66
1,036,900
Jan 15, 2026
0.118 Dividend 

Jan 15, 2026
31.14
31.18
30.90
30.92
27.66
603,100
Jan 14, 2026
31.01
31.08
30.68
30.95
27.59
775,700
Jan 13, 2026
31.25
31.35
31.09
31.22
27.83
458,400
Jan 12, 2026
31.01
31.32
30.99
31.26
27.86
767,600
Jan 9, 2026
31.00
31.23
30.95
31.22
27.83
769,100
Jan 8, 2026
0.158 Dividend 

Jan 8, 2026
31.10
31.10
30.82
30.95
27.59
1,079,000
Jan 7, 2026
31.26
31.36
31.19
31.30
27.76
917,400
Jan 6, 2026
31.13
31.26
31.08
31.26
27.72
782,100
Jan 5, 2026
31.05
31.12
30.97
31.03
27.52
932,500
Jan 2, 2026
31.13
31.23
30.63
30.75
27.27
1,727,300
Dec 31, 2025
1.721 Dividend 

Dec 31, 2025
31.14
31.15
30.82
30.84
27.35
1,426,700
Dec 30, 2025
32.85
32.91
32.79
32.82
27.58
1,155,000
Dec 29, 2025
32.79
32.89
32.72
32.85
27.60
1,298,900
Dec 26, 2025
32.98
33.03
32.91
32.94
27.68
1,318,200
Dec 24, 2025
1.915 Dividend 

Dec 24, 2025
32.95
32.96
32.79
32.96
27.70
1,199,000
Dec 23, 2025
34.58
34.78
34.53
34.78
27.62
1,521,600
Dec 22, 2025
34.66
34.69
34.50
34.59
27.47
461,700
Dec 19, 2025
34.06
34.42
34.06
34.38
27.30
544,500
Dec 18, 2025
0.202 Dividend 

Dec 18, 2025
33.92
34.09
33.78
33.91
26.93
555,700
Dec 17, 2025
34.37
34.37
33.61
33.62
26.54
782,900
Dec 16, 2025
34.07
34.32
33.96
34.26
27.04
733,600
Dec 15, 2025
34.57
34.60
34.09
34.15
26.95
591,800
Dec 12, 2025
34.84
34.87
34.19
34.35
27.11
1,069,300
Dec 11, 2025
0.202 Dividend 

Dec 11, 2025
34.90
35.00
34.53
35.00
27.62
677,400
Dec 10, 2025
35.11
35.30
34.95
35.30
27.70
961,200
Dec 9, 2025
35.05
35.14
34.95
35.13
27.57
1,049,300
Dec 8, 2025
35.21
35.29
34.94
35.08
27.53
794,600
Dec 5, 2025
35.05
35.24
35.00
35.13
27.57
788,000
Dec 4, 2025
0.385 Dividend 

Dec 4, 2025
35.10
35.10
34.75
34.95
27.43
901,800
Dec 3, 2025
35.19
35.35
35.02
35.35
27.44
778,100
Dec 2, 2025
35.11
35.29
34.99
35.24
27.35
587,700
Dec 1, 2025
34.78
34.97
34.65
34.95
27.13
744,500
Nov 28, 2025
34.87
35.03
34.83
35.03
27.19
400,200
Nov 26, 2025
0.234 Dividend 

Nov 26, 2025
34.59
34.76
34.51
34.76
26.98
577,000
Nov 25, 2025
34.44
34.66
34.06
34.66
26.72
1,033,100
Nov 24, 2025
34.06
34.52
34.06
34.50
26.60
558,500
Nov 21, 2025
33.49
33.91
33.22
33.77
26.04
1,582,900
Nov 20, 2025
0.225 Dividend 

Nov 20, 2025
34.82
34.96
33.36
33.38
25.73
1,273,200
Nov 19, 2025
34.15
34.48
34.07
34.39
26.34
1,363,700
Nov 18, 2025
34.28
34.39
33.83
34.12
26.13
1,739,800
Nov 17, 2025
34.60
35.00
34.24
34.47
26.40
905,600
Nov 14, 2025
34.19
34.70
34.04
34.70
26.58
1,260,100
Nov 13, 2025
0.223 Dividend 

Nov 13, 2025
35.12
35.16
34.54
34.68
26.56
974,200
Nov 12, 2025
35.75
35.75
35.38
35.58
27.08
641,900
Nov 11, 2025
35.49
35.60
35.32
35.56
27.07
352,000
Nov 10, 2025
35.40
35.63
35.30
35.60
27.10
652,100
Nov 7, 2025
34.68
34.85
34.22
34.85
26.53
1,564,900
Nov 6, 2025
0.205 Dividend 

Nov 6, 2025
35.48
35.48
34.83
34.91
26.57
846,600
Nov 5, 2025
35.57
35.75
35.46
35.75
27.05
908,300
Nov 4, 2025
35.80
36.00
35.53
35.58
26.93
1,153,900
Nov 3, 2025
36.40
36.45
36.16
36.28
27.46
415,700
Oct 31, 2025
36.36
36.36
35.94
36.09
27.31
650,700
Oct 30, 2025
0.236 Dividend 

Oct 30, 2025
36.17
36.17
35.83
35.83
27.11
573,800
Oct 29, 2025
36.52
36.60
36.28
36.60
27.52
769,000
Oct 28, 2025
36.18
36.36
36.17
36.35
27.33
854,800
Oct 27, 2025
35.91
36.09
35.90
36.07
27.12
752,100
Oct 24, 2025
35.40
35.57
35.37
35.49
26.68
777,700
Oct 23, 2025
0.198 Dividend 

Oct 23, 2025
34.94
35.13
34.87
35.12
26.41
596,900
Oct 22, 2025
35.42
35.45
34.80
35.11
26.25
828,300
Oct 21, 2025
35.46
35.52
35.33
35.44
26.50
423,800
Oct 20, 2025
35.14
35.48
35.14
35.45
26.50
599,200
Oct 17, 2025
34.66
34.98
34.62
34.96
26.14
879,300
Oct 16, 2025
0.204 Dividend 

Oct 16, 2025
35.05
35.22
34.56
34.79
26.01
834,400
Oct 15, 2025
35.13
35.29
34.74
35.12
26.10
1,223,200
Oct 14, 2025
34.72
34.84
34.41
34.81
25.88
1,730,500
Oct 13, 2025
34.94
35.15
34.81
35.12
26.10
881,500
Oct 10, 2025
35.62
35.72
34.32
34.36
25.54
3,825,600
Oct 9, 2025
0.204 Dividend 

Oct 9, 2025
35.59
35.60
35.38
35.57
26.44
662,400
Oct 8, 2025
35.65
35.82
35.64
35.81
26.47
849,400
Oct 7, 2025
35.84
35.86
35.49
35.57
26.29
1,238,400
Oct 6, 2025
35.73
35.83
35.64
35.75
26.42
661,500
Oct 3, 2025
35.64
35.69
35.36
35.47
26.21
732,500
Oct 2, 2025
0.207 Dividend 

Oct 2, 2025
35.67
35.67
35.41
35.58
26.30
932,300
Oct 1, 2025
35.46
35.65
35.38
35.64
26.19
873,600
Sep 30, 2025
35.59
35.63
35.46
35.60
26.16
558,800
Sep 29, 2025
35.55
35.72
35.51
35.60
26.16
810,400
Sep 26, 2025
35.27
35.40
35.10
35.38
26.00
874,600
Sep 25, 2025
0.204 Dividend 

Sep 25, 2025
35.26
35.26
35.01
35.21
25.87
1,398,400
Sep 24, 2025
35.87
35.87
35.51
35.68
26.07
795,800
Sep 23, 2025
36.00
36.02
35.70
35.77
26.13
997,500
Sep 22, 2025
35.79
36.02
35.79
35.99
26.30
1,213,800
Sep 19, 2025
35.76
35.92
35.71
35.88
26.21
1,140,700
Sep 18, 2025
0.201 Dividend 

Sep 18, 2025
35.61
35.75
35.51
35.66
26.05
1,389,900
Sep 17, 2025
35.59
35.61
35.19
35.53
25.81
1,247,300
Sep 16, 2025
35.67
35.67
35.53
35.56
25.84
1,050,500
Sep 15, 2025
35.38
35.58
35.38
35.58
25.84
751,900
Sep 12, 2025
35.19
35.31
35.15
35.30
25.64
1,038,400
Sep 11, 2025
0.2 Dividend 

Sep 11, 2025
35.11
35.16
35.01
35.15
25.53
688,800
Sep 10, 2025
35.30
35.31
35.01
35.15
25.39
900,100
Sep 9, 2025
35.07
35.12
34.90
35.10
25.35
564,600
Sep 8, 2025
34.97
35.10
34.92
34.98
25.27
1,137,100
Sep 5, 2025
35.06
35.10
34.53
34.79
25.13
1,415,600
Sep 4, 2025
0.286 Dividend 

Sep 4, 2025
34.58
34.76
34.49
34.76
25.11
1,847,800
Sep 3, 2025
34.78
34.87
34.63
34.82
24.94
1,692,600
Sep 2, 2025
34.27
34.55
34.15
34.54
24.74
1,594,000
Aug 29, 2025
35.05
35.07
34.68
34.79
24.92
1,015,000
Aug 28, 2025
0.204 Dividend 

Aug 28, 2025
34.99
35.22
34.86
35.17
25.20
869,800
Aug 27, 2025
35.06
35.17
34.94
35.14
25.03
875,300
Aug 26, 2025
34.92
35.08
34.83
35.08
24.98
869,300
Aug 25, 2025
34.92
35.07
34.85
34.92
24.87
1,044,200
Aug 22, 2025
34.64
35.06
34.57
35.01
24.94
2,587,100
Aug 21, 2025
0.239 Dividend 

Aug 21, 2025
34.56
34.62
34.41
34.55
24.61
1,358,200
Aug 20, 2025
35.00
35.04
34.45
34.89
24.68
1,777,700
Aug 19, 2025
35.48
35.48
34.99
35.05
24.79
943,100
Aug 18, 2025
35.44
35.53
35.40
35.50
25.11
1,031,000
Aug 15, 2025
35.64
35.64
35.36
35.47
25.09
1,072,500
Aug 14, 2025
0.233 Dividend 

Aug 14, 2025
35.48
35.66
35.46
35.63
25.20
494,300
Aug 13, 2025
35.98
35.99
35.74
35.83
25.18
1,189,400
Aug 12, 2025
35.61
35.80
35.47
35.79
25.15
878,200
Aug 11, 2025
35.50
35.63
35.38
35.44
24.90
1,216,400
Aug 8, 2025
35.29
35.52
35.26
35.51
24.96
761,200
Aug 7, 2025
0.239 Dividend 

Aug 7, 2025
35.34
35.42
34.95
35.21
24.74
1,181,500
Aug 6, 2025
35.10
35.32
35.05
35.31
24.65
973,900
Aug 5, 2025
35.31
35.38
34.99
35.03
24.45
1,581,000
Aug 4, 2025
34.95
35.26
34.95
35.24
24.60
1,300,400
Aug 1, 2025
34.92
34.95
34.49
34.63
24.17
1,675,700
Jul 31, 2025
0.238 Dividend 

Jul 31, 2025
35.89
35.91
35.24
35.33
24.66
707,000
Jul 30, 2025
35.66
35.74
35.52
35.71
24.76
1,022,900
Jul 29, 2025
35.81
35.88
35.55
35.60
24.68
794,800
Jul 28, 2025
35.58
35.65
35.54
35.63
24.70
853,000
Jul 25, 2025
35.40
35.49
35.34
35.49
24.61
637,600
Jul 24, 2025
0.237 Dividend 

Jul 24, 2025
35.38
35.43
35.26
35.38
24.53
625,900
Jul 23, 2025
35.49
35.51
35.33
35.51
24.46
618,000
Jul 22, 2025
35.58
35.58
35.22
35.40
24.38
666,200
Jul 21, 2025
35.44
35.65
35.39
35.58
24.50
1,166,500
Jul 18, 2025
35.44
35.48
35.29
35.36
24.35
1,006,200
Jul 17, 2025
0.239 Dividend 

Jul 17, 2025
35.24
35.39
35.22
35.37
24.36
444,300
Jul 16, 2025
35.44
35.48
35.10
35.46
24.26
1,075,500
Jul 15, 2025
35.59
35.60
35.37
35.38
24.20
963,400
Jul 14, 2025
35.16
35.32
35.06
35.31
24.16
2,141,600
Jul 11, 2025
35.08
35.24
35.02
35.20
24.08
1,016,400
Jul 10, 2025
0.237 Dividend 

Jul 10, 2025
35.34
35.35
35.06
35.24
24.10
634,300
Jul 9, 2025
35.35
35.53
35.33
35.52
24.14
544,300
Jul 8, 2025
35.30
35.32
35.15
35.24
23.94
483,700
Jul 7, 2025
35.28
35.31
35.04
35.18
23.90
878,500
Jul 3, 2025
35.29
35.45
35.28
35.44
24.08
582,700
Jul 2, 2025
0.229 Dividend 

Jul 2, 2025
34.98
35.15
34.96
35.13
23.87
551,800
Jul 1, 2025
35.41
35.43
35.08
35.23
23.78
791,300
Jun 30, 2025
35.47
35.55
35.33
35.50
23.97
659,400
Jun 27, 2025
35.14
35.30
35.03
35.25
23.80
670,600
Jun 26, 2025
0.247 Dividend 

Jun 26, 2025
34.97
35.10
34.82
35.10
23.70
435,900
Jun 25, 2025
35.05
35.15
34.94
35.05
23.49
565,800
Jun 24, 2025
34.71
34.94
34.67
34.94
23.42
499,300
Jun 23, 2025
34.09
34.44
33.92
34.38
23.05
1,145,700
Jun 20, 2025
34.38
34.50
33.94
34.03
22.81
707,600
Jun 18, 2025
0.205 Dividend 

Jun 18, 2025
34.26
34.40
34.13
34.20
22.92
298,000
Jun 17, 2025
34.60
34.69
34.37
34.42
22.93
315,900
Jun 16, 2025
34.47
34.75
34.47
34.72
23.13
445,100
Jun 13, 2025
34.23
34.54
34.19
34.25
22.82
496,700
Jun 12, 2025
0.146 Dividend 

Jun 12, 2025
34.51
34.66
34.45
34.66
23.09
354,800
Jun 11, 2025
34.91
34.95
34.57
34.71
23.03
419,100
Jun 10, 2025
34.59
34.81
34.48
34.80
23.09
435,900
Jun 9, 2025
34.50
34.62
34.41
34.53
22.91
345,600
Jun 6, 2025
34.44
34.58
34.38
34.48
22.88
390,700
Jun 5, 2025
0.208 Dividend 

Jun 5, 2025
34.50
34.62
33.99
34.13
22.65
304,500
Jun 4, 2025
34.46
34.63
34.38
34.58
22.81
295,900
Jun 3, 2025
34.20
34.45
34.16
34.44
22.71
310,800
Jun 2, 2025
33.86
34.21
33.86
34.19
22.55
562,200
May 30, 2025
33.92
34.10
33.54
33.97
22.40
578,900
May 29, 2025
0.215 Dividend 

May 29, 2025
34.39
34.39
33.85
34.02
22.44
349,000
May 28, 2025
34.27
34.39
34.09
34.11
22.35
328,300
May 27, 2025
33.96
34.25
33.85
34.25
22.45
473,000
May 23, 2025
33.32
33.64
33.26
33.53
21.97
408,500
May 22, 2025
0.172 Dividend 

May 22, 2025
33.72
33.99
33.67
33.79
22.15
275,600
May 21, 2025
33.99
34.29
33.76
33.82
22.05
439,800
May 20, 2025
34.31
34.31
34.05
34.24
22.33
301,200
May 19, 2025
34.01
34.39
33.96
34.34
22.39
552,600
May 16, 2025
34.41
34.49
34.17
34.49
22.49
328,100
May 15, 2025
0.18 Dividend 

May 15, 2025
34.18
34.32
34.01
34.29
22.36
329,200
May 14, 2025
34.21
34.40
34.15
34.40
22.31
465,200
May 13, 2025
33.89
34.15
33.82
34.14
22.14
574,900
May 12, 2025
33.68
33.75
33.33
33.71
21.87
692,900
May 9, 2025
32.54
32.63
32.31
32.42
21.03
360,300
May 8, 2025
0.308 Dividend 

May 8, 2025
32.44
32.65
32.12
32.41
21.02
285,800
May 7, 2025
32.24
32.47
31.92
32.37
20.80
387,500
May 6, 2025
32.06
32.32
31.96
32.19
20.68
273,900
May 5, 2025
32.30
32.66
32.29
32.43
20.83
490,200
May 2, 2025
32.43
32.71
32.31
32.58
20.93
415,700
May 1, 2025
0.218 Dividend 

May 1, 2025
32.21
32.42
32.03
32.05
20.59
331,100
Apr 30, 2025
31.56
31.99
31.21
31.99
20.41
362,400
Apr 29, 2025
31.76
32.08
31.64
32.07
20.46
284,900
Apr 28, 2025
31.87
31.97
31.40
31.76
20.27
386,700
Apr 25, 2025
31.47
31.85
31.36
31.84
20.32
324,900
Apr 24, 2025
0.24 Dividend 

Apr 24, 2025
31.04
31.50
31.03
31.41
20.04
234,800
Apr 23, 2025
31.36
31.64
31.09
31.16
19.73
380,700
Apr 22, 2025
29.99
30.42
29.93
30.42
19.26
306,900
Apr 21, 2025
29.93
30.07
29.26
29.59
18.74
482,200
Apr 17, 2025
30.49
30.57
30.19
30.35
19.22
328,800
Apr 16, 2025
0.209 Dividend 

Apr 16, 2025
30.70
30.82
29.89
30.28
19.17
329,200
Apr 15, 2025
31.32
31.57
31.27
31.37
19.73
296,500
Apr 14, 2025
31.77
31.85
30.92
31.29
19.68
426,800
Apr 11, 2025
30.49
31.19
30.16
31.08
19.55
347,700
Apr 10, 2025
0.18 Dividend 

Apr 10, 2025
30.97
31.33
29.55
30.44
19.15
536,500
Apr 9, 2025
30.44
32.43
30.44
32.15
20.11
775,200
Apr 8, 2025
32.17
32.43
30.08
30.55
19.11
438,600
Apr 7, 2025
29.83
31.24
29.50
31.00
19.39
929,000
Apr 4, 2025
32.13
32.16
30.93
30.93
19.34
833,100
Apr 3, 2025
0.25 Dividend 

Apr 3, 2025
33.35
33.68
32.89
32.90
20.58
720,600
Apr 2, 2025
34.54
35.27
34.47
35.12
21.81
864,500
Apr 1, 2025
34.66
35.02
34.47
34.97
21.72
253,000
Mar 31, 2025
34.29
34.79
34.00
34.68
21.54
618,900
Mar 28, 2025
35.66
35.66
34.82
34.87
21.65
505,000
Mar 27, 2025
0.236 Dividend 

Mar 27, 2025
35.81
35.95
35.63
35.78
22.22
288,200
Mar 26, 2025
36.77
36.79
36.03
36.19
22.33
431,200
Mar 25, 2025
36.69
36.85
36.58
36.83
22.72
286,700
Mar 24, 2025
36.28
36.65
36.26
36.59
22.57
490,500
Mar 21, 2025
35.30
35.83
35.15
35.82
22.10
422,000
Mar 20, 2025
0.277 Dividend 

Mar 20, 2025
35.37
35.79
35.33
35.67
22.01
262,300
Mar 19, 2025
35.53
36.04
35.49
35.98
22.03
288,800
Mar 18, 2025
35.81
35.81
35.26
35.41
21.68
540,300
Mar 17, 2025
35.75
36.19
35.64
36.02
22.05
366,600
Mar 14, 2025
35.17
35.76
35.17
35.75
21.89
391,400
Mar 13, 2025
0.233 Dividend 

Mar 13, 2025
35.44
35.44
34.68
34.81
21.31
362,000
Mar 12, 2025
35.81
35.90
35.31
35.70
21.71
314,400
Mar 11, 2025
35.16
35.69
34.87
35.23
21.43
461,600
Mar 10, 2025
36.01
36.05
34.94
35.28
21.46
1,581,000
Mar 7, 2025
36.21
36.74
35.81
36.61
22.27
538,400
Mar 6, 2025
0.151 Dividend 

Mar 6, 2025
36.85
37.03
36.17
36.38
22.13
605,600
Mar 5, 2025
37.00
37.54
36.70
37.51
22.72
513,100
Mar 4, 2025
36.72
37.24
36.35
36.94
22.38
855,500
Mar 3, 2025
38.10
38.14
36.73
37.00
22.41
926,000
Feb 28, 2025
37.36
37.82
37.13
37.81
22.90
874,000
Feb 27, 2025
0.26 Dividend 

Feb 27, 2025
38.74
38.75
37.38
37.42
22.67
706,600
Feb 26, 2025
38.76
38.93
38.41
38.65
23.25
610,700
Feb 25, 2025
38.97
38.98
38.25
38.54
23.19
841,800
Feb 24, 2025
39.66
39.66
38.98
39.01
23.47
970,200
Feb 21, 2025
40.32
40.32
39.38
39.46
23.74
995,200
Feb 20, 2025
0.246 Dividend 

Feb 20, 2025
40.35
40.37
39.86
40.23
24.20
563,400
Feb 19, 2025
40.58
40.70
40.39
40.62
24.29
614,200
Feb 18, 2025
40.64
40.64
40.34
40.59
24.27
833,700
Feb 14, 2025
40.33
40.52
40.28
40.49
24.21
567,200
Feb 13, 2025
0.251 Dividend 

Feb 13, 2025
40.00
40.32
39.95
40.32
24.11
462,900
Feb 12, 2025
39.81
40.15
39.75
40.14
23.85
668,600
Feb 11, 2025
40.00
40.22
39.99
40.17
23.87
405,300
Feb 10, 2025
40.00
40.24
39.97
40.21
23.90
615,900
Feb 7, 2025
40.15
40.31
39.65
39.71
23.60
536,700
Feb 6, 2025
0.231 Dividend 

Feb 6, 2025
39.98
40.14
39.86
40.14
23.85
414,100
Feb 5, 2025
39.88
40.17
39.73
40.17
23.73
890,500
Feb 4, 2025
39.75
40.04
39.69
40.04
23.66
702,900
Feb 3, 2025
39.20
39.68
39.09
39.65
23.43
793,400
Jan 31, 2025
40.15
40.35
39.81
39.88
23.56
535,600
Jan 30, 2025
0.188 Dividend 

Jan 30, 2025
39.80
39.99
39.50
39.88
23.56
540,600
Jan 29, 2025
39.97
39.97
39.49
39.81
23.41
417,300
Jan 28, 2025
39.64
39.88
39.33
39.87
23.45
620,700
Jan 27, 2025
39.42
39.78
39.21
39.49
23.22
1,228,200
Jan 24, 2025
40.96
40.96
40.58
40.65
23.90
533,500
Jan 23, 2025
0.246 Dividend 

Jan 23, 2025
40.87
40.92
40.70
40.92
24.06
421,100
Jan 22, 2025
40.96
41.19
40.92
41.18
24.07
582,100
Jan 21, 2025
40.59
40.67
40.25
40.59
23.73
680,600
Jan 17, 2025
40.41
40.43
40.10
40.30
23.56
423,000
Jan 16, 2025
0.337 Dividend 

Jan 16, 2025
40.10
40.10
39.63
39.67
23.19
401,200
Jan 15, 2025
39.79
40.25
39.77
40.24
23.33
603,700
Jan 14, 2025
39.53
39.60
39.02
39.29
22.77
617,900
Jan 13, 2025
39.00
39.25
38.79
39.24
22.75
611,500
Jan 10, 2025
39.67
39.71
39.10
39.41
22.84
829,400
Jan 8, 2025
0.183 Dividend 

Jan 8, 2025
39.96
39.97
39.62
39.96
23.16
721,100
Jan 7, 2025
40.90
40.90
39.88
40.05
23.11
543,600
Jan 6, 2025
40.65
40.90
40.55
40.75
23.51
805,600
Jan 3, 2025
39.90
40.24
39.86
40.22
23.21
716,200
Jan 2, 2025
0.298 Dividend 

Jan 2, 2025
40.04
40.04
39.34
39.67
22.89
706,600
Dec 31, 2024
40.38
40.39
39.93
40.02
22.92
748,900
Dec 30, 2024
40.21
40.34
39.83
40.24
23.05
980,700
Dec 27, 2024
41.02
41.02
40.31
40.70
23.31
787,700
Dec 26, 2024
0.804 Dividend 

Dec 26, 2024
41.12
41.29
40.96
41.23
23.61
511,000
Dec 24, 2024
41.84
42.12
41.76
42.12
23.66
650,500
Dec 23, 2024
41.41
41.67
41.14
41.66
23.40
629,500
Dec 20, 2024
40.93
41.25
40.74
41.25
23.17
849,800
Dec 19, 2024
0.87 Dividend 

Dec 19, 2024
41.86
41.86
41.11
41.17
23.13
861,800
Dec 18, 2024
43.75
43.77
42.09
42.34
23.30
1,556,500
Dec 17, 2024
43.75
43.82
43.59
43.74
24.07
424,000
Dec 16, 2024
43.50
43.86
43.47
43.83
24.12
515,500
Dec 13, 2024
43.23
43.54
43.17
43.42
23.89
478,100
Dec 12, 2024
0.165 Dividend 

Dec 12, 2024
43.16
43.20
43.01
43.07
23.70
335,100
Dec 11, 2024
43.22
43.50
43.22
43.50
23.84
501,400
Dec 10, 2024
43.24
43.29
42.84
42.94
23.54
441,700
Dec 9, 2024
43.33
43.40
42.99
43.04
23.59
664,500
Dec 6, 2024
43.23
43.44
43.15
43.43
23.81
427,500
Dec 5, 2024
0.236 Dividend 

Dec 5, 2024
43.25
43.30
43.10
43.14
23.65
329,900
Dec 4, 2024
43.27
43.49
43.25
43.45
23.69
469,700
Dec 3, 2024
42.96
43.05
42.82
43.05
23.47
427,500
Dec 2, 2024
42.70
42.97
42.67
42.96
23.42
514,100
Nov 29, 2024
42.62
42.66
42.52
42.65
23.25
328,500
Nov 27, 2024
0.221 Dividend 

Nov 27, 2024
42.87
42.87
42.16
42.46
23.15
528,300
Nov 26, 2024
42.83
43.00
42.79
43.00
23.32
420,200
Nov 25, 2024
42.80
42.99
42.45
42.60
23.10
657,600
Nov 22, 2024
42.48
42.59
42.32
42.55
23.08
430,300
Nov 21, 2024
0.252 Dividend 

Nov 21, 2024
42.54
42.56
41.83
42.48
23.04
399,000
Nov 20, 2024
42.60
42.61
41.95
42.49
22.91
473,100
Nov 19, 2024
42.31
42.55
42.26
42.55
22.94
450,400
Nov 18, 2024
42.32
42.48
42.18
42.44
22.88
512,600
Nov 15, 2024
42.71
42.71
42.01
42.22
22.76
639,200
Nov 14, 2024
0.253 Dividend 

Nov 14, 2024
43.45
43.45
43.05
43.16
23.27
295,100
Nov 13, 2024
43.66
43.78
43.43
43.68
23.41
536,300
Nov 12, 2024
43.61
43.68
43.37
43.68
23.41
398,600
Nov 11, 2024
43.71
43.74
43.38
43.65
23.40
598,900
Nov 8, 2024
43.54
43.70
43.49
43.66
23.40
349,400
Nov 7, 2024
0.265 Dividend 

Nov 7, 2024
43.15
43.60
43.13
43.58
23.36
398,700
Nov 6, 2024
42.55
43.19
42.55
43.10
22.96
604,900
Nov 5, 2024
41.69
42.00
41.69
42.00
22.37
305,200
Nov 4, 2024
41.58
41.73
41.41
41.59
22.16
543,100
Nov 1, 2024
41.51
41.69
41.48
41.69
22.21
592,100
Oct 31, 2024
0.205 Dividend 

Oct 31, 2024
42.10
42.10
41.33
41.37
22.04
662,200
Oct 30, 2024
42.80
42.83
42.53
42.57
22.57
486,300
Oct 29, 2024
42.60
42.82
42.44
42.82
22.70
317,000
Oct 28, 2024
42.72
42.76
42.51
42.51
22.54
414,900
Oct 25, 2024
42.39
42.70
42.39
42.50
22.53
480,700
Oct 24, 2024
0.208 Dividend 

Oct 24, 2024
42.20
42.25
41.97
42.23
22.39
201,800
Oct 23, 2024
42.59
42.59
41.78
42.09
22.20
706,000
Oct 22, 2024
42.52
42.69
42.41
42.69
22.52
406,500
Oct 21, 2024
42.55
42.72
42.42
42.72
22.54
450,900
Oct 18, 2024
42.50
42.65
42.40
42.58
22.46
398,200
Oct 17, 2024
0.318 Dividend 

Oct 17, 2024
42.69
42.74
42.33
42.33
22.33
315,000
Oct 16, 2024
42.68
42.68
42.33
42.61
22.31
415,700
Oct 15, 2024
43.13
43.18
42.41
42.60
22.31
533,200
Oct 14, 2024
42.81
43.11
42.77
43.03
22.53
482,200
Oct 11, 2024
42.57
42.70
42.41
42.68
22.35
368,000
Oct 10, 2024
0.27 Dividend 

Oct 10, 2024
42.48
42.67
42.33
42.62
22.32
250,800
Oct 9, 2024
42.72
42.92
42.60
42.91
22.33
432,000
Oct 8, 2024
42.35
42.68
42.30
42.68
22.21
245,100
Oct 7, 2024
42.40
42.50
42.07
42.12
21.92
408,600
Oct 4, 2024
42.50
42.60
42.15
42.56
22.14
442,000
Oct 3, 2024
0.218 Dividend 

Oct 3, 2024
41.95
42.17
41.85
42.10
21.91
245,600
Oct 2, 2024
42.10
42.40
41.90
42.25
21.87
660,500
Oct 1, 2024
42.71
42.72
41.85
42.18
21.83
509,700
Sep 30, 2024
42.44
42.75
42.36
42.67
22.09
529,800
Sep 27, 2024
42.77
42.80
42.47
42.54
22.02
361,600
Sep 26, 2024
0.257 Dividend 

Sep 26, 2024
42.96
42.99
42.46
42.74
22.12
430,100
Sep 25, 2024
42.52
42.63
42.48
42.62
21.93
383,800
Sep 24, 2024
42.40
42.52
42.08
42.49
21.86
300,500
Sep 23, 2024
42.19
42.28
42.12
42.27
21.75
393,500
Sep 20, 2024
42.09
42.17
41.80
42.12
21.67
384,800
Sep 19, 2024
0.195 Dividend 

Sep 19, 2024
41.90
42.25
41.82
42.16
21.69
421,100
Sep 18, 2024
41.49
41.80
41.21
41.28
21.14
573,000
Sep 17, 2024
41.48
41.71
41.20
41.39
21.19
360,900
Sep 16, 2024
41.43
41.43
41.03
41.27
21.13
633,600
Sep 13, 2024
41.27
41.56
41.20
41.51
21.26
398,100
Sep 12, 2024
0.446 Dividend 

Sep 12, 2024
40.97
41.36
40.73
41.24
21.12
421,800
Sep 11, 2024
40.98
41.47
40.22
41.33
20.94
639,700
Sep 10, 2024
40.59
40.83
40.27
40.83
20.68
357,800
Sep 9, 2024
40.28
40.47
40.00
40.40
20.46
454,600
Sep 6, 2024
40.84
40.90
39.82
39.90
20.21
564,600
Sep 5, 2024
0.329 Dividend 

Sep 5, 2024
40.79
41.10
40.67
40.89
20.71
409,200
Sep 4, 2024
41.06
41.38
40.91
41.26
20.73
539,000
Sep 3, 2024
42.23
42.39
41.09
41.25
20.73
841,000
Aug 30, 2024
42.19
42.43
41.95
42.40
21.31
443,400
Aug 29, 2024
0.313 Dividend 

Aug 29, 2024
42.01
42.25
41.76
41.86
21.04
476,200
Aug 28, 2024
42.55
42.57
41.86
42.20
21.05
730,500
Aug 27, 2024
42.35
42.57
42.17
42.54
21.22
676,400
Aug 26, 2024
42.81
42.87
42.28
42.43
21.16
839,500
Aug 23, 2024
42.64
42.82
42.35
42.82
21.36
541,800
Aug 22, 2024
0.476 Dividend 

Aug 22, 2024
43.14
43.17
42.18
42.23
21.06
616,600
Aug 21, 2024
43.24
43.44
43.02
43.43
21.42
785,300
Aug 20, 2024
43.12
43.24
42.93
43.14
21.28
478,000
Aug 19, 2024
43.03
43.20
42.82
43.18
21.30
786,500
Aug 16, 2024
42.71
42.93
42.50
42.92
21.17
312,000
Aug 15, 2024
0.476 Dividend 

Aug 15, 2024
42.53
42.88
42.47
42.86
21.14
294,200
Aug 14, 2024
42.51
42.56
42.03
42.51
20.74
434,600
Aug 13, 2024
41.87
42.35
41.85
42.35
20.66
330,100
Aug 12, 2024
41.47
41.64
41.15
41.45
20.22
263,500
Aug 9, 2024
40.95
41.40
40.82
41.34
20.17
279,700
Aug 8, 2024
0.514 Dividend 

Aug 8, 2024
40.37
41.04
40.08
41.04
20.02
132,000
Aug 7, 2024
41.39
41.55
40.31
40.34
19.43
315,000
Aug 6, 2024
40.51
41.10
40.19
40.74
19.62
207,900
Aug 5, 2024
39.30
40.50
39.10
40.10
19.31
300,700
Aug 2, 2024
41.55
41.77
41.20
41.50
19.99
302,100
Aug 1, 2024
0.569 Dividend 

Aug 1, 2024
43.42
43.63
42.03
42.31
20.38
361,800
Jul 31, 2024
43.49
43.86
43.43
43.81
20.82
325,100
Jul 30, 2024
43.35
43.39
42.37
42.65
20.27
166,000
Jul 29, 2024
43.27
43.40
42.98
43.16
20.52
210,100
Jul 26, 2024
42.79
43.03
42.51
42.93
20.41
180,300
Jul 25, 2024
0.354 Dividend 

Jul 25, 2024
42.90
43.07
42.17
42.46
20.18
185,300
Jul 24, 2024
44.08
44.08
43.08
43.13
20.33
346,000
Jul 23, 2024
44.60
44.80
44.56
44.62
21.04
158,600
Jul 22, 2024
44.45
44.66
44.23
44.65
21.05
152,300
Jul 19, 2024
44.19
44.35
43.83
44.07
20.78
124,300
Jul 18, 2024
0.31 Dividend 

Jul 18, 2024
44.64
44.64
43.81
44.18
20.83
245,900
Jul 17, 2024
45.34
45.34
44.65
44.75
20.95
233,100
Jul 16, 2024
45.83
45.86
45.60
45.82
21.45
223,200
Jul 15, 2024
45.74
45.94
45.66
45.78
21.43
157,400
Jul 12, 2024
45.41
45.69
45.32
45.55
21.32
151,800
Jul 11, 2024
0.346 Dividend 

Jul 11, 2024
46.29
46.31
45.13
45.27
21.19
223,500
Jul 10, 2024
46.38
46.57
46.26
46.56
21.64
174,200
Jul 9, 2024
46.21
46.28
46.05
46.17
21.45
142,900
Jul 8, 2024
46.04
46.05
45.90
46.05
21.40
122,700
Jul 5, 2024
45.64
45.94
45.58
45.94
21.35
117,800
Jul 3, 2024
0.197 Dividend 

Jul 3, 2024
45.51
45.68
45.42
45.63
21.20
114,200
Jul 2, 2024
45.48
45.74
45.42
45.70
21.14
117,000
Jul 1, 2024
45.53
45.70
45.21
45.67
21.13
127,400
Jun 28, 2024
45.57
45.80
45.38
45.42
21.01
96,400
Jun 27, 2024
0.355 Dividend 

Jun 27, 2024
45.36
45.61
45.26
45.47
21.04
85,400
Jun 26, 2024
45.51
45.71
45.45
45.70
20.98
99,800
Jun 25, 2024
45.36
45.55
45.22
45.49
20.88
74,800
Jun 24, 2024
45.51
45.71
45.06
45.16
20.73
169,300
Jun 21, 2024
45.75
45.75
45.57
45.73
20.99
74,300
Jun 20, 2024
0.298 Dividend 

Jun 20, 2024
46.17
46.19
45.46
45.72
20.99
185,900
Jun 18, 2024
46.48
46.48
46.10
46.32
21.13
194,700
Jun 17, 2024
46.01
46.50
45.88
46.40
21.16
102,200
Jun 14, 2024
45.81
46.01
45.70
45.98
20.97
41,400
Jun 13, 2024
0.234 Dividend 

Jun 13, 2024
45.61
45.89
45.57
45.75
20.87
56,700
Jun 12, 2024
45.51
45.80
45.41
45.62
20.70
76,000
Jun 11, 2024
44.92
45.31
44.75
45.12
20.48
27,300
Jun 10, 2024
44.91
45.05
44.78
45.03
20.43
48,400
Jun 7, 2024
44.89
45.03
44.66
44.90
20.38
50,500
Jun 6, 2024
0.143 Dividend 

Jun 6, 2024
45.01
45.01
44.84
44.93
20.39
37,900
Jun 5, 2024
44.94
45.12
44.76
44.99
20.35
99,700
Jun 4, 2024
44.33
44.52
44.13
44.46
20.11
53,800
Jun 3, 2024
44.44
44.51
43.86
44.27
20.03
59,300
May 31, 2024
44.05
44.18
43.34
44.04
19.92
52,900
May 30, 2024
0.212 Dividend 

May 30, 2024
44.42
44.42
44.00
44.09
19.94
49,200
May 29, 2024
44.58
44.84
44.58
44.70
20.12
34,100
May 28, 2024
44.82
44.99
44.75
44.94
20.23
52,300
May 24, 2024
44.46
44.87
44.43
44.65
20.10
20,300
May 23, 2024
44.82
44.90
44.28
44.43
20.00
25,300
May 22, 2024
0.212 Dividend 

May 22, 2024
44.61
44.66
44.41
44.47
20.02
24,500
May 21, 2024
44.64
44.76
44.54
44.74
20.04
41,900
May 20, 2024
44.54
44.74
44.50
44.73
20.04
37,100
May 17, 2024
44.59
44.61
44.33
44.49
19.93
28,000
May 16, 2024
44.65
44.65
44.41
44.41
19.90
25,800
May 15, 2024
0.375 Dividend 

May 15, 2024
44.41
44.67
44.15
44.64
20.00
29,200
May 14, 2024
44.27
44.44
44.20
44.44
19.74
30,100
May 13, 2024
44.32
44.32
44.09
44.24
19.65
16,200
May 10, 2024
44.11
44.27
43.92
44.07
19.58
15,600
May 9, 2024
43.92
43.97
43.70
43.86
19.49
34,800
May 8, 2024
0.311 Dividend 

May 8, 2024
43.64
43.75
43.57
43.75
19.44
23,500
May 7, 2024
44.20
44.28
44.05
44.13
19.47
35,700
May 6, 2024
43.79
44.13
43.79
44.13
19.47
18,700
May 3, 2024
43.10
43.69
43.10
43.62
19.24
19,000
May 2, 2024
42.54
42.75
42.20
42.58
18.78
11,400
May 1, 2024
0.252 Dividend 

May 1, 2024
42.28
42.64
42.01
42.15
18.59
16,400
Apr 30, 2024
43.36
43.36
42.69
42.69
18.72
21,600
Apr 29, 2024
43.45
43.49
43.10
43.36
19.02
17,500
Apr 26, 2024
43.06
43.24
43.02
43.17
18.93
7,800
Apr 25, 2024
42.40
42.72
42.25
42.51
18.64
23,600
Apr 24, 2024
0.334 Dividend 

Apr 24, 2024
43.30
43.35
42.94
43.15
18.93
9,300
Apr 23, 2024
43.06
43.38
43.05
43.29
18.84
11,700
Apr 22, 2024
42.61
43.04
42.29
42.73
18.60
16,000
Apr 19, 2024
42.98
43.03
42.18
42.33
18.42
10,500
Apr 18, 2024
43.35
43.55
43.17
43.25
18.82
9,600
Apr 17, 2024
0.267 Dividend 

Apr 17, 2024
44.01
44.09
43.44
43.44
18.90
17,200
Apr 16, 2024
44.12
44.30
43.97
44.20
19.12
10,500
Apr 15, 2024
45.04
45.06
44.00
44.06
19.06
13,500
Apr 12, 2024
44.88
45.11
44.60
44.71
19.34
23,600
Apr 11, 2024
45.10
45.66
44.99
45.60
19.73
17,500
Apr 10, 2024
0.091 Dividend 

Apr 10, 2024
44.96
45.01
44.65
44.90
19.42
21,600
Apr 9, 2024
45.30
45.40
44.91
45.24
19.53
32,800
Apr 8, 2024
45.35
45.41
45.07
45.22
19.52
40,200
Apr 5, 2024
44.75
45.35
44.75
45.15
19.49
17,400
Apr 4, 2024
45.70
45.92
44.68
44.71
19.30
25,400
Apr 3, 2024
0.332 Dividend 

Apr 3, 2024
45.06
45.55
45.06
45.35
19.58
16,300
Apr 2, 2024
45.74
45.74
45.34
45.67
19.57
23,800
Apr 1, 2024
46.03
46.36
45.84
46.04
19.73
26,700
Mar 28, 2024
45.95
46.09
45.80
45.92
19.68
19,700
Mar 27, 2024
46.00
46.10
45.70
45.98
19.70
15,300
Mar 26, 2024
0.364 Dividend 

Mar 26, 2024
46.19
46.19
45.83
45.83
19.64
23,300
Mar 25, 2024
46.32
46.38
46.10
46.36
19.71
55,700
Mar 22, 2024
46.30
46.48
46.22
46.35
19.71
6,200
Mar 21, 2024
46.76
46.76
46.22
46.37
19.71
5,800
Mar 20, 2024
45.88
46.18
45.56
46.18
19.63
6,900
Mar 19, 2024
45.50
45.73
45.41
45.62
19.40
6,700
Mar 18, 2024
45.82
45.92
45.59
45.73
19.44
7,400
Mar 15, 2024
45.17
45.24
45.00
45.10
19.18
4,600
Mar 14, 2024
45.86
45.86
45.47
45.47
19.33
6,500
Mar 13, 2024
46.07
46.07
45.65
45.66
19.41
10,300
Mar 12, 2024
45.86
46.13
45.50
46.07
19.59
5,900
Mar 11, 2024
45.72
49.39
45.28
45.62
19.40
10,200
Mar 8, 2024
46.54
46.54
45.56
45.58
19.38
19,900
Mar 7, 2024
46.02
46.44
46.02
46.44
19.74
7,300
