Date
Open
High
Low
Close 

Adj Close 

Volume
Jun 5, 2026
42.62
42.62
40.95
41.26
41.26
26,000
Jun 4, 2026
42.98
43.24
42.60
43.24
43.24
15,100
Jun 3, 2026
0.232 Dividend 

Jun 3, 2026
43.48
43.69
43.31
43.62
43.62
35,600
Jun 2, 2026
43.56
43.99
43.51
43.82
43.59
24,400
Jun 1, 2026
43.39
43.73
43.13
43.57
43.34
8,200
May 29, 2026
43.25
43.50
43.21
43.40
43.17
11,700
May 28, 2026
42.08
43.21
42.08
43.21
42.98
15,900
May 27, 2026
0.224 Dividend 

May 27, 2026
42.86
42.86
42.65
42.79
42.57
5,400
May 26, 2026
42.71
43.04
42.45
42.99
42.54
21,600
May 22, 2026
42.31
42.50
42.23
42.39
41.95
5,000
May 21, 2026
41.62
42.07
41.62
42.02
41.58
6,800
May 20, 2026
0.223 Dividend 

May 20, 2026
41.66
41.96
41.47
41.93
41.49
21,800
May 19, 2026
41.65
41.81
41.26
41.53
40.87
18,100
May 18, 2026
41.56
42.02
40.11
41.76
41.10
20,700
May 15, 2026
41.94
42.10
41.65
41.93
41.26
10,200
May 14, 2026
42.24
42.49
42.24
42.43
41.76
6,900
May 13, 2026
0.226 Dividend 

May 13, 2026
42.00
42.22
41.73
42.08
41.42
7,500
May 12, 2026
42.10
42.10
41.55
42.00
41.11
16,500
May 11, 2026
42.15
42.41
42.05
42.28
41.39
13,000
May 8, 2026
41.80
42.24
41.80
42.09
41.20
12,500
May 7, 2026
41.71
41.85
41.48
41.60
40.73
22,300
May 6, 2026
0.218 Dividend 

May 6, 2026
41.33
41.61
41.33
41.56
40.68
12,700
May 5, 2026
41.00
41.89
41.00
41.27
40.19
12,400
May 4, 2026
40.64
41.05
40.63
40.86
39.79
12,300
May 1, 2026
40.02
40.90
40.02
40.72
39.65
15,100
Apr 30, 2026
40.23
40.82
39.93
40.46
39.40
23,100
Apr 29, 2026
0.215 Dividend 

Apr 29, 2026
39.98
40.05
39.77
40.05
39.00
10,400
Apr 28, 2026
40.08
40.08
39.81
40.03
38.77
10,500
Apr 27, 2026
40.36
40.44
40.06
40.42
39.15
15,000
Apr 24, 2026
40.14
40.39
40.14
40.30
39.03
11,900
Apr 23, 2026
39.87
40.01
39.35
39.75
38.50
35,500
Apr 22, 2026
0.25 Dividend 

Apr 22, 2026
39.59
39.92
39.59
39.89
38.63
17,900
Apr 21, 2026
39.89
39.91
39.14
39.14
37.67
61,400
Apr 20, 2026
39.90
39.90
39.48
39.75
38.25
10,400
Apr 17, 2026
39.72
39.94
39.60
39.84
38.34
22,300
Apr 16, 2026
39.29
39.39
38.95
39.35
37.86
22,100
Apr 15, 2026
0.301 Dividend 

Apr 15, 2026
39.23
39.25
38.99
39.14
37.67
10,400
Apr 14, 2026
39.12
40.10
39.11
40.10
38.30
20,000
Apr 13, 2026
38.56
38.90
38.50
38.84
37.10
16,200
Apr 10, 2026
38.82
38.82
38.53
38.69
36.95
11,200
Apr 9, 2026
38.51
38.70
38.35
38.63
36.89
15,300
Apr 8, 2026
0.28 Dividend 

Apr 8, 2026
38.60
38.60
38.18
38.37
36.65
15,800
Apr 7, 2026
37.22
37.48
36.77
37.48
35.53
15,500
Apr 6, 2026
37.16
37.48
37.15
37.41
35.46
17,100
Apr 2, 2026
36.91
37.20
36.74
37.16
35.22
13,000
Apr 1, 2026
0.273 Dividend 

Apr 1, 2026
37.31
37.52
37.21
37.47
35.52
11,500
Mar 31, 2026
36.86
37.31
36.86
37.25
35.05
11,400
Mar 30, 2026
37.11
37.11
36.36
36.57
34.41
7,100
Mar 27, 2026
37.16
37.23
36.72
36.78
34.61
39,900
Mar 26, 2026
38.00
38.03
37.42
37.43
35.22
28,400
Mar 25, 2026
0.285 Dividend 

Mar 25, 2026
38.22
38.41
38.16
38.26
36.00
9,000
Mar 24, 2026
38.18
38.44
38.16
38.22
35.70
15,700
Mar 23, 2026
38.43
38.85
38.43
38.47
35.93
14,000
Mar 20, 2026
38.52
38.52
37.76
37.92
35.41
8,200
Mar 19, 2026
38.45
38.70
38.19
38.63
36.08
16,300
Mar 18, 2026
0.334 Dividend 

Mar 18, 2026
39.22
39.22
38.66
38.74
36.18
13,100
Mar 17, 2026
39.60
39.79
39.51
39.60
36.67
9,900
Mar 16, 2026
39.03
39.60
38.91
39.29
36.39
17,600
Mar 13, 2026
39.22
39.31
38.77
38.78
35.92
5,100
Mar 12, 2026
39.36
39.36
38.99
39.03
36.15
8,400
Mar 11, 2026
0.338 Dividend 

Mar 11, 2026
39.51
39.68
39.51
39.57
36.65
5,900
Mar 10, 2026
40.07
40.14
39.78
39.81
36.56
15,300
Mar 9, 2026
39.39
39.92
39.18
39.83
36.57
10,600
Mar 6, 2026
39.73
39.98
39.56
39.79
36.54
13,000
Mar 5, 2026
40.10
40.33
39.81
40.19
36.90
7,500
Mar 4, 2026
0.305 Dividend 

Mar 4, 2026
39.88
40.33
39.85
40.33
37.03
4,500
Mar 3, 2026
39.56
39.92
39.29
39.91
36.37
20,300
Mar 2, 2026
39.79
40.33
39.79
40.28
36.71
12,200
Feb 27, 2026
40.22
40.42
40.15
40.41
36.82
5,100
Feb 26, 2026
40.98
40.98
40.26
40.53
36.93
8,200
Feb 25, 2026
0.304 Dividend 

Feb 25, 2026
40.75
41.00
40.73
40.94
37.31
7,500
Feb 24, 2026
40.39
40.78
40.38
40.74
36.85
17,300
Feb 23, 2026
40.77
40.77
40.26
40.33
36.48
13,000
Feb 20, 2026
40.57
40.80
40.57
40.80
36.90
5,500
Feb 19, 2026
40.68
40.81
40.50
40.64
36.75
10,400
Feb 18, 2026
0.306 Dividend 

Feb 18, 2026
40.50
40.74
40.41
40.73
36.84
12,400
Feb 17, 2026
40.63
40.87
40.01
40.65
36.49
21,600
Feb 13, 2026
40.71
40.80
40.37
40.55
36.40
89,000
Feb 12, 2026
41.59
41.59
40.43
40.54
36.39
17,600
Feb 11, 2026
0.316 Dividend 

Feb 11, 2026
41.53
41.57
40.98
41.39
37.16
13,400
Feb 10, 2026
41.63
42.23
41.58
41.63
37.09
10,800
Feb 9, 2026
41.46
42.43
41.46
42.43
37.80
21,900
Feb 6, 2026
41.41
41.87
41.32
41.72
37.16
35,800
Feb 5, 2026
41.18
41.51
40.77
41.15
36.66
25,200
Feb 4, 2026
0.258 Dividend 

Feb 4, 2026
42.27
42.27
41.42
41.60
37.05
21,300
Feb 3, 2026
43.25
43.25
42.26
42.59
37.71
13,400
Feb 2, 2026
42.68
43.36
42.68
43.26
38.30
18,500
Jan 30, 2026
43.11
43.32
42.84
42.95
38.03
10,500
Jan 29, 2026
43.73
43.73
42.66
43.42
38.44
8,600
Jan 28, 2026
0.253 Dividend 

Jan 28, 2026
43.71
43.82
43.60
43.72
38.71
10,500
Jan 27, 2026
43.51
43.78
43.51
43.77
38.53
8,400
Jan 26, 2026
43.28
43.62
43.22
43.37
38.18
10,600
Jan 23, 2026
43.01
43.25
42.99
43.22
38.05
11,700
Jan 22, 2026
43.25
43.25
42.83
43.03
37.88
30,800
Jan 21, 2026
0.261 Dividend 

Jan 21, 2026
42.42
42.72
42.29
42.65
37.55
10,900
Jan 20, 2026
42.66
42.96
42.45
42.60
37.27
10,900
Jan 16, 2026
43.67
43.67
43.35
43.46
38.02
8,700
Jan 15, 2026
43.67
43.67
43.34
43.34
37.92
7,600
Jan 14, 2026
0.242 Dividend 

Jan 14, 2026
43.26
43.26
42.75
43.04
37.66
8,800
Jan 13, 2026
43.89
43.89
43.50
43.65
37.98
6,800
Jan 12, 2026
43.56
43.76
43.56
43.70
38.03
14,300
Jan 9, 2026
43.75
43.80
43.50
43.77
38.09
5,900
Jan 8, 2026
43.70
43.70
43.38
43.53
37.87
10,700
Jan 7, 2026
0.175 Dividend 

Jan 7, 2026
43.57
43.83
43.57
43.74
38.06
8,500
Jan 6, 2026
43.63
43.91
43.61
43.87
38.01
17,800
Jan 5, 2026
43.73
43.80
43.42
43.56
37.75
28,800
Jan 2, 2026
43.39
43.86
43.03
43.20
37.44
16,800
Dec 31, 2025
0.149 Dividend 

Dec 31, 2025
43.65
43.65
43.25
43.25
37.48
21,000
Dec 30, 2025
43.78
44.00
43.71
43.88
37.90
88,500
Dec 29, 2025
43.61
43.90
43.51
43.84
37.86
18,700
Dec 26, 2025
44.00
44.00
43.87
43.95
37.96
8,900
Dec 24, 2025
0.358 Dividend 

Dec 24, 2025
43.66
44.00
43.66
43.99
38.00
11,000
Dec 23, 2025
43.95
44.25
43.95
44.22
37.88
14,600
Dec 22, 2025
43.98
44.08
43.92
44.03
37.72
7,800
Dec 19, 2025
43.52
43.79
43.48
43.78
37.50
15,600
Dec 18, 2025
43.09
43.36
42.90
43.21
37.01
6,600
Dec 17, 2025
0.294 Dividend 

Dec 17, 2025
43.34
43.80
42.50
42.50
36.40
8,700
Dec 16, 2025
43.29
43.75
43.28
43.69
37.18
15,000
Dec 15, 2025
44.04
44.04
43.34
43.46
36.98
9,000
Dec 12, 2025
44.25
44.25
43.42
43.56
37.07
6,200
Dec 11, 2025
44.29
44.39
43.90
44.37
37.75
6,700
Dec 10, 2025
0.347 Dividend 

Dec 10, 2025
44.28
44.58
44.15
44.58
37.93
8,800
Dec 9, 2025
44.52
44.72
44.42
44.66
37.71
11,400
Dec 8, 2025
44.75
44.75
44.41
44.48
37.56
12,100
Dec 5, 2025
44.48
44.73
44.42
44.52
37.59
17,500
Dec 4, 2025
44.46
44.46
44.00
44.26
37.37
7,100
Dec 3, 2025
0.28 Dividend 

Dec 3, 2025
44.13
44.35
43.92
44.26
37.37
12,300
Dec 2, 2025
44.93
44.93
44.22
44.48
37.32
18,700
Dec 1, 2025
44.25
44.51
44.03
44.51
37.34
17,100
Nov 28, 2025
44.58
44.58
44.24
44.31
37.18
10,000
Nov 26, 2025
0.419 Dividend 

Nov 26, 2025
43.62
44.07
43.58
44.06
36.96
10,200
Nov 25, 2025
43.78
44.03
43.45
43.97
36.54
10,700
Nov 24, 2025
43.75
43.96
43.56
43.85
36.44
11,200
Nov 21, 2025
42.52
43.26
42.52
43.03
35.76
10,900
Nov 20, 2025
44.24
44.58
42.54
42.54
35.35
8,300
Nov 19, 2025
0.342 Dividend 

Nov 19, 2025
43.20
43.61
43.12
43.61
36.24
14,400
Nov 18, 2025
43.65
43.83
43.32
43.55
35.90
23,600
Nov 17, 2025
44.01
44.46
43.56
43.90
36.19
39,800
Nov 14, 2025
43.90
44.31
43.85
44.23
36.47
7,900
Nov 13, 2025
44.85
45.16
44.38
44.41
36.62
11,300
Nov 12, 2025
0.366 Dividend 

Nov 12, 2025
45.45
45.50
44.94
45.39
37.42
13,800
Nov 11, 2025
45.65
45.81
45.50
45.76
37.42
15,900
Nov 10, 2025
45.54
45.85
45.41
45.74
37.41
10,200
Nov 7, 2025
44.36
44.79
44.02
44.79
36.63
12,400
Nov 6, 2025
45.70
45.70
44.82
44.85
36.68
15,000
Nov 5, 2025
0.268 Dividend 

Nov 5, 2025
45.43
45.75
45.23
45.72
37.39
18,400
Nov 4, 2025
45.97
46.39
45.60
45.70
37.15
19,400
Nov 3, 2025
46.76
46.76
46.37
46.56
37.85
17,300
Oct 31, 2025
46.68
46.68
46.09
46.28
37.62
10,200
Oct 30, 2025
46.67
46.67
45.97
46.03
37.43
8,700
Oct 29, 2025
0.271 Dividend 

Oct 29, 2025
46.61
46.61
46.41
46.57
37.86
12,400
Oct 28, 2025
46.48
46.72
46.40
46.71
37.76
17,800
Oct 27, 2025
45.92
46.91
45.83
46.19
37.34
29,800
Oct 24, 2025
45.36
45.49
44.53
45.41
36.71
7,800
Oct 23, 2025
44.77
44.99
44.67
44.87
36.27
9,700
Oct 22, 2025
0.345 Dividend 

Oct 22, 2025
45.07
45.11
44.35
44.72
36.15
6,300
Oct 21, 2025
45.40
45.60
45.33
45.50
36.50
10,200
Oct 20, 2025
44.96
45.75
44.96
45.46
36.47
15,500
Oct 17, 2025
44.36
44.96
44.30
44.81
35.95
3,400
Oct 16, 2025
45.06
45.06
44.49
44.61
35.79
5,200
Oct 15, 2025
0.246 Dividend 

Oct 15, 2025
44.63
45.72
44.56
44.70
35.86
8,200
Oct 14, 2025
44.43
44.77
43.88
44.58
35.56
6,300
Oct 13, 2025
44.47
44.96
44.41
44.83
35.76
2,800
Oct 10, 2025
45.31
45.58
43.88
43.88
35.00
8,700
Oct 9, 2025
0.247 Dividend 

Oct 9, 2025
45.43
45.43
45.24
45.36
36.19
3,700
Oct 8, 2025
45.50
45.78
45.50
45.78
36.32
6,500
Oct 7, 2025
45.85
45.85
45.29
45.51
36.11
5,100
Oct 6, 2025
45.69
45.73
45.41
45.68
36.25
5,500
Oct 3, 2025
45.32
45.51
45.22
45.22
35.88
8,300
Oct 2, 2025
0.219 Dividend 

Oct 2, 2025
45.42
45.44
45.22
45.33
35.97
4,600
Oct 1, 2025
45.30
45.48
45.20
45.41
35.86
4,900
Sep 30, 2025
45.34
45.37
45.16
45.35
35.81
2,900
Sep 29, 2025
45.20
45.53
45.20
45.29
35.76
7,200
Sep 26, 2025
44.81
45.06
44.78
45.06
35.59
3,900
Sep 25, 2025
0.179 Dividend 

Sep 25, 2025
44.61
44.91
44.59
44.85
35.41
4,900
Sep 24, 2025
45.31
45.39
45.01
45.22
35.56
7,400
Sep 23, 2025
45.63
45.63
45.36
45.38
35.69
5,800
Sep 22, 2025
45.54
45.71
45.35
45.63
35.89
9,400
Sep 19, 2025
45.22
45.43
45.22
45.43
35.73
5,600
Sep 18, 2025
0.179 Dividend 

Sep 18, 2025
44.96
45.31
44.96
45.18
35.54
8,300
Sep 17, 2025
44.92
44.96
44.44
44.96
35.22
6,700
Sep 16, 2025
44.91
44.94
44.81
44.94
35.20
6,100
Sep 15, 2025
45.00
45.02
44.19
44.92
35.19
9,800
Sep 12, 2025
44.34
44.69
44.31
44.63
34.97
2,800
Sep 11, 2025
0.18 Dividend 

Sep 11, 2025
44.18
44.47
44.18
44.47
34.84
2,000
Sep 10, 2025
44.50
44.63
44.20
44.34
34.59
7,400
Sep 9, 2025
44.26
44.45
43.99
44.32
34.58
6,000
Sep 8, 2025
43.91
44.29
43.91
44.06
34.37
6,100
Sep 5, 2025
44.10
44.15
43.50
43.78
34.16
4,200
Sep 4, 2025
0.283 Dividend 

Sep 4, 2025
43.74
43.74
43.50
43.74
34.13
3,200
Sep 3, 2025
43.60
43.86
43.54
43.83
33.97
6,900
Sep 2, 2025
43.48
43.60
43.15
43.47
33.70
4,900
Aug 29, 2025
44.15
44.15
43.88
43.89
34.02
6,800
Aug 28, 2025
0.283 Dividend 

Aug 28, 2025
44.21
44.44
44.20
44.44
34.45
2,700
Aug 27, 2025
44.12
44.46
44.12
44.42
34.22
3,100
Aug 26, 2025
44.09
44.45
44.09
44.28
34.11
3,900
Aug 25, 2025
44.06
44.52
44.06
44.27
34.10
6,300
Aug 22, 2025
44.08
44.44
44.06
44.26
34.09
11,500
Aug 21, 2025
0.191 Dividend 

Aug 21, 2025
43.82
44.08
43.80
43.95
33.85
3,500
Aug 20, 2025
44.40
44.42
43.70
44.27
33.95
8,300
Aug 19, 2025
44.86
45.02
44.32
44.47
34.10
8,400
Aug 18, 2025
44.99
45.10
44.77
44.99
34.50
7,000
Aug 15, 2025
45.20
45.20
44.85
44.98
34.50
5,800
Aug 14, 2025
0.192 Dividend 

Aug 14, 2025
45.16
45.18
45.01
45.17
34.64
8,800
Aug 13, 2025
45.54
45.58
45.17
45.40
34.67
8,600
Aug 12, 2025
45.25
45.44
45.03
45.31
34.60
8,100
Aug 11, 2025
44.95
45.13
44.87
44.93
34.31
14,700
Aug 8, 2025
44.59
45.09
44.58
44.94
34.32
8,600
Aug 7, 2025
0.272 Dividend 

Aug 7, 2025
44.87
44.87
44.50
44.60
34.06
6,800
Aug 6, 2025
44.69
45.10
44.62
45.02
34.17
18,600
Aug 5, 2025
44.94
44.94
44.42
44.51
33.78
12,200
Aug 4, 2025
44.61
44.80
44.52
44.76
33.98
12,500
Aug 1, 2025
44.56
44.56
43.71
44.10
33.47
10,500
Jul 31, 2025
0.171 Dividend 

Jul 31, 2025
45.57
45.62
44.94
44.94
34.11
7,000
Jul 30, 2025
45.40
45.41
45.00
45.20
34.18
12,300
Jul 29, 2025
45.47
45.50
45.02
45.03
34.05
10,300
Jul 28, 2025
45.00
45.30
44.97
45.13
34.13
37,900
Jul 25, 2025
44.77
44.92
44.77
44.91
33.96
5,100
Jul 24, 2025
0.194 Dividend 

Jul 24, 2025
44.76
44.85
44.60
44.81
33.88
3,700
Jul 23, 2025
44.85
44.94
44.67
44.85
33.77
3,000
Jul 22, 2025
44.92
44.92
44.55
44.79
33.73
19,300
Jul 21, 2025
44.73
44.94
44.73
44.91
33.81
26,000
Jul 18, 2025
44.80
44.86
44.50
44.62
33.59
8,700
Jul 17, 2025
0.191 Dividend 

Jul 17, 2025
44.50
44.71
44.34
44.61
33.59
5,900
Jul 16, 2025
44.51
44.71
44.28
44.60
33.44
17,500
Jul 15, 2025
44.85
44.85
44.50
44.56
33.41
8,300
Jul 14, 2025
44.25
44.35
44.06
44.27
33.19
7,600
Jul 11, 2025
44.01
44.33
44.01
44.32
33.23
8,600
Jul 10, 2025
0.191 Dividend 

Jul 10, 2025
44.47
44.47
44.00
44.20
33.14
6,800
Jul 9, 2025
44.52
44.52
44.16
44.48
33.20
4,000
Jul 8, 2025
44.01
44.21
44.01
44.19
32.99
4,700
Jul 7, 2025
44.00
44.39
43.89
43.95
32.81
19,700
Jul 3, 2025
0.162 Dividend 

Jul 3, 2025
44.11
44.40
44.11
44.39
33.14
4,600
Jul 2, 2025
44.10
44.30
44.00
44.09
32.79
10,400
Jul 1, 2025
43.95
44.22
43.93
43.97
32.70
5,700
Jun 30, 2025
44.04
44.41
44.02
44.21
32.88
8,900
Jun 27, 2025
43.99
44.08
43.79
44.00
32.72
7,400
Jun 26, 2025
0.119 Dividend 

Jun 26, 2025
43.73
43.79
43.45
43.65
32.46
4,000
Jun 25, 2025
43.42
43.69
43.30
43.50
32.26
10,500
Jun 24, 2025
42.86
43.44
42.86
43.24
32.07
16,300
Jun 23, 2025
42.46
42.72
42.24
42.57
31.57
6,900
Jun 20, 2025
0.234 Dividend 

Jun 20, 2025
42.57
42.83
42.21
42.43
31.47
4,500
Jun 18, 2025
42.90
42.99
42.63
42.68
31.48
8,700
Jun 17, 2025
43.00
43.07
42.43
42.80
31.57
6,400
Jun 16, 2025
43.24
43.37
42.90
43.00
31.72
9,500
Jun 13, 2025
42.50
42.91
42.27
42.58
31.41
18,000
Jun 12, 2025
0.257 Dividend 

Jun 12, 2025
42.93
43.06
42.70
43.06
31.76
6,700
Jun 11, 2025
43.33
43.43
42.94
43.18
31.66
13,700
Jun 10, 2025
42.90
43.17
42.83
43.07
31.58
6,000
Jun 9, 2025
42.90
42.98
42.70
42.98
31.51
8,800
Jun 6, 2025
42.57
42.96
42.54
42.86
31.43
4,100
Jun 5, 2025
0.231 Dividend 

Jun 5, 2025
42.87
42.93
42.20
42.44
31.12
6,700
Jun 4, 2025
42.85
42.88
42.68
42.88
31.27
6,200
Jun 3, 2025
42.40
42.72
42.40
42.72
31.16
10,000
Jun 2, 2025
41.98
42.40
41.98
42.38
30.91
5,100
May 30, 2025
41.90
42.19
41.60
41.95
30.59
5,600
May 29, 2025
0.312 Dividend 

May 29, 2025
42.77
42.77
42.17
42.21
30.78
2,000
May 28, 2025
42.58
42.63
42.28
42.43
30.72
9,100
May 27, 2025
42.16
42.42
42.00
42.42
30.71
10,300
May 23, 2025
41.37
41.54
41.05
41.53
30.06
10,100
May 22, 2025
0.325 Dividend 

May 22, 2025
41.95
41.97
41.84
41.97
30.38
1,800
May 21, 2025
42.31
42.66
41.70
42.02
30.18
9,500
May 20, 2025
42.60
42.60
42.24
42.45
30.49
7,700
May 19, 2025
42.26
42.68
42.10
42.68
30.66
6,300
May 16, 2025
42.44
42.80
42.40
42.75
30.71
9,900
May 15, 2025
0.235 Dividend 

May 15, 2025
42.50
42.64
42.25
42.54
30.56
3,400
May 14, 2025
42.67
42.78
42.46
42.76
30.55
6,000
May 13, 2025
42.26
42.60
42.20
42.25
30.18
24,400
May 12, 2025
41.93
42.02
41.45
42.02
30.02
19,700
May 9, 2025
40.35
40.53
40.20
40.47
28.91
3,300
May 8, 2025
0.284 Dividend 

May 8, 2025
40.07
40.60
40.07
40.35
28.82
2,900
May 7, 2025
40.11
40.35
39.68
40.35
28.62
4,700
May 6, 2025
39.89
40.08
39.74
39.94
28.33
4,300
May 5, 2025
40.26
40.52
39.95
40.32
28.60
5,400
May 2, 2025
40.18
40.50
40.18
40.42
28.67
9,100
May 1, 2025
0.336 Dividend 

May 1, 2025
39.66
40.26
39.66
39.80
28.23
11,000
Apr 30, 2025
39.64
40.31
38.54
40.31
28.36
7,000
Apr 29, 2025
39.49
39.81
39.45
39.81
28.00
7,800
Apr 28, 2025
39.60
39.65
39.02
39.61
27.86
8,800
Apr 25, 2025
39.14
39.57
39.06
39.55
27.82
15,400
Apr 24, 2025
0.323 Dividend 

Apr 24, 2025
38.85
39.53
38.85
39.21
27.58
10,300
Apr 23, 2025
39.12
39.43
38.76
38.95
27.17
16,500
Apr 22, 2025
37.77
37.98
37.77
37.98
26.49
3,800
Apr 21, 2025
37.72
37.72
36.76
37.16
25.92
8,500
Apr 17, 2025
0.323 Dividend 

Apr 17, 2025
38.01
38.16
37.83
38.08
26.56
16,200
Apr 16, 2025
38.55
38.84
37.75
38.27
26.47
8,900
Apr 15, 2025
39.42
39.60
39.19
39.39
27.25
8,000
Apr 14, 2025
40.01
40.01
38.95
39.24
27.14
5,400
Apr 11, 2025
37.93
39.06
37.71
39.06
27.02
11,200
Apr 10, 2025
0.22 Dividend 

Apr 10, 2025
40.17
40.21
36.91
38.34
26.52
16,900
Apr 9, 2025
38.00
44.25
38.00
44.25
30.46
42,700
Apr 8, 2025
40.93
40.93
38.24
38.29
26.35
6,500
Apr 7, 2025
37.33
39.48
37.02
38.50
26.50
43,000
Apr 4, 2025
40.39
40.39
38.72
38.88
26.76
9,000
Apr 3, 2025
0.264 Dividend 

Apr 3, 2025
41.90
42.14
41.35
41.48
28.55
10,000
Apr 2, 2025
43.63
44.02
43.63
43.88
30.02
13,300
Apr 1, 2025
43.68
44.07
43.63
44.07
30.15
18,700
Mar 31, 2025
43.41
43.79
43.01
43.79
29.96
20,600
Mar 28, 2025
44.74
44.98
43.90
43.97
30.08
15,400
Mar 27, 2025
0.271 Dividend 

Mar 27, 2025
45.26
45.44
45.09
45.19
30.92
9,500
Mar 26, 2025
46.40
46.40
45.51
45.60
31.01
16,300
Mar 25, 2025
46.27
46.39
46.19
46.34
31.51
6,000
Mar 24, 2025
45.83
46.17
45.83
46.06
31.32
7,900
Mar 21, 2025
44.64
45.18
43.92
45.18
30.72
4,300
Mar 20, 2025
0.312 Dividend 

Mar 20, 2025
44.89
45.25
44.89
45.25
30.77
21,700
Mar 19, 2025
44.92
45.57
44.92
45.57
30.78
20,100
Mar 18, 2025
45.15
45.15
44.67
44.85
30.29
6,200
Mar 17, 2025
45.30
45.65
45.17
45.59
30.79
21,200
Mar 14, 2025
44.95
45.28
44.90
45.28
30.59
6,700
Mar 13, 2025
0.246 Dividend 

Mar 13, 2025
45.03
45.03
44.31
44.31
29.93
12,500
Mar 12, 2025
45.25
45.50
45.00
45.35
30.47
13,600
Mar 11, 2025
44.85
45.26
44.40
44.77
30.07
4,200
Mar 10, 2025
45.56
45.56
44.63
44.84
30.12
12,400
Mar 7, 2025
46.14
46.47
45.53
46.47
31.22
8,300
Mar 6, 2025
0.158 Dividend 

Mar 6, 2025
46.47
46.82
46.05
46.18
31.02
11,800
Mar 5, 2025
46.77
47.50
46.71
47.45
31.77
11,300
Mar 4, 2025
46.38
47.30
46.10
46.77
31.31
6,900
Mar 3, 2025
48.29
48.29
46.85
47.01
31.47
17,500
Feb 28, 2025
47.00
48.99
47.00
48.99
32.80
14,500
Feb 27, 2025
0.323 Dividend 

Feb 27, 2025
48.96
48.96
47.37
47.37
31.71
8,700
Feb 26, 2025
49.00
49.23
48.61
49.00
32.59
10,500
Feb 25, 2025
49.24
49.24
48.39
48.79
32.45
17,700
Feb 24, 2025
49.87
49.87
49.28
49.28
32.78
9,600
Feb 21, 2025
50.67
50.71
49.70
49.71
33.06
13,800
Feb 20, 2025
50.85
50.85
50.31
50.77
33.77
6,200
Feb 19, 2025
50.75
50.98
50.64
50.93
33.87
6,600
Feb 18, 2025
50.90
51.14
50.60
50.88
33.84
19,800
Feb 14, 2025
52.55
52.55
50.69
50.80
33.78
17,600
Feb 13, 2025
50.23
50.61
50.23
50.61
33.66
12,400
