Date
Open
High
Low
Close 

Adj Close 

Volume
May 26, 2026
47.75
48.14
47.64
47.99
47.99
37,282
May 22, 2026
0.177 Dividend 

May 22, 2026
47.10
47.43
47.10
47.16
47.16
51,800
May 21, 2026
46.60
47.32
46.50
47.04
46.86
40,000
May 20, 2026
0.179 Dividend 

May 20, 2026
46.32
46.81
46.19
46.80
46.62
20,400
May 19, 2026
46.02
46.60
45.84
46.15
45.80
51,400
May 18, 2026
47.13
47.13
46.22
46.59
46.24
28,200
May 15, 2026
0.182 Dividend 

May 15, 2026
46.89
47.22
46.51
46.93
46.57
40,900
May 14, 2026
47.47
47.98
47.47
47.78
47.23
36,400
May 13, 2026
0.182 Dividend 

May 13, 2026
47.08
47.50
46.69
47.35
46.81
31,600
May 12, 2026
47.16
47.17
46.41
46.97
46.26
26,800
May 11, 2026
47.07
47.50
47.07
47.37
46.65
32,600
May 8, 2026
0.178 Dividend 

May 8, 2026
46.47
47.22
46.47
47.16
46.44
46,700
May 7, 2026
46.47
46.75
46.13
46.29
45.41
57,700
May 6, 2026
0.172 Dividend 

May 6, 2026
45.71
46.30
45.71
46.30
45.42
21,900
May 5, 2026
45.24
45.55
45.19
45.44
44.40
14,000
May 4, 2026
45.07
45.21
44.82
44.84
43.82
26,800
May 1, 2026
0.153 Dividend 

May 1, 2026
44.63
45.11
44.63
44.95
43.93
23,200
Apr 30, 2026
44.34
44.66
43.95
44.61
43.44
15,000
Apr 29, 2026
0.171 Dividend 

Apr 29, 2026
43.88
44.03
43.73
44.03
42.88
12,600
Apr 28, 2026
43.97
44.04
43.72
43.92
42.61
12,300
Apr 27, 2026
44.26
44.39
44.17
44.39
43.06
17,100
Apr 24, 2026
0.169 Dividend 

Apr 24, 2026
43.97
44.33
43.91
44.31
42.98
17,400
Apr 23, 2026
43.99
44.04
43.49
43.62
42.15
9,200
Apr 22, 2026
0.167 Dividend 

Apr 22, 2026
43.52
43.87
43.49
43.87
42.39
6,900
Apr 21, 2026
43.71
43.79
43.30
43.30
41.68
17,900
Apr 20, 2026
43.73
43.73
43.30
43.54
41.91
12,700
Apr 17, 2026
0.165 Dividend 

Apr 17, 2026
43.45
43.72
43.35
43.62
41.99
13,300
Apr 16, 2026
42.99
43.26
42.64
43.16
41.39
11,300
Apr 15, 2026
0.16 Dividend 

Apr 15, 2026
42.20
42.86
42.20
42.86
41.10
8,700
Apr 14, 2026
41.84
42.30
41.84
42.30
40.41
10,000
Apr 13, 2026
40.85
41.49
40.82
41.49
39.63
18,600
Apr 10, 2026
0.157 Dividend 

Apr 10, 2026
41.14
41.20
40.95
41.05
39.22
14,100
Apr 9, 2026
40.74
41.06
40.61
41.06
39.08
20,000
Apr 8, 2026
0.152 Dividend 

Apr 8, 2026
41.00
41.00
40.58
40.88
38.90
19,300
Apr 7, 2026
39.36
39.69
38.99
39.61
37.55
14,300
Apr 6, 2026
0.149 Dividend 

Apr 6, 2026
39.35
39.64
39.35
39.56
37.50
13,700
Apr 2, 2026
38.57
39.43
38.49
39.38
37.19
10,600
Apr 1, 2026
0.144 Dividend 

Apr 1, 2026
39.07
39.54
39.02
39.29
37.11
19,800
Mar 31, 2026
38.00
38.90
37.94
38.85
36.56
70,900
Mar 30, 2026
38.27
38.30
37.40
37.57
35.35
20,500
Mar 27, 2026
0.154 Dividend 

Mar 27, 2026
38.64
38.64
37.99
38.01
35.77
15,800
Mar 26, 2026
39.75
39.88
39.03
39.04
36.59
30,000
Mar 25, 2026
0.155 Dividend 

Mar 25, 2026
40.31
40.39
40.03
40.14
37.62
25,100
Mar 24, 2026
40.15
40.28
39.88
39.99
37.34
14,300
Mar 23, 2026
40.47
40.83
40.32
40.37
37.69
19,600
Mar 20, 2026
0.159 Dividend 

Mar 20, 2026
40.62
40.62
39.65
39.87
37.23
26,400
Mar 19, 2026
40.67
41.03
40.41
40.86
38.00
36,200
Mar 18, 2026
0.161 Dividend 

Mar 18, 2026
41.65
41.74
41.06
41.10
38.22
13,900
Mar 17, 2026
41.86
42.11
41.81
41.97
38.88
6,800
Mar 16, 2026
41.65
41.88
41.55
41.76
38.69
15,300
Mar 13, 2026
0.165 Dividend 

Mar 13, 2026
41.78
42.00
41.10
41.22
38.18
13,300
Mar 12, 2026
42.29
42.33
41.77
41.77
38.55
11,800
Mar 11, 2026
0.165 Dividend 

Mar 11, 2026
42.93
42.97
42.48
42.68
39.38
10,200
Mar 10, 2026
42.75
43.24
42.63
42.76
39.31
18,700
Mar 9, 2026
41.65
42.85
41.47
42.74
39.28
40,600
Mar 6, 2026
0.166 Dividend 

Mar 6, 2026
42.19
42.47
42.03
42.10
38.70
10,200
Mar 5, 2026
43.30
43.30
42.47
42.93
39.31
17,900
Mar 4, 2026
0.166 Dividend 

Mar 4, 2026
42.62
43.18
42.62
43.08
39.44
8,000
Mar 3, 2026
42.19
42.58
41.82
42.51
38.78
11,800
Mar 2, 2026
42.24
43.14
42.24
42.98
39.20
24,400
Feb 27, 2026
0.169 Dividend 

Feb 27, 2026
42.77
42.91
42.62
42.79
39.03
19,700
Feb 26, 2026
43.72
43.72
42.94
43.24
39.28
34,800
Feb 25, 2026
0.165 Dividend 

Feb 25, 2026
43.35
43.81
43.35
43.78
39.77
15,300
Feb 24, 2026
42.81
43.35
42.81
43.27
39.16
19,900
Feb 23, 2026
43.21
43.35
42.71
42.81
38.74
29,800
Feb 20, 2026
0.167 Dividend 

Feb 20, 2026
42.67
43.42
42.67
43.38
39.26
21,300
Feb 19, 2026
43.21
43.36
42.88
43.09
38.84
14,100
Feb 18, 2026
0.166 Dividend 

Feb 18, 2026
43.00
43.52
42.90
43.33
39.07
23,000
Feb 17, 2026
42.82
43.23
42.47
43.05
38.66
41,800
Feb 13, 2026
0.171 Dividend 

Feb 13, 2026
42.89
43.37
42.71
43.08
38.68
18,800
Feb 12, 2026
44.27
44.38
43.13
43.20
38.64
27,500
Feb 11, 2026
0.172 Dividend 

Feb 11, 2026
44.59
44.60
43.86
44.28
39.61
22,200
Feb 10, 2026
44.81
44.98
44.36
44.40
39.56
10,000
Feb 9, 2026
44.12
44.81
44.00
44.65
39.78
17,100
Feb 6, 2026
0.171 Dividend 

Feb 6, 2026
43.64
44.23
43.36
44.23
39.41
30,100
Feb 5, 2026
43.65
44.06
43.27
43.57
38.67
42,700
Feb 4, 2026
0.178 Dividend 

Feb 4, 2026
45.03
45.03
43.81
44.21
39.24
30,200
Feb 3, 2026
46.19
46.19
44.79
45.31
40.05
54,300
Feb 2, 2026
45.40
46.21
45.40
46.06
40.71
26,700
Jan 30, 2026
0.181 Dividend 

Jan 30, 2026
46.15
46.35
45.60
45.77
40.46
55,700
Jan 29, 2026
46.84
46.84
45.86
46.60
41.04
23,200
Jan 28, 2026
0.179 Dividend 

Jan 28, 2026
47.09
47.28
46.82
46.99
41.38
35,600
Jan 27, 2026
46.65
47.11
46.65
47.11
41.33
54,000
Jan 26, 2026
46.18
46.62
46.18
46.47
40.77
24,100
Jan 23, 2026
0.176 Dividend 

Jan 23, 2026
45.86
46.35
45.86
46.19
40.52
20,100
Jan 22, 2026
46.18
46.33
45.99
46.15
40.33
24,400
Jan 21, 2026
0.179 Dividend 

Jan 21, 2026
45.14
45.97
45.11
45.73
39.96
33,300
Jan 20, 2026
45.51
45.87
45.28
45.31
39.44
49,500
Jan 16, 2026
0.18 Dividend 

Jan 16, 2026
46.70
46.88
46.28
46.50
40.48
39,400
Jan 15, 2026
47.12
47.14
46.76
46.76
40.54
16,900
Jan 14, 2026
0.183 Dividend 

Jan 14, 2026
46.93
46.93
46.30
46.63
40.43
47,700
Jan 13, 2026
47.58
47.63
47.12
47.34
40.89
40,900
Jan 12, 2026
47.05
47.59
47.05
47.50
41.03
27,900
Jan 9, 2026
0.182 Dividend 

Jan 9, 2026
46.76
47.44
46.75
47.39
40.94
22,000
Jan 8, 2026
47.14
47.14
46.83
47.01
40.45
28,900
Jan 7, 2026
0.181 Dividend 

Jan 7, 2026
47.21
47.60
47.19
47.30
40.69
16,800
Jan 6, 2026
46.90
47.42
46.90
47.38
40.61
15,800
Jan 5, 2026
0.181 Dividend 

Jan 5, 2026
46.88
47.08
46.81
46.88
40.18
30,700
Jan 2, 2026
47.25
47.58
46.48
46.63
39.81
48,200
Dec 31, 2025
0.185 Dividend 

Dec 31, 2025
47.50
47.51
46.80
46.92
40.06
36,600
Dec 30, 2025
47.58
48.00
47.44
47.75
40.61
31,200
Dec 29, 2025
0.186 Dividend 

Dec 29, 2025
47.65
47.90
47.62
47.81
40.66
29,400
Dec 26, 2025
48.27
48.47
48.17
48.34
40.95
15,100
Dec 24, 2025
0.185 Dividend 

Dec 24, 2025
48.13
48.33
48.06
48.31
40.93
17,000
Dec 23, 2025
47.93
48.35
47.85
48.34
40.80
25,800
Dec 22, 2025
48.04
48.12
47.86
47.99
40.50
29,800
Dec 19, 2025
0.179 Dividend 

Dec 19, 2025
47.21
47.79
47.21
47.73
40.28
21,100
Dec 18, 2025
47.11
47.48
47.05
47.21
39.69
19,500
Dec 17, 2025
0.183 Dividend 

Dec 17, 2025
47.65
47.75
46.57
46.57
39.15
30,500
Dec 16, 2025
47.40
47.82
47.25
47.70
39.95
26,400
Dec 15, 2025
48.35
48.35
47.52
47.68
39.93
24,000
Dec 12, 2025
0.19 Dividend 

Dec 12, 2025
48.76
48.76
47.79
47.93
40.14
30,600
Dec 11, 2025
49.00
49.25
48.55
49.17
41.02
31,200
Dec 10, 2025
0.189 Dividend 

Dec 10, 2025
48.92
49.50
48.81
49.40
41.22
16,000
Dec 9, 2025
49.09
49.33
48.91
49.25
40.93
29,800
Dec 8, 2025
49.55
49.55
49.02
49.11
40.82
41,700
Dec 5, 2025
0.19 Dividend 

Dec 5, 2025
49.21
49.57
49.12
49.39
41.05
38,000
Dec 4, 2025
49.49
49.49
48.95
49.23
40.75
33,800
Dec 3, 2025
0.187 Dividend 

Dec 3, 2025
48.97
49.40
48.80
49.33
40.84
30,000
Dec 2, 2025
49.07
49.41
48.99
49.30
40.66
41,300
Dec 1, 2025
0.187 Dividend 

Dec 1, 2025
48.50
49.06
48.38
48.71
40.17
40,000
Nov 28, 2025
48.80
49.16
48.78
49.00
40.26
23,500
Nov 26, 2025
0.184 Dividend 

Nov 26, 2025
48.46
48.75
48.27
48.65
39.97
20,400
Nov 25, 2025
47.79
48.38
47.38
48.26
39.50
33,600
Nov 24, 2025
47.06
47.90
47.06
47.77
39.10
17,100
Nov 21, 2025
0.183 Dividend 

Nov 21, 2025
46.30
46.96
45.62
46.38
37.96
42,200
Nov 20, 2025
48.65
48.80
46.25
46.45
37.87
39,100
Nov 19, 2025
0.185 Dividend 

Nov 19, 2025
47.14
47.65
47.02
47.50
38.72
27,100
Nov 18, 2025
47.80
47.88
47.07
47.36
38.46
45,000
Nov 17, 2025
48.56
49.09
47.92
48.10
39.06
81,600
Nov 14, 2025
0.192 Dividend 

Nov 14, 2025
47.89
49.05
47.71
48.57
39.44
49,100
Nov 13, 2025
49.75
49.75
48.65
48.85
39.51
64,100
Nov 12, 2025
0.194 Dividend 

Nov 12, 2025
50.42
50.42
49.78
50.00
40.44
37,500
Nov 11, 2025
50.23
50.42
49.89
50.23
40.47
23,900
Nov 10, 2025
50.17
50.40
49.91
50.36
40.58
33,800
Nov 7, 2025
0.194 Dividend 

Nov 7, 2025
49.18
49.18
48.27
49.12
39.58
50,300
Nov 6, 2025
50.40
50.40
49.56
49.61
39.82
33,000
Nov 5, 2025
0.199 Dividend 

Nov 5, 2025
50.29
50.79
49.99
50.55
40.57
22,200
Nov 4, 2025
51.35
51.35
50.40
50.45
40.33
60,400
Nov 3, 2025
51.88
52.03
51.38
51.65
41.29
45,200
Oct 31, 2025
0.201 Dividend 

Oct 31, 2025
51.88
51.88
51.22
51.50
41.17
27,800
Oct 30, 2025
51.98
51.98
51.44
51.44
40.96
35,400
Oct 29, 2025
0.198 Dividend 

Oct 29, 2025
52.17
52.35
51.64
52.13
41.51
37,300
Oct 28, 2025
51.74
52.24
51.74
52.13
41.36
28,700
Oct 27, 2025
51.31
51.61
51.19
51.57
40.91
43,300
Oct 24, 2025
0.192 Dividend 

Oct 24, 2025
50.55
50.72
50.48
50.58
40.13
25,000
Oct 23, 2025
49.78
50.25
49.73
50.24
39.70
38,300
Oct 22, 2025
0.194 Dividend 

Oct 22, 2025
50.86
50.86
49.47
49.89
39.42
30,000
Oct 21, 2025
50.53
50.65
50.38
50.61
39.84
21,300
Oct 20, 2025
50.00
50.55
50.00
50.52
39.77
22,500
Oct 17, 2025
0.193 Dividend 

Oct 17, 2025
49.28
49.86
49.22
49.73
39.15
23,500
Oct 16, 2025
50.25
50.47
49.43
49.74
39.00
23,800
Oct 15, 2025
0.193 Dividend 

Oct 15, 2025
50.26
50.45
49.78
50.01
39.21
16,700
Oct 14, 2025
49.67
50.20
49.32
49.83
38.92
20,600
Oct 13, 2025
49.86
50.33
49.64
50.03
39.08
32,600
Oct 10, 2025
0.197 Dividend 

Oct 10, 2025
51.09
51.16
49.22
49.22
38.45
62,600
Oct 9, 2025
51.84
51.84
50.82
51.16
39.81
28,500
Oct 8, 2025
0.197 Dividend 

Oct 8, 2025
50.73
51.14
50.73
51.14
39.79
23,000
Oct 7, 2025
51.41
51.42
50.85
50.94
39.48
28,400
Oct 6, 2025
51.32
51.33
51.09
51.21
39.69
28,200
Oct 3, 2025
0.197 Dividend 

Oct 3, 2025
51.33
51.33
50.87
50.96
39.50
22,900
Oct 2, 2025
51.61
51.61
51.14
51.42
39.70
17,800
Oct 1, 2025
0.196 Dividend 

Oct 1, 2025
51.17
51.21
50.61
51.15
39.49
20,800
Sep 30, 2025
50.71
51.06
50.65
51.02
39.24
23,900
Sep 29, 2025
50.99
51.17
50.74
50.83
39.10
20,100
Sep 26, 2025
50.52
50.58
50.17
50.58
38.90
12,100
Sep 25, 2025
50.24
50.50
49.92
50.27
38.67
15,500
Sep 24, 2025
51.00
51.06
50.51
50.78
39.05
37,200
Sep 23, 2025
51.44
51.44
50.87
50.95
39.19
18,600
Sep 22, 2025
50.95
51.29
50.91
51.25
39.42
22,800
Sep 19, 2025
51.37
51.37
50.66
50.87
39.12
26,100
Sep 18, 2025
50.51
50.71
50.39
50.53
38.87
16,400
