Date
Open
High
Low
Close 

Adj Close 

Volume
May 26, 2026
56.23
56.43
56.04
56.40
56.40
57,472
May 22, 2026
55.90
56.21
55.90
55.93
55.93
23,100
May 21, 2026
55.52
55.97
55.49
55.88
55.88
26,700
May 20, 2026
55.50
55.88
55.50
55.77
55.77
21,800
May 19, 2026
55.36
55.63
55.23
55.46
55.46
17,000
May 18, 2026
55.54
55.66
55.38
55.49
55.49
17,800
May 15, 2026
55.18
55.75
55.18
55.65
55.65
34,600
May 14, 2026
55.66
55.97
55.66
55.84
55.84
25,600
May 13, 2026
55.67
55.73
55.39
55.66
55.66
31,300
May 12, 2026
55.28
55.53
55.10
55.47
55.47
16,700
May 11, 2026
55.58
55.81
55.44
55.59
55.59
47,600
May 8, 2026
55.17
55.50
55.17
55.48
55.48
26,200
May 7, 2026
54.91
55.18
54.91
55.03
55.03
31,900
May 6, 2026
54.49
55.00
54.49
54.97
54.97
32,700
May 5, 2026
54.31
54.59
54.31
54.45
54.45
19,200
May 4, 2026
54.31
54.39
54.09
54.19
54.19
29,000
May 1, 2026
54.16
54.39
54.07
54.31
54.31
46,700
Apr 30, 2026
54.06
54.12
53.65
54.08
54.08
34,700
Apr 29, 2026
0.408 Dividend 

Apr 29, 2026
53.92
53.93
53.70
53.87
53.87
30,700
Apr 28, 2026
54.36
54.36
54.10
54.25
53.84
29,600
Apr 27, 2026
54.39
54.42
54.21
54.40
53.99
30,300
Apr 24, 2026
54.24
54.45
54.18
54.35
53.94
27,800
Apr 23, 2026
53.87
54.25
53.79
54.08
53.67
25,300
Apr 22, 2026
54.08
54.20
53.94
54.20
53.79
18,200
Apr 21, 2026
53.85
54.09
53.71
53.84
53.43
21,300
Apr 20, 2026
54.11
54.11
53.75
53.83
53.42
25,400
Apr 17, 2026
53.80
54.12
53.79
54.01
53.61
27,900
Apr 16, 2026
53.70
53.82
53.56
53.74
53.33
35,800
Apr 15, 2026
53.36
53.68
53.17
53.62
53.22
42,900
Apr 14, 2026
52.98
53.42
52.98
53.31
52.91
24,900
Apr 13, 2026
52.81
53.10
52.70
53.09
52.69
25,500
Apr 10, 2026
52.82
52.95
52.68
52.76
52.36
18,600
Apr 9, 2026
52.50
52.78
52.38
52.74
52.35
18,500
Apr 8, 2026
52.98
52.98
52.40
52.55
52.16
44,400
Apr 7, 2026
52.01
52.01
51.35
51.73
51.34
19,500
Apr 6, 2026
51.59
51.94
51.54
51.82
51.43
30,200
Apr 2, 2026
51.15
51.65
50.95
51.64
51.25
15,000
Apr 1, 2026
51.48
51.84
51.40
51.56
51.17
19,800
Mar 31, 2026
50.81
51.46
50.53
51.25
50.86
32,900
Mar 30, 2026
50.63
50.77
50.08
50.17
49.79
42,100
Mar 27, 2026
51.00
51.00
50.32
50.36
49.98
42,200
Mar 26, 2026
51.60
51.70
51.08
51.12
50.73
51,000
Mar 25, 2026
0.392 Dividend 

Mar 25, 2026
52.04
52.10
51.85
51.85
51.47
18,800
Mar 24, 2026
52.22
52.30
51.85
52.04
51.26
37,900
Mar 23, 2026
52.31
52.76
52.19
52.30
51.52
38,800
Mar 20, 2026
52.55
52.55
51.51
51.78
51.01
44,300
Mar 19, 2026
52.60
52.71
52.10
52.59
51.80
23,100
Mar 18, 2026
53.29
53.29
52.66
52.70
51.91
24,200
Mar 17, 2026
53.01
53.25
53.00
53.20
52.40
18,800
Mar 16, 2026
52.61
53.20
52.61
52.98
52.19
18,900
Mar 13, 2026
52.78
53.03
52.51
52.56
51.78
17,700
Mar 12, 2026
53.20
53.20
52.79
52.81
52.02
17,800
Mar 11, 2026
53.38
53.52
53.20
53.40
52.60
20,700
Mar 10, 2026
53.31
53.61
53.19
53.35
52.55
12,600
Mar 9, 2026
52.81
53.32
52.32
53.32
52.52
21,400
Mar 6, 2026
52.86
53.15
52.75
52.82
52.03
19,500
Mar 5, 2026
53.09
53.51
52.94
53.42
52.62
15,900
Mar 4, 2026
53.06
53.56
53.05
53.46
52.65
28,800
Mar 3, 2026
52.45
53.03
52.40
52.97
52.17
16,600
Mar 2, 2026
52.60
53.40
52.60
53.38
52.58
26,100
Feb 27, 2026
52.89
53.42
52.87
53.32
52.52
42,700
Feb 26, 2026
54.01
54.01
52.97
53.43
52.63
25,200
Feb 25, 2026
0.399 Dividend 

Feb 25, 2026
53.68
53.90
53.36
53.83
53.02
32,800
Feb 24, 2026
53.60
53.82
53.09
53.75
52.55
26,100
Feb 23, 2026
53.75
53.75
53.06
53.42
52.23
33,000
Feb 20, 2026
53.40
53.77
53.30
53.76
52.56
18,400
Feb 19, 2026
53.41
53.54
53.20
53.38
52.19
30,500
Feb 18, 2026
53.44
53.75
53.24
53.58
52.38
16,700
Feb 17, 2026
52.96
53.39
52.72
53.20
52.02
21,300
Feb 13, 2026
53.02
53.58
53.00
53.26
52.07
14,500
Feb 12, 2026
53.80
53.94
53.14
53.19
52.00
23,300
Feb 11, 2026
54.28
54.28
53.68
53.89
52.69
25,700
Feb 10, 2026
54.07
54.15
53.79
53.85
52.65
22,600
Feb 9, 2026
53.51
54.13
53.42
54.02
52.81
26,400
Feb 6, 2026
53.61
53.69
53.05
53.69
52.49
19,700
Feb 5, 2026
52.76
53.29
52.67
52.81
51.63
23,500
Feb 4, 2026
53.73
53.95
52.99
53.31
52.12
37,200
Feb 3, 2026
54.65
54.65
53.62
53.92
52.71
41,300
Feb 2, 2026
54.28
54.65
54.23
54.54
53.32
36,800
Jan 30, 2026
54.50
54.68
54.03
54.31
53.10
53,000
Jan 29, 2026
54.75
54.75
54.06
54.68
53.46
54,800
Jan 28, 2026
0.411 Dividend 

Jan 28, 2026
55.00
55.00
54.62
54.68
53.46
45,000
Jan 27, 2026
54.99
55.21
54.82
55.14
53.51
24,800
Jan 26, 2026
54.72
55.00
54.63
54.87
53.25
44,900
Jan 23, 2026
54.58
54.87
54.55
54.72
53.10
26,200
Jan 22, 2026
54.69
54.70
54.34
54.60
52.99
25,200
Jan 21, 2026
54.01
54.47
53.85
54.40
52.79
34,300
Jan 20, 2026
54.32
54.32
53.76
53.90
52.30
32,800
Jan 16, 2026
54.67
54.86
54.48
54.67
53.05
34,500
Jan 15, 2026
54.90
55.00
54.68
54.70
53.08
17,500
Jan 14, 2026
54.76
54.76
54.26
54.51
52.90
31,700
Jan 13, 2026
54.90
54.94
54.62
54.83
53.21
40,600
Jan 12, 2026
54.84
54.95
54.65
54.93
53.30
49,300
Jan 9, 2026
54.92
54.92
54.50
54.85
53.23
27,600
Jan 8, 2026
54.80
54.85
54.30
54.50
52.88
30,000
Jan 7, 2026
54.83
54.90
54.49
54.66
53.05
47,800
Jan 6, 2026
54.37
54.71
54.27
54.68
53.06
31,200
Jan 5, 2026
54.50
54.84
54.22
54.34
52.73
65,200
Jan 2, 2026
54.38
54.74
54.00
54.18
52.58
41,800
Dec 31, 2025
54.73
54.95
54.26
54.30
52.70
28,600
Dec 30, 2025
54.55
54.75
54.55
54.63
53.01
19,500
Dec 29, 2025
54.76
54.76
54.52
54.68
53.06
32,900
Dec 26, 2025
54.70
55.04
54.53
54.88
53.26
31,400
Dec 24, 2025
0.412 Dividend 

Dec 24, 2025
54.80
55.10
54.66
54.79
53.17
26,100
Dec 23, 2025
54.99
55.37
54.94
55.31
53.27
27,100
Dec 22, 2025
54.90
55.00
54.78
54.95
52.93
22,500
Dec 19, 2025
54.02
54.69
54.00
54.59
52.58
35,100
Dec 18, 2025
54.17
54.34
53.98
54.13
52.14
15,300
Dec 17, 2025
54.51
54.51
53.57
53.58
51.61
27,100
Dec 16, 2025
54.21
54.37
54.06
54.31
52.31
25,600
Dec 15, 2025
54.50
54.57
54.13
54.22
52.22
32,600
Dec 12, 2025
54.97
54.97
54.30
54.40
52.40
23,100
Dec 11, 2025
55.03
55.07
54.60
55.03
53.01
22,100
Dec 10, 2025
54.98
55.19
54.78
55.11
53.08
26,600
Dec 9, 2025
54.90
55.01
54.82
54.95
52.92
53,700
Dec 8, 2025
55.05
55.13
54.76
54.84
52.82
23,600
Dec 5, 2025
54.77
55.06
54.77
54.92
52.90
17,300
Dec 4, 2025
54.79
54.90
54.59
54.67
52.66
17,700
Dec 3, 2025
54.56
54.84
54.56
54.76
52.74
13,000
Dec 2, 2025
54.08
54.88
54.08
54.74
52.73
18,000
Dec 1, 2025
54.10
54.62
54.10
54.41
52.41
47,400
Nov 28, 2025
54.32
54.63
54.32
54.56
52.55
36,000
Nov 26, 2025
0.406 Dividend 

Nov 26, 2025
54.21
54.42
54.07
54.33
52.32
19,800
Nov 25, 2025
54.36
54.37
53.74
54.36
51.96
13,900
Nov 24, 2025
53.79
54.23
53.51
54.17
51.79
23,800
Nov 21, 2025
52.80
53.60
52.61
53.24
50.89
47,900
Nov 20, 2025
54.26
54.63
52.92
52.93
50.60
38,500
Nov 19, 2025
54.37
54.37
53.65
53.78
51.41
41,100
Nov 18, 2025
53.74
54.03
53.29
53.67
51.31
17,700
Nov 17, 2025
54.05
54.58
53.86
54.08
51.70
24,800
Nov 14, 2025
53.66
54.58
53.55
54.30
51.91
27,600
Nov 13, 2025
54.62
54.80
54.14
54.29
51.90
19,800
Nov 12, 2025
55.23
55.55
54.85
55.01
52.59
16,100
Nov 11, 2025
54.88
55.16
54.26
55.08
52.65
44,200
Nov 10, 2025
54.56
55.23
54.53
55.19
52.77
21,300
Nov 7, 2025
54.21
54.36
53.68
54.36
51.97
21,500
Nov 6, 2025
55.01
55.01
54.41
54.44
52.05
13,500
Nov 5, 2025
54.78
55.30
54.78
55.13
52.71
19,900
Nov 4, 2025
55.30
55.32
54.80
54.80
52.39
37,600
Nov 3, 2025
55.40
55.74
55.38
55.59
53.14
37,800
Oct 31, 2025
55.31
55.68
55.30
55.50
53.06
16,700
Oct 30, 2025
55.72
55.75
55.31
55.38
52.94
15,800
Oct 29, 2025
55.70
55.90
55.38
55.62
53.17
16,700
Oct 28, 2025
55.52
55.55
55.45
55.49
53.05
15,000
Oct 27, 2025
55.04
55.47
54.98
55.44
53.00
31,900
Oct 24, 2025
55.00
55.00
54.84
54.98
52.56
37,400
Oct 23, 2025
54.39
54.76
54.25
54.68
52.27
39,000
Oct 22, 2025
0.413 Dividend 

Oct 22, 2025
54.94
54.94
54.10
54.38
51.99
17,000
Oct 21, 2025
55.09
55.14
54.89
55.03
52.21
11,200
Oct 20, 2025
54.74
55.09
54.69
55.01
52.20
19,700
Oct 17, 2025
54.42
54.72
54.11
54.63
51.83
26,500
Oct 16, 2025
54.77
54.93
54.10
54.35
51.57
19,900
Oct 15, 2025
54.34
54.75
54.11
54.47
51.68
24,700
Oct 14, 2025
53.93
54.51
53.58
54.33
51.55
20,400
Oct 13, 2025
54.49
54.83
54.30
54.49
51.71
20,600
Oct 10, 2025
54.99
55.01
53.76
53.79
51.04
32,800
Oct 9, 2025
54.99
54.99
54.77
54.88
52.07
26,200
Oct 8, 2025
54.56
55.00
54.56
54.92
52.11
13,700
Oct 7, 2025
55.00
55.00
54.51
54.62
51.82
10,400
Oct 6, 2025
54.95
54.95
54.59
54.80
51.99
23,300
Oct 3, 2025
54.51
54.75
54.46
54.51
51.72
21,900
Oct 2, 2025
54.63
54.72
54.46
54.57
51.78
21,000
Oct 1, 2025
54.08
54.65
54.08
54.59
51.80
19,800
Sep 30, 2025
54.40
54.46
54.21
54.40
51.61
28,600
Sep 29, 2025
54.31
54.47
54.30
54.35
51.56
18,600
Sep 26, 2025
54.35
54.35
53.99
54.22
51.44
30,800
Sep 25, 2025
53.71
54.25
53.71
54.11
51.34
22,300
Sep 24, 2025
0.411 Dividend 

Sep 24, 2025
54.44
54.44
54.03
54.14
51.37
20,600
Sep 23, 2025
54.92
54.92
54.54
54.65
51.46
36,300
Sep 22, 2025
54.61
54.80
54.61
54.72
51.53
17,100
Sep 19, 2025
54.70
54.71
54.47
54.58
51.40
13,700
Sep 18, 2025
54.46
54.55
54.33
54.49
51.31
13,700
Sep 17, 2025
54.14
54.24
54.01
54.24
51.07
21,600
Sep 16, 2025
54.23
54.34
54.15
54.22
51.06
49,300
Sep 15, 2025
53.99
54.31
53.90
54.26
51.10
26,700
Sep 12, 2025
54.00
54.11
53.86
54.07
50.91
17,100
Sep 11, 2025
53.75
54.09
53.75
54.00
50.85
19,000
Sep 10, 2025
53.99
53.99
53.66
53.76
50.62
11,500
Sep 9, 2025
53.46
53.83
53.46
53.71
50.57
6,100
Sep 8, 2025
53.37
53.82
53.30
53.68
50.55
24,000
Sep 5, 2025
53.60
53.74
53.24
53.50
50.38
24,800
Sep 4, 2025
53.28
53.41
53.20
53.35
50.24
12,800
Sep 3, 2025
52.95
53.25
52.95
53.20
50.10
23,600
Sep 2, 2025
53.06
53.06
52.63
52.95
49.86
15,500
Aug 29, 2025
53.39
53.39
53.05
53.11
50.01
22,600
Aug 28, 2025
53.59
53.64
53.27
53.58
50.46
29,000
Aug 27, 2025
53.08
53.41
53.07
53.24
50.13
28,400
Aug 26, 2025
53.17
53.31
53.10
53.25
50.15
24,000
Aug 25, 2025
53.15
53.36
53.13
53.20
50.09
21,700
Aug 22, 2025
52.72
53.33
52.72
53.23
50.13
30,800
Aug 21, 2025
52.81
53.05
52.55
52.72
49.65
22,600
Aug 20, 2025
0.42 Dividend 

Aug 20, 2025
53.40
53.40
52.43
52.83
49.75
32,400
Aug 19, 2025
53.76
53.80
53.38
53.44
49.93
28,500
Aug 18, 2025
53.88
53.93
53.69
53.85
50.31
20,000
Aug 15, 2025
54.06
54.06
53.75
53.78
50.25
36,900
Aug 14, 2025
53.53
54.10
53.53
53.94
50.39
12,700
Aug 13, 2025
54.00
54.07
53.87
53.94
50.40
23,100
Aug 12, 2025
53.75
53.95
53.65
53.89
50.35
12,600
Aug 11, 2025
53.54
53.79
53.54
53.54
50.03
16,000
Aug 8, 2025
53.43
53.60
53.37
53.55
50.03
20,000
Aug 7, 2025
53.44
53.49
53.06
53.23
49.74
10,500
Aug 6, 2025
52.74
53.28
52.74
53.21
49.72
10,300
Aug 5, 2025
53.27
53.27
52.29
52.77
49.30
27,600
Aug 4, 2025
52.89
52.95
52.56
52.90
49.42
18,600
Aug 1, 2025
52.81
52.81
52.25
52.31
48.87
14,500
Jul 31, 2025
53.50
53.50
52.94
53.01
49.53
16,500
Jul 30, 2025
53.38
53.38
53.03
53.11
49.62
42,300
Jul 29, 2025
53.48
53.48
52.97
53.08
49.60
13,500
Jul 28, 2025
53.13
53.15
53.05
53.06
49.57
23,100
Jul 25, 2025
53.06
53.08
52.84
53.02
49.54
19,300
Jul 24, 2025
52.88
53.08
52.88
52.99
49.51
19,100
Jul 23, 2025
0.426 Dividend 

Jul 23, 2025
52.46
53.01
52.46
52.85
49.38
21,500
Jul 22, 2025
53.20
53.29
53.05
53.19
49.29
19,000
Jul 21, 2025
53.21
53.49
53.19
53.35
49.44
16,800
Jul 18, 2025
53.05
53.18
52.96
53.03
49.15
13,700
Jul 17, 2025
52.97
53.05
52.83
52.99
49.11
31,800
Jul 16, 2025
53.19
53.19
52.67
52.92
49.04
19,600
Jul 15, 2025
52.75
52.98
52.75
52.95
49.07
11,400
Jul 14, 2025
52.70
52.89
52.50
52.89
49.02
15,400
Jul 11, 2025
52.60
52.79
52.54
52.57
48.72
15,300
Jul 10, 2025
52.56
52.81
52.53
52.65
48.80
17,800
Jul 9, 2025
52.89
52.97
52.53
52.74
48.88
14,200
Jul 8, 2025
52.47
52.64
52.47
52.50
48.66
13,800
Jul 7, 2025
52.43
52.72
52.43
52.52
48.67
21,800
Jul 3, 2025
52.49
52.79
52.45
52.75
48.89
42,400
Jul 2, 2025
52.15
52.40
52.15
52.30
48.47
10,500
Jul 1, 2025
52.34
52.35
52.00
52.19
48.37
16,300
Jun 30, 2025
52.30
52.47
52.28
52.38
48.55
13,500
Jun 27, 2025
52.39
52.47
52.12
52.30
48.47
36,800
Jun 26, 2025
51.94
52.26
51.94
52.15
48.33
15,200
Jun 25, 2025
0.416 Dividend 

Jun 25, 2025
52.23
52.23
51.86
52.05
48.24
11,900
Jun 24, 2025
52.10
52.50
52.10
52.39
48.17
20,100
Jun 23, 2025
51.25
52.00
51.25
51.99
47.80
21,700
Jun 20, 2025
51.77
51.94
51.48
51.52
47.37
20,700
Jun 18, 2025
51.75
51.93
51.63
51.67
47.51
14,100
Jun 17, 2025
51.99
51.99
51.65
51.75
47.58
16,000
Jun 16, 2025
51.99
51.99
51.71
51.99
47.80
17,200
Jun 13, 2025
51.51
51.82
51.50
51.50
47.35
34,000
Jun 12, 2025
51.76
51.97
51.70
51.93
47.75
16,300
Jun 11, 2025
51.82
52.00
51.70
51.80
47.63
16,900
Jun 10, 2025
51.81
51.95
51.67
51.95
47.76
14,200
Jun 9, 2025
51.67
51.79
51.61
51.73
47.56
27,700
Jun 6, 2025
51.61
51.75
51.56
51.67
47.51
19,100
Jun 5, 2025
51.71
51.81
51.27
51.38
47.24
31,700
Jun 4, 2025
51.50
51.65
51.45
51.53
47.38
24,400
Jun 3, 2025
51.41
51.50
51.20
51.50
47.35
20,800
Jun 2, 2025
51.23
51.24
50.85
51.24
47.11
8,000
May 30, 2025
51.36
51.36
50.78
51.14
47.02
8,900
May 29, 2025
51.10
51.15
50.93
50.97
46.86
17,700
May 28, 2025
51.63
51.63
50.90
51.04
46.93
11,000
May 27, 2025
50.69
51.11
50.69
51.00
46.89
22,400
