Date
Open
High
Low
Close 

Adj Close 

Volume

May 22, 2026
56.31
56.51
56.24
56.30
56.30
7,450,600
May 21, 2026
55.82
56.24
55.78
56.14
56.14
6,391,600
May 20, 2026
0.659 Dividend 

May 20, 2026
55.70
56.06
55.59
56.04
56.04
6,332,200
May 19, 2026
56.05
56.38
55.81
56.14
55.48
7,819,300
May 18, 2026
56.57
56.58
55.97
56.34
55.68
10,583,200
May 15, 2026
56.43
56.70
56.24
56.41
55.75
7,214,000
May 14, 2026
56.69
57.01
56.65
56.93
56.26
4,394,800
May 13, 2026
56.47
56.76
56.19
56.66
55.99
4,475,600
May 12, 2026
56.40
56.46
55.78
56.32
55.66
7,276,500
May 11, 2026
56.47
56.67
56.40
56.59
55.93
5,018,100
May 8, 2026
55.99
56.50
55.97
56.50
55.84
5,244,400
May 7, 2026
55.80
56.02
55.54
55.71
55.06
6,689,500
May 6, 2026
55.35
55.75
55.28
55.72
55.07
6,053,900
May 5, 2026
54.85
55.08
54.81
54.99
54.34
5,156,600
May 4, 2026
54.60
54.75
54.23
54.51
53.87
6,856,800
May 1, 2026
54.28
54.67
54.26
54.56
53.92
5,203,500
Apr 30, 2026
54.06
54.22
53.72
54.15
53.51
5,867,500
Apr 29, 2026
53.76
53.88
53.65
53.86
53.23
5,253,000
Apr 28, 2026
53.67
53.78
53.53
53.70
53.07
5,256,700
Apr 27, 2026
53.94
53.99
53.82
53.97
53.34
5,467,800
Apr 24, 2026
53.76
53.99
53.63
53.96
53.33
8,672,200
Apr 23, 2026
53.47
53.64
53.10
53.41
52.78
6,458,100
Apr 22, 2026
0.63 Dividend 

Apr 22, 2026
53.40
53.58
53.28
53.57
52.94
5,444,000
Apr 21, 2026
53.90
53.99
53.59
53.68
52.43
7,768,500
Apr 20, 2026
53.87
53.91
53.60
53.81
52.55
7,224,600
Apr 17, 2026
53.78
53.96
53.68
53.89
52.63
9,390,400
Apr 16, 2026
53.44
53.57
53.23
53.49
52.24
5,893,300
Apr 15, 2026
52.95
53.37
52.91
53.33
52.09
8,160,600
Apr 14, 2026
52.57
52.92
52.52
52.90
51.67
6,491,500
Apr 13, 2026
51.90
52.36
51.81
52.33
51.11
7,206,900
Apr 10, 2026
52.02
52.11
51.86
51.94
50.73
3,645,300
Apr 9, 2026
51.62
51.92
51.46
51.90
50.69
4,046,300
Apr 8, 2026
51.79
51.87
51.38
51.60
50.40
6,351,100
Apr 7, 2026
50.32
50.52
49.80
50.51
49.33
5,102,800
Apr 6, 2026
50.40
50.64
50.27
50.52
49.34
4,833,100
Apr 2, 2026
49.49
50.30
49.32
50.26
49.09
5,066,600
Apr 1, 2026
50.08
50.44
49.95
50.19
49.02
5,035,700
Mar 31, 2026
48.64
49.83
48.62
49.69
48.53
6,826,000
Mar 30, 2026
48.85
48.93
47.87
48.12
47.00
6,389,100
Mar 27, 2026
49.15
49.18
48.38
48.49
47.36
7,996,900
Mar 26, 2026
50.15
50.31
49.38
49.42
48.27
6,450,000
Mar 25, 2026
50.72
50.86
50.41
50.57
49.39
4,189,600
Mar 24, 2026
50.31
50.58
50.09
50.25
49.08
4,712,200
Mar 23, 2026
50.74
51.15
50.40
50.60
49.42
9,394,500
Mar 20, 2026
50.77
50.77
49.71
50.00
48.83
7,629,700
Mar 19, 2026
50.60
51.11
50.40
50.88
49.69
7,843,800
Mar 18, 2026
0.609 Dividend 

Mar 18, 2026
51.55
51.67
51.01
51.03
49.84
5,742,100
Mar 17, 2026
52.28
52.47
52.18
52.31
50.49
5,803,300
Mar 16, 2026
51.97
52.29
51.92
52.04
50.23
5,648,600
Mar 13, 2026
51.92
52.21
51.38
51.47
49.68
6,482,900
Mar 12, 2026
52.15
52.23
51.71
51.74
49.94
6,936,600
Mar 11, 2026
52.58
52.79
52.29
52.50
50.68
3,908,400
Mar 10, 2026
52.47
52.87
52.31
52.44
50.62
5,268,800
Mar 9, 2026
51.42
52.56
51.21
52.46
50.64
7,302,300
Mar 6, 2026
51.87
52.29
51.71
51.82
50.02
4,679,300
Mar 5, 2026
52.41
52.79
52.02
52.53
50.71
6,146,200
Mar 4, 2026
52.19
52.80
52.14
52.63
50.80
4,097,500
Mar 3, 2026
51.63
52.18
51.24
52.01
50.20
8,213,300
Mar 2, 2026
51.79
52.59
51.72
52.46
50.64
7,349,300
Feb 27, 2026
52.04
52.49
51.99
52.43
50.61
4,743,900
Feb 26, 2026
53.05
53.07
52.12
52.57
50.75
4,727,200
Feb 25, 2026
52.69
53.14
52.69
53.11
51.27
4,231,700
Feb 24, 2026
51.97
52.52
51.76
52.43
50.61
5,185,900
Feb 23, 2026
52.31
52.43
51.69
51.90
50.10
7,582,400
Feb 20, 2026
51.79
52.60
51.72
52.48
50.66
13,574,700
Feb 19, 2026
52.03
52.23
51.83
52.06
50.25
6,018,900
Feb 18, 2026
0.614 Dividend 

Feb 18, 2026
51.93
52.55
51.83
52.25
50.44
5,395,900
Feb 17, 2026
52.24
52.68
51.80
52.47
50.06
9,616,300
Feb 13, 2026
52.37
52.85
52.04
52.48
50.07
7,121,500
Feb 12, 2026
53.51
53.56
52.29
52.38
49.97
7,225,900
Feb 11, 2026
53.60
53.69
52.94
53.36
50.91
5,868,800
Feb 10, 2026
53.50
53.63
53.21
53.24
50.79
3,915,400
Feb 9, 2026
52.92
53.59
52.70
53.44
50.98
4,677,900
Feb 6, 2026
52.32
53.19
52.17
53.05
50.61
5,823,700
Feb 5, 2026
52.26
52.61
51.83
52.02
49.63
10,404,500
Feb 4, 2026
53.42
53.43
52.27
52.69
50.27
11,972,900
Feb 3, 2026
54.34
54.35
53.08
53.51
51.05
7,156,300
Feb 2, 2026
53.69
54.34
53.67
54.20
51.71
3,979,900
Jan 30, 2026
54.13
54.26
53.67
53.83
51.35
5,071,400
Jan 29, 2026
54.48
54.54
53.56
54.33
51.83
6,059,300
Jan 28, 2026
54.60
54.67
54.40
54.50
51.99
5,003,200
Jan 27, 2026
54.30
54.45
54.18
54.38
51.88
3,754,900
Jan 26, 2026
53.90
54.20
53.84
54.07
51.58
4,553,300
Jan 23, 2026
53.66
54.04
53.61
53.87
51.39
3,883,700
Jan 22, 2026
53.81
53.83
53.52
53.73
51.26
3,433,200
Jan 21, 2026
0.636 Dividend 

Jan 21, 2026
52.88
53.67
52.78
53.39
50.93
6,336,500
Jan 20, 2026
53.60
53.95
53.33
53.40
50.34
10,623,300
Jan 16, 2026
54.65
54.69
54.22
54.36
51.24
5,111,500
Jan 15, 2026
54.69
54.75
54.34
54.39
51.27
4,016,100
Jan 14, 2026
54.40
54.47
53.90
54.25
51.14
6,715,600
Jan 13, 2026
54.72
54.85
54.49
54.65
51.51
4,456,500
Jan 12, 2026
54.40
54.81
54.37
54.70
51.56
4,917,500
Jan 9, 2026
54.32
54.72
54.17
54.64
51.51
3,169,900
Jan 8, 2026
54.38
54.40
54.06
54.25
51.14
3,380,000
Jan 7, 2026
54.37
54.68
54.35
54.42
51.30
3,986,600
Jan 6, 2026
54.15
54.42
54.10
54.39
51.27
4,001,900
Jan 5, 2026
54.17
54.25
54.00
54.07
50.97
4,463,500
Jan 2, 2026
54.24
54.41
53.56
53.76
50.68
5,139,900
Dec 31, 2025
54.28
54.29
53.83
53.86
50.77
3,021,500
Dec 30, 2025
54.29
54.45
54.22
54.25
51.14
2,497,000
Dec 29, 2025
54.27
54.47
54.18
54.36
51.24
3,416,300
Dec 26, 2025
54.60
54.67
54.50
54.56
51.43
4,094,600
Dec 24, 2025
0.641 Dividend 

Dec 24, 2025
54.42
54.56
54.37
54.55
51.42
2,386,800
Dec 23, 2025
54.75
55.08
54.72
55.05
51.29
4,913,000
Dec 22, 2025
54.98
54.98
54.68
54.80
51.05
5,311,100
Dec 19, 2025
54.17
54.57
54.15
54.55
50.82
3,535,900
Dec 18, 2025
53.95
54.20
53.72
53.90
50.22
3,205,200
Dec 17, 2025
54.20
54.24
53.17
53.18
49.55
4,404,600
Dec 16, 2025
53.84
54.23
53.69
54.10
50.40
3,297,400
Dec 15, 2025
54.54
55.74
53.87
54.00
50.31
7,962,100
Dec 12, 2025
54.78
54.90
53.98
54.19
50.49
5,741,800
Dec 11, 2025
54.90
55.03
54.45
55.02
51.26
4,448,000
Dec 10, 2025
54.81
55.22
54.63
55.10
51.33
3,782,600
Dec 9, 2025
54.76
54.96
54.68
54.90
51.15
2,899,100
Dec 8, 2025
55.01
55.13
54.66
54.83
51.08
3,419,600
Dec 5, 2025
54.82
55.12
54.77
54.92
51.17
3,194,100
Dec 4, 2025
54.83
54.83
54.49
54.72
50.98
2,759,300
Dec 3, 2025
54.45
54.79
54.35
54.74
51.00
3,336,200
Dec 2, 2025
54.45
54.72
54.29
54.61
50.88
3,480,100
Dec 1, 2025
54.05
54.44
53.93
54.27
50.56
3,264,200
Nov 28, 2025
54.12
54.42
54.10
54.42
50.70
3,160,300
Nov 26, 2025
0.63 Dividend 

Nov 26, 2025
53.86
54.16
53.69
54.01
50.32
3,268,600
Nov 25, 2025
53.72
54.29
53.19
54.18
49.89
6,404,200
Nov 24, 2025
52.99
53.97
52.99
53.86
49.60
4,090,800
Nov 21, 2025
52.30
53.13
51.72
52.55
48.39
6,506,400
Nov 20, 2025
54.41
54.57
52.08
52.14
48.01
9,421,700
Nov 19, 2025
53.12
53.88
52.92
53.36
49.14
4,610,800
Nov 18, 2025
53.28
53.53
52.61
53.05
48.85
5,442,700
Nov 17, 2025
53.90
54.38
53.35
53.64
49.39
4,080,900
Nov 14, 2025
53.28
54.43
53.08
54.07
49.79
4,307,800
Nov 13, 2025
54.77
54.80
53.84
54.01
49.73
4,399,700
Nov 12, 2025
55.31
55.31
54.76
55.02
50.66
3,327,700
Nov 11, 2025
54.99
55.16
54.77
55.07
50.71
3,224,100
Nov 10, 2025
54.88
55.25
54.70
55.18
50.81
3,566,100
Nov 7, 2025
53.95
54.12
53.19
54.10
49.82
6,789,900
Nov 6, 2025
55.02
55.03
54.13
54.24
49.95
5,207,800
Nov 5, 2025
54.78
55.37
54.66
55.14
50.77
3,388,200
Nov 4, 2025
55.08
55.36
54.74
54.80
50.46
5,484,700
Nov 3, 2025
55.89
55.93
55.52
55.70
51.29
3,679,000
Oct 31, 2025
55.78
55.78
55.36
55.52
51.12
4,171,200
Oct 30, 2025
55.66
55.72
55.33
55.34
50.96
5,741,400
Oct 29, 2025
55.80
55.84
55.51
55.78
51.36
4,885,000
Oct 28, 2025
55.58
55.75
55.50
55.67
51.26
3,008,700
Oct 27, 2025
55.29
55.47
55.25
55.46
51.07
4,920,700
Oct 24, 2025
54.80
54.93
54.74
54.85
50.51
4,546,400
Oct 23, 2025
54.12
54.50
54.02
54.45
50.14
3,558,800
Oct 22, 2025
0.645 Dividend 

Oct 22, 2025
54.42
54.46
53.63
54.07
49.79
6,169,600
Oct 21, 2025
55.08
55.18
54.94
55.09
50.13
5,207,600
Oct 20, 2025
54.74
55.15
54.72
55.07
50.12
4,333,000
Oct 17, 2025
54.02
54.57
53.88
54.48
49.58
4,516,200
Oct 16, 2025
54.59
54.76
53.81
54.12
49.25
5,768,300
Oct 15, 2025
54.50
54.68
53.89
54.34
49.45
4,427,200
Oct 14, 2025
53.92
54.40
53.45
54.07
49.21
6,592,400
Oct 13, 2025
54.19
54.43
53.99
54.37
49.48
5,173,300
Oct 10, 2025
55.00
55.10
53.36
53.40
48.60
10,802,400
Oct 9, 2025
55.01
55.01
54.71
54.93
49.99
4,049,600
Oct 8, 2025
54.57
54.99
54.57
54.98
50.03
3,677,900
Oct 7, 2025
54.81
54.84
54.40
54.50
49.60
4,759,000
Oct 6, 2025
54.76
54.80
54.60
54.71
49.79
4,999,900
Oct 3, 2025
54.64
54.66
54.26
54.40
49.51
4,825,000
Oct 2, 2025
54.64
54.64
54.35
54.55
49.64
4,640,900
Oct 1, 2025
53.98
54.42
53.92
54.39
49.50
3,240,600
Sep 30, 2025
54.10
54.20
53.98
54.20
49.32
3,418,700
Sep 29, 2025
54.10
54.23
54.03
54.10
49.23
3,586,400
Sep 26, 2025
53.84
53.95
53.64
53.92
49.07
3,726,300
Sep 25, 2025
53.67
53.84
53.46
53.74
48.91
2,897,500
Sep 24, 2025
0.641 Dividend 

Sep 24, 2025
54.04
54.06
53.71
53.88
49.03
3,003,600
Sep 23, 2025
54.83
54.83
54.53
54.60
49.11
4,481,600
Sep 22, 2025
54.62
54.82
54.58
54.80
49.28
4,870,700
Sep 19, 2025
54.56
54.64
54.45
54.62
49.12
3,329,700
Sep 18, 2025
54.42
54.54
54.28
54.43
48.95
4,327,900
Sep 17, 2025
54.18
54.22
53.77
54.13
48.68
4,626,500
Sep 16, 2025
54.23
54.24
54.10
54.15
48.70
2,718,300
Sep 15, 2025
54.01
54.18
54.01
54.18
48.73
3,062,800
Sep 12, 2025
53.81
53.98
53.76
53.91
48.48
2,891,800
Sep 11, 2025
53.72
53.79
53.58
53.75
48.34
2,473,500
Sep 10, 2025
53.71
53.73
53.38
53.52
48.13
3,864,000
Sep 9, 2025
53.48
53.54
53.27
53.51
48.12
2,824,900
Sep 8, 2025
53.37
53.50
53.31
53.38
48.01
3,245,300
Sep 5, 2025
53.48
53.48
52.84
53.18
47.83
3,890,900
Sep 4, 2025
52.82
53.14
52.68
53.12
47.77
2,847,000
Sep 3, 2025
52.68
52.84
52.51
52.74
47.43
2,790,400
Sep 2, 2025
52.08
52.44
51.94
52.42
47.14
3,863,300
Aug 29, 2025
53.08
53.09
52.61
52.73
47.42
2,792,200
Aug 28, 2025
52.98
53.24
52.88
53.19
47.84
2,419,700
Aug 27, 2025
52.79
52.97
52.70
52.91
47.59
2,068,300
Aug 26, 2025
52.69
52.87
52.58
52.86
47.54
1,955,600
Aug 25, 2025
52.70
52.90
52.59
52.69
47.39
2,250,200
Aug 22, 2025
52.22
52.92
52.11
52.78
47.47
2,962,600
Aug 21, 2025
52.20
52.35
51.92
52.10
46.86
2,072,100
Aug 20, 2025
0.629 Dividend 

Aug 20, 2025
52.51
52.52
51.73
52.31
47.05
4,646,600
Aug 19, 2025
53.69
53.70
53.11
53.18
47.26
5,619,000
Aug 18, 2025
53.67
53.76
53.58
53.73
47.75
3,677,400
Aug 15, 2025
53.92
53.92
53.60
53.71
47.73
3,176,000
Aug 14, 2025
53.76
53.98
53.73
53.87
47.88
2,213,300
Aug 13, 2025
54.04
54.06
53.79
53.89
47.89
3,427,200
Aug 12, 2025
53.52
53.85
53.34
53.84
47.85
3,630,900
Aug 11, 2025
53.47
53.60
53.26
53.32
47.39
3,549,200
Aug 8, 2025
53.15
53.45
53.12
53.44
47.49
3,220,800
Aug 7, 2025
53.20
53.31
52.73
53.02
47.12
2,512,000
Aug 6, 2025
52.42
52.93
52.37
52.90
47.01
2,960,000
Aug 5, 2025
52.72
52.80
52.28
52.33
46.51
2,988,600
Aug 4, 2025
52.17
52.64
52.17
52.62
46.76
2,984,900
Aug 1, 2025
52.19
52.19
51.58
51.78
46.02
4,285,600
Jul 31, 2025
53.22
53.23
52.55
52.64
46.78
2,392,600
Jul 30, 2025
52.85
52.97
52.63
52.84
46.96
2,431,500
Jul 29, 2025
52.98
53.06
52.74
52.78
46.91
2,134,200
Jul 28, 2025
52.80
52.86
52.74
52.83
46.95
2,712,700
Jul 25, 2025
52.56
52.74
52.54
52.69
46.83
2,438,100
Jul 24, 2025
52.58
52.63
52.46
52.56
46.71
2,071,400
Jul 23, 2025
0.637 Dividend 

Jul 23, 2025
52.36
52.48
52.17
52.47
46.63
3,007,500
Jul 22, 2025
53.09
53.11
52.69
52.91
46.46
4,493,600
Jul 21, 2025
52.94
53.21
52.94
53.08
46.61
4,041,700
Jul 18, 2025
53.00
53.01
52.77
52.88
46.43
2,714,900
Jul 17, 2025
52.61
52.93
52.55
52.91
46.46
2,005,300
Jul 16, 2025
52.47
52.60
52.10
52.56
46.15
2,713,500
Jul 15, 2025
52.73
52.74
52.48
52.49
46.09
1,848,200
Jul 14, 2025
52.32
52.50
52.10
52.45
46.05
2,113,900
Jul 11, 2025
52.23
52.40
52.13
52.31
45.93
1,539,900
Jul 10, 2025
52.48
52.49
52.17
52.38
45.99
2,000,700
Jul 9, 2025
52.30
52.49
52.18
52.42
46.03
2,128,000
Jul 8, 2025
52.16
52.22
52.01
52.12
45.76
1,975,400
Jul 7, 2025
52.17
52.19
51.84
52.04
45.69
2,799,200
Jul 3, 2025
52.11
52.38
52.11
52.32
45.94
1,847,600
Jul 2, 2025
51.62
51.95
51.58
51.94
45.60
1,838,900
Jul 1, 2025
51.85
51.91
51.46
51.65
45.35
2,019,000
Jun 30, 2025
52.02
52.06
51.87
52.01
45.67
1,823,600
Jun 27, 2025
51.78
51.90
51.63
51.82
45.50
2,457,500
Jun 26, 2025
51.60
51.74
51.49
51.71
45.40
2,108,000
Jun 25, 2025
0.628 Dividend 

Jun 25, 2025
51.54
51.56
51.35
51.45
45.17
2,026,300
Jun 24, 2025
51.86
52.05
51.79
51.99
45.10
3,397,800
Jun 23, 2025
51.14
51.51
50.90
51.49
44.66
2,880,000
Jun 20, 2025
51.40
51.52
50.92
51.06
44.29
2,946,600
Jun 18, 2025
51.22
51.41
51.07
51.20
44.41
1,664,400
Jun 17, 2025
51.34
51.46
51.06
51.15
44.37
2,715,600
Jun 16, 2025
51.28
51.57
51.28
51.50
44.67
1,820,800
Jun 13, 2025
51.03
51.31
50.88
50.96
44.20
2,014,600
Jun 12, 2025
51.28
51.48
51.24
51.42
44.60
1,284,600
Jun 11, 2025
51.57
51.68
51.18
51.33
44.52
2,237,800
Jun 10, 2025
51.26
51.48
51.10
51.45
44.63
1,933,400
Jun 9, 2025
51.16
51.30
51.09
51.22
44.43
2,443,200
Jun 6, 2025
51.14
51.24
51.01
51.12
44.34
1,375,800
Jun 5, 2025
51.12
51.29
50.59
50.73
44.00
2,151,700
Jun 4, 2025
50.98
51.07
50.82
51.02
44.26
1,967,400
Jun 3, 2025
50.69
50.99
50.58
50.91
44.16
1,370,400
Jun 2, 2025
50.21
50.61
50.07
50.59
43.88
1,202,600
May 30, 2025
50.36
50.41
49.89
50.36
43.68
1,106,600
May 29, 2025
50.67
50.67
50.18
50.36
43.68
1,263,000
May 28, 2025
50.46
50.52
50.22
50.28
43.61
1,076,300
May 27, 2025
50.08
50.42
49.99
50.39
43.71
1,574,400
May 23, 2025
49.39
49.79
49.36
49.62
43.04
1,321,300
May 22, 2025
49.91
50.13
49.78
49.91
43.29
1,187,300
May 21, 2025
0.637 Dividend 

May 21, 2025
50.06
50.43
49.72
49.85
43.24
1,206,400
May 20, 2025
50.89
50.96
50.71
50.91
43.61
1,437,100
May 19, 2025
50.59
51.03
50.56
51.00
43.68
1,693,500
May 16, 2025
50.95
50.99
50.73
50.98
43.67
971,700
May 15, 2025
50.68
50.99
50.57
50.84
43.55
1,079,700
May 14, 2025
50.70
50.82
50.61
50.77
43.49
1,344,600
May 13, 2025
50.24
50.72
50.20
50.62
43.36
1,459,700
May 12, 2025
50.14
50.19
49.71
50.13
42.94
1,221,700
May 9, 2025
48.89
48.97
48.58
48.72
41.73
1,007,200
May 8, 2025
48.73
49.03
48.41
48.71
41.72
842,700
May 7, 2025
48.23
48.52
47.82
48.35
41.41
842,200
May 6, 2025
48.01
48.47
47.94
48.18
41.27
774,100
May 5, 2025
48.37
48.74
48.37
48.52
41.56
592,300
May 2, 2025
48.54
48.85
48.40
48.72
41.73
665,300
May 1, 2025
48.25
48.54
48.06
48.11
41.21
602,800
Apr 30, 2025
46.93
47.80
46.53
47.65
40.82
559,000
Apr 29, 2025
47.19
47.73
47.15
47.63
40.80
429,500
Apr 28, 2025
47.42
47.56
46.83
47.40
40.60
519,300
Apr 25, 2025
46.90
47.40
46.72
47.35
40.56
650,200
Apr 24, 2025
45.92
46.91
45.90
46.89
40.16
568,200
Apr 23, 2025
0.531 Dividend 

Apr 23, 2025
46.14
46.54
45.59
45.75
39.19
1,100,000
Apr 22, 2025
44.74
45.61
44.69
45.32
38.36
727,500
Apr 21, 2025
44.77
44.85
43.72
44.27
37.48
852,600
Apr 17, 2025
45.56
45.65
45.06
45.31
38.36
478,400
Apr 16, 2025
45.77
46.08
44.70
45.32
38.36
835,800
Apr 15, 2025
46.57
46.90
46.42
46.58
39.43
569,500
Apr 14, 2025
47.04
47.10
46.05
46.47
39.34
835,900
Apr 11, 2025
45.26
46.20
44.96
46.11
39.03
653,400
Apr 10, 2025
46.06
46.18
44.06
45.35
38.39
1,401,300
Apr 9, 2025
42.44
47.27
42.42
47.11
39.88
1,667,400
Apr 8, 2025
44.71
45.14
41.93
42.51
35.99
1,922,600
Apr 7, 2025
41.71
45.00
41.17
43.25
36.61
1,980,900
Apr 4, 2025
44.62
44.83
43.18
43.22
36.59
1,943,400
Apr 3, 2025
46.36
46.66
45.78
45.88
38.84
1,181,100
Apr 2, 2025
47.33
48.25
47.24
48.01
40.64
834,500
Apr 1, 2025
47.31
47.78
47.04
47.73
40.40
332,100
Mar 31, 2025
46.72
47.52
46.25
47.43
40.15
683,200
Mar 28, 2025
48.54
48.56
47.33
47.44
40.16
847,100
Mar 27, 2025
48.79
49.13
48.53
48.68
41.21
422,000
Mar 26, 2025
0.587 Dividend 

Mar 26, 2025
49.69
49.78
48.79
48.96
41.45
619,900
Mar 25, 2025
50.20
50.42
50.11
50.40
42.17
959,200
Mar 24, 2025
49.85
50.20
49.78
50.14
41.95
820,200
Mar 21, 2025
48.48
49.17
48.34
49.14
41.11
563,100
Mar 20, 2025
48.75
49.47
48.68
48.97
40.97
719,200
Mar 19, 2025
48.71
49.52
48.53
49.12
41.10
563,900
Mar 18, 2025
49.01
49.01
48.29
48.50
40.58
530,900
Mar 17, 2025
48.96
49.57
48.80
49.28
41.23
670,900
Mar 14, 2025
48.42
49.03
48.29
48.99
40.99
502,400
Mar 13, 2025
48.69
48.69
47.69
47.85
40.03
483,700
Mar 12, 2025
48.91
49.04
48.20
48.73
40.77
466,100
Mar 11, 2025
48.30
48.81
47.71
48.19
40.32
592,300
Mar 10, 2025
49.27
49.31
47.88
48.31
40.42
933,000
Mar 7, 2025
49.62
50.10
48.97
50.03
41.86
742,100
Mar 6, 2025
50.15
50.53
49.46
49.66
41.55
508,600
Mar 5, 2025
50.41
50.97
49.92
50.86
42.55
455,200
Mar 4, 2025
50.07
50.95
49.56
50.33
42.11
738,800
Mar 3, 2025
51.56
51.67
50.13
50.42
42.18
609,000
Feb 28, 2025
50.57
51.33
50.20
51.31
42.93
596,000
Feb 27, 2025
52.22
52.28
50.51
50.59
42.33
609,800
Feb 26, 2025
0.614 Dividend 

Feb 26, 2025
52.00
52.33
51.58
51.89
43.41
575,100
Feb 25, 2025
52.85
52.89
52.03
52.40
43.33
507,200
Feb 24, 2025
53.64
53.65
52.92
52.97
43.80
953,300
Feb 21, 2025
54.42
54.44
53.41
53.44
44.19
812,600
Feb 20, 2025
54.36
54.39
53.90
54.26
44.87
540,400
Feb 19, 2025
54.30
54.47
54.15
54.40
44.98
476,000
Feb 18, 2025
54.42
54.43
54.12
54.32
44.92
668,200
Feb 14, 2025
54.11
54.25
54.03
54.22
44.83
326,600
Feb 13, 2025
53.69
54.06
53.57
54.06
44.70
348,400
Feb 12, 2025
53.10
53.56
53.02
53.53
44.26
350,500
Feb 11, 2025
53.33
53.59
53.31
53.47
44.21
320,600
Feb 10, 2025
53.47
53.61
53.32
53.56
44.29
467,600
Feb 7, 2025
53.57
53.72
52.98
53.06
43.87
470,800
Feb 6, 2025
53.34
53.53
53.23
53.53
44.26
349,100
Feb 5, 2025
52.97
53.29
52.82
53.29
44.06
427,000
Feb 4, 2025
52.66
53.13
52.60
53.11
43.91
445,700
Feb 3, 2025
52.25
52.80
51.97
52.58
43.48
389,600
Jan 31, 2025
53.26
53.53
52.79
52.92
43.76
269,800
Jan 30, 2025
52.90
53.15
52.59
52.95
43.78
289,500
Jan 29, 2025
52.95
52.95
52.42
52.75
43.62
226,100
Jan 28, 2025
52.39
52.91
52.01
52.83
43.68
446,700
Jan 27, 2025
52.00
52.50
51.85
52.18
43.15
702,100
Jan 24, 2025
53.61
53.61
53.23
53.35
44.11
324,700
Jan 23, 2025
53.27
53.54
53.25
53.53
44.26
283,100
Jan 22, 2025
0.624 Dividend 

Jan 22, 2025
53.34
53.55
53.26
53.45
44.20
509,400
Jan 21, 2025
53.66
53.70
53.25
53.62
43.82
747,500
Jan 17, 2025
53.47
53.48
53.16
53.37
43.62
347,800
Jan 16, 2025
53.17
53.24
52.69
52.70
43.07
229,800
Jan 15, 2025
52.61
53.05
52.54
52.96
43.28
227,900
Jan 14, 2025
52.34
52.35
51.66
51.92
42.43
250,600
Jan 13, 2025
51.59
52.01
51.42
51.98
42.48
320,500
Jan 10, 2025
52.53
52.53
51.77
52.12
42.59
402,200
Jan 8, 2025
52.70
52.81
52.35
52.72
43.09
224,600
Jan 7, 2025
53.50
53.54
52.53
52.70
43.07
286,600
Jan 6, 2025
53.35
53.60
53.20
53.35
43.60
435,900
Jan 3, 2025
52.48
53.03
52.45
52.96
43.28
278,400
Jan 2, 2025
52.60
52.77
51.94
52.28
42.73
365,100
Dec 31, 2024
52.81
52.88
52.28
52.37
42.80
251,900
Dec 30, 2024
52.63
52.95
52.35
52.71
43.08
486,100
Dec 27, 2024
53.45
53.48
52.80
53.15
43.44
249,900
Dec 26, 2024
53.54
53.64
53.33
53.55
43.76
359,100
Dec 24, 2024
0.622 Dividend 

Dec 24, 2024
53.22
53.57
53.15
53.57
43.78
188,800
Dec 23, 2024
53.33
53.67
53.08
53.67
43.35
392,800
Dec 20, 2024
52.51
53.56
52.43
53.17
42.95
363,800
Dec 19, 2024
53.23
53.32
52.76
52.81
42.66
566,600
Dec 18, 2024
54.09
54.18
52.81
52.94
42.76
485,200
Dec 17, 2024
54.25
54.25
54.00
54.08
43.68
336,000
Dec 16, 2024
54.00
54.28
53.87
54.22
43.80
325,600
Dec 13, 2024
53.90
54.04
53.68
53.90
43.54
170,600
Dec 12, 2024
53.77
53.81
53.62
53.67
43.35
224,500
Dec 11, 2024
53.57
53.87
53.56
53.84
43.49
260,000
Dec 10, 2024
53.53
53.56
53.19
53.27
43.03
203,700
Dec 9, 2024
53.58
53.60
53.29
53.35
43.09
195,600
Dec 6, 2024
53.40
53.71
53.38
53.60
43.30
164,100
Dec 5, 2024
53.44
53.45
53.28
53.30
43.05
273,500
Dec 4, 2024
53.20
53.40
53.14
53.40
43.13
291,800
Dec 3, 2024
52.80
53.00
52.70
53.00
42.81
225,400
Dec 2, 2024
52.50
52.90
52.50
52.86
42.70
294,700
Nov 29, 2024
52.18
52.47
52.16
52.47
42.38
135,000
Nov 27, 2024
52.30
52.30
51.95
52.16
42.13
152,300
Nov 26, 2024
52.32
52.38
52.10
52.35
42.29
261,700
Nov 25, 2024
52.28
52.41
52.02
52.18
42.15
256,000
Nov 22, 2024
51.95
52.11
51.89
52.08
42.07
253,100
Nov 21, 2024
51.93
52.08
51.47
51.99
42.00
290,100
Nov 20, 2024
0.612 Dividend 

Nov 20, 2024
51.89
51.90
51.39
51.83
41.87
415,000
Nov 19, 2024
52.04
52.52
52.04
52.49
41.91
259,600
Nov 18, 2024
52.10
52.43
52.03
52.27
41.73
399,600
Nov 15, 2024
52.54
52.56
51.86
52.02
41.53
362,700
Nov 14, 2024
53.01
53.05
52.78
52.82
42.17
189,800
Nov 13, 2024
52.99
53.11
52.81
52.96
42.28
163,400
Nov 12, 2024
52.98
53.05
52.76
52.96
42.28
176,000
Nov 11, 2024
53.10
53.10
52.84
52.98
42.30
296,600
Nov 8, 2024
52.92
53.04
52.90
52.99
42.30
221,500
Nov 7, 2024
52.66
52.95
52.61
52.92
42.25
221,000
Nov 6, 2024
52.07
52.45
52.01
52.40
41.83
448,800
Nov 5, 2024
51.02
51.47
51.02
51.42
41.05
93,700
Nov 4, 2024
51.00
51.15
50.71
50.94
40.67
170,500
Nov 1, 2024
50.89
51.25
50.85
50.98
40.70
162,500
Oct 31, 2024
51.40
51.40
50.71
50.72
40.49
217,900
Oct 30, 2024
51.88
51.93
51.63
51.68
41.26
144,600
Oct 29, 2024
51.56
51.95
51.49
51.90
41.43
149,300
Oct 28, 2024
51.75
51.85
51.56
51.59
41.19
186,600
Oct 25, 2024
51.57
51.87
51.48
51.54
41.15
202,600
Oct 24, 2024
51.30
51.38
51.10
51.33
40.98
219,000
Oct 23, 2024
0.61 Dividend 

Oct 23, 2024
51.45
51.46
50.74
51.00
40.72
311,000
Oct 22, 2024
51.94
52.26
51.88
52.19
41.18
402,600
Oct 21, 2024
52.00
52.18
51.81
52.11
41.12
352,500
Oct 18, 2024
52.04
52.12
51.96
52.07
41.08
248,500
Oct 17, 2024
52.04
52.09
51.77
51.79
40.86
177,300
Oct 16, 2024
51.72
51.77
51.43
51.74
40.82
179,200
Oct 15, 2024
52.15
52.19
51.53
51.65
40.75
263,200
Oct 14, 2024
51.95
52.18
51.95
52.13
41.13
203,800
Oct 11, 2024
51.61
51.89
51.57
51.82
40.89
142,600
Oct 10, 2024
51.64
51.83
51.52
51.74
40.82
139,300
Oct 9, 2024
51.38
51.76
51.37
51.76
40.84
139,100
Oct 8, 2024
51.06
51.50
51.02
51.50
40.63
184,500
Oct 7, 2024
51.20
51.25
50.81
50.87
40.14
175,000
Oct 4, 2024
51.25
51.37
50.93
51.36
40.52
185,900
Oct 3, 2024
50.73
51.11
50.65
50.87
40.14
153,000
Oct 2, 2024
50.72
51.01
50.51
50.90
40.16
113,900
Oct 1, 2024
51.33
51.33
50.46
50.78
40.07
176,700
Sep 30, 2024
51.06
51.33
50.93
51.33
40.50
245,400
Sep 27, 2024
51.39
51.40
51.11
51.23
40.42
176,400
Sep 26, 2024
51.55
51.55
51.08
51.33
40.50
258,600
Sep 25, 2024
0.602 Dividend 

Sep 25, 2024
51.03
51.20
51.02
51.10
40.32
224,700
Sep 24, 2024
51.63
51.71
51.30
51.64
40.27
360,000
Sep 23, 2024
51.43
51.55
51.37
51.50
40.16
313,300
Sep 20, 2024
51.36
51.44
51.02
51.34
40.04
223,100
Sep 19, 2024
51.26
51.53
51.10
51.38
40.07
382,800
Sep 18, 2024
50.67
51.08
50.38
50.42
39.32
318,900
Sep 17, 2024
50.78
50.83
50.40
50.54
39.41
155,600
Sep 16, 2024
50.48
50.56
50.23
50.53
39.40
152,400
Sep 13, 2024
50.47
50.74
50.41
50.67
39.51
178,200
Sep 12, 2024
50.16
50.52
49.96
50.43
39.33
130,100
Sep 11, 2024
49.29
50.12
48.52
50.10
39.07
130,800
Sep 10, 2024
49.03
49.22
48.62
49.17
38.34
86,800
Sep 9, 2024
48.71
48.90
48.35
48.80
38.06
145,800
Sep 6, 2024
49.40
49.41
48.19
48.28
37.65
287,800
Sep 5, 2024
49.27
49.74
49.13
49.36
38.49
141,200
Sep 4, 2024
49.22
49.69
49.11
49.40
38.52
151,700
Sep 3, 2024
50.46
50.54
49.25
49.44
38.55
234,400
Aug 30, 2024
50.57
50.73
50.16
50.73
39.56
100,800
Aug 29, 2024
50.29
50.77
50.01
50.11
39.08
135,700
Aug 28, 2024
50.60
50.65
49.83
50.15
39.11
130,500
Aug 27, 2024
50.38
50.69
50.15
50.61
39.47
172,900
Aug 26, 2024
50.91
50.91
50.28
50.46
39.35
169,400
Aug 23, 2024
50.81
51.08
50.41
50.87
39.67
158,000
Aug 22, 2024
51.22
51.22
50.29
50.33
39.25
229,900
Aug 21, 2024
0.644 Dividend 

Aug 21, 2024
50.93
51.12
50.75
51.03
39.79
239,100
Aug 20, 2024
51.54
51.69
51.31
51.50
39.66
217,100
Aug 19, 2024
51.12
51.55
50.90
51.55
39.70
256,700
Aug 16, 2024
50.87
51.11
50.72
50.99
39.27
112,000
Aug 15, 2024
50.53
50.97
50.41
50.91
39.20
128,300
Aug 14, 2024
49.98
50.08
49.50
49.94
38.46
143,500
Aug 13, 2024
49.14
49.85
49.14
49.84
38.38
228,000
Aug 12, 2024
48.70
49.05
48.51
48.75
37.54
164,000
Aug 9, 2024
48.33
48.83
48.18
48.69
37.49
122,300
Aug 8, 2024
47.73
48.48
47.42
48.36
37.24
255,100
Aug 7, 2024
48.32
48.51
47.00
47.04
36.22
349,500
Aug 6, 2024
47.08
48.28
47.00
47.55
36.62
226,700
Aug 5, 2024
45.65
47.73
45.65
47.00
36.19
460,700
Aug 2, 2024
48.76
48.81
47.97
48.40
37.27
361,800
Aug 1, 2024
50.57
50.83
49.10
49.44
38.07
153,300
Jul 31, 2024
50.12
50.62
50.00
50.47
38.87
186,500
Jul 30, 2024
49.98
49.98
48.76
49.13
37.83
184,700
Jul 29, 2024
49.97
50.07
49.51
49.77
38.33
119,600
Jul 26, 2024
49.59
49.89
49.33
49.61
38.20
177,500
Jul 25, 2024
49.71
50.09
48.89
49.11
37.82
276,400
Jul 24, 2024
0.619 Dividend 

Jul 24, 2024
50.78
50.78
49.60
49.66
38.24
296,700
Jul 23, 2024
52.05
52.16
51.82
51.85
39.45
238,300
Jul 22, 2024
51.80
52.09
51.60
52.00
39.57
228,300
Jul 19, 2024
51.83
51.89
51.25
51.34
39.06
126,100
Jul 18, 2024
52.25
52.28
51.45
51.71
39.35
207,500
Jul 17, 2024
52.52
52.56
51.88
51.95
39.53
329,000
Jul 16, 2024
53.03
53.04
52.73
52.95
40.29
189,800
Jul 15, 2024
53.01
53.17
52.77
52.89
40.24
202,500
Jul 12, 2024
52.65
53.10
52.62
52.79
40.17
223,800
Jul 11, 2024
53.30
53.30
52.50
52.61
40.03
296,600
Jul 10, 2024
53.10
53.25
52.97
53.25
40.52
136,100
Jul 9, 2024
52.99
53.05
52.83
52.91
40.26
257,300
Jul 8, 2024
52.97
52.97
52.78
52.90
40.25
250,200
Jul 5, 2024
52.61
52.87
52.53
52.81
40.18
219,100
Jul 3, 2024
52.22
52.49
52.21
52.49
39.94
149,500
Jul 2, 2024
51.81
52.23
51.73
52.21
39.73
261,700
Jul 1, 2024
51.70
51.85
51.37
51.83
39.44
176,200
Jun 28, 2024
51.81
51.91
51.61
51.61
39.27
232,300
Jun 27, 2024
51.62
51.74
51.62
51.73
39.36
423,400
Jun 26, 2024
0.623 Dividend 

Jun 26, 2024
51.62
51.67
51.55
51.65
39.30
175,700
Jun 25, 2024
52.13
52.28
52.05
52.23
39.27
168,400
Jun 24, 2024
52.21
52.23
52.00
52.02
39.11
209,300
Jun 21, 2024
52.27
52.29
52.08
52.20
39.24
240,700
Jun 20, 2024
52.50
52.50
52.10
52.21
39.25
231,100
Jun 18, 2024
52.40
52.40
52.27
52.34
39.35
231,900
Jun 17, 2024
52.16
52.43
52.08
52.36
39.36
193,000
Jun 14, 2024
52.04
52.12
51.97
52.08
39.15
146,300
Jun 13, 2024
52.14
52.14
51.90
52.04
39.12
263,600
Jun 12, 2024
51.80
52.00
51.71
51.91
39.03
140,300
Jun 11, 2024
51.33
51.56
51.23
51.54
38.75
115,200
Jun 10, 2024
51.24
51.40
51.20
51.36
38.61
151,500
Jun 7, 2024
51.27
51.46
51.16
51.27
38.54
170,200
Jun 6, 2024
51.31
51.37
51.15
51.25
38.53
171,100
Jun 5, 2024
50.85
51.20
50.78
51.19
38.48
137,500
Jun 4, 2024
50.58
50.70
50.40
50.65
38.08
108,200
Jun 3, 2024
50.74
50.74
50.13
50.50
37.97
178,300
May 31, 2024
50.45
50.46
49.85
50.42
37.91
191,900
May 30, 2024
50.65
50.65
50.31
50.36
37.86
152,100
May 29, 2024
50.63
50.70
50.54
50.57
38.02
128,500
May 28, 2024
50.80
50.83
50.63
50.76
38.16
196,500
May 24, 2024
50.61
50.75
50.50
50.69
38.11
132,700
May 23, 2024
50.75
50.79
50.33
50.42
37.91
132,500
May 22, 2024
0.613 Dividend 

May 22, 2024
50.62
50.65
50.39
50.52
37.98
160,000
May 21, 2024
51.03
51.18
51.00
51.17
38.01
144,300
May 20, 2024
51.00
51.14
50.97
51.09
37.95
312,500
May 17, 2024
50.99
51.00
50.81
50.92
37.82
115,200
May 16, 2024
51.01
51.09
50.90
50.94
37.84
103,400
May 15, 2024
50.72
50.97
50.59
50.95
37.85
112,500
May 14, 2024
50.32
50.56
50.26
50.53
37.53
105,700
May 13, 2024
50.41
50.41
50.22
50.30
37.36
159,600
May 10, 2024
50.31
50.35
50.10
50.23
37.31
101,100
May 9, 2024
50.11
50.16
49.93
50.12
37.23
112,800
May 8, 2024
49.88
50.15
49.85
50.06
37.18
86,200
May 7, 2024
50.04
50.15
49.98
50.06
37.18
87,800
May 6, 2024
49.81
50.00
49.73
50.00
37.14
106,900
May 3, 2024
49.66
49.67
49.40
49.62
36.86
96,100
May 2, 2024
48.81
48.97
48.32
48.88
36.31
108,200
May 1, 2024
48.54
49.05
48.31
48.46
36.00
155,000
Apr 30, 2024
49.40
49.50
48.65
48.68
36.16
103,400
Apr 29, 2024
49.63
49.65
49.27
49.53
36.79
114,400
Apr 26, 2024
49.03
49.51
48.95
49.35
36.66
205,000
Apr 25, 2024
48.06
48.69
47.90
48.60
36.10
141,700
Apr 24, 2024
0.587 Dividend 

Apr 24, 2024
49.05
49.19
48.61
48.88
36.31
155,500
Apr 23, 2024
48.85
49.40
48.80
49.28
36.17
199,700
Apr 22, 2024
48.45
48.83
48.01
48.55
35.63
162,500
Apr 19, 2024
48.95
49.00
47.94
48.10
35.30
177,600
Apr 18, 2024
49.43
49.58
49.00
49.08
36.02
125,800
Apr 17, 2024
50.11
50.13
49.24
49.36
36.23
113,000
Apr 16, 2024
49.86
50.13
49.73
49.89
36.62
78,400
Apr 15, 2024
50.98
50.98
49.78
49.88
36.61
140,300
Apr 12, 2024
50.90
50.95
50.41
50.53
37.09
205,900
Apr 11, 2024
50.79
51.30
50.53
51.27
37.63
144,300
Apr 10, 2024
50.50
50.64
50.39
50.59
37.13
117,000
Apr 9, 2024
51.00
51.01
50.47
50.86
37.33
140,100
Apr 8, 2024
50.84
50.92
50.62
50.76
37.26
88,500
Apr 5, 2024
50.39
50.91
50.30
50.72
37.23
79,600
Apr 4, 2024
51.22
51.29
50.22
50.24
36.87
130,700
Apr 3, 2024
50.61
51.02
50.61
50.84
37.31
79,300
Apr 2, 2024
50.72
50.78
50.48
50.77
37.26
143,900
Apr 1, 2024
51.10
51.29
50.92
51.09
37.50
98,900
Mar 28, 2024
51.08
51.09
50.94
51.01
37.44
97,500
Mar 27, 2024
51.14
51.16
50.76
51.03
37.45
131,300
Mar 26, 2024
51.18
51.18
50.84
50.92
37.37
102,300
Mar 25, 2024
51.05
51.06
50.77
50.98
37.42
179,300
Mar 22, 2024
50.98
51.14
50.90
51.07
37.48
104,300
Mar 21, 2024
51.26
51.26
50.96
51.01
37.44
77,000
Mar 20, 2024
0.605 Dividend 

Mar 20, 2024
50.47
50.80
50.29
50.75
37.25
102,900
Mar 19, 2024
50.67
50.96
50.42
50.95
36.95
150,200
Mar 18, 2024
51.08
51.13
50.80
50.84
36.87
204,500
Mar 15, 2024
50.67
50.96
50.25
50.40
36.55
90,200
Mar 14, 2024
51.11
51.11
50.63
50.82
36.86
35,400
Mar 13, 2024
51.20
51.20
50.85
50.97
36.97
59,800
Mar 12, 2024
50.92
51.26
50.63
51.24
37.16
47,500
Mar 11, 2024
50.73
50.95
50.44
50.63
36.72
75,600
Mar 8, 2024
52.06
52.06
50.70
50.80
36.84
28,300
Mar 7, 2024
51.04
51.37
50.98
51.30
37.20
27,300
Mar 6, 2024
50.98
51.00
50.66
50.76
36.81
29,100
Mar 5, 2024
51.01
51.05
50.33
50.49
36.62
41,300
Mar 4, 2024
51.33
51.40
51.15
51.16
37.10
56,600
Mar 1, 2024
50.80
51.32
50.80
51.28
37.19
27,100
Feb 29, 2024
50.67
50.81
50.52
50.80
36.84
21,000
Feb 28, 2024
50.53
50.53
50.34
50.42
36.57
28,800
Feb 27, 2024
50.62
50.65
50.43
50.62
36.71
21,000
Feb 26, 2024
50.60
50.68
50.49
50.51
36.63
53,500
Feb 23, 2024
50.76
50.76
50.45
50.54
36.65
30,800
Feb 22, 2024
50.47
50.57
50.20
50.55
36.66
21,700
Feb 21, 2024
0.594 Dividend 

Feb 21, 2024
49.48
49.48
49.18
49.40
35.83
16,000
Feb 20, 2024
50.32
50.32
49.86
50.12
35.92
17,700
Feb 16, 2024
50.84
50.84
50.42
50.42
36.13
18,700
Feb 15, 2024
50.77
50.77
50.55
50.67
36.31
8,600
Feb 14, 2024
50.73
50.73
50.30
50.64
36.29
29,700
Feb 13, 2024
50.31
51.13
49.97
51.13
36.64
40,500
Feb 12, 2024
51.13
51.13
50.70
51.06
36.59
15,500
Feb 9, 2024
50.93
50.96
50.61
50.96
36.52
21,100
Feb 8, 2024
50.69
50.69
50.48
50.52
36.21
7,800
Feb 7, 2024
50.54
50.60
50.24
50.60
36.26
44,900
Feb 6, 2024
50.65
50.65
49.86
50.01
35.84
20,500
Feb 5, 2024
50.37
50.37
49.95
50.14
35.93
25,600
Feb 2, 2024
53.70
53.70
49.69
50.16
35.95
53,400
Feb 1, 2024
49.39
49.61
49.28
49.54
35.51
11,800
Jan 31, 2024
49.47
49.47
49.14
49.14
35.21
19,200
Jan 30, 2024
50.00
50.03
49.78
49.84
35.71
5,000
