Date
Open
High
Low
Close 

Adj Close 

Volume
Jun 5, 2026
18.85
18.85
18.13
18.22
18.22
72,200
Jun 4, 2026
19.00
19.15
18.90
19.10
19.10
39,000
Jun 3, 2026
19.21
19.21
19.08
19.15
19.15
23,600
Jun 2, 2026
19.12
19.21
19.06
19.21
19.21
66,100
Jun 1, 2026
0.321 Dividend 

Jun 1, 2026
19.11
19.22
19.00
19.17
19.17
66,200
May 29, 2026
19.39
19.45
19.30
19.39
19.07
82,700
May 28, 2026
19.17
19.34
19.06
19.33
19.01
68,000
May 27, 2026
19.22
19.22
19.03
19.15
18.83
37,000
May 26, 2026
18.98
19.17
18.98
19.14
18.82
80,600
May 22, 2026
18.86
18.92
18.78
18.84
18.53
19,300
May 21, 2026
18.65
18.84
18.60
18.75
18.43
17,700
May 20, 2026
18.51
18.73
18.50
18.71
18.40
29,600
May 19, 2026
18.49
18.56
18.28
18.44
18.13
27,500
May 18, 2026
18.65
18.72
18.34
18.53
18.23
33,800
May 15, 2026
18.68
18.73
18.54
18.61
18.31
22,700
May 14, 2026
18.79
18.94
18.78
18.88
18.57
22,400
May 13, 2026
18.61
18.80
18.58
18.75
18.44
25,500
May 12, 2026
18.61
18.66
18.33
18.60
18.29
54,800
May 11, 2026
18.60
18.75
18.58
18.67
18.37
33,000
May 8, 2026
18.41
18.69
18.41
18.68
18.37
52,200
May 7, 2026
18.29
18.37
18.20
18.25
17.95
19,300
May 6, 2026
18.05
18.28
18.05
18.23
17.93
140,200
May 5, 2026
17.78
17.97
17.78
17.91
17.61
49,000
May 4, 2026
17.70
17.78
17.67
17.72
17.43
66,200
May 1, 2026
0.294 Dividend 

May 1, 2026
17.64
17.81
17.62
17.74
17.45
34,100
Apr 30, 2026
17.71
17.91
17.70
17.88
17.29
18,000
Apr 29, 2026
17.71
17.75
17.61
17.71
17.13
16,900
Apr 28, 2026
17.67
17.69
17.55
17.67
17.09
37,200
Apr 27, 2026
17.79
17.79
17.73
17.78
17.20
105,100
Apr 24, 2026
17.68
17.79
17.61
17.78
17.20
29,700
Apr 23, 2026
17.54
17.59
17.33
17.46
16.88
14,200
Apr 22, 2026
17.43
17.54
17.35
17.54
16.97
13,500
Apr 21, 2026
17.32
17.38
17.24
17.25
16.68
16,700
Apr 20, 2026
17.37
17.37
17.20
17.34
16.77
32,900
Apr 17, 2026
17.25
17.40
17.25
17.36
16.79
58,200
Apr 16, 2026
17.08
17.22
17.04
17.18
16.61
107,700
Apr 15, 2026
16.87
17.10
16.87
17.08
16.53
24,300
Apr 14, 2026
16.62
16.86
16.62
16.83
16.28
16,100
Apr 13, 2026
16.34
16.53
16.34
16.53
15.99
8,100
Apr 10, 2026
16.43
16.48
16.38
16.40
15.86
11,400
Apr 9, 2026
16.26
16.40
16.22
16.40
15.86
15,800
Apr 8, 2026
16.39
16.39
16.22
16.28
15.74
15,300
Apr 7, 2026
15.80
15.85
15.58
15.85
15.33
13,800
Apr 6, 2026
15.82
15.93
15.79
15.87
15.35
27,700
Apr 2, 2026
15.48
15.80
15.45
15.80
15.28
31,800
Apr 1, 2026
0.256 Dividend 

Apr 1, 2026
15.66
15.92
15.66
15.77
15.25
32,600
Mar 31, 2026
15.52
15.86
15.49
15.82
15.05
36,700
Mar 30, 2026
15.59
15.59
15.24
15.33
14.59
30,900
Mar 27, 2026
15.67
15.67
15.43
15.46
14.71
28,400
Mar 26, 2026
15.99
16.01
15.61
15.74
14.98
22,900
Mar 25, 2026
16.11
16.22
16.07
16.09
15.32
17,800
Mar 24, 2026
16.05
16.10
15.97
15.99
15.22
12,500
Mar 23, 2026
16.21
16.33
16.08
16.13
15.35
28,100
Mar 20, 2026
16.13
16.13
15.87
15.92
15.15
15,100
Mar 19, 2026
16.14
16.25
16.07
16.23
15.44
24,600
Mar 18, 2026
16.47
16.47
16.26
16.27
15.48
6,800
Mar 17, 2026
16.44
16.57
16.43
16.48
15.68
10,800
Mar 16, 2026
16.41
16.65
16.41
16.43
15.63
11,200
Mar 13, 2026
16.40
16.40
16.20
16.23
15.45
24,500
Mar 12, 2026
16.50
16.50
16.32
16.34
15.55
10,200
Mar 11, 2026
16.51
16.70
16.51
16.61
15.81
22,100
Mar 10, 2026
16.57
16.74
16.57
16.59
15.79
21,100
Mar 9, 2026
16.22
16.63
16.19
16.60
15.80
32,300
Mar 6, 2026
16.45
16.55
16.37
16.39
15.60
52,800
Mar 5, 2026
16.65
16.72
16.45
16.61
15.81
16,800
Mar 4, 2026
16.46
16.74
16.46
16.66
15.85
21,400
Mar 3, 2026
16.31
16.48
16.18
16.43
15.64
58,200
Mar 2, 2026
0.285 Dividend 

Mar 2, 2026
16.39
16.66
16.36
16.60
15.80
27,900
Feb 27, 2026
16.77
16.92
16.75
16.86
15.78
28,200
Feb 26, 2026
17.09
17.09
16.77
16.91
15.82
17,200
Feb 25, 2026
16.90
17.09
16.90
17.09
15.99
19,500
Feb 24, 2026
16.84
16.89
16.75
16.85
15.77
11,000
Feb 23, 2026
16.80
16.82
16.62
16.73
15.65
15,400
Feb 20, 2026
16.68
16.95
16.68
16.88
15.79
19,100
Feb 19, 2026
16.76
16.82
16.69
16.77
15.69
14,400
Feb 18, 2026
16.70
16.92
16.70
16.81
15.73
8,200
Feb 17, 2026
16.64
16.73
16.46
16.70
15.62
33,500
Feb 13, 2026
16.67
16.80
16.57
16.69
15.61
35,800
Feb 12, 2026
16.96
17.01
16.64
16.67
15.60
32,300
Feb 11, 2026
17.12
17.12
16.88
17.02
15.93
25,400
Feb 10, 2026
17.05
17.10
16.98
16.98
15.88
18,700
Feb 9, 2026
16.94
17.11
16.89
17.04
15.94
40,400
Feb 6, 2026
16.70
16.96
16.67
16.96
15.86
42,400
Feb 5, 2026
16.68
16.80
16.51
16.60
15.53
41,600
Feb 4, 2026
17.08
17.08
16.68
16.84
15.75
55,600
Feb 3, 2026
17.40
17.40
16.98
17.09
15.99
67,300
Feb 2, 2026
0.296 Dividend 

Feb 2, 2026
17.22
17.43
17.22
17.40
16.27
19,500
Jan 30, 2026
17.71
17.72
17.53
17.59
16.18
43,700
Jan 29, 2026
17.86
17.86
17.47
17.77
16.34
31,500
Jan 28, 2026
17.93
17.93
17.83
17.84
16.41
20,500
Jan 27, 2026
17.72
17.84
17.70
17.77
16.34
37,400
Jan 26, 2026
17.63
17.73
17.63
17.68
16.26
24,400
Jan 23, 2026
17.51
17.68
17.51
17.62
16.21
21,300
Jan 22, 2026
17.59
17.60
17.49
17.53
16.13
14,400
Jan 21, 2026
17.26
17.54
17.25
17.44
16.04
54,400
Jan 20, 2026
17.35
17.45
17.30
17.30
15.91
51,600
Jan 16, 2026
17.67
17.70
17.56
17.59
16.18
27,500
Jan 15, 2026
17.75
17.75
17.60
17.61
16.20
15,100
Jan 14, 2026
17.69
17.69
17.42
17.58
16.17
46,900
Jan 13, 2026
17.77
17.79
17.68
17.74
16.32
25,700
Jan 12, 2026
17.64
17.76
17.59
17.76
16.34
43,500
Jan 9, 2026
17.67
17.78
17.57
17.75
16.33
51,100
Jan 8, 2026
17.72
17.72
17.52
17.58
16.17
17,200
Jan 7, 2026
17.64
17.75
17.62
17.66
16.24
37,100
Jan 6, 2026
17.45
17.65
17.43
17.63
16.22
47,000
Jan 5, 2026
17.56
17.61
17.47
17.51
16.11
73,200
Jan 2, 2026
17.45
17.59
17.35
17.44
16.04
76,200
Dec 31, 2025
0.311 Dividend 

Dec 31, 2025
17.64
17.64
17.42
17.43
16.03
96,000
Dec 30, 2025
17.87
17.92
17.85
17.90
16.18
119,400
Dec 29, 2025
17.92
17.95
17.83
17.87
16.15
75,400
Dec 26, 2025
17.97
18.01
17.94
17.95
16.23
35,000
Dec 24, 2025
17.90
17.96
17.90
17.96
16.23
29,600
Dec 23, 2025
17.77
17.90
17.77
17.89
16.17
21,100
Dec 22, 2025
17.86
17.90
17.81
17.83
16.12
25,800
Dec 19, 2025
17.60
17.81
17.60
17.79
16.08
9,900
Dec 18, 2025
17.60
17.67
17.51
17.59
15.90
20,400
Dec 17, 2025
17.68
17.80
17.31
17.34
15.67
30,400
Dec 16, 2025
17.66
17.73
17.59
17.67
15.97
71,100
Dec 15, 2025
17.93
17.93
17.65
17.69
15.99
20,000
Dec 12, 2025
17.96
17.99
17.62
17.76
16.05
27,400
Dec 11, 2025
18.07
18.07
17.86
18.05
16.31
27,300
Dec 10, 2025
18.01
18.12
17.96
18.08
16.35
30,900
Dec 9, 2025
18.09
18.10
17.95
18.07
16.33
22,900
Dec 8, 2025
18.13
18.13
17.95
18.03
16.30
23,600
Dec 5, 2025
18.12
18.12
18.00
18.10
16.36
20,100
Dec 4, 2025
18.02
18.06
17.95
18.02
16.29
72,400
Dec 3, 2025
17.92
18.08
17.89
18.01
16.28
21,200
Dec 2, 2025
18.10
18.16
17.86
18.00
16.27
45,400
Dec 1, 2025
0.314 Dividend 

Dec 1, 2025
18.13
18.13
17.78
18.08
16.34
17,800
Nov 28, 2025
18.42
18.42
18.11
18.27
16.23
36,500
Nov 26, 2025
18.14
18.21
18.05
18.14
16.11
20,200
Nov 25, 2025
17.80
18.06
17.72
18.05
16.03
56,000
Nov 24, 2025
17.54
17.92
17.54
17.86
15.87
61,900
Nov 21, 2025
17.32
17.65
17.25
17.38
15.44
22,600
Nov 20, 2025
18.16
18.16
17.26
17.31
15.37
67,000
Nov 19, 2025
17.62
17.89
17.62
17.78
15.79
19,200
Nov 18, 2025
17.71
17.81
17.50
17.72
15.74
31,400
Nov 17, 2025
18.14
18.14
17.75
17.84
15.85
30,800
Nov 14, 2025
17.81
18.16
17.61
17.95
15.94
36,200
Nov 13, 2025
18.27
18.27
17.96
18.05
16.03
26,500
Nov 12, 2025
18.44
18.49
18.24
18.33
16.29
37,700
Nov 11, 2025
18.21
18.37
18.21
18.34
16.29
18,200
Nov 10, 2025
18.16
18.42
18.16
18.34
16.29
50,800
Nov 7, 2025
18.00
18.01
17.67
18.00
15.99
56,700
Nov 6, 2025
18.39
18.39
18.03
18.09
16.07
33,200
Nov 5, 2025
18.17
18.49
18.15
18.37
16.32
39,900
Nov 4, 2025
18.50
18.54
18.20
18.26
16.22
53,700
Nov 3, 2025
0.327 Dividend 

Nov 3, 2025
18.65
18.75
18.52
18.65
16.57
77,400
Oct 31, 2025
19.12
19.12
18.82
18.95
16.54
51,700
Oct 30, 2025
19.11
19.14
18.87
18.89
16.49
57,400
Oct 29, 2025
19.15
19.19
19.00
19.15
16.72
32,600
Oct 28, 2025
18.90
19.15
18.90
19.06
16.64
49,200
Oct 27, 2025
18.81
18.98
18.81
18.95
16.55
52,800
Oct 24, 2025
18.50
18.69
18.48
18.64
16.27
53,800
Oct 23, 2025
18.39
18.45
18.33
18.45
16.11
27,000
Oct 22, 2025
18.49
18.49
18.18
18.34
16.01
23,800
Oct 21, 2025
18.38
18.49
18.35
18.44
16.10
16,000
Oct 20, 2025
18.34
18.50
18.31
18.46
16.11
33,600
Oct 17, 2025
18.02
18.31
18.02
18.23
15.91
15,500
Oct 16, 2025
18.33
18.50
18.00
18.12
15.82
14,500
Oct 15, 2025
18.17
18.34
18.10
18.18
15.87
12,500
Oct 14, 2025
18.06
18.25
17.91
18.15
15.84
16,200
Oct 13, 2025
18.20
18.27
17.98
18.25
15.93
45,000
Oct 10, 2025
18.47
18.47
17.74
17.88
15.61
38,700
Oct 9, 2025
18.53
18.53
18.35
18.47
16.12
11,500
Oct 8, 2025
18.31
18.47
18.31
18.45
16.11
21,400
Oct 7, 2025
18.36
18.41
18.25
18.31
15.98
20,700
Oct 6, 2025
18.30
18.43
18.27
18.41
16.07
27,800
Oct 3, 2025
18.34
18.38
18.24
18.28
15.96
38,100
Oct 2, 2025
18.31
18.38
18.25
18.36
16.03
26,500
Oct 1, 2025
0.322 Dividend 

Oct 1, 2025
18.08
18.31
18.02
18.31
15.98
33,100
Sep 30, 2025
18.53
18.57
18.43
18.57
15.93
28,900
Sep 29, 2025
18.57
18.64
18.43
18.54
15.90
32,600
Sep 26, 2025
18.47
18.49
18.34
18.49
15.86
16,600
Sep 25, 2025
18.38
18.44
18.23
18.40
15.78
11,100
Sep 24, 2025
18.57
18.57
18.37
18.48
15.85
22,600
Sep 23, 2025
18.63
18.63
18.45
18.53
15.90
37,000
Sep 22, 2025
18.50
18.64
18.48
18.60
15.96
32,000
Sep 19, 2025
18.40
18.51
18.37
18.51
15.88
25,300
Sep 18, 2025
18.31
18.48
18.31
18.42
15.80
29,300
Sep 17, 2025
18.32
18.32
18.13
18.29
15.69
16,300
Sep 16, 2025
18.34
18.34
18.22
18.28
15.69
12,400
Sep 15, 2025
18.17
18.30
18.17
18.27
15.68
20,800
Sep 12, 2025
18.15
18.17
18.05
18.13
15.55
19,800
Sep 11, 2025
18.08
18.17
18.00
18.12
15.55
38,300
Sep 10, 2025
17.98
18.08
17.92
18.03
15.47
29,800
Sep 9, 2025
18.00
18.04
17.92
17.99
15.43
10,500
Sep 8, 2025
17.99
18.00
17.91
17.98
15.42
20,500
Sep 5, 2025
17.95
18.00
17.79
17.91
15.36
16,900
Sep 4, 2025
17.80
17.90
17.62
17.87
15.33
24,100
Sep 3, 2025
17.77
17.81
17.60
17.70
15.18
35,800
Sep 2, 2025
0.319 Dividend 

Sep 2, 2025
17.50
17.64
17.36
17.64
15.13
21,100
Aug 29, 2025
18.21
18.21
18.00
18.04
15.20
37,500
Aug 28, 2025
18.20
18.28
18.11
18.23
15.36
26,800
Aug 27, 2025
18.12
18.21
18.09
18.16
15.30
24,200
Aug 26, 2025
18.09
18.14
18.03
18.14
15.28
31,800
Aug 25, 2025
18.12
18.18
18.05
18.10
15.25
44,800
Aug 22, 2025
17.94
18.22
17.94
18.12
15.27
23,300
Aug 21, 2025
17.93
17.93
17.78
17.86
15.05
19,700
Aug 20, 2025
17.94
17.97
17.70
17.93
15.11
18,500
Aug 19, 2025
18.23
18.23
17.98
18.01
15.18
19,600
Aug 18, 2025
18.25
18.28
18.16
18.24
15.37
23,300
Aug 15, 2025
18.28
18.31
18.20
18.22
15.36
15,600
Aug 14, 2025
18.26
18.31
18.24
18.29
15.41
22,300
Aug 13, 2025
18.30
18.35
18.21
18.27
15.40
22,000
Aug 12, 2025
18.09
18.30
18.05
18.26
15.39
23,500
Aug 11, 2025
18.09
18.16
18.01
18.03
15.19
35,000
Aug 8, 2025
18.00
18.10
17.99
18.05
15.21
25,800
Aug 7, 2025
18.00
18.07
17.85
17.95
15.12
13,600
Aug 6, 2025
17.70
17.91
17.70
17.90
15.08
13,100
Aug 5, 2025
17.85
17.90
17.68
17.71
14.92
19,400
Aug 4, 2025
17.63
17.83
17.63
17.80
14.99
30,500
Aug 1, 2025
0.319 Dividend 

Aug 1, 2025
17.74
17.74
17.47
17.52
14.77
34,600
Jul 31, 2025
18.50
18.50
18.11
18.16
15.04
12,800
Jul 30, 2025
18.28
18.33
18.20
18.25
15.10
14,100
Jul 29, 2025
18.34
18.35
18.21
18.23
15.09
15,900
Jul 28, 2025
18.27
18.29
18.21
18.25
15.10
30,200
Jul 25, 2025
18.18
18.27
18.18
18.21
15.08
28,000
Jul 24, 2025
18.21
18.23
18.16
18.20
15.07
17,100
Jul 23, 2025
18.10
18.17
18.07
18.17
15.04
12,100
Jul 22, 2025
18.20
18.20
18.04
18.13
15.01
28,600
Jul 21, 2025
18.17
18.26
18.17
18.20
15.07
32,700
Jul 18, 2025
18.20
18.20
18.08
18.12
15.00
5,800
Jul 17, 2025
18.04
18.15
18.04
18.12
15.00
14,400
Jul 16, 2025
17.98
18.02
17.88
18.01
14.91
13,700
Jul 15, 2025
18.04
18.11
17.97
17.97
14.88
10,700
Jul 14, 2025
17.94
17.99
17.89
17.98
14.88
15,000
Jul 11, 2025
17.93
17.97
17.92
17.95
14.86
4,200
Jul 10, 2025
17.97
17.97
17.88
17.97
14.88
7,400
Jul 9, 2025
17.89
17.99
17.89
17.96
14.87
17,100
Jul 8, 2025
17.88
17.91
17.83
17.85
14.78
24,200
Jul 7, 2025
17.92
17.93
17.78
17.87
14.79
18,300
Jul 3, 2025
17.90
18.00
17.87
17.98
14.88
27,400
Jul 2, 2025
17.66
17.82
17.66
17.80
14.74
46,800
Jul 1, 2025
0.307 Dividend 

Jul 1, 2025
17.81
17.83
17.64
17.73
14.68
27,600
Jun 30, 2025
18.18
18.19
18.10
18.14
14.76
25,600
Jun 27, 2025
18.07
18.13
18.04
18.04
14.68
17,600
Jun 26, 2025
17.90
18.03
17.90
18.03
14.67
8,800
Jun 25, 2025
17.90
17.97
17.86
17.87
14.54
21,600
Jun 24, 2025
17.73
17.89
17.73
17.87
14.54
15,600
Jun 23, 2025
17.44
17.63
17.44
17.62
14.34
23,900
Jun 20, 2025
17.63
17.63
17.39
17.46
14.21
16,100
Jun 18, 2025
17.50
17.59
17.49
17.50
14.24
16,200
Jun 17, 2025
17.59
17.63
17.49
17.50
14.24
17,500
Jun 16, 2025
17.58
17.67
17.55
17.63
14.35
8,400
Jun 13, 2025
17.46
17.59
17.37
17.41
14.17
20,400
Jun 12, 2025
17.59
17.66
17.59
17.65
14.36
16,900
Jun 11, 2025
17.67
17.73
17.57
17.60
14.33
12,800
Jun 10, 2025
17.58
17.67
17.57
17.63
14.35
7,500
Jun 9, 2025
17.54
17.63
17.53
17.57
14.30
22,500
Jun 6, 2025
17.55
17.60
17.52
17.57
14.30
15,300
