Date
Open
High
Low
Close 

Adj Close 

Volume
Jun 5, 2026
24.36
24.37
23.45
23.49
23.49
248,800
Jun 4, 2026
0.144 Dividend 

Jun 4, 2026
24.51
24.73
24.37
24.66
24.66
73,700
Jun 3, 2026
24.95
24.96
24.75
24.85
24.71
74,300
Jun 2, 2026
24.83
24.94
24.74
24.94
24.80
171,500
Jun 1, 2026
24.72
24.91
24.64
24.83
24.69
129,500
May 29, 2026
24.70
24.84
24.58
24.73
24.59
183,000
May 28, 2026
0.142 Dividend 

May 28, 2026
24.52
24.69
24.42
24.68
24.54
64,500
May 27, 2026
24.63
24.68
24.47
24.64
24.36
78,900
May 26, 2026
24.40
24.64
24.40
24.60
24.32
145,300
May 22, 2026
24.22
24.35
24.21
24.22
23.94
91,200
May 21, 2026
0.138 Dividend 

May 21, 2026
23.96
24.21
23.93
24.15
23.87
216,100
May 20, 2026
24.03
24.28
23.99
24.28
23.86
72,300
May 19, 2026
23.87
24.05
23.67
23.89
23.48
113,100
May 18, 2026
24.18
24.18
23.77
24.03
23.62
118,100
May 15, 2026
24.15
24.28
23.97
24.10
23.68
156,000
May 14, 2026
0.141 Dividend 

May 14, 2026
24.31
24.53
24.30
24.45
24.03
116,300
May 13, 2026
24.26
24.51
24.14
24.43
23.87
141,300
May 12, 2026
24.30
24.31
23.86
24.24
23.69
166,300
May 11, 2026
24.32
24.46
24.32
24.39
23.83
115,400
May 8, 2026
24.00
24.35
23.99
24.35
23.79
136,300
May 7, 2026
0.136 Dividend 

May 7, 2026
23.88
23.99
23.72
23.80
23.26
179,000
May 6, 2026
23.65
23.97
23.62
23.95
23.27
128,300
May 5, 2026
23.34
23.55
23.34
23.51
22.84
157,600
May 4, 2026
23.22
23.29
23.10
23.19
22.53
108,300
May 1, 2026
23.08
23.29
23.07
23.22
22.56
128,100
Apr 30, 2026
0.133 Dividend 

Apr 30, 2026
23.00
23.08
22.76
23.06
22.41
112,200
Apr 29, 2026
22.91
23.00
22.86
23.00
22.22
95,300
Apr 28, 2026
22.89
22.94
22.76
22.91
22.13
66,200
Apr 27, 2026
23.08
23.09
22.98
23.08
22.30
108,500
Apr 24, 2026
22.87
23.07
22.81
23.05
22.27
129,600
Apr 23, 2026
0.131 Dividend 

Apr 23, 2026
22.71
22.79
22.41
22.65
21.88
81,700
Apr 22, 2026
22.74
22.88
22.64
22.88
21.97
146,100
Apr 21, 2026
22.58
22.68
22.49
22.50
21.61
93,700
Apr 20, 2026
22.58
22.61
22.44
22.56
21.67
123,400
Apr 17, 2026
22.50
22.67
22.48
22.61
21.72
138,900
Apr 16, 2026
0.128 Dividend 

Apr 16, 2026
22.38
22.42
22.22
22.38
21.50
117,300
Apr 15, 2026
22.13
22.42
22.13
22.40
21.39
218,700
Apr 14, 2026
21.84
22.14
21.84
22.12
21.12
124,600
Apr 13, 2026
21.49
21.78
21.48
21.74
20.76
95,900
Apr 10, 2026
21.50
21.57
21.45
21.50
20.53
165,700
Apr 9, 2026
0.121 Dividend 

Apr 9, 2026
21.33
21.47
21.27
21.46
20.49
1,135,400
Apr 8, 2026
21.65
21.65
21.42
21.52
20.44
168,100
Apr 7, 2026
20.80
20.93
20.57
20.93
19.88
62,800
Apr 6, 2026
20.82
20.96
20.82
20.90
19.85
236,200
Apr 2, 2026
0.115 Dividend 

Apr 2, 2026
20.48
20.82
20.37
20.82
19.77
92,300
Apr 1, 2026
20.83
21.03
20.79
20.91
19.75
1,115,300
Mar 31, 2026
20.23
20.69
20.19
20.66
19.52
95,300
Mar 30, 2026
20.26
20.30
19.92
19.99
18.88
209,800
Mar 27, 2026
20.43
20.43
20.11
20.13
19.01
230,100
Mar 26, 2026
0.122 Dividend 

Mar 26, 2026
20.85
20.91
20.52
20.54
19.40
157,800
Mar 25, 2026
21.18
21.27
21.10
21.16
19.87
76,900
Mar 24, 2026
21.08
21.16
20.94
21.05
19.77
86,900
Mar 23, 2026
21.23
21.42
21.11
21.18
19.89
110,100
Mar 20, 2026
21.28
21.28
20.82
20.96
19.68
199,600
Mar 19, 2026
0.126 Dividend 

Mar 19, 2026
21.20
21.40
21.09
21.30
20.00
105,000
Mar 18, 2026
21.74
21.77
21.48
21.49
20.06
87,200
Mar 17, 2026
21.76
21.86
21.76
21.77
20.32
66,200
Mar 16, 2026
21.70
21.85
21.70
21.76
20.31
86,600
Mar 13, 2026
21.69
21.79
21.43
21.49
20.06
103,100
Mar 12, 2026
0.128 Dividend 

Mar 12, 2026
21.77
21.83
21.59
21.59
20.15
67,600
Mar 11, 2026
22.13
22.20
21.98
22.08
20.49
56,000
Mar 10, 2026
22.07
22.19
21.97
22.00
20.42
74,200
Mar 9, 2026
21.53
22.02
21.46
21.98
20.40
291,400
Mar 6, 2026
21.82
21.97
21.69
21.74
20.18
115,000
Mar 5, 2026
0.127 Dividend 

Mar 5, 2026
22.00
22.15
21.83
22.07
20.49
135,700
Mar 4, 2026
21.98
22.32
21.98
22.22
20.50
124,900
Mar 3, 2026
21.71
21.99
21.56
21.91
20.22
136,800
Mar 2, 2026
21.83
22.18
21.80
22.13
20.42
144,300
Feb 27, 2026
21.99
22.13
21.93
22.10
20.39
118,900
Feb 26, 2026
0.129 Dividend 

Feb 26, 2026
22.40
22.40
21.96
22.15
20.44
94,700
Feb 25, 2026
22.30
22.54
22.30
22.53
20.67
144,300
Feb 24, 2026
22.04
22.28
21.98
22.24
20.40
141,000
Feb 23, 2026
22.16
22.25
21.94
22.02
20.20
141,600
Feb 20, 2026
22.02
22.34
21.97
22.28
20.44
206,600
Feb 19, 2026
0.128 Dividend 

Feb 19, 2026
22.11
22.17
22.01
22.10
20.28
158,600
Feb 18, 2026
22.15
22.45
22.15
22.30
20.34
125,800
Feb 17, 2026
22.11
22.21
21.87
22.15
20.20
166,400
Feb 13, 2026
22.11
22.32
21.99
22.19
20.24
214,900
Feb 12, 2026
0.131 Dividend 

Feb 12, 2026
22.60
22.64
22.10
22.13
20.19
163,400
Feb 11, 2026
22.81
22.85
22.55
22.72
20.61
171,900
Feb 10, 2026
22.76
22.85
22.66
22.66
20.55
126,800
Feb 9, 2026
22.51
22.82
22.48
22.75
20.63
119,000
Feb 6, 2026
22.23
22.65
22.23
22.61
20.51
248,800
Feb 5, 2026
0.133 Dividend 

Feb 5, 2026
22.22
22.42
22.08
22.14
20.08
245,600
Feb 4, 2026
22.93
22.93
22.41
22.60
20.38
315,700
Feb 3, 2026
23.37
23.42
22.76
23.00
20.74
306,900
Feb 2, 2026
23.10
23.42
23.10
23.35
21.05
186,900
Jan 30, 2026
23.30
23.41
23.12
23.19
20.91
171,900
Jan 29, 2026
0.136 Dividend 

Jan 29, 2026
23.58
23.58
23.03
23.45
21.14
216,700
Jan 28, 2026
23.81
23.86
23.69
23.70
21.25
271,300
Jan 27, 2026
23.56
23.70
23.54
23.66
21.21
158,200
Jan 26, 2026
23.38
23.57
23.38
23.48
21.05
217,200
Jan 23, 2026
23.32
23.52
23.32
23.41
20.99
150,400
Jan 22, 2026
0.134 Dividend 

Jan 22, 2026
23.42
23.44
23.30
23.39
20.97
101,300
Jan 21, 2026
23.08
23.53
23.08
23.36
20.82
136,900
Jan 20, 2026
23.17
23.36
23.06
23.10
20.59
265,500
Jan 16, 2026
23.64
23.71
23.48
23.58
21.02
105,600
Jan 15, 2026
0.138 Dividend 

Jan 15, 2026
23.77
23.78
23.55
23.57
21.01
126,300
Jan 14, 2026
23.76
23.80
23.48
23.68
20.98
144,500
Jan 13, 2026
23.89
23.96
23.78
23.86
21.14
199,900
Jan 12, 2026
23.75
23.91
23.71
23.88
21.16
154,900
Jan 9, 2026
23.72
23.90
23.63
23.86
21.14
192,200
Jan 8, 2026
0.138 Dividend 

Jan 8, 2026
23.76
23.76
23.56
23.67
20.97
109,400
Jan 7, 2026
23.81
23.99
23.81
23.90
21.06
118,300
Jan 6, 2026
23.69
23.87
23.69
23.85
21.01
112,600
Jan 5, 2026
23.67
23.79
23.67
23.70
20.88
119,700
Jan 2, 2026
23.71
23.84
23.43
23.55
20.75
177,500
Dec 31, 2025
0.138 Dividend 

Dec 31, 2025
23.75
23.75
23.55
23.55
20.75
153,400
Dec 30, 2025
23.86
23.93
23.83
23.89
20.92
138,200
Dec 29, 2025
23.87
23.95
23.81
23.91
20.94
153,200
Dec 26, 2025
23.96
23.99
23.93
23.98
21.00
121,800
Dec 24, 2025
0.139 Dividend 

Dec 24, 2025
23.93
23.97
23.91
23.96
20.99
59,900
Dec 23, 2025
23.93
24.06
23.93
24.02
20.92
326,300
Dec 22, 2025
24.00
24.11
23.97
23.98
20.88
376,600
Dec 19, 2025
23.68
23.93
23.68
23.91
20.82
171,000
Dec 18, 2025
0.138 Dividend 

Dec 18, 2025
23.67
23.78
23.56
23.67
20.61
76,900
Dec 17, 2025
24.01
24.01
23.47
23.50
20.34
315,300
Dec 16, 2025
23.78
23.94
23.72
23.92
20.71
150,000
Dec 15, 2025
23.92
24.00
23.76
23.80
20.60
216,000
Dec 12, 2025
24.22
24.23
23.78
23.85
20.65
159,000
Dec 11, 2025
0.14 Dividend 

Dec 11, 2025
24.22
24.27
23.96
24.25
20.99
197,700
Dec 10, 2025
24.26
24.43
24.20
24.42
21.02
168,600
Dec 9, 2025
24.19
24.30
24.18
24.29
20.91
125,300
Dec 8, 2025
24.24
24.29
24.12
24.20
20.83
180,400
Dec 5, 2025
24.17
24.23
24.17
24.22
20.85
92,100
Dec 4, 2025
0.163 Dividend 

Dec 4, 2025
24.13
24.15
24.02
24.14
20.78
111,000
Dec 3, 2025
24.11
24.28
24.05
24.26
20.74
132,100
Dec 2, 2025
24.13
24.18
24.08
24.17
20.66
114,900
Dec 1, 2025
23.98
24.13
23.88
24.06
20.57
183,100
Nov 28, 2025
23.97
24.07
23.97
24.05
20.56
94,600
Nov 26, 2025
0.358 Dividend 

Nov 26, 2025
23.88
23.95
23.85
23.94
20.47
81,400
Nov 25, 2025
24.00
24.17
23.75
24.16
20.35
161,800
Nov 24, 2025
23.88
24.02
23.88
23.99
20.21
245,600
Nov 21, 2025
23.52
23.79
23.40
23.79
20.04
178,900
Nov 20, 2025
0.161 Dividend 

Nov 20, 2025
24.27
24.27
23.46
23.48
19.78
158,200
Nov 19, 2025
23.95
24.13
23.90
24.07
20.14
181,100
Nov 18, 2025
23.95
24.08
23.70
23.90
20.00
157,100
Nov 17, 2025
24.15
24.32
23.93
24.05
20.12
295,300
Nov 14, 2025
23.77
24.24
23.70
24.16
20.21
211,800
Nov 13, 2025
0.167 Dividend 

Nov 13, 2025
24.45
24.45
23.96
24.04
20.11
205,800
Nov 12, 2025
24.71
24.74
24.55
24.68
20.51
101,400
Nov 11, 2025
24.60
24.69
24.50
24.67
20.50
78,900
Nov 10, 2025
24.67
24.67
24.64
24.64
20.48
140,800
Nov 7, 2025
24.35
24.47
24.00
24.46
20.33
261,000
Nov 6, 2025
0.167 Dividend 

Nov 6, 2025
24.86
24.87
24.41
24.45
20.32
250,000
Nov 5, 2025
24.97
25.07
24.89
25.06
20.69
110,200
Nov 4, 2025
25.07
25.24
24.89
24.93
20.58
167,400
Nov 3, 2025
25.32
25.38
25.27
25.38
20.95
141,400
Oct 31, 2025
25.23
25.24
25.13
25.21
20.81
139,900
Oct 30, 2025
0.171 Dividend 

Oct 30, 2025
25.29
25.36
25.08
25.08
20.70
159,800
Oct 29, 2025
25.43
25.52
25.35
25.51
20.92
274,500
Oct 28, 2025
25.31
25.40
25.31
25.40
20.83
247,700
Oct 27, 2025
25.29
25.29
25.25
25.28
20.73
155,500
Oct 24, 2025
25.13
25.14
25.09
25.12
20.60
138,800
Oct 23, 2025
0.19 Dividend 

Oct 23, 2025
24.89
25.02
24.88
25.01
20.51
170,500
Oct 22, 2025
25.30
25.30
24.83
25.07
20.40
316,500
Oct 21, 2025
25.29
25.34
25.21
25.29
20.58
112,000
Oct 20, 2025
25.17
25.27
25.17
25.25
20.55
107,400
Oct 17, 2025
24.86
25.08
24.81
25.07
20.40
275,700
Oct 16, 2025
0.212 Dividend 

Oct 16, 2025
24.98
25.00
24.70
24.90
20.26
138,900
Oct 15, 2025
25.06
25.09
24.90
25.09
20.24
133,900
Oct 14, 2025
24.80
25.10
24.57
24.90
20.09
207,300
Oct 13, 2025
24.95
25.05
24.95
25.03
20.19
201,300
Oct 10, 2025
25.70
25.72
24.75
24.75
19.97
331,900
Oct 9, 2025
0.193 Dividend 

Oct 9, 2025
25.67
25.67
25.50
25.63
20.68
114,600
Oct 8, 2025
25.74
25.84
25.74
25.83
20.69
155,700
Oct 7, 2025
25.85
25.90
25.67
25.73
20.60
298,500
Oct 6, 2025
25.79
25.84
25.79
25.84
20.69
147,400
Oct 3, 2025
25.81
25.86
25.65
25.71
20.59
160,300
Oct 2, 2025
0.191 Dividend 

Oct 2, 2025
25.78
25.80
25.68
25.79
20.65
144,500
Oct 1, 2025
25.69
25.87
25.64
25.86
20.56
133,200
Sep 30, 2025
25.67
25.75
25.56
25.72
20.44
101,500
Sep 29, 2025
25.63
25.65
25.60
25.63
20.37
204,600
Sep 26, 2025
25.45
25.53
25.35
25.51
20.28
239,400
Sep 25, 2025
0.193 Dividend 

Sep 25, 2025
25.34
25.45
25.18
25.39
20.18
91,800
Sep 24, 2025
25.77
25.77
25.54
25.66
20.24
160,100
Sep 23, 2025
25.88
25.88
25.66
25.70
20.27
161,500
Sep 22, 2025
25.72
25.87
25.72
25.85
20.39
144,000
Sep 19, 2025
25.65
25.75
25.64
25.73
20.30
146,200
Sep 18, 2025
0.193 Dividend 

Sep 18, 2025
25.62
25.63
25.56
25.62
20.21
90,200
Sep 17, 2025
25.71
25.72
25.42
25.67
20.10
164,100
Sep 16, 2025
25.72
25.72
25.63
25.68
20.11
112,000
Sep 15, 2025
25.61
25.66
25.61
25.65
20.08
145,100
Sep 12, 2025
25.48
25.54
25.45
25.54
20.00
86,600
Sep 11, 2025
0.189 Dividend 

Sep 11, 2025
25.38
25.43
25.34
25.43
19.91
89,100
Sep 10, 2025
25.47
25.51
25.39
25.46
19.79
139,000
Sep 9, 2025
25.38
25.42
25.30
25.42
19.76
91,900
Sep 8, 2025
25.28
25.33
25.25
25.31
19.67
132,100
Sep 5, 2025
25.24
25.26
25.01
25.23
19.61
159,700
Sep 4, 2025
0.189 Dividend 

Sep 4, 2025
25.03
25.12
25.00
25.10
19.51
83,900
Sep 3, 2025
25.11
25.20
25.11
25.18
19.42
109,100
Sep 2, 2025
24.89
25.09
24.76
25.09
19.35
237,900
Aug 29, 2025
25.41
25.41
25.13
25.18
19.42
235,000
Aug 28, 2025
0.19 Dividend 

Aug 28, 2025
25.31
25.48
25.30
25.48
19.65
215,900
Aug 27, 2025
25.38
25.45
25.30
25.45
19.48
160,000
Aug 26, 2025
25.29
25.37
25.23
25.36
19.42
109,100
Aug 25, 2025
25.26
25.38
25.20
25.27
19.35
268,400
Aug 22, 2025
25.17
25.30
25.11
25.28
19.35
117,700
Aug 21, 2025
0.193 Dividend 

Aug 21, 2025
25.14
25.19
24.99
25.10
19.22
112,000
Aug 20, 2025
25.46
25.46
25.02
25.35
19.26
129,700
Aug 19, 2025
25.76
25.76
25.42
25.46
19.34
143,000
Aug 18, 2025
25.73
25.81
25.70
25.78
19.59
104,500
Aug 15, 2025
25.84
25.84
25.67
25.73
19.55
112,600
Aug 14, 2025
0.177 Dividend 

Aug 14, 2025
25.78
25.88
25.73
25.85
19.64
107,100
Aug 13, 2025
26.02
26.02
25.92
26.00
19.61
108,700
Aug 12, 2025
25.86
25.94
25.84
25.94
19.57
66,900
Aug 11, 2025
25.88
25.93
25.76
25.79
19.46
134,800
Aug 8, 2025
25.75
25.85
25.75
25.84
19.50
88,700
Aug 7, 2025
0.192 Dividend 

Aug 7, 2025
25.73
25.75
25.57
25.75
19.43
83,400
Aug 6, 2025
26.00
26.00
25.78
25.82
19.34
162,100
Aug 5, 2025
25.93
25.95
25.92
25.93
19.42
79,500
Aug 4, 2025
25.75
25.84
25.75
25.83
19.35
167,600
Aug 1, 2025
25.86
25.86
25.52
25.63
19.20
209,500
Jul 31, 2025
0.187 Dividend 

Jul 31, 2025
26.26
26.28
26.03
26.08
19.53
132,100
Jul 30, 2025
26.27
26.32
26.18
26.32
19.57
200,400
Jul 29, 2025
26.30
26.32
26.21
26.21
19.49
109,700
Jul 28, 2025
26.20
26.25
26.19
26.25
19.52
129,500
Jul 25, 2025
26.06
26.15
26.05
26.14
19.44
139,100
Jul 24, 2025
0.195 Dividend 

Jul 24, 2025
25.99
26.06
25.98
26.06
19.38
105,000
Jul 23, 2025
26.08
26.14
26.00
26.13
19.29
103,100
Jul 22, 2025
26.18
26.18
25.91
26.06
19.23
152,400
Jul 21, 2025
26.09
26.15
26.05
26.14
19.29
121,200
Jul 18, 2025
26.02
26.06
25.98
26.03
19.21
174,200
Jul 17, 2025
0.194 Dividend 

Jul 17, 2025
25.96
26.02
25.92
26.00
19.19
70,800
Jul 16, 2025
26.03
26.11
25.82
26.10
19.12
140,500
Jul 15, 2025
26.00
26.03
25.99
26.03
19.07
73,000
Jul 14, 2025
25.83
25.93
25.73
25.93
19.00
113,400
Jul 11, 2025
25.76
25.87
25.69
25.81
18.91
155,900
Jul 10, 2025
0.195 Dividend 

Jul 10, 2025
25.86
25.86
25.68
25.82
18.92
113,900
Jul 9, 2025
25.98
26.01
25.94
26.01
18.91
99,100
Jul 8, 2025
25.90
25.92
25.83
25.90
18.83
110,800
Jul 7, 2025
25.91
25.94
25.71
25.83
18.78
166,800
Jul 3, 2025
0.195 Dividend 

Jul 3, 2025
25.96
25.98
25.93
25.98
18.89
60,300
Jul 2, 2025
25.94
26.06
25.92
26.06
18.81
72,000
Jul 1, 2025
26.08
26.10
25.83
25.95
18.73
158,900
Jun 30, 2025
26.09
26.14
26.05
26.12
18.85
97,500
Jun 27, 2025
25.95
26.00
25.86
25.99
18.76
115,200
Jun 26, 2025
0.192 Dividend 

Jun 26, 2025
25.89
25.90
25.81
25.90
18.69
105,900
Jun 25, 2025
25.97
25.99
25.91
25.98
18.61
78,300
Jun 24, 2025
25.90
25.90
25.83
25.87
18.53
66,400
Jun 23, 2025
25.65
25.76
25.52
25.74
18.44
240,400
Jun 20, 2025
25.70
25.75
25.49
25.58
18.32
213,700
Jun 18, 2025
0.194 Dividend 

Jun 18, 2025
25.58
25.64
25.51
25.56
18.31
77,500
Jun 17, 2025
25.84
25.90
25.66
25.71
18.28
60,000
Jun 16, 2025
25.81
25.91
25.81
25.88
18.40
72,900
Jun 13, 2025
25.80
25.94
25.66
25.72
18.29
146,400
Jun 12, 2025
0.194 Dividend 

Jun 12, 2025
25.86
25.98
25.83
25.97
18.46
76,600
Jun 11, 2025
26.16
26.20
25.95
26.04
18.37
147,600
Jun 10, 2025
25.96
26.07
25.88
26.07
18.40
135,600
Jun 9, 2025
25.85
25.94
25.80
25.92
18.29
191,600
Jun 6, 2025
25.79
25.81
25.72
25.81
18.21
87,000
