Date
Open
High
Low
Close 

Adj Close 

Volume
Jun 5, 2026
18.08
18.10
17.77
17.80
17.80
9,259,600
Jun 4, 2026
18.11
18.15
18.08
18.13
18.13
2,863,500
Jun 3, 2026
18.14
18.15
18.12
18.13
18.13
4,022,800
Jun 2, 2026
18.12
18.14
18.10
18.14
18.14
3,386,400
Jun 1, 2026
18.08
18.13
18.07
18.12
18.12
3,823,900
May 29, 2026
18.07
18.10
18.06
18.08
18.08
3,612,400
May 28, 2026
18.00
18.07
18.00
18.05
18.05
3,517,900
May 27, 2026
18.01
18.02
17.97
18.01
18.01
4,709,800
May 26, 2026
17.99
18.00
17.96
17.99
17.99
6,636,700
May 22, 2026
17.89
17.93
17.87
17.88
17.88
4,821,100
May 21, 2026
17.75
17.86
17.75
17.84
17.84
7,332,500
May 20, 2026
17.71
17.81
17.68
17.80
17.80
5,678,000
May 19, 2026
17.62
17.72
17.56
17.65
17.65
9,787,100
May 18, 2026
0.179 Dividend 

May 18, 2026
17.76
17.76
17.60
17.71
17.71
15,496,300
May 15, 2026
17.90
17.95
17.77
17.89
17.71
11,998,500
May 14, 2026
18.12
18.15
18.12
18.13
17.95
4,966,000
May 13, 2026
18.12
18.13
18.11
18.13
17.95
2,171,200
May 12, 2026
18.13
18.13
18.11
18.11
17.93
3,048,300
May 11, 2026
18.11
18.12
18.11
18.12
17.94
4,170,500
May 8, 2026
18.10
18.13
18.10
18.13
17.95
2,588,300
May 7, 2026
18.09
18.10
18.09
18.10
17.92
2,667,300
May 6, 2026
18.08
18.10
18.08
18.10
17.92
3,264,800
May 5, 2026
18.04
18.07
18.04
18.06
17.88
3,003,100
May 4, 2026
18.03
18.05
17.99
18.02
17.84
3,789,000
May 1, 2026
17.99
18.04
17.99
18.03
17.85
4,628,100
Apr 30, 2026
17.93
17.99
17.88
17.98
17.80
4,765,300
Apr 29, 2026
17.90
17.90
17.84
17.90
17.72
4,819,700
Apr 28, 2026
17.85
17.88
17.81
17.85
17.67
4,537,300
Apr 27, 2026
17.87
17.91
17.86
17.90
17.72
4,080,800
Apr 24, 2026
17.82
17.89
17.81
17.89
17.71
5,387,300
Apr 23, 2026
17.79
17.82
17.65
17.75
17.57
6,744,700
Apr 22, 2026
17.73
17.80
17.73
17.79
17.61
3,533,600
Apr 21, 2026
17.72
17.74
17.61
17.65
17.47
6,372,500
Apr 20, 2026
0.179 Dividend 

Apr 20, 2026
17.73
17.73
17.62
17.69
17.51
7,096,600
Apr 17, 2026
17.77
17.92
17.76
17.90
17.54
9,495,300
Apr 16, 2026
17.63
17.67
17.63
17.66
17.31
4,934,700
Apr 15, 2026
17.64
17.64
17.63
17.64
17.29
3,145,400
Apr 14, 2026
17.63
17.64
17.62
17.63
17.28
5,242,600
Apr 13, 2026
17.60
17.63
17.59
17.62
17.27
5,178,000
Apr 10, 2026
17.61
17.62
17.59
17.60
17.25
4,392,900
Apr 9, 2026
17.55
17.60
17.54
17.59
17.24
10,609,200
Apr 8, 2026
17.58
17.59
17.51
17.55
17.20
11,040,300
Apr 7, 2026
17.32
17.35
17.19
17.35
17.00
12,387,500
Apr 6, 2026
17.31
17.39
17.31
17.36
17.01
8,088,900
Apr 2, 2026
17.08
17.30
17.03
17.29
16.95
8,719,300
Apr 1, 2026
17.23
17.31
17.19
17.25
16.91
7,555,500
Mar 31, 2026
16.84
17.16
16.83
17.15
16.81
14,363,400
Mar 30, 2026
16.87
16.91
16.63
16.70
16.37
11,359,700
Mar 27, 2026
16.93
16.94
16.73
16.77
16.44
13,859,700
Mar 26, 2026
17.11
17.17
16.97
16.97
16.63
11,275,200
Mar 25, 2026
17.22
17.26
17.17
17.21
16.87
10,442,300
Mar 24, 2026
17.11
17.20
17.09
17.14
16.80
9,636,600
Mar 23, 2026
0.172 Dividend 

Mar 23, 2026
17.21
17.29
17.14
17.20
16.86
12,300,800
Mar 20, 2026
17.43
17.43
17.14
17.20
16.69
18,513,100
Mar 19, 2026
17.41
17.57
17.31
17.49
16.97
17,927,500
Mar 18, 2026
17.70
17.75
17.53
17.54
17.02
18,696,200
Mar 17, 2026
17.72
17.79
17.71
17.75
17.22
10,670,000
Mar 16, 2026
17.59
17.74
17.59
17.66
17.14
13,165,600
Mar 13, 2026
17.57
17.67
17.42
17.45
16.93
20,595,600
Mar 12, 2026
17.62
17.65
17.50
17.50
16.98
11,700,700
Mar 11, 2026
17.69
17.75
17.64
17.70
17.17
9,621,900
Mar 10, 2026
17.66
17.77
17.63
17.66
17.14
9,333,500
Mar 9, 2026
17.34
17.67
17.31
17.64
17.12
15,785,900
Mar 6, 2026
17.47
17.58
17.43
17.45
16.93
14,598,000
Mar 5, 2026
17.62
17.70
17.51
17.64
17.12
9,615,800
Mar 4, 2026
17.55
17.70
17.55
17.66
17.14
7,953,700
Mar 3, 2026
17.38
17.55
17.28
17.50
16.98
16,654,100
Mar 2, 2026
17.43
17.65
17.42
17.62
17.10
13,702,200
Feb 27, 2026
17.50
17.60
17.48
17.59
17.07
13,137,000
Feb 26, 2026
17.69
17.69
17.50
17.60
17.08
10,258,700
Feb 25, 2026
17.58
17.69
17.58
17.68
17.15
7,524,000
Feb 24, 2026
17.45
17.57
17.40
17.55
17.03
7,222,000
Feb 23, 2026
0.177 Dividend 

Feb 23, 2026
17.52
17.55
17.38
17.43
16.91
8,485,500
Feb 20, 2026
17.50
17.78
17.48
17.73
17.03
9,238,100
Feb 19, 2026
17.58
17.66
17.51
17.59
16.90
9,736,800
Feb 18, 2026
17.56
17.77
17.51
17.65
16.95
8,926,800
Feb 17, 2026
17.43
17.60
17.29
17.53
16.84
16,016,800
Feb 13, 2026
17.49
17.66
17.37
17.55
16.86
13,759,700
Feb 12, 2026
17.81
17.85
17.46
17.51
16.82
11,518,100
Feb 11, 2026
17.84
17.87
17.65
17.81
17.11
9,908,600
Feb 10, 2026
17.81
17.84
17.73
17.74
17.04
7,929,900
Feb 9, 2026
17.62
17.82
17.57
17.78
17.08
10,952,300
Feb 6, 2026
17.40
17.69
17.38
17.67
16.97
9,629,700
Feb 5, 2026
17.39
17.49
17.26
17.33
16.65
17,542,400
Feb 4, 2026
17.72
17.72
17.39
17.51
16.82
14,201,000
Feb 3, 2026
17.89
17.90
17.60
17.72
17.02
11,068,100
Feb 2, 2026
17.74
17.90
17.73
17.88
17.18
6,994,300
Jan 30, 2026
17.80
17.86
17.73
17.79
17.09
9,738,800
Jan 29, 2026
17.87
17.88
17.68
17.85
17.15
8,599,400
Jan 28, 2026
17.88
17.90
17.85
17.88
17.18
5,349,700
Jan 27, 2026
17.84
17.87
17.83
17.85
17.15
4,567,600
Jan 26, 2026
17.76
17.83
17.76
17.81
17.11
8,489,900
Jan 23, 2026
17.72
17.80
17.70
17.77
17.07
6,484,900
Jan 22, 2026
17.74
17.75
17.67
17.72
17.02
7,961,000
Jan 21, 2026
17.51
17.70
17.48
17.65
16.95
10,447,800
Jan 20, 2026
0.179 Dividend 

Jan 20, 2026
17.53
17.60
17.45
17.48
16.79
11,131,800
Jan 16, 2026
17.97
18.00
17.80
17.88
17.00
7,791,200
Jan 15, 2026
17.92
17.93
17.85
17.89
17.01
4,217,600
Jan 14, 2026
17.88
17.89
17.82
17.89
17.01
6,917,600
Jan 13, 2026
17.89
17.91
17.88
17.89
17.01
4,897,400
Jan 12, 2026
17.86
17.90
17.85
17.90
17.02
4,058,800
Jan 9, 2026
17.83
17.89
17.81
17.89
17.01
4,719,900
Jan 8, 2026
17.83
17.83
17.78
17.80
16.93
7,861,100
Jan 7, 2026
17.83
17.86
17.82
17.83
16.96
6,273,200
Jan 6, 2026
17.77
17.83
17.77
17.83
16.96
6,603,700
Jan 5, 2026
17.73
17.79
17.72
17.76
16.89
5,838,300
Jan 2, 2026
17.75
17.78
17.62
17.68
16.81
10,828,500
Dec 31, 2025
17.73
17.74
17.67
17.67
16.80
4,961,300
Dec 30, 2025
17.73
17.76
17.73
17.73
16.86
4,812,700
Dec 29, 2025
17.72
17.75
17.71
17.74
16.87
4,555,200
Dec 26, 2025
17.74
17.76
17.73
17.75
16.88
3,004,400
Dec 24, 2025
17.70
17.74
17.70
17.73
16.86
2,527,500
Dec 23, 2025
17.66
17.72
17.66
17.72
16.85
4,801,700
Dec 22, 2025
0.178 Dividend 

Dec 22, 2025
17.67
17.69
17.66
17.66
16.79
4,614,600
Dec 19, 2025
17.63
17.80
17.63
17.76
16.72
9,385,700
Dec 18, 2025
17.58
17.62
17.56
17.58
16.55
4,286,000
Dec 17, 2025
17.57
17.58
17.56
17.57
16.54
3,888,600
Dec 16, 2025
17.56
17.58
17.56
17.57
16.54
3,211,800
Dec 15, 2025
17.56
17.57
17.56
17.56
16.53
3,492,600
Dec 12, 2025
17.57
17.58
17.54
17.56
16.53
4,040,700
Dec 11, 2025
17.56
17.57
17.55
17.57
16.54
3,843,900
Dec 10, 2025
17.54
17.56
17.54
17.55
16.52
3,911,100
Dec 9, 2025
17.54
17.55
17.53
17.54
16.51
2,176,000
Dec 8, 2025
17.55
17.55
17.53
17.55
16.52
2,972,700
Dec 5, 2025
17.52
17.54
17.52
17.54
16.51
2,462,000
Dec 4, 2025
17.51
17.52
17.50
17.52
16.49
3,425,700
Dec 3, 2025
17.49
17.51
17.48
17.51
16.48
3,885,300
Dec 2, 2025
17.49
17.50
17.47
17.50
16.48
4,498,500
Dec 1, 2025
17.44
17.48
17.43
17.47
16.45
3,155,000
Nov 28, 2025
17.44
17.47
17.43
17.47
16.45
3,076,800
Nov 26, 2025
17.41
17.44
17.40
17.42
16.40
6,903,000
Nov 25, 2025
17.32
17.39
17.25
17.38
16.36
9,176,200
Nov 24, 2025
0.173 Dividend 

Nov 24, 2025
17.21
17.33
17.20
17.33
16.32
8,463,200
Nov 21, 2025
17.20
17.39
17.02
17.31
16.13
10,438,400
Nov 20, 2025
17.55
17.57
17.14
17.14
15.98
12,468,200
Nov 19, 2025
17.35
17.48
17.32
17.41
16.23
8,171,800
Nov 18, 2025
17.34
17.40
17.21
17.32
16.14
9,339,800
Nov 17, 2025
17.40
17.48
17.34
17.39
16.21
7,872,700
Nov 14, 2025
17.28
17.47
17.24
17.43
16.25
7,237,600
Nov 13, 2025
17.49
17.49
17.36
17.40
16.22
7,258,800
Nov 12, 2025
17.51
17.52
17.47
17.50
16.31
5,334,700
Nov 11, 2025
17.48
17.50
17.47
17.50
16.31
4,523,500
Nov 10, 2025
17.42
17.50
17.42
17.50
16.31
7,746,400
Nov 7, 2025
17.32
17.36
17.19
17.36
16.18
12,068,800
Nov 6, 2025
17.45
17.45
17.34
17.35
16.17
9,579,300
Nov 5, 2025
17.41
17.47
17.39
17.45
16.26
4,692,200
Nov 4, 2025
17.41
17.45
17.39
17.40
16.22
7,618,400
Nov 3, 2025
17.46
17.48
17.44
17.46
16.27
6,089,200
Oct 31, 2025
17.46
17.47
17.40
17.43
16.25
8,369,400
Oct 30, 2025
17.43
17.45
17.41
17.42
16.24
6,954,100
Oct 29, 2025
17.44
17.45
17.41
17.44
16.25
8,573,900
Oct 28, 2025
17.43
17.44
17.42
17.44
16.25
4,022,900
Oct 27, 2025
17.41
17.42
17.40
17.42
16.24
7,398,300
Oct 24, 2025
17.35
17.36
17.33
17.35
16.17
7,353,000
Oct 23, 2025
17.21
17.29
17.20
17.29
16.12
6,638,100
Oct 22, 2025
17.26
17.27
17.11
17.21
16.04
9,528,600
Oct 21, 2025
17.25
17.28
17.23
17.27
16.10
6,335,300
Oct 20, 2025
0.173 Dividend 

Oct 20, 2025
17.17
17.26
17.16
17.26
16.09
6,780,100
Oct 17, 2025
17.15
17.31
17.10
17.28
15.94
14,097,100
Oct 16, 2025
17.20
17.20
17.10
17.20
15.87
10,773,900
Oct 15, 2025
17.17
17.19
17.07
17.16
15.83
5,937,400
Oct 14, 2025
17.04
17.15
16.94
17.10
15.78
9,377,200
Oct 13, 2025
17.07
17.14
17.04
17.13
15.81
7,562,200
Oct 10, 2025
17.17
17.18
16.88
16.88
15.58
13,728,400
Oct 9, 2025
17.16
17.17
17.14
17.15
15.82
5,035,000
Oct 8, 2025
17.12
17.16
17.11
17.16
15.83
3,762,600
Oct 7, 2025
17.13
17.14
17.07
17.10
15.78
5,728,900
Oct 6, 2025
17.10
17.13
17.10
17.12
15.80
4,813,800
Oct 3, 2025
17.08
17.10
17.04
17.07
15.75
5,151,900
Oct 2, 2025
17.08
17.09
17.04
17.07
15.75
3,401,000
Oct 1, 2025
16.97
17.05
16.96
17.05
15.73
4,207,400
Sep 30, 2025
16.98
17.01
16.95
17.01
15.70
6,773,100
Sep 29, 2025
16.98
17.01
16.96
16.99
15.68
5,770,000
Sep 26, 2025
16.90
16.93
16.84
16.92
15.61
5,315,400
Sep 25, 2025
16.84
16.89
16.78
16.86
15.56
6,373,200
Sep 24, 2025
16.94
16.94
16.85
16.88
15.58
6,643,100
Sep 23, 2025
16.97
16.97
16.89
16.90
15.59
5,941,200
Sep 22, 2025
0.17 Dividend 

Sep 22, 2025
16.92
16.97
16.91
16.95
15.64
6,376,100
Sep 19, 2025
17.05
17.10
17.01
17.10
15.62
6,380,300
Sep 18, 2025
17.02
17.03
16.99
17.01
15.54
4,635,800
Sep 17, 2025
17.00
17.02
16.97
17.02
15.55
7,979,300
Sep 16, 2025
17.00
17.01
16.99
17.01
15.54
4,770,700
Sep 15, 2025
16.98
16.99
16.98
16.98
15.51
4,169,600
Sep 12, 2025
16.95
16.98
16.95
16.97
15.50
4,264,800
Sep 11, 2025
16.91
16.95
16.91
16.95
15.48
3,790,000
Sep 10, 2025
16.92
16.92
16.86
16.88
15.42
4,154,000
Sep 9, 2025
16.87
16.88
16.82
16.88
15.42
3,886,100
Sep 8, 2025
16.83
16.87
16.83
16.86
15.40
5,416,600
Sep 5, 2025
16.83
16.85
16.70
16.79
15.34
7,101,100
Sep 4, 2025
16.68
16.77
16.65
16.77
15.32
5,175,000
Sep 3, 2025
16.63
16.69
16.59
16.66
15.22
5,241,800
Sep 2, 2025
16.50
16.57
16.42
16.57
15.14
6,409,200
Aug 29, 2025
16.74
16.74
16.61
16.64
15.20
5,249,900
Aug 28, 2025
16.67
16.77
16.67
16.76
15.31
4,868,500
Aug 27, 2025
16.66
16.69
16.63
16.69
15.25
5,688,900
Aug 26, 2025
16.62
16.67
16.59
16.66
15.22
4,687,100
Aug 25, 2025
16.64
16.67
16.60
16.63
15.19
5,019,200
Aug 22, 2025
16.48
16.67
16.45
16.65
15.21
6,261,500
Aug 21, 2025
16.47
16.51
16.40
16.46
15.04
5,729,200
Aug 20, 2025
16.55
16.56
16.35
16.52
15.09
8,881,300
Aug 19, 2025
16.68
16.69
16.55
16.57
15.14
6,538,500
Aug 18, 2025
0.168 Dividend 

Aug 18, 2025
16.69
16.70
16.65
16.69
15.25
4,945,200
Aug 15, 2025
16.93
16.93
16.80
16.84
15.23
7,303,500
Aug 14, 2025
16.93
16.95
16.92
16.93
15.31
3,408,700
Aug 13, 2025
16.94
16.94
16.92
16.93
15.31
2,849,600
Aug 12, 2025
16.92
16.93
16.91
16.92
15.30
4,282,000
Aug 11, 2025
16.90
16.92
16.89
16.90
15.28
3,939,500
Aug 8, 2025
16.87
16.90
16.86
16.89
15.28
2,870,900
Aug 7, 2025
16.86
16.87
16.80
16.84
15.23
5,399,800
Aug 6, 2025
16.74
16.83
16.74
16.83
15.22
4,658,200
Aug 5, 2025
16.78
16.80
16.71
16.73
15.13
5,328,100
Aug 4, 2025
16.68
16.77
16.67
16.77
15.17
5,301,500
Aug 1, 2025
16.67
16.67
16.51
16.58
15.00
9,725,900
Jul 31, 2025
16.83
16.84
16.72
16.75
15.15
7,219,700
Jul 30, 2025
16.77
16.80
16.73
16.78
15.18
4,795,600
Jul 29, 2025
16.80
16.81
16.75
16.77
15.17
3,841,300
Jul 28, 2025
16.77
16.78
16.76
16.77
15.17
5,894,000
Jul 25, 2025
16.71
16.75
16.71
16.75
15.15
2,949,000
Jul 24, 2025
16.71
16.72
16.68
16.71
15.11
4,412,700
Jul 23, 2025
16.65
16.68
16.61
16.68
15.09
4,381,300
Jul 22, 2025
16.66
16.67
16.58
16.64
15.05
5,458,700
Jul 21, 2025
0.165 Dividend 

Jul 21, 2025
16.67
16.68
16.64
16.66
15.07
4,746,000
Jul 18, 2025
16.80
16.83
16.75
16.77
15.02
4,751,900
Jul 17, 2025
16.80
16.81
16.78
16.79
15.04
4,092,100
Jul 16, 2025
16.80
16.80
16.79
16.80
15.04
2,107,000
Jul 15, 2025
16.80
16.80
16.79
16.80
15.04
2,771,800
Jul 14, 2025
16.79
16.80
16.79
16.79
15.04
2,788,800
Jul 11, 2025
16.78
16.79
16.78
16.78
15.03
1,776,400
Jul 10, 2025
16.78
16.79
16.77
16.77
15.02
2,093,200
Jul 9, 2025
16.78
16.79
16.77
16.77
15.02
2,660,300
Jul 8, 2025
16.76
16.77
16.75
16.77
15.02
3,556,200
Jul 7, 2025
16.75
16.75
16.73
16.75
15.00
4,055,300
Jul 3, 2025
16.74
16.75
16.73
16.75
15.00
1,628,400
Jul 2, 2025
16.70
16.72
16.69
16.72
14.97
2,405,100
Jul 1, 2025
16.70
16.72
16.68
16.71
14.96
4,138,100
Jun 30, 2025
16.71
16.73
16.70
16.72
14.97
3,728,900
Jun 27, 2025
16.68
16.70
16.66
16.70
14.96
3,864,300
Jun 26, 2025
16.66
16.68
16.64
16.67
14.93
3,926,000
Jun 25, 2025
16.63
16.64
16.61
16.64
14.90
3,495,800
Jun 24, 2025
16.58
16.62
16.57
16.61
14.87
4,876,300
Jun 23, 2025
0.166 Dividend 

Jun 23, 2025
16.43
16.52
16.39
16.52
14.79
5,637,500
Jun 20, 2025
16.72
16.78
16.52
16.58
14.70
7,041,100
Jun 18, 2025
16.65
16.68
16.63
16.64
14.75
4,213,600
Jun 17, 2025
16.65
16.67
16.62
16.64
14.75
3,622,600
Jun 16, 2025
16.62
16.66
16.62
16.66
14.77
2,897,800
Jun 13, 2025
16.58
16.63
16.57
16.59
14.71
4,748,200
Jun 12, 2025
16.60
16.63
16.59
16.63
14.74
2,597,900
Jun 11, 2025
16.63
16.64
16.59
16.61
14.73
3,512,100
Jun 10, 2025
16.60
16.62
16.58
16.62
14.73
2,387,000
Jun 9, 2025
16.57
16.60
16.57
16.60
14.72
2,760,300
Jun 6, 2025
16.55
16.58
16.54
16.57
14.69
3,985,900
