Date
Open
High
Low
Close 

Adj Close 

Volume
May 26, 2026
29.73
29.90
29.71
29.88
29.88
42,445
May 22, 2026
29.59
29.67
29.52
29.57
29.57
55,600
May 21, 2026
29.30
29.50
29.21
29.44
29.44
25,400
May 20, 2026
29.16
29.40
29.13
29.40
29.40
32,600
May 19, 2026
29.02
29.27
28.81
28.98
28.98
24,800
May 18, 2026
0.207 Dividend 

May 18, 2026
29.34
29.34
28.92
29.13
29.13
39,600
May 15, 2026
29.50
29.59
29.26
29.46
29.25
45,700
May 14, 2026
29.78
29.93
29.76
29.90
29.68
40,900
May 13, 2026
29.67
29.77
29.54
29.70
29.49
20,100
May 12, 2026
29.54
29.61
29.32
29.56
29.35
26,100
May 11, 2026
29.68
29.76
29.64
29.71
29.51
56,500
May 8, 2026
29.45
29.67
29.39
29.65
29.44
42,600
May 7, 2026
29.33
29.41
29.25
29.28
29.08
48,200
May 6, 2026
29.16
29.31
29.10
29.30
29.09
42,300
May 5, 2026
28.92
29.02
28.86
28.97
28.76
51,100
May 4, 2026
28.83
28.87
28.65
28.76
28.56
38,700
May 1, 2026
28.70
28.84
28.70
28.78
28.58
44,800
Apr 30, 2026
28.50
28.66
28.32
28.63
28.43
35,600
Apr 29, 2026
28.36
28.42
28.24
28.40
28.20
30,300
Apr 28, 2026
28.31
28.43
28.16
28.27
28.08
23,100
Apr 27, 2026
28.48
28.50
28.38
28.49
28.28
56,800
Apr 24, 2026
28.33
28.47
28.22
28.47
28.26
52,900
Apr 23, 2026
28.17
28.25
27.96
28.06
27.86
19,500
Apr 22, 2026
28.06
28.18
28.00
28.14
27.94
26,900
Apr 21, 2026
28.00
28.00
27.80
27.81
27.61
27,800
Apr 20, 2026
0.153 Dividend 

Apr 20, 2026
27.97
28.00
27.75
27.95
27.75
43,900
Apr 17, 2026
27.93
28.19
27.88
28.10
27.75
34,700
Apr 16, 2026
27.70
27.79
27.61
27.75
27.40
43,900
Apr 15, 2026
27.45
27.70
27.45
27.69
27.35
57,600
Apr 14, 2026
27.27
27.44
27.27
27.44
27.10
24,600
Apr 13, 2026
27.04
27.23
26.92
27.23
26.89
30,600
Apr 10, 2026
27.13
27.14
27.02
27.08
26.74
24,000
Apr 9, 2026
26.88
27.04
26.84
27.01
26.67
136,100
Apr 8, 2026
26.91
27.04
26.79
26.88
26.54
48,100
Apr 7, 2026
26.25
26.38
26.07
26.33
26.01
33,200
Apr 6, 2026
26.26
26.39
26.26
26.35
26.02
50,400
Apr 2, 2026
25.86
26.24
25.80
26.22
25.89
25,500
Apr 1, 2026
26.08
26.30
26.05
26.16
25.84
52,000
Mar 31, 2026
25.47
25.95
25.45
25.95
25.63
27,200
Mar 30, 2026
25.46
25.50
25.01
25.16
24.85
47,400
Mar 27, 2026
25.67
25.67
25.31
25.33
25.01
29,000
Mar 26, 2026
26.07
26.10
25.74
25.74
25.42
23,600
Mar 25, 2026
26.29
26.34
26.17
26.22
25.89
17,400
Mar 24, 2026
26.10
26.22
25.98
26.03
25.71
29,700
Mar 23, 2026
0.184 Dividend 

Mar 23, 2026
26.24
26.40
26.14
26.22
25.90
29,700
Mar 20, 2026
26.55
26.55
26.02
26.09
25.58
39,800
Mar 19, 2026
26.41
26.64
26.36
26.55
26.03
42,400
Mar 18, 2026
26.99
26.99
26.61
26.66
26.14
29,200
Mar 17, 2026
26.96
27.06
26.96
27.02
26.50
8,000
Mar 16, 2026
26.84
26.96
26.81
26.87
26.35
23,200
Mar 13, 2026
26.81
26.94
26.55
26.55
26.03
19,400
Mar 12, 2026
26.80
26.88
26.66
26.68
26.16
20,600
Mar 11, 2026
27.06
27.19
27.01
27.06
26.54
15,300
Mar 10, 2026
27.04
27.21
26.98
27.02
26.50
26,300
Mar 9, 2026
26.49
27.05
26.43
27.05
26.52
161,900
Mar 6, 2026
26.77
26.92
26.65
26.72
26.20
48,300
Mar 5, 2026
27.07
27.17
26.78
27.07
26.54
43,600
Mar 4, 2026
26.86
27.19
26.83
27.11
26.59
65,000
Mar 3, 2026
26.62
26.86
26.37
26.76
26.24
54,200
Mar 2, 2026
26.65
27.06
26.65
27.03
26.51
46,600
Feb 27, 2026
26.88
27.00
26.80
26.98
26.46
26,200
Feb 26, 2026
27.30
27.30
26.85
27.02
26.50
53,000
Feb 25, 2026
27.05
27.28
27.05
27.28
26.75
48,100
Feb 24, 2026
26.83
27.00
26.71
26.96
26.44
44,600
Feb 23, 2026
0.146 Dividend 

Feb 23, 2026
26.87
26.89
26.64
26.71
26.19
38,900
Feb 20, 2026
26.81
27.21
26.71
27.14
26.47
23,300
Feb 19, 2026
26.94
27.03
26.82
26.91
26.25
34,000
Feb 18, 2026
26.80
27.19
26.80
27.03
26.37
18,800
Feb 17, 2026
26.76
26.92
26.48
26.79
26.13
48,700
Feb 13, 2026
26.81
27.03
26.66
26.82
26.16
27,000
Feb 12, 2026
27.32
27.40
26.73
26.76
26.10
40,800
Feb 11, 2026
27.44
27.44
27.15
27.31
26.63
22,600
Feb 10, 2026
27.37
27.41
27.21
27.23
26.56
20,600
Feb 9, 2026
27.01
27.40
27.01
27.33
26.65
27,700
Feb 6, 2026
26.68
27.17
26.68
27.16
26.49
53,300
Feb 5, 2026
26.70
26.83
26.51
26.53
25.88
118,800
Feb 4, 2026
27.26
27.26
26.72
26.91
26.24
28,500
Feb 3, 2026
27.69
27.75
27.14
27.30
26.62
49,000
Feb 2, 2026
27.44
27.74
27.44
27.66
26.98
42,700
Jan 30, 2026
27.57
27.69
27.41
27.49
26.81
67,200
Jan 29, 2026
27.82
27.83
27.32
27.69
27.01
68,700
Jan 28, 2026
27.88
27.91
27.74
27.82
27.13
49,200
Jan 27, 2026
27.69
27.79
27.64
27.76
27.08
47,300
Jan 26, 2026
27.47
27.65
27.47
27.54
26.86
47,500
Jan 23, 2026
27.45
27.59
27.32
27.51
26.83
47,800
Jan 22, 2026
27.43
27.47
27.27
27.44
26.76
24,700
Jan 21, 2026
27.02
27.38
26.95
27.23
26.55
39,900
Jan 20, 2026
0.157 Dividend 

Jan 20, 2026
27.07
27.19
26.91
26.96
26.29
138,600
Jan 16, 2026
27.77
27.77
27.48
27.59
26.76
21,200
Jan 15, 2026
27.76
27.76
27.58
27.58
26.74
40,600
Jan 14, 2026
27.51
27.57
27.40
27.55
26.71
39,100
Jan 13, 2026
27.71
27.78
27.66
27.70
26.86
34,200
Jan 12, 2026
27.65
27.79
27.62
27.75
26.91
61,000
Jan 9, 2026
27.58
27.75
27.50
27.73
26.89
45,000
Jan 8, 2026
27.60
27.60
27.45
27.55
26.72
70,100
Jan 7, 2026
27.62
27.76
27.56
27.61
26.78
112,300
Jan 6, 2026
27.50
27.70
27.47
27.62
26.79
116,100
Jan 5, 2026
27.36
27.50
27.33
27.40
26.57
53,100
Jan 2, 2026
27.71
27.76
27.05
27.18
26.36
107,500
Dec 31, 2025
27.42
27.47
27.24
27.26
26.44
74,200
Dec 30, 2025
2.778 Dividend 

Dec 30, 2025
27.41
27.51
27.40
27.41
26.58
94,000
Dec 29, 2025
30.24
30.29
30.16
30.26
26.65
50,700
Dec 26, 2025
30.35
30.35
30.23
30.27
26.66
54,800
Dec 24, 2025
30.24
30.33
30.23
30.25
26.65
254,300
Dec 23, 2025
30.11
30.27
30.05
30.24
26.63
58,900
Dec 22, 2025
0.162 Dividend 

Dec 22, 2025
30.16
30.22
30.12
30.16
26.56
56,600
Dec 19, 2025
29.93
30.24
29.93
30.24
26.49
66,300
Dec 18, 2025
29.87
29.95
29.78
29.86
26.16
51,200
Dec 17, 2025
29.96
29.96
29.62
29.63
25.95
41,200
Dec 16, 2025
29.80
29.96
29.77
29.91
26.20
48,000
Dec 15, 2025
30.08
30.08
29.84
29.89
26.18
69,700
Dec 12, 2025
30.18
30.19
29.87
29.98
26.26
69,600
Dec 11, 2025
30.23
30.27
30.04
30.27
26.52
56,900
Dec 10, 2025
30.21
30.36
30.13
30.32
26.56
42,800
Dec 9, 2025
30.16
30.25
30.04
30.22
26.47
26,400
Dec 8, 2025
30.29
30.29
30.12
30.15
26.41
32,500
Dec 5, 2025
30.11
30.34
30.11
30.23
26.48
36,300
Dec 4, 2025
30.21
30.21
30.06
30.14
26.41
50,400
Dec 3, 2025
30.06
30.19
29.94
30.17
26.43
46,600
Dec 2, 2025
30.04
30.13
29.90
30.07
26.34
31,400
Dec 1, 2025
29.86
30.01
29.80
29.97
26.25
32,200
Nov 28, 2025
29.91
30.00
29.90
30.00
26.28
23,800
Nov 26, 2025
29.77
29.88
29.70
29.85
26.15
24,000
Nov 25, 2025
29.50
29.69
29.33
29.68
26.00
24,600
Nov 24, 2025
0.276 Dividend 

Nov 24, 2025
29.21
29.57
29.21
29.53
25.87
33,900
Nov 21, 2025
29.09
29.47
28.76
29.26
25.39
70,400
Nov 20, 2025
30.03
30.06
29.02
29.06
25.22
55,700
Nov 19, 2025
29.48
29.77
29.36
29.59
25.68
29,400
Nov 18, 2025
29.52
29.60
29.22
29.44
25.55
36,000
Nov 17, 2025
29.79
29.95
29.54
29.68
25.76
36,100
Nov 14, 2025
29.51
29.94
29.42
29.83
25.89
19,800
Nov 13, 2025
30.13
30.13
29.75
29.81
25.87
35,500
Nov 12, 2025
30.32
30.32
30.09
30.20
26.21
30,800
Nov 11, 2025
30.13
30.23
30.09
30.20
26.21
41,100
Nov 10, 2025
30.14
30.26
30.00
30.25
26.25
34,900
Nov 7, 2025
29.75
29.79
29.38
29.79
25.85
38,400
Nov 6, 2025
30.19
30.19
29.77
29.85
25.90
86,600
Nov 5, 2025
30.00
30.32
30.00
30.22
26.22
55,200
Nov 4, 2025
30.15
30.30
30.01
30.03
26.06
28,100
Nov 3, 2025
30.49
30.50
30.34
30.43
26.41
27,800
Oct 31, 2025
30.47
30.50
30.28
30.36
26.35
26,500
Oct 30, 2025
30.34
30.42
30.21
30.26
26.26
37,500
Oct 29, 2025
30.55
30.55
30.37
30.50
26.47
26,700
Oct 28, 2025
30.34
30.48
30.31
30.45
26.42
31,100
Oct 27, 2025
30.23
30.30
30.14
30.30
26.29
59,300
Oct 24, 2025
29.84
30.01
29.84
29.98
26.02
39,900
Oct 23, 2025
29.49
29.79
29.49
29.77
25.83
30,900
Oct 22, 2025
29.75
29.75
29.30
29.58
25.67
21,400
Oct 21, 2025
29.79
29.81
29.64
29.77
25.83
31,800
Oct 20, 2025
0.24 Dividend 

Oct 20, 2025
29.53
29.79
29.48
29.77
25.83
32,600
Oct 17, 2025
29.39
29.70
29.34
29.70
25.56
26,100
Oct 16, 2025
29.62
29.69
29.28
29.46
25.36
27,000
Oct 15, 2025
29.61
29.67
29.38
29.53
25.42
31,600
Oct 14, 2025
29.22
29.53
29.06
29.35
25.26
26,300
Oct 13, 2025
29.33
29.50
29.30
29.50
25.39
13,500
Oct 10, 2025
29.81
29.81
29.01
29.02
24.98
41,500
Oct 9, 2025
29.79
29.79
29.61
29.70
25.57
18,100
Oct 8, 2025
29.51
29.77
29.51
29.77
25.62
24,500
Oct 7, 2025
29.70
29.70
29.47
29.54
25.43
37,300
Oct 6, 2025
29.59
29.68
29.53
29.63
25.50
83,200
Oct 3, 2025
29.59
29.60
29.39
29.44
25.34
27,800
Oct 2, 2025
29.57
29.57
29.42
29.51
25.40
19,100
Oct 1, 2025
29.24
29.42
29.24
29.42
25.33
22,700
Sep 30, 2025
29.27
29.33
29.16
29.32
25.24
18,700
Sep 29, 2025
29.23
29.38
29.23
29.27
25.19
29,800
Sep 26, 2025
29.09
29.19
29.01
29.18
25.12
30,500
Sep 25, 2025
29.03
29.11
28.80
29.05
25.00
21,100
Sep 24, 2025
29.22
29.22
29.01
29.13
25.07
27,300
Sep 23, 2025
29.37
29.40
29.16
29.20
25.13
53,300
Sep 22, 2025
0.144 Dividend 

Sep 22, 2025
29.25
29.39
29.21
29.38
25.29
108,800
Sep 19, 2025
29.33
29.40
29.23
29.39
25.17
39,500
Sep 18, 2025
29.19
29.29
29.15
29.22
25.03
39,900
Sep 17, 2025
29.09
29.10
28.92
29.08
24.91
36,300
Sep 16, 2025
29.17
29.17
29.07
29.12
24.94
46,900
Sep 15, 2025
29.06
29.12
29.02
29.12
24.94
59,200
Sep 12, 2025
28.91
28.99
28.83
28.97
24.82
28,800
Sep 11, 2025
28.82
28.92
28.76
28.89
24.75
20,500
Sep 10, 2025
28.87
28.87
28.69
28.74
24.62
27,400
Sep 9, 2025
28.61
28.73
28.61
28.73
24.61
25,100
Sep 8, 2025
28.68
28.73
28.63
28.68
24.57
41,500
Sep 5, 2025
28.66
28.69
28.30
28.57
24.47
19,200
Sep 4, 2025
28.27
28.48
28.25
28.48
24.39
11,000
Sep 3, 2025
28.29
28.35
28.15
28.27
24.21
21,400
Sep 2, 2025
27.91
28.12
27.82
28.10
24.07
29,100
Aug 29, 2025
28.42
28.43
28.20
28.25
24.20
39,900
Aug 28, 2025
28.40
28.56
28.37
28.55
24.45
26,500
Aug 27, 2025
28.34
28.39
28.28
28.37
24.30
25,100
Aug 26, 2025
28.28
28.35
28.21
28.32
24.26
40,600
Aug 25, 2025
28.17
28.37
28.17
28.25
24.19
44,700
Aug 22, 2025
27.95
28.38
27.95
28.30
24.24
16,600
Aug 21, 2025
27.99
28.04
27.82
27.92
23.92
21,900
Aug 20, 2025
28.19
28.19
27.78
28.03
24.01
31,100
Aug 19, 2025
28.43
28.45
28.10
28.15
24.11
29,100
Aug 18, 2025
0.136 Dividend 

Aug 18, 2025
28.49
28.53
28.37
28.50
24.41
30,300
Aug 15, 2025
28.78
28.78
28.55
28.62
24.40
32,900
Aug 14, 2025
28.75
28.79
28.72
28.77
24.53
33,300
Aug 13, 2025
28.80
28.80
28.70
28.78
24.53
22,500
Aug 12, 2025
28.59
28.77
28.53
28.77
24.53
53,100
Aug 11, 2025
28.62
28.67
28.51
28.51
24.30
35,700
Aug 8, 2025
28.47
28.60
28.43
28.57
24.35
27,300
Aug 7, 2025
28.49
28.50
28.28
28.36
24.17
14,500
Aug 6, 2025
28.06
28.39
28.06
28.33
24.15
26,000
Aug 5, 2025
28.19
28.27
28.03
28.06
23.92
18,900
Aug 4, 2025
27.95
28.24
27.95
28.20
24.04
14,400
Aug 1, 2025
28.03
28.03
27.70
27.79
23.69
33,200
Jul 31, 2025
28.51
28.51
28.16
28.19
24.03
27,100
Jul 30, 2025
28.23
28.39
28.23
28.30
24.13
19,800
Jul 29, 2025
28.35
28.39
28.25
28.28
24.11
36,500
Jul 28, 2025
28.34
28.35
28.27
28.27
24.10
31,600
Jul 25, 2025
28.22
28.28
28.17
28.26
24.09
26,100
Jul 24, 2025
28.13
28.20
28.13
28.17
24.01
21,600
Jul 23, 2025
28.06
28.12
27.95
28.08
23.94
25,200
Jul 22, 2025
28.10
28.10
27.88
28.02
23.89
40,600
Jul 21, 2025
0.136 Dividend 

Jul 21, 2025
28.07
28.20
28.07
28.13
23.98
41,600
Jul 18, 2025
28.22
28.22
28.07
28.15
23.88
31,800
Jul 17, 2025
28.01
28.20
28.01
28.18
23.91
21,200
Jul 16, 2025
28.08
28.08
27.93
28.02
23.77
23,500
Jul 15, 2025
28.11
28.15
28.04
28.05
23.80
46,500
Jul 14, 2025
28.00
28.06
27.90
28.03
23.78
38,900
Jul 11, 2025
27.98
28.02
27.91
27.99
23.75
25,900
Jul 10, 2025
28.06
28.07
27.93
27.97
23.73
29,700
Jul 9, 2025
27.94
28.05
27.94
28.04
23.79
38,800
Jul 8, 2025
27.88
28.05
27.86
27.90
23.67
40,800
Jul 7, 2025
27.95
27.97
27.83
27.89
23.66
53,700
Jul 3, 2025
27.94
28.04
27.90
28.01
23.76
25,600
Jul 2, 2025
27.70
27.85
27.68
27.85
23.63
53,000
Jul 1, 2025
27.80
27.84
27.64
27.72
23.52
49,700
Jun 30, 2025
27.77
27.84
27.73
27.84
23.62
30,800
Jun 27, 2025
27.70
27.80
27.61
27.72
23.52
27,200
Jun 26, 2025
27.48
27.64
27.48
27.64
23.45
11,500
Jun 25, 2025
27.49
27.59
27.39
27.43
23.27
22,700
Jun 24, 2025
27.28
27.44
27.28
27.41
23.25
21,800
Jun 23, 2025
0.16 Dividend 

Jun 23, 2025
26.90
27.13
26.83
27.11
23.00
97,000
Jun 20, 2025
27.33
27.37
27.02
27.11
22.86
31,000
Jun 18, 2025
27.27
27.32
27.21
27.26
22.99
23,800
Jun 17, 2025
27.31
27.38
27.17
27.22
22.96
81,300
Jun 16, 2025
27.18
27.40
27.15
27.31
23.03
22,200
Jun 13, 2025
27.14
27.28
27.05
27.12
22.87
15,500
Jun 12, 2025
27.25
27.34
27.25
27.31
23.03
26,500
Jun 11, 2025
27.33
27.39
27.21
27.26
22.99
24,500
Jun 10, 2025
27.18
27.30
27.17
27.29
23.01
12,100
Jun 9, 2025
27.21
27.24
27.15
27.18
22.92
33,000
Jun 6, 2025
27.19
27.25
27.07
27.18
22.92
19,700
Jun 5, 2025
27.15
27.24
26.96
26.98
22.75
23,700
Jun 4, 2025
27.10
27.14
27.04
27.12
22.87
18,500
Jun 3, 2025
26.86
27.08
26.81
27.07
22.83
18,800
Jun 2, 2025
26.68
26.89
26.62
26.88
22.67
25,500
May 30, 2025
26.73
26.76
26.44
26.73
22.54
14,800
May 29, 2025
26.98
26.98
26.67
26.76
22.57
18,100
May 28, 2025
26.81
26.81
26.65
26.70
22.52
20,600
May 27, 2025
26.56
26.78
26.50
26.78
22.58
30,800
