Date
Open
High
Low
Close 

Adj Close 

Volume

May 22, 2026
13.64
13.80
13.50
13.73
13.73
9,900
May 21, 2026
0.234 Dividend 

May 21, 2026
13.65
13.65
13.47
13.49
13.49
4,100
May 20, 2026
13.55
13.73
13.41
13.67
13.43
12,000
May 19, 2026
13.74
13.74
13.40
13.40
13.17
2,600
May 18, 2026
12.99
14.10
12.99
13.97
13.73
24,000
May 15, 2026
13.07
13.07
12.92
13.07
12.84
2,800
May 14, 2026
0.161 Dividend 

May 14, 2026
12.77
13.23
12.77
13.23
13.01
1,400
May 13, 2026
12.71
12.97
12.50
12.97
12.59
5,200
May 12, 2026
12.77
13.35
12.66
12.86
12.48
34,100
May 11, 2026
12.75
13.02
12.75
12.77
12.40
5,200
May 8, 2026
13.63
13.63
12.83
12.90
12.52
9,200
May 7, 2026
0.133 Dividend 

May 7, 2026
13.58
13.89
13.58
13.64
13.24
2,700
May 6, 2026
13.54
13.64
13.50
13.52
12.99
3,100
May 5, 2026
14.26
14.26
13.56
13.58
13.05
20,000
May 4, 2026
13.74
14.33
13.74
14.26
13.70
7,400
May 1, 2026
13.16
14.29
12.55
13.73
13.20
21,100
Apr 30, 2026
0.222 Dividend 

Apr 30, 2026
16.39
16.39
16.24
16.24
15.61
1,900
Apr 29, 2026
16.48
16.75
16.38
16.75
15.89
500
Apr 28, 2026
16.91
16.91
16.65
16.65
15.79
800
Apr 27, 2026
16.48
17.11
16.48
17.02
16.14
4,400
Apr 24, 2026
16.06
16.66
15.86
16.66
15.80
2,400
Apr 23, 2026
0.122 Dividend 

Apr 23, 2026
17.09
17.09
16.15
16.55
15.69
3,200
Apr 22, 2026
18.47
18.47
17.85
17.85
16.82
1,200
Apr 21, 2026
18.40
18.86
18.16
18.16
17.11
10,700
Apr 20, 2026
17.89
18.43
17.79
18.39
17.32
9,100
Apr 17, 2026
18.39
18.43
18.00
18.00
16.96
5,100
Apr 16, 2026
0.104 Dividend 

Apr 16, 2026
18.12
18.40
18.11
18.15
17.09
2,400
Apr 15, 2026
18.05
18.34
18.05
18.17
17.01
4,700
Apr 14, 2026
17.79
17.94
17.65
17.89
16.75
4,500
Apr 13, 2026
17.32
17.97
17.32
17.73
16.60
4,600
Apr 10, 2026
17.31
17.31
16.58
17.23
16.14
9,300
Apr 9, 2026
0.187 Dividend 

Apr 9, 2026
16.90
17.11
16.67
17.11
16.03
5,800
Apr 8, 2026
18.44
18.44
17.30
17.30
16.03
2,500
Apr 7, 2026
17.57
17.90
17.57
17.90
16.59
4,500
Apr 6, 2026
17.83
17.85
17.79
17.81
16.50
1,000
Apr 2, 2026
0.212 Dividend 

Apr 2, 2026
18.31
18.42
18.31
18.35
17.00
27,800
Apr 1, 2026
18.42
18.47
18.30
18.30
16.76
1,700
Mar 31, 2026
17.98
18.21
17.98
18.16
16.63
1,600
Mar 30, 2026
17.04
17.09
16.71
16.86
15.44
5,500
Mar 27, 2026
17.00
17.03
17.00
17.03
15.60
2,000
Mar 26, 2026
0.237 Dividend 

Mar 26, 2026
18.23
18.24
17.75
17.75
16.25
2,700
Mar 25, 2026
18.85
19.00
18.48
18.74
16.95
12,000
Mar 24, 2026
18.90
18.90
18.27
18.31
16.55
422,900
Mar 23, 2026
18.85
19.14
18.45
18.86
17.05
492,300
Mar 20, 2026
18.54
18.78
18.17
18.74
16.94
5,400
Mar 19, 2026
0.148 Dividend 

Mar 19, 2026
18.76
19.05
18.60
18.91
17.10
3,500
Mar 18, 2026
19.52
19.53
19.34
19.35
17.36
7,100
Mar 17, 2026
19.72
19.72
18.92
19.03
17.07
570,500
Mar 16, 2026
19.41
19.52
19.02
19.52
17.51
2,900
Mar 13, 2026
18.59
19.02
18.59
18.61
16.70
1,200
Mar 12, 2026
0.262 Dividend 

Mar 12, 2026
19.40
19.67
18.55
18.55
16.64
5,100
Mar 11, 2026
20.02
20.10
19.63
20.10
17.80
8,900
Mar 10, 2026
21.06
21.06
19.62
19.63
17.38
24,200
Mar 9, 2026
20.81
20.89
20.64
20.74
18.37
6,100
Mar 6, 2026
21.10
21.25
20.92
20.92
18.52
2,500
Mar 5, 2026
0.381 Dividend 

Mar 5, 2026
22.11
22.11
21.41
21.75
19.25
22,700
Mar 4, 2026
22.37
22.75
22.37
22.39
19.49
7,900
Mar 3, 2026
21.23
22.32
21.23
22.32
19.43
1,300
Mar 2, 2026
22.41
22.44
22.18
22.44
19.54
3,800
Feb 27, 2026
22.73
23.00
22.65
22.75
19.80
44,700
Feb 26, 2026
0.32 Dividend 

Feb 26, 2026
22.77
23.46
22.77
23.46
20.42
4,600
Feb 25, 2026
22.53
23.00
22.53
23.00
19.74
5,200
Feb 24, 2026
21.97
22.59
21.97
22.59
19.39
1,100
Feb 23, 2026
21.00
21.59
21.00
21.59
18.53
56,700
Feb 20, 2026
21.86
21.86
20.94
21.42
18.39
6,200
Feb 19, 2026
0.317 Dividend 

Feb 19, 2026
21.72
22.30
21.72
22.10
18.97
1,800
Feb 18, 2026
22.54
22.55
21.94
22.01
18.62
6,000
Feb 17, 2026
22.12
22.20
21.84
21.85
18.48
3,800
Feb 13, 2026
21.81
21.95
21.75
21.83
18.47
3,600
Feb 12, 2026
0.317 Dividend 

Feb 12, 2026
22.78
22.78
21.38
21.81
18.45
6,800
Feb 11, 2026
24.28
24.28
23.25
23.49
19.60
6,900
Feb 10, 2026
24.28
24.35
24.15
24.15
20.15
3,400
Feb 9, 2026
23.52
24.74
23.46
24.60
20.53
6,400
Feb 6, 2026
22.91
23.29
21.13
22.89
19.10
21,500
Feb 5, 2026
0.2 Dividend 

Feb 5, 2026
21.73
21.73
20.75
20.75
17.32
6,800
Feb 4, 2026
21.95
22.08
21.69
21.82
18.04
7,000
Feb 3, 2026
22.15
22.38
22.04
22.38
18.50
1,400
Feb 2, 2026
23.28
23.35
23.04
23.04
19.05
2,300
Jan 30, 2026
25.42
25.42
22.22
22.58
18.67
8,800
Jan 29, 2026
0.217 Dividend 

Jan 29, 2026
25.50
25.64
24.86
25.64
21.20
1,600
Jan 28, 2026
25.40
25.92
25.35
25.71
21.08
2,300
Jan 27, 2026
24.96
25.22
24.82
24.82
20.35
1,200
Jan 26, 2026
24.88
25.33
24.43
25.29
20.73
2,600
Jan 23, 2026
25.36
25.36
25.14
25.29
20.73
5,800
Jan 22, 2026
0.294 Dividend 

Jan 22, 2026
25.48
25.62
25.43
25.43
20.85
1,700
Jan 21, 2026
27.24
27.24
25.97
25.98
21.06
4,200
Jan 20, 2026
28.72
28.72
27.05
27.11
21.98
8,200
Jan 16, 2026
29.24
30.44
29.23
29.67
24.05
4,700
Jan 15, 2026
0.255 Dividend 

Jan 15, 2026
28.69
29.84
28.69
29.02
23.52
7,100
Jan 14, 2026
29.62
29.73
28.58
28.58
22.96
4,700
Jan 13, 2026
28.25
29.23
28.25
29.23
23.48
1,100
Jan 12, 2026
25.98
27.10
25.98
27.10
21.77
3,100
Jan 9, 2026
26.37
26.37
25.91
26.16
21.01
1,200
Jan 8, 2026
0.246 Dividend 

Jan 8, 2026
26.29
26.37
25.64
26.37
21.19
11,300
Jan 7, 2026
27.45
27.70
27.25
27.58
21.96
6,900
Jan 6, 2026
27.44
27.61
27.13
27.40
21.82
8,800
Jan 5, 2026
29.15
29.15
28.53
28.78
22.92
3,300
Jan 2, 2026
0.257 Dividend 

Jan 2, 2026
28.68
28.92
28.26
28.92
23.02
4,300
Dec 31, 2025
29.19
29.28
29.15
29.19
23.04
1,700
Dec 30, 2025
29.39
29.59
29.27
29.40
23.20
11,400
Dec 29, 2025
29.30
29.30
29.10
29.25
23.09
7,100
Dec 26, 2025
0.286 Dividend 

Dec 26, 2025
29.10
29.40
29.03
29.40
23.20
5,600
Dec 24, 2025
29.40
29.69
29.31
29.60
23.13
3,700
Dec 23, 2025
29.78
29.78
29.40
29.40
22.98
2,500
Dec 22, 2025
29.43
29.82
29.43
29.70
23.21
70,100
Dec 19, 2025
29.84
30.00
29.38
29.45
23.02
6,600
Dec 18, 2025
0.314 Dividend 

Dec 18, 2025
30.70
30.91
29.99
30.08
23.51
2,200
Dec 17, 2025
31.76
31.76
31.11
31.11
24.07
1,500
Dec 16, 2025
31.21
31.90
31.21
31.90
24.68
12,700
Dec 15, 2025
31.91
31.91
31.17
31.45
24.33
1,700
Dec 12, 2025
32.70
32.70
31.78
31.78
24.59
5,800
Dec 11, 2025
0.356 Dividend 

Dec 11, 2025
33.54
34.07
33.48
33.69
26.06
4,000
Dec 10, 2025
34.88
34.88
34.10
34.10
26.11
5,700
Dec 9, 2025
34.80
35.11
34.63
35.11
26.88
3,000
Dec 8, 2025
34.50
34.78
34.16
34.78
26.63
5,000
Dec 5, 2025
34.06
34.58
34.00
34.50
26.41
3,000
Dec 4, 2025
0.705 Dividend 

Dec 4, 2025
33.21
34.36
33.15
34.32
26.28
12,200
Dec 3, 2025
34.01
34.49
33.87
34.08
25.55
6,400
Dec 2, 2025
34.65
34.76
34.50
34.50
25.87
1,100
Dec 1, 2025
33.60
34.42
33.60
34.42
25.81
2,300
Nov 28, 2025
0.394 Dividend 

Nov 28, 2025
34.62
34.74
34.43
34.74
26.05
2,000
Nov 26, 2025
34.68
34.79
34.40
34.42
25.52
2,500
Nov 25, 2025
33.36
33.88
33.36
33.88
25.11
2,400
Nov 24, 2025
35.29
35.29
33.34
33.84
25.08
116,500
Nov 21, 2025
34.30
34.30
32.76
33.10
24.53
4,900
Nov 20, 2025
0.414 Dividend 

Nov 20, 2025
35.29
35.29
33.83
33.83
25.07
2,600
Nov 19, 2025
35.65
36.37
35.50
36.33
26.62
7,200
Nov 18, 2025
37.10
37.81
37.10
37.80
27.69
1,900
Nov 17, 2025
37.82
37.95
37.15
37.47
27.45
2,900
Nov 14, 2025
37.50
38.04
37.50
37.74
27.65
4,700
Nov 13, 2025
0.417 Dividend 

Nov 13, 2025
37.65
37.65
36.77
37.32
27.34
3,200
Nov 12, 2025
38.81
38.99
38.52
38.79
28.12
1,700
Nov 11, 2025
38.84
38.98
38.63
38.90
28.20
3,100
Nov 10, 2025
39.62
39.62
39.05
39.05
28.31
2,600
Nov 7, 2025
37.63
39.47
37.63
39.47
28.61
6,100
Nov 6, 2025
0.461 Dividend 

Nov 6, 2025
37.28
38.18
37.27
37.67
27.31
4,700
Nov 5, 2025
38.62
38.78
38.30
38.30
27.43
3,500
Nov 4, 2025
38.49
39.22
38.38
38.86
27.83
5,700
Nov 3, 2025
41.38
41.68
39.62
40.09
28.71
9,800
Oct 31, 2025
43.60
43.87
41.83
42.11
30.16
3,800
Oct 30, 2025
0.51 Dividend 

Oct 30, 2025
46.05
46.05
41.63
41.99
30.07
21,500
Oct 29, 2025
48.00
49.07
47.87
48.89
34.65
8,200
Oct 28, 2025
48.36
48.85
48.08
48.20
34.16
8,400
Oct 27, 2025
47.44
47.97
47.25
47.25
33.48
3,900
Oct 24, 2025
48.26
48.26
47.00
47.00
33.31
12,200
Oct 23, 2025
0.755 Dividend 

Oct 23, 2025
47.02
47.70
46.92
47.58
33.72
8,100
Oct 22, 2025
49.29
49.35
47.10
47.75
33.30
12,500
Oct 21, 2025
50.26
50.26
48.74
49.37
34.44
5,700
Oct 20, 2025
49.71
50.05
48.82
49.85
34.77
28,200
Oct 17, 2025
49.05
49.69
49.05
49.31
34.39
4,400
Oct 16, 2025
1.052 Dividend 

Oct 16, 2025
50.74
50.74
49.33
49.74
34.69
5,300
Oct 15, 2025
51.50
52.91
51.50
51.95
35.50
14,800
Oct 14, 2025
49.38
51.67
49.38
50.54
34.53
9,500
Oct 13, 2025
49.45
49.45
48.40
49.07
33.53
3,900
Oct 10, 2025
49.03
49.30
48.55
48.60
33.21
7,800
Oct 9, 2025
48.08
48.54
47.96
48.36
33.05
6,200
Oct 8, 2025
47.17
48.89
47.17
47.99
32.79
20,200
Oct 7, 2025
47.50
47.62
47.00
47.57
32.51
14,600
Oct 6, 2025
47.00
48.17
46.81
48.17
32.92
18,700
Oct 3, 2025
47.33
48.92
46.05
47.13
32.21
45,700
Oct 2, 2025
3.015 Dividend 

Oct 2, 2025
50.92
51.50
50.23
50.64
34.60
21,100
Oct 1, 2025
56.27
56.27
54.00
54.08
34.90
113,800
Sep 30, 2025
54.44
55.36
53.51
55.24
35.64
6,100
Sep 29, 2025
56.26
56.72
55.39
56.20
36.26
10,200
Sep 26, 2025
53.40
54.36
52.96
54.36
35.07
8,500
Sep 25, 2025
52.30
53.41
52.12
53.03
34.21
2,500
Sep 24, 2025
53.78
53.78
53.23
53.23
34.34
600
Sep 23, 2025
56.83
56.83
53.54
53.54
34.55
3,200
Sep 22, 2025
54.28
55.27
54.28
55.04
35.51
590,200
Sep 19, 2025
54.87
54.93
54.34
54.34
35.06
900
Sep 18, 2025
54.18
54.24
54.18
54.24
35.00
500
Sep 17, 2025
53.04
54.11
52.21
54.11
34.92
1,800
Sep 16, 2025
54.10
54.19
54.10
54.11
34.92
2,100
Sep 15, 2025
54.65
55.04
54.36
54.43
35.12
2,100
Sep 12, 2025
53.21
53.41
53.21
53.26
34.37
1,000
Sep 11, 2025
53.22
53.69
52.96
53.19
34.32
3,100
Sep 10, 2025
52.59
53.02
52.59
53.02
34.21
2,800
Sep 9, 2025
52.38
52.67
52.38
52.67
33.99
700
Sep 8, 2025
51.94
51.94
51.16
51.64
33.32
10,200
Sep 5, 2025
52.21
52.21
50.59
51.30
33.10
12,700
Sep 4, 2025
2.073 Dividend 

Sep 4, 2025
53.59
53.59
51.37
52.02
33.56
13,200
Sep 3, 2025
54.61
55.26
53.79
55.20
34.28
40,000
Sep 2, 2025
51.27
53.77
50.58
53.69
33.34
3,200
Aug 29, 2025
52.22
52.33
52.13
52.33
32.50
800
Aug 28, 2025
52.95
53.34
52.95
53.06
32.95
1,300
Aug 27, 2025
52.30
52.30
51.81
51.87
32.21
2,000
Aug 26, 2025
52.49
52.52
52.35
52.49
32.60
1,800
Aug 25, 2025
52.68
52.68
52.40
52.40
32.54
1,300
Aug 22, 2025
49.42
50.82
49.40
50.26
31.21
2,800
Aug 21, 2025
49.84
49.84
49.13
49.13
30.51
1,000
Aug 20, 2025
49.89
50.52
49.61
50.52
31.37
2,300
Aug 19, 2025
50.54
50.59
49.98
50.08
31.10
4,800
Aug 18, 2025
49.11
50.91
48.00
50.91
31.61
4,700
Aug 15, 2025
48.58
49.85
48.56
49.83
30.94
9,700
Aug 14, 2025
53.45
54.34
52.99
52.99
32.91
1,100
Aug 13, 2025
54.00
54.00
52.42
53.64
33.31
2,300
Aug 12, 2025
54.65
55.16
54.55
54.55
33.87
3,800
Aug 11, 2025
55.12
55.12
54.84
54.84
34.06
1,200
Aug 8, 2025
54.48
55.43
54.01
54.01
33.54
1,500
Aug 7, 2025
55.76
55.99
53.78
54.39
33.78
7,600
Aug 6, 2025
54.51
55.86
54.42
55.86
34.69
4,400
Aug 5, 2025
53.75
54.21
53.06
53.20
33.04
7,200
Aug 4, 2025
51.02
55.10
51.02
54.49
33.84
7,200
Aug 1, 2025
55.45
55.45
52.21
52.36
32.52
7,500
Jul 31, 2025
58.42
58.42
56.41
56.74
35.24
5,700
Jul 30, 2025
50.66
51.67
50.66
51.67
32.09
4,100
Jul 29, 2025
50.39
50.39
49.14
49.34
30.64
4,800
