Date
Open
High
Low
Close 

Adj Close 

Volume
May 26, 2026
28.76
29.03
28.76
29.00
29.00
101,214
May 22, 2026
28.28
28.53
28.28
28.47
28.47
89,100
May 21, 2026
0.161 Dividend 

May 21, 2026
28.11
28.26
27.98
28.13
28.13
197,300
May 20, 2026
28.25
28.56
28.09
28.46
28.30
69,100
May 19, 2026
28.17
28.21
27.84
28.08
27.93
52,100
May 18, 2026
28.89
28.89
28.15
28.36
28.20
114,600
May 15, 2026
28.75
28.75
28.46
28.47
28.31
126,700
May 14, 2026
0.194 Dividend 

May 14, 2026
29.07
29.17
28.92
29.15
28.99
83,200
May 13, 2026
29.16
29.23
28.95
29.20
28.84
78,900
May 12, 2026
29.33
29.33
28.74
29.17
28.81
350,400
May 11, 2026
29.27
29.50
29.27
29.39
29.03
93,800
May 8, 2026
29.17
29.30
29.06
29.27
28.91
122,700
May 7, 2026
0.175 Dividend 

May 7, 2026
29.49
29.49
28.95
29.05
28.69
232,100
May 6, 2026
29.52
29.65
29.31
29.63
29.09
289,300
May 5, 2026
28.99
29.21
28.99
29.14
28.61
130,500
May 4, 2026
28.88
28.99
28.62
28.79
28.27
246,600
May 1, 2026
28.92
28.92
28.68
28.91
28.38
237,900
Apr 30, 2026
0.171 Dividend 

Apr 30, 2026
28.59
28.86
28.57
28.85
28.33
96,800
Apr 29, 2026
28.88
28.88
28.52
28.71
28.02
69,200
Apr 28, 2026
28.98
29.14
28.77
28.85
28.16
66,300
Apr 27, 2026
29.07
29.23
29.05
29.14
28.44
105,500
Apr 24, 2026
29.06
29.14
28.83
29.08
28.38
131,800
Apr 23, 2026
0.201 Dividend 

Apr 23, 2026
29.17
29.17
28.58
28.94
28.25
50,700
Apr 22, 2026
29.32
29.32
29.06
29.21
28.31
61,300
Apr 21, 2026
29.33
29.43
28.91
28.96
28.07
134,900
Apr 20, 2026
29.01
29.24
28.98
29.22
28.32
144,300
Apr 17, 2026
28.97
29.39
28.88
29.12
28.23
171,400
Apr 16, 2026
0.168 Dividend 

Apr 16, 2026
28.41
28.55
28.33
28.55
27.67
84,500
Apr 15, 2026
28.44
28.60
28.42
28.60
27.56
111,900
Apr 14, 2026
28.27
28.46
28.21
28.46
27.43
50,700
Apr 13, 2026
27.85
28.13
27.76
28.13
27.11
104,000
Apr 10, 2026
28.00
28.08
27.85
27.94
26.92
127,800
Apr 9, 2026
0.189 Dividend 

Apr 9, 2026
27.66
27.99
27.66
27.96
26.94
51,500
Apr 8, 2026
28.08
28.14
27.82
28.01
26.81
70,500
Apr 7, 2026
26.89
27.15
26.76
27.08
25.92
78,700
Apr 6, 2026
26.87
27.09
26.85
27.02
25.86
133,500
Apr 2, 2026
26.57
26.93
26.55
26.88
25.73
98,700
Apr 1, 2026
0.291 Dividend 

Apr 1, 2026
27.09
27.30
27.02
27.04
25.88
77,700
Mar 31, 2026
26.85
27.16
26.81
27.15
25.71
90,200
Mar 30, 2026
26.97
26.99
26.35
26.40
25.00
146,700
Mar 27, 2026
27.07
27.15
26.72
26.72
25.30
171,300
Mar 26, 2026
0.215 Dividend 

Mar 26, 2026
27.32
27.64
27.23
27.23
25.78
36,000
Mar 25, 2026
27.79
28.01
27.74
27.90
26.21
80,600
Mar 24, 2026
27.24
27.53
27.11
27.47
25.81
92,700
Mar 23, 2026
27.29
27.61
27.24
27.44
25.78
122,600
Mar 20, 2026
27.26
27.29
26.58
26.80
25.18
150,300
Mar 19, 2026
0.164 Dividend 

Mar 19, 2026
26.88
27.38
26.87
27.32
25.67
168,300
Mar 18, 2026
27.62
27.67
27.39
27.44
25.63
134,600
Mar 17, 2026
27.67
27.97
27.67
27.77
25.94
67,700
Mar 16, 2026
27.55
27.76
27.48
27.53
25.72
122,400
Mar 13, 2026
27.46
27.58
27.13
27.22
25.42
95,100
Mar 12, 2026
0.199 Dividend 

Mar 12, 2026
27.47
27.56
27.16
27.30
25.50
191,400
Mar 11, 2026
27.96
28.06
27.77
28.02
25.98
82,700
Mar 10, 2026
27.92
28.33
27.92
28.01
25.97
64,500
Mar 9, 2026
27.61
28.08
27.34
28.01
25.97
274,300
Mar 6, 2026
28.07
28.26
27.88
28.03
25.99
159,300
Mar 5, 2026
0.257 Dividend 

Mar 5, 2026
28.88
29.06
28.38
28.64
26.56
269,000
Mar 4, 2026
29.35
29.50
29.16
29.48
27.10
170,000
Mar 3, 2026
28.94
29.16
28.48
29.11
26.76
138,200
Mar 2, 2026
29.02
29.64
29.02
29.56
27.17
157,400
Feb 27, 2026
29.46
29.63
29.26
29.45
27.07
173,500
Feb 26, 2026
0.208 Dividend 

Feb 26, 2026
29.75
29.92
29.50
29.86
27.45
92,000
Feb 25, 2026
29.95
30.00
29.70
29.93
27.33
81,800
Feb 24, 2026
29.41
29.80
29.34
29.78
27.19
72,300
Feb 23, 2026
29.74
29.82
29.14
29.32
26.77
109,900
Feb 20, 2026
29.57
29.93
29.57
29.83
27.23
111,400
Feb 19, 2026
0.282 Dividend 

Feb 19, 2026
29.61
29.84
29.50
29.82
27.22
41,400
Feb 18, 2026
29.85
30.24
29.78
30.06
27.18
100,300
Feb 17, 2026
29.66
29.94
29.42
29.84
26.98
81,400
Feb 13, 2026
29.59
29.81
29.36
29.79
26.94
118,200
Feb 12, 2026
0.236 Dividend 

Feb 12, 2026
30.24
30.36
29.37
29.44
26.62
91,900
Feb 11, 2026
30.63
30.65
29.95
30.27
27.16
109,900
Feb 10, 2026
30.42
30.60
30.34
30.36
27.24
68,000
Feb 9, 2026
30.22
30.45
30.17
30.35
27.23
95,400
Feb 6, 2026
29.83
30.38
29.83
30.34
27.22
158,300
Feb 5, 2026
0.123 Dividend 

Feb 5, 2026
29.68
30.00
29.37
29.42
26.40
151,400
Feb 4, 2026
30.40
30.45
29.65
30.07
26.87
178,000
Feb 3, 2026
30.23
30.49
29.81
30.26
27.04
178,500
Feb 2, 2026
29.72
30.19
29.72
30.09
26.89
109,100
Jan 30, 2026
30.07
30.24
29.73
29.86
26.68
185,900
Jan 29, 2026
0.161 Dividend 

Jan 29, 2026
30.29
30.42
29.88
30.26
27.04
116,400
Jan 28, 2026
30.62
30.69
30.32
30.37
26.99
184,500
Jan 27, 2026
30.44
30.51
30.28
30.51
27.12
83,400
Jan 26, 2026
30.44
30.66
30.34
30.38
27.00
116,900
Jan 23, 2026
30.86
30.89
30.42
30.47
27.08
180,800
Jan 22, 2026
0.231 Dividend 

Jan 22, 2026
30.84
31.17
30.84
30.96
27.52
74,700
Jan 21, 2026
30.59
30.97
30.46
30.96
27.31
166,000
Jan 20, 2026
30.18
30.60
30.13
30.35
26.78
114,800
Jan 16, 2026
30.69
30.75
30.54
30.71
27.09
111,800
Jan 15, 2026
0.142 Dividend 

Jan 15, 2026
30.40
30.70
30.40
30.62
27.01
90,500
Jan 14, 2026
30.37
30.52
30.17
30.52
26.80
75,900
Jan 13, 2026
30.41
30.44
30.21
30.30
26.61
65,600
Jan 12, 2026
30.21
30.35
30.04
30.31
26.62
88,200
Jan 9, 2026
30.13
30.42
30.05
30.29
26.60
84,000
Jan 8, 2026
0.178 Dividend 

Jan 8, 2026
29.72
30.01
29.63
30.01
26.35
141,000
Jan 7, 2026
30.00
30.00
29.74
29.91
26.11
103,000
Jan 6, 2026
29.85
30.04
29.80
30.02
26.20
110,200
Jan 5, 2026
29.69
29.96
29.62
29.90
26.10
131,700
Jan 2, 2026
29.46
29.55
29.29
29.55
25.79
191,000
Dec 31, 2025
1.084 Dividend 

Dec 31, 2025
29.62
29.62
29.27
29.36
25.63
173,400
Dec 30, 2025
30.85
30.85
30.56
30.59
25.76
181,600
Dec 29, 2025
30.80
30.94
30.72
30.77
25.91
189,500
Dec 26, 2025
31.06
31.06
30.84
30.99
26.09
122,300
Dec 24, 2025
0.395 Dividend 

Dec 24, 2025
31.06
31.11
30.91
31.10
26.18
40,800
Dec 23, 2025
31.46
31.52
31.35
31.40
26.10
170,200
Dec 22, 2025
31.41
31.65
31.39
31.58
26.25
104,900
Dec 19, 2025
30.98
31.29
30.98
31.20
25.94
60,500
Dec 18, 2025
0.212 Dividend 

Dec 18, 2025
31.09
31.28
30.95
31.00
25.77
67,900
Dec 17, 2025
31.45
31.67
30.93
30.99
25.59
142,800
Dec 16, 2025
31.37
31.65
31.12
31.24
25.79
117,000
Dec 15, 2025
31.95
31.95
31.51
31.64
26.12
356,600
Dec 12, 2025
32.18
32.23
31.61
31.68
26.16
108,700
Dec 11, 2025
0.213 Dividend 

Dec 11, 2025
31.69
32.15
31.69
32.14
26.54
134,100
Dec 10, 2025
31.60
31.96
31.57
31.91
26.17
205,200
Dec 9, 2025
31.50
31.78
31.50
31.55
25.88
124,100
Dec 8, 2025
31.72
31.79
31.43
31.52
25.85
91,200
Dec 5, 2025
31.61
31.68
31.48
31.54
25.87
92,000
Dec 4, 2025
0.239 Dividend 

Dec 4, 2025
31.41
31.62
31.30
31.59
25.91
77,000
Dec 3, 2025
31.45
31.71
31.30
31.63
25.75
84,000
Dec 2, 2025
31.44
31.53
31.23
31.23
25.42
94,100
Dec 1, 2025
31.21
31.53
31.21
31.28
25.46
102,600
Nov 28, 2025
31.51
31.66
31.46
31.65
25.76
69,200
Nov 26, 2025
0.225 Dividend 

Nov 26, 2025
31.26
31.50
31.11
31.45
25.60
137,000
Nov 25, 2025
30.98
31.41
30.98
31.27
25.27
78,600
Nov 24, 2025
30.52
30.95
30.49
30.90
24.97
126,700
Nov 21, 2025
30.07
30.53
30.02
30.41
24.57
153,200
Nov 20, 2025
0.253 Dividend 

Nov 20, 2025
30.98
31.17
29.92
29.99
24.24
108,700
Nov 19, 2025
30.72
31.00
30.61
30.71
24.61
77,600
Nov 18, 2025
30.36
30.82
30.35
30.68
24.59
117,200
Nov 17, 2025
31.05
31.21
30.44
30.60
24.52
138,200
Nov 14, 2025
30.57
31.18
30.55
31.13
24.95
162,800
Nov 13, 2025
0.387 Dividend 

Nov 13, 2025
31.79
31.83
30.92
31.00
24.85
168,000
Nov 12, 2025
32.41
32.65
32.25
32.26
25.54
124,600
Nov 11, 2025
32.25
32.41
32.10
32.33
25.60
97,300
Nov 10, 2025
32.38
32.42
32.02
32.29
25.57
133,500
Nov 7, 2025
31.66
31.97
31.44
31.91
25.27
114,600
Nov 6, 2025
0.223 Dividend 

Nov 6, 2025
32.50
32.53
31.89
31.98
25.32
134,600
Nov 5, 2025
32.61
32.80
32.45
32.77
25.77
115,000
Nov 4, 2025
32.45
32.64
32.31
32.34
25.43
130,200
Nov 3, 2025
32.86
32.92
32.46
32.80
25.80
89,000
Oct 31, 2025
32.76
32.91
32.55
32.89
25.87
114,800
Oct 30, 2025
0.245 Dividend 

Oct 30, 2025
32.62
33.09
32.62
32.70
25.72
101,900
Oct 29, 2025
33.35
33.49
32.91
33.21
25.93
138,700
Oct 28, 2025
33.46
33.46
33.23
33.32
26.01
67,800
Oct 27, 2025
33.55
33.64
33.37
33.45
26.11
120,700
Oct 24, 2025
33.21
33.40
33.18
33.26
25.96
137,300
Oct 23, 2025
0.225 Dividend 

Oct 23, 2025
32.58
32.94
32.55
32.81
25.61
91,800
Oct 22, 2025
33.12
33.21
32.33
32.71
25.36
150,700
Oct 21, 2025
33.22
33.25
32.97
33.17
25.72
64,500
Oct 20, 2025
32.98
33.25
32.98
33.23
25.76
108,200
Oct 17, 2025
32.74
32.74
32.34
32.63
25.30
153,700
Oct 16, 2025
0.227 Dividend 

Oct 16, 2025
33.63
33.67
32.59
32.96
25.55
89,900
Oct 15, 2025
33.65
33.82
33.25
33.66
25.92
170,300
Oct 14, 2025
33.09
33.38
32.85
33.28
25.63
103,500
Oct 13, 2025
33.01
33.30
32.96
33.30
25.64
119,000
Oct 10, 2025
33.49
33.78
32.37
32.40
24.95
317,100
Oct 9, 2025
0.225 Dividend 

Oct 9, 2025
33.55
33.76
33.21
33.42
25.74
117,100
Oct 8, 2025
33.74
33.85
33.65
33.79
25.85
229,900
Oct 7, 2025
34.08
34.17
33.48
33.69
25.77
135,800
Oct 6, 2025
33.96
34.13
33.85
33.90
25.93
162,400
Oct 3, 2025
33.67
33.96
33.64
33.81
25.86
162,400
Oct 2, 2025
0.366 Dividend 

Oct 2, 2025
33.44
33.49
33.13
33.48
25.61
97,400
Oct 1, 2025
33.46
33.68
33.32
33.65
25.46
148,600
Sep 30, 2025
33.38
33.50
33.18
33.47
25.32
85,300
Sep 29, 2025
33.55
33.62
33.31
33.41
25.28
119,900
Sep 26, 2025
33.17
33.44
33.11
33.39
25.26
117,600
Sep 25, 2025
0.193 Dividend 

Sep 25, 2025
33.15
33.15
32.78
33.11
25.05
105,500
Sep 24, 2025
33.92
34.11
33.52
33.55
25.24
142,400
Sep 23, 2025
33.90
34.20
33.78
33.84
25.46
72,900
Sep 22, 2025
33.84
34.00
33.65
33.80
25.43
119,800
Sep 19, 2025
34.20
34.20
33.82
33.83
25.45
91,000
Sep 18, 2025
0.227 Dividend 

Sep 18, 2025
33.83
34.14
33.79
34.10
25.65
109,200
Sep 17, 2025
33.62
34.15
33.57
33.80
25.26
90,300
Sep 16, 2025
33.63
33.63
33.36
33.60
25.11
67,200
Sep 15, 2025
33.54
33.63
33.49
33.61
25.11
101,700
Sep 12, 2025
33.62
33.72
33.38
33.38
24.94
109,800
Sep 11, 2025
0.226 Dividend 

Sep 11, 2025
33.40
33.76
33.35
33.75
25.22
65,800
Sep 10, 2025
33.78
33.81
33.49
33.63
24.96
73,500
Sep 9, 2025
33.86
33.86
33.45
33.65
24.97
114,700
Sep 8, 2025
33.86
33.88
33.52
33.83
25.11
114,600
Sep 5, 2025
33.70
33.99
33.32
33.69
25.00
86,200
Sep 4, 2025
0.324 Dividend 

Sep 4, 2025
33.33
33.60
33.20
33.49
24.86
73,300
Sep 3, 2025
33.54
33.76
33.36
33.54
24.65
89,000
Sep 2, 2025
33.29
33.58
33.15
33.58
24.68
89,900
Aug 29, 2025
33.84
33.95
33.58
33.66
24.74
62,400
Aug 28, 2025
0.224 Dividend 

Aug 28, 2025
33.84
33.98
33.60
33.83
24.87
71,500
Aug 27, 2025
33.63
33.97
33.63
33.97
24.80
185,400
Aug 26, 2025
33.40
33.70
33.39
33.67
24.58
139,200
Aug 25, 2025
33.55
33.67
33.31
33.31
24.32
142,500
Aug 22, 2025
33.15
33.69
33.15
33.67
24.58
94,800
Aug 21, 2025
0.255 Dividend 

Aug 21, 2025
32.84
33.01
32.71
33.01
24.10
72,100
Aug 20, 2025
33.22
33.38
32.92
33.15
24.02
94,500
Aug 19, 2025
33.47
33.64
33.19
33.26
24.10
102,400
Aug 18, 2025
33.40
33.52
33.31
33.47
24.25
291,700
Aug 15, 2025
33.55
33.55
33.15
33.33
24.15
101,400
Aug 14, 2025
0.314 Dividend 

Aug 14, 2025
33.54
33.58
33.13
33.47
24.25
120,000
Aug 13, 2025
33.95
34.25
33.95
34.21
24.56
110,200
Aug 12, 2025
33.36
33.75
33.36
33.75
24.23
116,600
Aug 11, 2025
33.24
33.36
33.11
33.19
23.83
95,300
Aug 8, 2025
33.22
33.29
33.06
33.15
23.79
80,000
Aug 7, 2025
0.262 Dividend 

Aug 7, 2025
33.38
33.50
32.87
33.05
23.73
88,900
Aug 6, 2025
33.45
33.47
33.21
33.41
23.80
98,100
Aug 5, 2025
33.36
33.44
33.01
33.44
23.82
91,800
Aug 4, 2025
32.98
33.23
32.89
33.20
23.65
103,900
Aug 1, 2025
32.97
32.97
32.34
32.75
23.33
127,300
Jul 31, 2025
0.289 Dividend 

Jul 31, 2025
33.42
33.70
33.28
33.38
23.78
158,000
Jul 30, 2025
34.17
34.28
33.69
34.00
24.01
150,800
Jul 29, 2025
34.29
34.43
33.85
33.99
24.00
84,400
Jul 28, 2025
34.31
34.31
34.09
34.20
24.15
155,000
Jul 25, 2025
34.06
34.15
33.84
34.12
24.10
101,500
Jul 24, 2025
0.308 Dividend 

Jul 24, 2025
34.32
34.35
33.99
33.99
24.00
83,700
Jul 23, 2025
34.53
34.77
34.45
34.72
24.30
90,900
Jul 22, 2025
34.03
34.39
34.01
34.30
24.01
63,000
Jul 21, 2025
34.30
34.42
34.00
34.03
23.82
118,700
Jul 18, 2025
34.48
34.56
34.10
34.11
23.88
96,200
Jul 17, 2025
0.265 Dividend 

Jul 17, 2025
33.84
34.29
33.84
34.24
23.97
74,300
Jul 16, 2025
34.00
34.18
33.51
34.18
23.74
109,800
Jul 15, 2025
34.54
34.54
33.73
33.73
23.43
117,600
Jul 14, 2025
34.17
34.46
34.15
34.39
23.88
97,800
Jul 11, 2025
34.44
34.57
34.23
34.27
23.80
65,900
Jul 10, 2025
0.262 Dividend 

Jul 10, 2025
34.44
34.65
34.30
34.60
24.03
78,800
Jul 9, 2025
34.51
34.75
34.39
34.73
23.94
102,400
Jul 8, 2025
34.08
34.39
34.07
34.33
23.66
80,200
Jul 7, 2025
34.23
34.39
33.84
34.00
23.44
117,500
Jul 3, 2025
34.29
34.54
34.29
34.49
23.77
95,400
Jul 2, 2025
0.259 Dividend 

Jul 2, 2025
33.93
34.25
33.84
34.25
23.61
38,500
Jul 1, 2025
34.04
34.24
33.92
34.21
23.40
96,800
Jun 30, 2025
34.29
34.37
34.10
34.22
23.41
72,500
Jun 27, 2025
34.12
34.27
33.87
34.05
23.29
114,300
Jun 26, 2025
0.275 Dividend 

Jun 26, 2025
33.81
34.10
33.81
34.09
23.32
62,200
Jun 25, 2025
34.48
34.48
33.97
34.03
23.09
86,200
Jun 24, 2025
34.19
34.40
34.05
34.32
23.29
55,500
Jun 23, 2025
33.54
33.94
33.34
33.86
22.98
58,900
Jun 20, 2025
33.94
33.96
33.59
33.67
22.85
95,200
Jun 18, 2025
0.244 Dividend 

Jun 18, 2025
33.46
33.79
33.32
33.79
22.93
73,700
Jun 17, 2025
33.84
34.01
33.71
33.74
22.73
119,800
Jun 16, 2025
33.90
34.20
33.80
34.03
22.92
68,400
Jun 13, 2025
33.73
34.03
33.56
33.64
22.66
93,900
Jun 12, 2025
0.135 Dividend 

Jun 12, 2025
34.16
34.26
34.00
34.25
23.07
43,300
Jun 11, 2025
34.78
34.83
34.41
34.45
23.12
97,000
Jun 10, 2025
34.55
34.67
34.49
34.61
23.22
69,100
Jun 9, 2025
34.43
34.50
34.17
34.37
23.06
85,600
Jun 6, 2025
33.95
34.12
33.90
34.09
22.87
154,400
Jun 5, 2025
0.301 Dividend 

Jun 5, 2025
33.54
33.69
33.25
33.55
22.51
49,800
Jun 4, 2025
33.94
33.99
33.73
33.80
22.48
105,900
Jun 3, 2025
33.50
33.82
33.42
33.74
22.44
52,000
Jun 2, 2025
33.42
33.45
32.95
33.45
22.24
117,600
May 30, 2025
33.37
33.41
33.04
33.26
22.12
105,300
May 29, 2025
0.267 Dividend 

May 29, 2025
33.63
33.63
33.20
33.44
22.24
58,400
May 28, 2025
33.82
34.00
33.50
33.62
22.18
93,900
May 27, 2025
33.55
33.85
33.40
33.82
22.31
74,600
