Date
Open
High
Low
Close 

Adj Close 

Volume
Jun 5, 2026
37.43
37.43
36.40
36.62
36.62
7,900
Jun 4, 2026
37.77
37.89
37.72
37.89
37.89
6,000
Jun 3, 2026
0.24 Dividend 

Jun 3, 2026
37.83
37.84
37.54
37.62
37.62
7,900
Jun 2, 2026
37.98
38.41
37.98
38.35
38.11
12,600
Jun 1, 2026
37.96
38.03
37.65
38.03
37.79
7,700
May 29, 2026
38.14
38.18
37.81
38.10
37.86
6,000
May 28, 2026
38.70
38.70
37.98
38.34
38.10
3,700
May 27, 2026
0.236 Dividend 

May 27, 2026
38.20
38.31
38.12
38.23
37.99
5,700
May 26, 2026
38.03
38.45
38.03
38.38
37.91
5,000
May 22, 2026
37.69
37.82
37.65
37.80
37.33
4,000
May 21, 2026
37.16
37.42
37.02
37.36
36.90
7,800
May 20, 2026
0.238 Dividend 

May 20, 2026
37.14
38.14
37.14
38.14
37.67
6,100
May 19, 2026
37.38
37.38
36.96
37.23
36.53
11,000
May 18, 2026
37.78
37.91
37.38
37.56
36.86
8,900
May 15, 2026
38.08
38.08
37.77
37.79
37.09
5,600
May 14, 2026
38.41
38.64
38.35
38.59
37.87
3,900
May 13, 2026
0.245 Dividend 

May 13, 2026
38.03
38.44
38.03
38.24
37.53
5,000
May 12, 2026
38.70
38.70
37.88
38.49
37.53
11,900
May 11, 2026
38.63
38.97
38.63
38.80
37.83
6,100
May 8, 2026
38.60
38.65
38.31
38.65
37.69
6,400
May 7, 2026
38.95
38.95
38.17
38.23
37.28
3,900
May 6, 2026
0.239 Dividend 

May 6, 2026
38.78
38.83
38.46
38.83
37.87
5,500
May 5, 2026
38.44
38.59
38.44
38.53
37.33
3,600
May 4, 2026
38.12
38.38
37.68
37.94
36.76
11,400
May 1, 2026
37.85
38.15
37.85
38.11
36.93
8,200
Apr 30, 2026
37.74
38.02
37.73
37.93
36.76
5,800
Apr 29, 2026
0.242 Dividend 

Apr 29, 2026
37.63
37.70
37.41
37.51
36.35
4,500
Apr 28, 2026
38.20
38.22
37.78
37.95
36.54
9,200
Apr 27, 2026
38.26
38.32
38.15
38.28
36.86
8,200
Apr 24, 2026
38.07
38.21
37.93
38.16
36.74
4,500
Apr 23, 2026
38.15
38.24
37.54
37.98
36.57
12,400
Apr 22, 2026
0.315 Dividend 

Apr 22, 2026
38.19
38.19
37.85
38.01
36.60
7,100
Apr 21, 2026
38.57
38.72
37.82
37.82
36.11
31,800
Apr 20, 2026
38.06
38.46
38.06
38.40
36.67
6,500
Apr 17, 2026
38.00
38.38
38.00
38.29
36.56
10,100
Apr 16, 2026
37.09
37.54
37.09
37.54
35.84
12,400
Apr 15, 2026
0.339 Dividend 

Apr 15, 2026
37.53
37.53
37.19
37.40
35.71
5,100
Apr 14, 2026
37.70
37.86
37.52
37.81
35.78
43,400
Apr 13, 2026
37.22
37.33
37.13
37.26
35.26
4,000
Apr 10, 2026
37.26
37.26
36.99
37.06
35.07
12,100
Apr 9, 2026
36.88
37.20
36.88
37.15
35.15
5,300
Apr 8, 2026
0.329 Dividend 

Apr 8, 2026
37.13
37.16
36.85
36.99
35.01
6,400
Apr 7, 2026
35.81
36.11
35.79
36.03
33.79
4,300
Apr 6, 2026
35.74
36.18
35.69
36.01
33.76
7,000
Apr 2, 2026
35.36
35.85
35.36
35.76
33.53
11,400
Apr 1, 2026
0.316 Dividend 

Apr 1, 2026
36.10
36.33
36.06
36.10
33.85
7,200
Mar 31, 2026
35.85
36.08
35.66
36.05
33.50
9,100
Mar 30, 2026
35.84
35.84
35.11
35.19
32.70
13,200
Mar 27, 2026
35.91
36.04
35.65
35.68
33.16
8,300
Mar 26, 2026
36.30
36.60
36.21
36.22
33.66
12,700
Mar 25, 2026
0.315 Dividend 

Mar 25, 2026
36.58
36.86
36.58
36.66
34.07
4,700
Mar 24, 2026
36.30
36.53
36.22
36.53
33.66
10,800
Mar 23, 2026
36.23
36.69
36.23
36.54
33.66
4,200
Mar 20, 2026
35.92
35.95
35.40
35.52
32.73
4,300
Mar 19, 2026
36.10
36.42
35.97
36.38
33.52
9,200
Mar 18, 2026
0.315 Dividend 

Mar 18, 2026
36.84
36.84
36.46
36.57
33.70
6,100
Mar 17, 2026
37.33
37.58
37.18
37.18
33.97
507,300
Mar 16, 2026
36.98
37.51
36.84
37.05
33.85
4,800
Mar 13, 2026
36.78
37.08
36.46
36.55
33.40
6,600
Mar 12, 2026
36.61
36.81
36.55
36.63
33.46
5,200
Mar 11, 2026
0.32 Dividend 

Mar 11, 2026
37.33
37.56
37.02
37.33
34.10
9,400
Mar 10, 2026
39.30
39.30
37.60
37.61
34.06
5,600
Mar 9, 2026
37.30
37.62
36.91
37.62
34.08
10,100
Mar 6, 2026
37.79
37.91
37.42
37.65
34.10
5,000
Mar 5, 2026
38.72
38.81
38.15
38.40
34.78
7,200
Mar 4, 2026
0.34 Dividend 

Mar 4, 2026
38.67
39.25
38.67
39.06
35.38
9,300
Mar 3, 2026
38.87
39.26
38.42
39.25
35.25
11,300
Mar 2, 2026
39.10
39.53
39.10
39.50
35.47
21,700
Feb 27, 2026
39.38
39.63
39.38
39.58
35.54
532,800
Feb 26, 2026
40.03
40.11
39.58
40.11
36.02
9,200
Feb 25, 2026
0.337 Dividend 

Feb 25, 2026
39.89
39.98
39.60
39.91
35.84
9,000
Feb 24, 2026
39.60
40.10
39.60
40.04
35.65
24,100
Feb 23, 2026
40.11
40.11
39.35
39.62
35.27
12,900
Feb 20, 2026
39.99
40.34
39.99
40.27
35.85
7,200
Feb 19, 2026
39.74
40.22
39.74
40.20
35.79
6,800
Feb 18, 2026
0.339 Dividend 

Feb 18, 2026
39.89
40.99
39.89
40.23
35.82
10,500
Feb 17, 2026
39.90
40.35
39.63
40.17
35.46
8,700
Feb 13, 2026
39.49
41.04
39.20
39.99
35.31
13,400
Feb 12, 2026
40.19
40.19
39.24
39.47
34.84
7,100
Feb 11, 2026
0.346 Dividend 

Feb 11, 2026
40.36
40.54
39.61
40.15
35.44
7,900
Feb 10, 2026
40.55
40.85
40.47
40.61
35.55
9,000
Feb 9, 2026
40.42
40.54
40.42
40.52
35.47
7,800
Feb 6, 2026
40.24
40.48
40.15
40.37
35.33
5,300
Feb 5, 2026
39.69
40.05
39.21
39.31
34.41
10,900
Feb 4, 2026
0.26 Dividend 

Feb 4, 2026
40.25
40.34
39.38
39.90
34.93
14,800
Feb 3, 2026
40.42
40.72
39.84
40.44
35.17
11,000
Feb 2, 2026
39.72
40.31
39.72
40.21
34.97
11,300
Jan 30, 2026
40.18
40.46
39.98
39.98
34.77
5,000
Jan 29, 2026
40.49
40.52
39.96
40.47
35.19
6,000
Jan 28, 2026
0.265 Dividend 

Jan 28, 2026
40.69
40.73
40.40
40.45
35.18
4,900
Jan 27, 2026
40.65
40.89
40.65
40.88
35.32
7,500
Jan 26, 2026
40.83
41.02
40.61
40.73
35.20
9,800
Jan 23, 2026
41.30
41.30
40.69
40.78
35.23
6,900
Jan 22, 2026
41.55
41.69
41.50
41.53
35.89
6,300
Jan 21, 2026
0.259 Dividend 

Jan 21, 2026
40.61
41.06
40.50
41.04
35.47
8,200
Jan 20, 2026
40.54
40.79
40.50
40.65
34.90
9,400
Jan 16, 2026
40.99
41.18
40.90
41.06
35.25
4,800
Jan 15, 2026
40.71
40.99
40.71
40.90
35.12
2,700
Jan 14, 2026
0.274 Dividend 

Jan 14, 2026
40.14
40.57
40.04
40.47
34.75
11,500
Jan 13, 2026
40.70
40.70
40.36
40.51
34.55
10,100
Jan 12, 2026
40.15
40.46
40.15
40.46
34.51
6,500
Jan 9, 2026
40.50
40.66
40.34
40.47
34.51
5,100
Jan 8, 2026
39.87
40.08
39.87
40.08
34.18
3,100
Jan 7, 2026
0.158 Dividend 

Jan 7, 2026
40.03
40.03
39.61
39.85
33.99
7,400
Jan 6, 2026
39.79
40.17
39.79
40.10
34.07
6,000
Jan 5, 2026
39.54
40.09
39.54
40.02
34.00
6,500
Jan 2, 2026
39.43
39.56
39.16
39.56
33.60
10,500
Dec 31, 2025
0.205 Dividend 

Dec 31, 2025
39.52
39.52
39.22
39.22
33.32
3,400
Dec 30, 2025
39.99
39.99
39.70
39.71
33.56
9,600
Dec 29, 2025
39.89
40.00
39.77
39.90
33.72
8,000
Dec 26, 2025
40.10
40.21
39.91
40.13
33.91
7,900
Dec 24, 2025
0.346 Dividend 

Dec 24, 2025
40.06
40.31
40.06
40.30
34.06
2,300
Dec 23, 2025
40.44
40.67
40.42
40.54
33.97
5,300
Dec 22, 2025
40.61
40.80
40.61
40.75
34.14
5,300
Dec 19, 2025
39.88
40.31
39.88
40.21
33.69
14,200
Dec 18, 2025
39.87
40.08
39.87
39.89
33.42
3,900
Dec 17, 2025
0.379 Dividend 

Dec 17, 2025
39.96
40.25
39.46
39.46
33.06
7,800
Dec 16, 2025
40.40
40.51
40.07
40.36
33.50
7,700
Dec 15, 2025
40.42
40.92
40.41
40.54
33.65
23,200
Dec 12, 2025
41.31
41.31
40.62
40.66
33.75
6,400
Dec 11, 2025
40.95
41.20
40.80
41.16
34.16
4,900
Dec 10, 2025
0.336 Dividend 

Dec 10, 2025
40.35
40.96
40.33
40.96
34.00
5,900
Dec 9, 2025
40.58
40.85
40.54
40.71
33.51
8,300
Dec 8, 2025
40.66
40.77
40.43
40.63
33.44
9,800
Dec 5, 2025
40.70
40.76
40.50
40.51
33.34
7,500
Dec 4, 2025
40.42
40.71
40.30
40.60
33.41
8,400
Dec 3, 2025
0.323 Dividend 

Dec 3, 2025
40.16
40.56
40.16
40.56
33.39
15,800
Dec 2, 2025
40.73
40.84
40.50
40.55
33.11
8,900
Dec 1, 2025
40.53
40.84
40.39
40.48
33.05
7,800
Nov 28, 2025
42.00
42.00
40.63
40.91
33.41
20,500
Nov 26, 2025
0.489 Dividend 

Nov 26, 2025
40.92
41.41
40.92
41.41
33.81
11,800
Nov 25, 2025
40.73
41.03
40.67
40.95
33.04
25,500
Nov 24, 2025
40.13
40.50
40.13
40.40
32.59
8,700
Nov 21, 2025
39.51
39.98
39.38
39.90
32.20
7,300
Nov 20, 2025
40.79
40.91
39.24
39.24
31.66
10,700
Nov 19, 2025
0.441 Dividend 

Nov 19, 2025
39.97
40.19
39.79
39.93
32.21
5,500
Nov 18, 2025
39.80
40.32
39.74
40.32
32.17
10,600
Nov 17, 2025
40.78
40.91
40.03
40.11
32.01
11,200
Nov 14, 2025
40.52
41.02
40.32
40.90
32.64
7,100
Nov 13, 2025
42.01
42.01
41.00
41.00
32.72
6,500
Nov 12, 2025
0.457 Dividend 

Nov 12, 2025
42.42
42.55
42.07
42.18
33.66
4,700
Nov 11, 2025
42.53
42.69
42.44
42.69
33.71
5,800
Nov 10, 2025
42.66
42.86
42.18
42.61
33.64
15,000
Nov 7, 2025
41.73
42.17
41.49
42.05
33.20
7,800
Nov 6, 2025
42.58
42.58
41.96
42.05
33.20
9,400
Nov 5, 2025
0.374 Dividend 

Nov 5, 2025
42.51
42.90
42.51
42.77
33.76
18,400
Nov 4, 2025
42.78
43.04
42.52
42.75
33.46
5,500
Nov 3, 2025
43.48
43.48
43.01
43.41
33.97
9,700
Oct 31, 2025
43.16
43.55
43.15
43.55
34.08
4,400
Oct 30, 2025
43.54
43.68
43.23
43.23
33.83
6,500
Oct 29, 2025
0.34 Dividend 

Oct 29, 2025
43.62
44.00
43.13
43.38
33.95
12,300
Oct 28, 2025
44.28
44.37
43.99
44.13
34.27
7,200
Oct 27, 2025
44.44
44.62
44.12
44.28
34.38
5,800
Oct 24, 2025
44.07
44.32
44.07
44.12
34.26
4,400
Oct 23, 2025
43.38
43.52
43.12
43.47
33.75
5,400
Oct 22, 2025
0.416 Dividend 

Oct 22, 2025
43.42
43.51
42.57
43.03
33.42
13,300
Oct 21, 2025
43.85
44.31
43.85
44.09
33.92
5,300
Oct 20, 2025
44.09
44.35
44.00
44.25
34.03
4,000
Oct 17, 2025
43.47
43.47
43.05
43.33
33.33
8,900
Oct 16, 2025
44.68
44.68
43.44
43.44
33.41
7,900
Oct 15, 2025
0.264 Dividend 

Oct 15, 2025
44.27
44.67
44.12
44.36
34.12
6,900
Oct 14, 2025
43.63
44.26
43.60
44.15
33.76
23,300
Oct 13, 2025
44.17
44.44
43.95
44.32
33.89
6,900
Oct 10, 2025
44.60
44.90
43.29
43.29
33.10
10,300
Oct 9, 2025
0.362 Dividend 

Oct 9, 2025
44.85
44.85
44.40
44.54
34.05
4,700
Oct 8, 2025
44.84
45.19
44.83
45.17
34.26
6,300
Oct 7, 2025
45.38
45.38
44.61
44.72
33.92
7,000
Oct 6, 2025
45.42
45.42
45.05
45.19
34.28
7,100
Oct 3, 2025
44.90
45.14
44.79
44.95
34.09
12,200
Oct 2, 2025
0.308 Dividend 

Oct 2, 2025
44.40
44.51
44.40
44.51
33.76
1,900
Oct 1, 2025
44.45
44.60
44.30
44.49
33.51
6,300
Sep 30, 2025
44.16
44.37
44.05
44.37
33.42
8,700
Sep 29, 2025
44.30
44.30
44.09
44.21
33.30
4,700
Sep 26, 2025
44.06
44.18
43.97
44.18
33.28
5,300
Sep 25, 2025
0.295 Dividend 

Sep 25, 2025
43.84
43.96
43.56
43.84
33.02
8,600
Sep 24, 2025
44.80
45.04
44.56
44.57
33.35
15,200
Sep 23, 2025
44.94
45.32
44.75
44.97
33.64
5,600
Sep 22, 2025
44.91
44.94
44.63
44.94
33.63
8,700
Sep 19, 2025
45.09
45.13
44.73
44.79
33.52
8,400
Sep 18, 2025
0.295 Dividend 

Sep 18, 2025
44.70
45.22
44.70
45.22
33.83
6,400
Sep 17, 2025
44.49
45.01
44.15
44.71
33.23
10,100
Sep 16, 2025
44.28
44.58
44.19
44.32
32.94
12,700
Sep 15, 2025
44.81
44.81
44.32
44.42
33.02
11,900
Sep 12, 2025
44.57
44.57
44.26
44.36
32.97
13,800
Sep 11, 2025
0.257 Dividend 

Sep 11, 2025
44.66
44.77
44.50
44.72
33.24
4,000
Sep 10, 2025
44.82
44.95
44.60
44.71
33.04
20,900
Sep 9, 2025
44.96
44.96
44.51
44.75
33.07
19,800
Sep 8, 2025
44.70
44.94
44.58
44.94
33.21
15,800
Sep 5, 2025
44.69
44.90
44.07
44.69
33.03
13,500
Sep 4, 2025
0.45 Dividend 

Sep 4, 2025
44.27
44.53
44.12
44.53
32.91
5,100
Sep 3, 2025
44.54
44.69
44.40
44.40
32.48
12,200
Sep 2, 2025
44.81
44.81
44.08
44.45
32.52
13,600
Aug 29, 2025
45.08
45.28
44.72
44.84
32.80
8,400
Aug 28, 2025
0.45 Dividend 

Aug 28, 2025
45.07
45.14
44.90
45.06
32.96
3,600
Aug 27, 2025
45.13
45.46
45.06
45.36
32.85
12,900
Aug 26, 2025
44.89
45.14
44.89
45.14
32.69
5,500
Aug 25, 2025
45.13
45.14
44.82
44.82
32.46
9,000
Aug 22, 2025
44.34
45.28
44.34
45.09
32.66
8,200
Aug 21, 2025
0.394 Dividend 

Aug 21, 2025
44.10
44.33
44.10
44.19
32.01
2,500
Aug 20, 2025
44.53
44.60
44.18
44.53
31.97
10,400
Aug 19, 2025
45.02
45.16
44.60
44.60
32.02
5,400
Aug 18, 2025
44.75
44.98
44.69
44.92
32.25
5,100
Aug 15, 2025
44.91
44.96
44.38
44.72
32.10
7,400
Aug 14, 2025
0.312 Dividend 

Aug 14, 2025
44.90
44.95
44.36
44.88
32.22
4,100
Aug 13, 2025
45.46
45.76
45.46
45.76
32.62
4,100
Aug 12, 2025
44.80
45.28
44.80
45.26
32.27
5,300
Aug 11, 2025
44.77
44.83
44.52
44.63
31.82
10,600
Aug 8, 2025
44.54
44.73
44.47
44.61
31.80
3,700
Aug 7, 2025
0.244 Dividend 

Aug 7, 2025
45.07
45.07
44.16
44.45
31.69
4,300
Aug 6, 2025
44.93
44.93
44.46
44.78
31.75
8,800
Aug 5, 2025
44.70
44.76
44.44
44.76
31.74
8,500
Aug 4, 2025
43.95
44.56
43.95
44.45
31.52
2,900
Aug 1, 2025
44.17
44.17
43.29
43.82
31.07
10,000
Jul 31, 2025
0.346 Dividend 

Jul 31, 2025
44.99
45.16
44.71
44.78
31.75
4,200
Jul 30, 2025
45.76
45.97
45.25
45.40
31.95
8,500
Jul 29, 2025
45.94
46.07
45.49
45.63
32.11
10,000
Jul 28, 2025
45.87
45.95
45.73
45.84
32.26
4,300
Jul 25, 2025
45.51
45.94
45.34
45.81
32.24
7,500
Jul 24, 2025
0.39 Dividend 

Jul 24, 2025
46.02
46.02
45.73
45.73
32.18
4,800
Jul 23, 2025
46.20
46.66
46.20
46.57
32.50
11,400
Jul 22, 2025
45.85
46.12
45.76
46.01
32.10
3,600
Jul 21, 2025
46.21
46.23
45.70
45.70
31.89
9,500
Jul 18, 2025
46.08
46.16
45.78
45.89
32.02
9,700
Jul 17, 2025
0.333 Dividend 

Jul 17, 2025
46.13
46.15
45.85
46.13
32.19
9,000
Jul 16, 2025
45.75
46.19
45.48
46.18
31.99
15,300
Jul 15, 2025
46.74
46.74
45.69
45.69
31.65
5,400
Jul 14, 2025
46.18
46.55
46.11
46.36
32.12
5,000
Jul 11, 2025
46.75
46.75
46.25
46.25
32.04
4,800
Jul 10, 2025
0.304 Dividend 

Jul 10, 2025
46.74
46.93
46.59
46.72
32.37
6,000
Jul 9, 2025
46.72
46.96
46.49
46.96
32.32
6,400
Jul 8, 2025
45.96
46.47
45.96
46.30
31.87
2,400
Jul 7, 2025
46.16
46.41
45.81
45.90
31.59
6,600
Jul 3, 2025
0.236 Dividend 

Jul 3, 2025
46.48
46.77
46.48
46.77
32.19
1,500
Jul 2, 2025
46.08
46.57
46.08
46.40
31.77
1,900
Jul 1, 2025
46.06
46.18
45.80
45.95
31.46
2,900
Jun 30, 2025
45.98
46.26
45.91
46.06
31.54
4,200
Jun 27, 2025
46.11
46.33
45.74
45.79
31.36
5,200
Jun 26, 2025
0.204 Dividend 

Jun 26, 2025
45.77
46.00
45.63
45.78
31.35
4,600
Jun 25, 2025
46.04
46.07
45.65
45.65
31.12
7,900
Jun 24, 2025
45.93
46.20
45.72
46.10
31.43
10,000
Jun 23, 2025
45.08
45.35
44.88
45.31
30.89
3,800
Jun 20, 2025
0.327 Dividend 

Jun 20, 2025
45.44
45.47
44.85
45.23
30.83
2,100
Jun 18, 2025
45.37
45.44
45.31
45.31
30.67
4,100
Jun 17, 2025
45.21
45.54
45.21
45.25
30.62
3,700
Jun 16, 2025
45.98
45.98
43.06
45.42
30.74
3,500
Jun 13, 2025
45.11
45.11
44.76
44.97
30.43
2,200
Jun 12, 2025
0.304 Dividend 

Jun 12, 2025
45.55
45.80
45.55
45.68
30.92
1,600
Jun 11, 2025
46.39
46.75
46.05
46.24
31.09
6,600
Jun 10, 2025
46.20
46.58
46.20
46.37
31.18
2,000
Jun 9, 2025
45.86
46.35
45.86
46.10
30.99
4,100
Jun 6, 2025
45.47
45.75
45.32
45.64
30.69
7,900
Jun 5, 2025
0.211 Dividend 

Jun 5, 2025
44.98
44.98
44.63
44.98
30.24
1,600
Jun 4, 2025
45.02
45.22
44.86
45.12
30.19
4,200
Jun 3, 2025
44.65
44.99
44.58
44.99
30.11
5,800
Jun 2, 2025
44.19
44.60
44.19
44.51
29.79
5,300
May 30, 2025
44.03
44.45
44.03
44.19
29.57
3,200
May 29, 2025
0.354 Dividend 

May 29, 2025
44.34
44.41
44.34
44.41
29.72
1,000
May 28, 2025
45.05
45.08
44.70
44.87
29.79
5,100
May 27, 2025
45.04
45.04
44.49
45.00
29.88
5,200
May 23, 2025
43.75
44.22
43.55
44.22
29.36
3,500
May 22, 2025
0.345 Dividend 

May 22, 2025
43.59
44.38
43.59
44.38
29.46
8,100
May 21, 2025
45.40
45.40
44.44
44.62
29.39
5,300
May 20, 2025
45.53
45.69
45.42
45.69
30.10
3,200
May 19, 2025
45.19
45.73
45.19
45.65
30.07
9,500
May 16, 2025
45.48
45.98
45.48
45.95
30.27
12,200
May 15, 2025
0.245 Dividend 

May 15, 2025
45.10
45.48
45.06
45.38
29.90
2,500
May 14, 2025
45.94
45.94
45.41
45.58
29.87
13,600
May 13, 2025
46.05
46.06
45.62
45.99
30.13
8,800
May 12, 2025
45.86
46.00
45.25
45.73
29.96
10,300
May 9, 2025
44.26
44.30
43.76
44.08
28.88
9,700
May 8, 2025
0.463 Dividend 

May 8, 2025
43.80
44.08
43.39
43.95
28.80
5,700
May 7, 2025
43.35
43.76
43.35
43.50
28.20
8,600
May 6, 2025
43.30
43.47
43.26
43.34
28.10
5,100
May 5, 2025
43.84
43.90
43.49
43.68
28.32
6,000
May 2, 2025
43.67
43.92
43.45
43.87
28.44
15,600
May 1, 2025
0.47 Dividend 

May 1, 2025
43.00
43.29
43.00
43.08
27.93
4,700
Apr 30, 2025
42.89
43.27
42.36
43.27
27.75
17,500
Apr 29, 2025
43.03
43.40
42.75
43.33
27.79
4,200
Apr 28, 2025
42.98
43.10
42.62
43.05
27.60
6,900
Apr 25, 2025
42.47
42.71
42.29
42.69
27.38
8,900
Apr 24, 2025
0.457 Dividend 

Apr 24, 2025
42.24
42.76
42.19
42.71
27.38
4,600
Apr 23, 2025
43.25
43.55
42.65
42.65
27.06
9,000
Apr 22, 2025
41.56
41.75
41.28
41.68
26.44
2,800
Apr 21, 2025
41.04
41.04
40.60
40.84
25.91
3,200
Apr 17, 2025
0.375 Dividend 

Apr 17, 2025
41.40
41.63
41.08
41.63
26.41
3,800
Apr 16, 2025
41.72
41.88
41.07
41.59
26.14
6,700
Apr 15, 2025
41.72
42.07
41.70
41.92
26.35
5,100
Apr 14, 2025
41.64
42.34
41.07
41.70
26.21
5,000
Apr 11, 2025
40.74
41.61
39.85
41.61
26.16
5,000
Apr 10, 2025
0.359 Dividend 

Apr 10, 2025
41.41
41.41
39.35
40.80
25.65
4,000
Apr 9, 2025
40.15
46.74
40.15
44.70
27.87
26,800
Apr 8, 2025
44.06
44.06
40.81
40.81
25.45
2,000
Apr 7, 2025
42.01
42.13
41.07
41.76
26.04
15,100
Apr 4, 2025
42.29
42.29
41.25
41.97
26.17
2,400
Apr 3, 2025
0.335 Dividend 

Apr 3, 2025
45.03
45.03
43.99
44.16
27.54
6,200
Apr 2, 2025
47.69
47.69
47.50
47.62
29.49
9,400
Apr 1, 2025
47.14
47.93
47.14
47.93
29.68
600
Mar 31, 2025
47.26
47.65
46.80
47.65
29.50
12,100
Mar 28, 2025
48.65
48.65
47.80
47.87
29.64
7,900
Mar 27, 2025
0.304 Dividend 

Mar 27, 2025
48.70
49.10
48.62
48.87
30.26
2,000
Mar 26, 2025
50.05
50.05
49.30
49.30
30.34
5,300
Mar 25, 2025
49.86
50.00
49.55
49.72
30.60
4,600
Mar 24, 2025
49.97
50.07
49.94
50.01
30.77
4,100
Mar 21, 2025
48.72
48.98
48.65
48.98
30.14
800
Mar 20, 2025
0.319 Dividend 

Mar 20, 2025
49.04
49.38
48.95
49.18
30.26
7,700
Mar 19, 2025
49.13
49.66
49.13
49.66
30.36
4,600
Mar 18, 2025
49.08
49.20
49.02
49.20
30.08
3,700
Mar 17, 2025
49.34
49.53
49.34
49.53
30.28
1,000
Mar 14, 2025
48.79
48.95
48.79
48.91
29.90
600
Mar 13, 2025
48.14
48.14
47.90
47.90
29.29
700
Mar 12, 2025
48.52
48.63
48.36
48.61
29.72
2,900
Mar 11, 2025
48.45
48.67
47.90
48.51
29.66
5,200
Mar 10, 2025
48.05
48.28
48.05
48.28
29.52
1,300
Mar 7, 2025
49.30
49.55
48.48
49.51
30.27
15,700
Mar 6, 2025
49.12
49.79
48.97
49.21
30.09
2,400
