Date
Open
High
Low
Close 

Adj Close 

Volume

May 22, 2026
18.93
18.93
18.29
18.41
18.41
47,400
May 21, 2026
0.348 Dividend 

May 21, 2026
18.75
19.72
18.75
19.44
19.44
25,500
May 20, 2026
20.24
20.24
19.01
19.39
19.04
72,300
May 19, 2026
20.54
20.74
20.14
20.16
19.80
28,700
May 18, 2026
20.56
20.74
20.04
20.57
20.20
22,800
May 15, 2026
20.08
20.55
19.94
20.55
20.18
20,100
May 14, 2026
0.408 Dividend 

May 14, 2026
20.30
20.30
19.50
20.27
19.91
34,400
May 13, 2026
20.19
20.50
19.75
20.45
19.68
64,600
May 12, 2026
20.84
20.91
19.95
20.17
19.41
26,200
May 11, 2026
20.31
21.19
20.30
20.84
20.06
41,200
May 8, 2026
21.27
21.27
20.50
20.56
19.79
53,900
May 7, 2026
0.454 Dividend 

May 7, 2026
21.43
21.51
20.88
21.27
20.47
43,100
May 6, 2026
22.52
22.52
21.58
21.85
20.59
76,500
May 5, 2026
22.44
22.60
22.23
22.36
21.07
10,600
May 4, 2026
22.05
22.58
21.71
22.02
20.75
30,100
May 1, 2026
21.73
22.29
21.07
21.57
20.33
45,400
Apr 30, 2026
0.337 Dividend 

Apr 30, 2026
19.81
20.04
19.57
19.92
18.78
22,200
Apr 29, 2026
20.25
20.32
19.83
20.26
18.78
30,100
Apr 28, 2026
20.90
20.90
20.17
20.30
18.82
81,200
Apr 27, 2026
21.15
22.08
21.15
21.74
20.15
60,000
Apr 24, 2026
20.99
21.20
20.66
21.18
19.63
49,700
Apr 23, 2026
0.491 Dividend 

Apr 23, 2026
21.97
21.97
20.79
20.90
19.37
23,000
Apr 22, 2026
22.29
22.63
22.08
22.60
20.49
44,300
Apr 21, 2026
23.01
23.01
21.72
21.80
19.76
39,000
Apr 20, 2026
22.20
22.82
22.20
22.75
20.62
41,900
Apr 17, 2026
22.78
22.91
22.23
22.39
20.30
10,700
Apr 16, 2026
0.398 Dividend 

Apr 16, 2026
22.35
22.47
21.92
22.32
20.24
18,300
Apr 15, 2026
22.21
22.60
22.00
22.32
19.88
27,400
Apr 14, 2026
21.43
22.08
21.43
21.87
19.48
8,000
Apr 13, 2026
20.17
21.23
20.13
21.23
18.90
12,900
Apr 10, 2026
20.19
20.19
19.67
20.14
17.93
7,500
Apr 9, 2026
0.299 Dividend 

Apr 9, 2026
20.27
20.27
19.55
19.83
17.66
10,700
Apr 8, 2026
21.46
21.46
20.66
20.80
18.26
24,100
Apr 7, 2026
20.04
20.29
19.94
20.29
17.81
4,900
Apr 6, 2026
20.03
20.25
19.90
19.99
17.54
10,500
Apr 2, 2026
0.234 Dividend 

Apr 2, 2026
18.99
19.75
18.99
19.69
17.28
38,900
Apr 1, 2026
19.96
20.17
19.53
19.89
17.25
8,700
Mar 31, 2026
18.68
19.75
18.68
19.66
17.05
7,900
Mar 30, 2026
18.46
18.59
17.99
18.51
16.06
16,200
Mar 27, 2026
18.55
18.56
18.05
18.21
15.79
8,100
Mar 26, 2026
0.273 Dividend 

Mar 26, 2026
19.87
20.00
18.39
18.88
16.38
10,200
Mar 25, 2026
20.70
21.08
20.66
20.66
17.68
6,700
Mar 24, 2026
20.74
20.74
20.22
20.27
17.35
6,800
Mar 23, 2026
20.59
21.09
20.59
20.77
17.78
17,400
Mar 20, 2026
20.47
20.90
20.37
20.52
17.56
15,800
Mar 19, 2026
0.276 Dividend 

Mar 19, 2026
20.40
20.88
20.27
20.46
17.51
18,100
Mar 18, 2026
21.44
21.71
21.19
21.19
17.90
17,400
Mar 17, 2026
20.89
21.73
20.89
21.33
18.01
13,500
Mar 16, 2026
20.11
20.83
20.08
20.83
17.59
9,500
Mar 13, 2026
20.11
20.50
19.85
19.93
16.84
16,700
Mar 12, 2026
0.291 Dividend 

Mar 12, 2026
20.49
20.83
19.91
19.91
16.82
16,500
Mar 11, 2026
20.60
20.87
20.36
20.87
17.38
19,600
Mar 10, 2026
21.51
21.52
20.38
20.38
16.98
22,700
Mar 9, 2026
20.74
20.98
20.27
20.94
17.44
14,900
Mar 6, 2026
21.25
21.43
20.95
20.98
17.48
12,200
Mar 5, 2026
0.335 Dividend 

Mar 5, 2026
22.08
22.58
21.45
21.55
17.95
8,700
Mar 4, 2026
22.29
22.46
21.97
22.30
18.30
14,300
Mar 3, 2026
21.45
22.01
21.10
21.94
18.00
9,300
Mar 2, 2026
21.66
22.34
21.66
22.34
18.33
13,700
Feb 27, 2026
22.25
22.26
21.86
22.09
18.12
557,100
Feb 26, 2026
0.303 Dividend 

Feb 26, 2026
22.40
23.04
22.13
22.51
18.47
23,100
Feb 25, 2026
21.78
22.75
21.78
22.75
18.42
10,200
Feb 24, 2026
21.92
22.40
21.76
21.80
17.65
13,000
Feb 23, 2026
22.74
22.74
21.51
21.89
17.72
294,700
Feb 20, 2026
22.11
22.80
22.06
22.80
18.46
11,500
Feb 19, 2026
0.294 Dividend 

Feb 19, 2026
22.61
22.61
22.00
22.41
18.14
9,700
Feb 18, 2026
22.15
22.87
22.11
22.82
18.24
26,400
Feb 17, 2026
21.98
22.35
21.62
21.92
17.52
20,300
Feb 13, 2026
22.09
22.15
21.69
21.99
17.57
12,400
Feb 12, 2026
0.298 Dividend 

Feb 12, 2026
21.89
21.89
20.46
20.91
16.71
32,200
Feb 11, 2026
23.73
23.81
22.23
22.52
17.76
18,800
Feb 10, 2026
23.03
23.86
23.03
23.67
18.66
13,100
Feb 9, 2026
22.21
23.13
22.07
22.71
17.91
18,700
Feb 6, 2026
25.39
25.67
21.80
22.05
17.39
57,900
Feb 5, 2026
0.288 Dividend 

Feb 5, 2026
23.69
24.35
23.55
23.79
18.76
23,600
Feb 4, 2026
26.08
26.08
23.40
24.35
18.97
20,000
Feb 3, 2026
28.42
28.42
25.91
26.16
20.38
23,800
Feb 2, 2026
28.14
28.72
27.79
27.87
21.72
28,700
Jan 30, 2026
29.46
29.67
28.14
28.14
21.93
40,500
Jan 29, 2026
0.355 Dividend 

Jan 29, 2026
31.27
31.27
29.37
29.54
23.02
33,100
Jan 28, 2026
30.81
31.07
29.99
30.36
23.38
44,200
Jan 27, 2026
32.12
32.12
30.43
30.78
23.70
87,400
Jan 26, 2026
33.60
34.34
33.22
33.51
25.81
60,200
Jan 23, 2026
33.23
34.16
32.80
33.87
26.08
18,800
Jan 22, 2026
0.393 Dividend 

Jan 22, 2026
33.54
33.54
32.71
33.23
25.59
36,400
Jan 21, 2026
35.00
35.07
32.85
33.15
25.23
67,100
Jan 20, 2026
34.62
35.70
34.17
35.26
26.83
70,500
Jan 16, 2026
35.59
36.55
34.85
36.03
27.42
39,000
Jan 15, 2026
0.656 Dividend 

Jan 15, 2026
38.88
38.88
35.28
35.61
27.10
85,500
Jan 14, 2026
40.50
40.51
39.00
39.85
29.82
108,000
Jan 13, 2026
38.92
40.83
38.92
40.37
30.21
27,500
Jan 12, 2026
38.15
39.22
37.99
38.31
28.67
16,500
Jan 9, 2026
40.47
40.69
37.44
38.71
28.97
18,300
Jan 8, 2026
0.474 Dividend 

Jan 8, 2026
40.21
40.42
39.08
39.87
29.84
22,900
Jan 7, 2026
40.44
41.00
40.17
40.75
30.14
45,800
Jan 6, 2026
39.80
40.43
39.10
40.36
29.85
14,600
Jan 5, 2026
40.00
40.00
38.79
39.28
29.06
38,200
Jan 2, 2026
0.484 Dividend 

Jan 2, 2026
37.90
38.58
37.37
38.34
28.36
59,300
Dec 31, 2025
37.94
38.21
37.66
37.77
27.58
31,200
Dec 30, 2025
38.24
38.38
37.76
38.07
27.80
22,200
Dec 29, 2025
37.10
38.31
36.86
38.10
27.82
38,400
Dec 26, 2025
0.73 Dividend 

Dec 26, 2025
36.87
37.12
36.38
37.12
27.10
10,400
Dec 24, 2025
38.02
38.20
37.41
37.63
26.95
75,700
Dec 23, 2025
38.50
39.24
37.81
37.82
27.08
21,000
Dec 22, 2025
39.23
39.62
38.56
38.64
27.67
71,700
Dec 19, 2025
38.90
39.36
38.36
38.50
27.57
50,700
Dec 18, 2025
0.433 Dividend 

Dec 18, 2025
38.55
40.10
38.32
38.40
27.50
61,100
Dec 17, 2025
38.20
39.37
38.20
38.55
27.29
106,200
Dec 16, 2025
36.72
38.07
36.72
38.07
26.95
48,300
Dec 15, 2025
37.88
37.99
36.36
36.92
26.14
56,400
Dec 12, 2025
38.89
39.45
37.77
37.89
26.83
42,800
Dec 11, 2025
0.954 Dividend 

Dec 11, 2025
39.58
39.83
38.50
39.13
27.70
51,600
Dec 10, 2025
40.07
41.07
39.83
40.95
28.32
262,300
Dec 9, 2025
39.90
40.41
39.56
40.33
27.89
30,000
Dec 8, 2025
39.20
40.35
38.64
40.30
27.87
17,600
Dec 5, 2025
39.56
40.14
39.23
39.96
27.63
15,500
Dec 4, 2025
0.96 Dividend 

Dec 4, 2025
38.81
38.81
37.66
38.73
26.78
8,400
Dec 3, 2025
39.73
40.09
39.36
39.53
26.67
38,500
Dec 2, 2025
39.40
40.53
39.40
39.63
26.74
10,400
Dec 1, 2025
38.16
39.85
37.96
39.57
26.70
9,300
Nov 28, 2025
0.58 Dividend 

Nov 28, 2025
37.84
38.54
37.84
38.44
25.94
9,800
Nov 26, 2025
39.31
39.43
38.15
38.18
25.37
13,100
Nov 25, 2025
37.61
39.26
37.31
39.26
26.09
10,300
Nov 24, 2025
36.12
37.11
36.12
36.92
24.53
45,400
Nov 21, 2025
35.96
35.97
34.60
35.09
23.32
11,800
Nov 20, 2025
0.527 Dividend 

Nov 20, 2025
36.49
36.98
34.17
34.84
23.15
18,100
Nov 19, 2025
36.55
36.88
36.06
36.17
23.69
15,200
Nov 18, 2025
36.92
36.92
35.07
35.84
23.47
11,500
Nov 17, 2025
36.77
37.02
35.70
36.16
23.68
32,000
Nov 14, 2025
35.71
37.72
35.71
37.19
24.35
19,600
Nov 13, 2025
0.622 Dividend 

Nov 13, 2025
38.33
38.34
36.08
36.74
24.06
38,200
Nov 12, 2025
39.97
40.29
39.18
39.37
25.37
14,000
Nov 11, 2025
39.13
40.05
39.13
39.90
25.72
2,200
Nov 10, 2025
39.74
39.85
38.76
39.39
25.39
17,300
Nov 7, 2025
34.97
38.65
34.94
38.65
24.91
13,400
Nov 6, 2025
0.598 Dividend 

Nov 6, 2025
39.17
39.17
36.65
36.65
23.62
9,500
Nov 5, 2025
37.84
40.08
37.84
39.49
25.06
19,400
Nov 4, 2025
41.05
41.05
38.03
38.04
24.14
16,200
Nov 3, 2025
42.65
42.65
40.38
41.42
26.29
19,500
Oct 31, 2025
43.49
45.10
41.81
41.93
26.62
82,400
Oct 30, 2025
1.031 Dividend 

Oct 30, 2025
41.19
41.19
38.64
38.89
24.68
34,600
Oct 29, 2025
43.05
43.14
41.71
42.70
26.45
111,100
Oct 28, 2025
43.09
43.23
42.93
42.93
26.59
2,300
Oct 27, 2025
43.88
44.46
43.81
44.38
27.49
34,700
Oct 24, 2025
42.14
43.24
42.14
43.24
26.78
5,800
Oct 23, 2025
0.608 Dividend 

Oct 23, 2025
41.00
41.26
40.81
40.91
25.34
5,000
Oct 22, 2025
42.08
42.08
40.09
40.57
24.75
5,200
Oct 21, 2025
41.79
42.15
41.79
41.96
25.60
2,300
Oct 20, 2025
41.87
41.99
41.39
41.61
25.39
648,600
Oct 17, 2025
40.63
41.01
39.25
40.09
24.46
4,300
Oct 16, 2025
1.426 Dividend 

Oct 16, 2025
41.23
41.55
40.52
40.76
24.87
8,400
Oct 15, 2025
42.78
42.91
42.29
42.49
25.05
12,100
Oct 14, 2025
42.75
42.75
41.72
41.76
24.62
2,200
Oct 13, 2025
42.85
42.85
42.84
42.84
25.26
500
Oct 10, 2025
44.18
44.18
41.70
41.70
24.59
1,200
Oct 9, 2025
42.30
44.13
42.30
44.13
26.02
2,600
Oct 8, 2025
41.63
42.25
41.01
42.25
24.91
2,400
Oct 7, 2025
43.12
43.12
43.04
43.04
25.38
1,200
Oct 6, 2025
42.83
42.83
41.73
42.32
24.95
6,100
Oct 3, 2025
41.99
43.41
41.99
42.75
25.21
9,700
Oct 2, 2025
1.051 Dividend 

Oct 2, 2025
42.23
42.23
41.35
41.49
24.46
2,800
Oct 1, 2025
43.93
45.80
43.21
43.39
24.97
13,200
Sep 30, 2025
50.30
50.30
47.90
48.67
28.00
5,200
Sep 29, 2025
50.75
50.75
50.24
50.44
29.02
1,400
Sep 26, 2025
49.40
50.36
49.25
50.36
28.97
2,400
Sep 25, 2025
47.60
48.97
47.60
48.97
28.18
1,700
Sep 24, 2025
50.08
50.08
49.26
49.61
28.54
119,400
Sep 23, 2025
52.45
52.45
49.49
49.49
28.47
1,700
Sep 22, 2025
53.75
53.75
53.02
53.37
30.71
5,800
Sep 19, 2025
53.61
54.83
52.45
54.80
31.53
5,700
Sep 18, 2025
56.57
56.57
56.21
56.21
32.34
300
Sep 17, 2025
53.64
55.69
53.00
55.69
32.04
11,200
Sep 16, 2025
55.15
55.62
55.15
55.50
31.93
700
Sep 15, 2025
54.45
55.17
54.09
55.17
31.74
3,200
Sep 12, 2025
55.00
55.82
53.00
53.55
30.81
2,500
Sep 11, 2025
55.03
55.89
55.03
55.08
31.69
3,100
Sep 10, 2025
52.49
54.58
52.49
54.15
31.15
3,300
Sep 9, 2025
50.63
51.29
50.25
51.29
29.51
1,000
