Date
Open
High
Low
Close 

Adj Close 

Volume
Jun 5, 2026
50.31
50.42
50.20
50.20
50.20
1,200
Jun 4, 2026
49.45
50.06
49.45
50.06
50.06
4,200
Jun 3, 2026
0.499 Dividend 

Jun 3, 2026
49.24
49.52
49.04
49.33
49.33
1,100
Jun 2, 2026
49.40
49.49
49.35
49.47
48.97
900
Jun 1, 2026
49.64
49.64
49.35
49.35
48.85
1,600
May 29, 2026
50.19
50.19
49.96
49.96
49.45
500
May 28, 2026
50.31
50.31
50.31
50.31
49.81
100
May 27, 2026
50.51
50.51
50.23
50.23
49.72
600
May 26, 2026
50.45
50.45
50.35
50.40
49.90
5,400
May 22, 2026
50.07
50.42
50.07
50.42
49.92
2,600
May 21, 2026
50.30
50.30
50.30
50.30
49.80
300
May 20, 2026
50.11
50.24
50.02
50.24
49.73
1,000
May 19, 2026
49.62
49.84
49.62
49.67
49.17
1,600
May 18, 2026
49.26
49.94
49.26
49.59
49.09
1,900
May 15, 2026
49.31
49.31
49.20
49.20
48.70
1,800
May 14, 2026
49.72
49.80
49.72
49.80
49.30
400
May 13, 2026
50.05
50.05
50.04
50.04
49.54
300
May 12, 2026
50.41
50.41
50.41
50.41
49.90
100
May 11, 2026
50.45
50.45
50.23
50.40
49.89
800
May 8, 2026
50.44
50.54
50.39
50.39
49.88
1,000
May 7, 2026
50.26
50.44
50.25
50.25
49.75
700
May 6, 2026
0.507 Dividend 

May 6, 2026
50.51
50.77
50.38
50.38
49.87
1,900
May 5, 2026
50.82
51.02
50.82
51.02
50.00
6,800
May 4, 2026
50.71
50.73
50.56
50.62
49.61
800
May 1, 2026
50.79
50.91
50.55
50.63
49.62
3,200
Apr 30, 2026
50.89
50.89
50.89
50.89
49.88
100
Apr 29, 2026
50.49
50.49
50.49
50.49
49.48
200
Apr 28, 2026
50.44
50.77
50.44
50.66
49.65
600
Apr 27, 2026
50.20
50.20
50.20
50.20
49.20
200
Apr 24, 2026
50.44
50.44
50.44
50.44
49.43
200
Apr 23, 2026
50.55
50.56
50.55
50.56
49.56
200
Apr 22, 2026
50.26
50.26
50.00
50.09
49.09
1,000
Apr 21, 2026
51.45
51.45
50.26
50.47
49.47
1,700
Apr 20, 2026
50.78
51.11
50.78
51.11
50.09
2,600
Apr 17, 2026
50.78
50.78
50.78
50.78
49.77
400
Apr 16, 2026
50.11
50.11
50.11
50.11
49.11
100
Apr 15, 2026
49.91
50.05
49.88
49.92
48.93
3,700
Apr 14, 2026
50.03
50.03
50.03
50.03
49.03
200
Apr 13, 2026
49.31
49.73
49.31
49.73
48.74
2,400
Apr 10, 2026
49.62
49.62
49.48
49.58
48.59
500
Apr 9, 2026
49.35
49.35
49.30
49.35
48.37
1,000
Apr 8, 2026
0.494 Dividend 

Apr 8, 2026
49.83
49.83
49.31
49.47
48.49
2,400
Apr 7, 2026
49.28
49.45
49.28
49.35
47.88
1,800
Apr 6, 2026
48.91
49.35
48.91
49.34
47.87
900
Apr 2, 2026
48.88
49.22
48.88
49.22
47.76
400
Apr 1, 2026
48.72
48.76
48.44
48.58
47.14
3,800
Mar 31, 2026
48.25
48.44
47.92
48.44
47.00
2,400
Mar 30, 2026
48.22
48.30
47.84
47.84
46.42
1,100
Mar 27, 2026
48.08
48.08
47.67
47.86
46.44
1,900
Mar 26, 2026
48.49
48.49
48.00
48.26
46.82
6,400
Mar 25, 2026
48.33
48.33
48.21
48.21
46.77
1,100
Mar 24, 2026
48.59
48.69
48.26
48.26
46.83
700
Mar 23, 2026
49.03
49.03
48.63
48.63
47.18
500
Mar 20, 2026
49.47
49.47
48.38
48.44
47.00
2,800
Mar 19, 2026
48.97
49.90
48.97
49.58
48.11
24,100
Mar 18, 2026
49.91
49.91
49.91
49.91
48.43
200
Mar 17, 2026
50.81
50.87
50.38
50.38
48.88
686,700
Mar 16, 2026
50.68
50.68
50.39
50.39
48.90
500
Mar 13, 2026
50.36
50.42
50.17
50.17
48.68
800
Mar 12, 2026
50.32
50.32
50.09
50.09
48.60
900
Mar 11, 2026
50.40
50.40
50.28
50.28
48.79
1,000
Mar 10, 2026
50.87
50.87
50.87
50.87
49.36
500
Mar 9, 2026
50.36
50.90
50.34
50.90
49.38
9,700
Mar 6, 2026
50.62
50.85
50.62
50.83
49.32
1,600
Mar 5, 2026
51.26
51.29
51.26
51.29
49.76
800
Mar 4, 2026
0.524 Dividend 

Mar 4, 2026
51.54
51.54
51.09
51.09
49.57
6,500
Mar 3, 2026
52.07
52.07
52.07
52.07
50.02
500
Mar 2, 2026
52.42
52.50
51.20
52.47
50.40
4,800
Feb 27, 2026
51.78
52.39
51.78
52.39
50.32
704,700
Feb 26, 2026
51.74
51.95
51.74
51.95
49.90
500
Feb 25, 2026
51.67
51.74
51.54
51.74
49.70
1,500
Feb 24, 2026
51.89
51.97
51.88
51.97
49.91
500
Feb 23, 2026
51.32
51.68
51.32
51.63
49.59
1,800
Feb 20, 2026
51.75
51.82
51.64
51.66
49.62
1,700
Feb 19, 2026
51.45
51.63
51.45
51.59
49.55
900
Feb 18, 2026
51.69
51.71
51.56
51.56
49.52
1,100
Feb 17, 2026
51.60
51.95
51.49
51.80
49.75
7,700
Feb 13, 2026
51.40
51.77
51.36
51.49
49.46
1,300
Feb 12, 2026
50.62
50.89
50.62
50.89
48.88
400
Feb 11, 2026
51.19
51.20
50.76
50.94
48.92
2,300
Feb 10, 2026
51.19
51.19
51.19
51.19
49.17
1,200
Feb 9, 2026
50.10
50.29
50.10
50.29
48.31
1,100
Feb 6, 2026
49.80
50.09
49.72
50.09
48.12
1,400
Feb 5, 2026
49.26
49.42
49.16
49.24
47.30
1,200
Feb 4, 2026
0.495 Dividend 

Feb 4, 2026
49.56
49.65
49.53
49.63
47.67
700
Feb 3, 2026
49.49
49.49
49.40
49.46
47.03
1,400
Feb 2, 2026
49.52
49.88
49.52
49.53
47.09
1,200
Jan 30, 2026
49.78
50.05
49.60
50.04
47.58
5,300
Jan 29, 2026
49.76
49.92
49.76
49.92
47.47
300
Jan 28, 2026
49.63
49.80
49.32
49.32
46.90
3,500
Jan 27, 2026
49.67
49.67
49.67
49.67
47.23
500
Jan 26, 2026
49.54
49.79
49.54
49.60
47.17
2,000
Jan 23, 2026
49.68
49.77
49.68
49.71
47.27
800
Jan 22, 2026
49.77
49.77
49.61
49.61
47.17
300
Jan 21, 2026
49.76
49.98
49.42
49.85
47.40
3,000
Jan 20, 2026
49.93
50.16
49.58
49.58
47.14
2,000
Jan 16, 2026
49.89
50.44
49.89
50.44
47.97
500
Jan 15, 2026
49.68
50.11
49.68
49.97
47.52
800
Jan 14, 2026
48.96
49.61
48.96
49.61
47.17
900
Jan 13, 2026
49.24
49.38
48.98
49.38
46.95
2,700
Jan 12, 2026
49.18
49.18
49.18
49.18
46.76
500
Jan 9, 2026
49.17
49.39
49.10
49.11
46.70
1,500
Jan 8, 2026
48.84
49.17
48.84
49.14
46.73
1,200
Jan 7, 2026
48.66
48.66
48.66
48.66
46.27
400
Jan 6, 2026
48.84
49.17
48.76
49.14
46.72
1,900
Jan 5, 2026
48.80
48.80
48.47
48.79
46.40
1,300
Jan 2, 2026
48.63
48.75
48.48
48.75
46.35
1,300
Dec 31, 2025
0.494 Dividend 

Dec 31, 2025
48.78
48.86
48.78
48.86
46.46
2,800
Dec 30, 2025
49.39
49.56
49.39
49.53
46.63
1,100
Dec 29, 2025
49.00
49.43
49.00
49.35
46.45
1,100
Dec 26, 2025
49.15
49.15
49.15
49.15
46.27
100
Dec 24, 2025
49.22
49.22
49.17
49.17
46.29
400
Dec 23, 2025
48.73
48.88
48.73
48.88
46.02
1,300
Dec 22, 2025
48.94
48.94
48.94
48.94
46.08
600
Dec 19, 2025
48.70
48.70
48.68
48.68
45.83
600
Dec 18, 2025
48.97
48.97
48.97
48.97
46.10
100
Dec 17, 2025
49.06
49.06
49.06
49.06
46.18
200
Dec 16, 2025
48.88
48.88
48.75
48.75
45.89
700
Dec 15, 2025
48.90
49.05
48.90
49.05
46.18
700
Dec 12, 2025
49.01
49.07
48.83
48.83
45.97
1,400
Dec 11, 2025
49.19
49.19
48.90
49.01
46.14
1,000
Dec 10, 2025
48.81
48.85
48.73
48.73
45.87
1,800
Dec 9, 2025
48.80
48.81
48.52
48.52
45.68
2,000
Dec 8, 2025
48.97
49.04
48.81
48.81
45.95
1,200
Dec 5, 2025
49.20
49.38
49.13
49.13
46.25
600
Dec 4, 2025
49.33
49.33
49.33
49.33
46.43
600
Dec 3, 2025
0.495 Dividend 

Dec 3, 2025
49.10
49.41
49.09
49.26
46.37
1,500
Dec 2, 2025
49.65
49.65
49.37
49.63
46.25
3,300
Dec 1, 2025
49.60
49.60
49.60
49.60
46.22
300
Nov 28, 2025
50.17
50.21
50.03
50.03
46.63
1,000
Nov 26, 2025
49.81
49.97
49.78
49.94
46.54
2,100
Nov 25, 2025
49.60
49.74
49.60
49.74
46.36
600
Nov 24, 2025
49.00
49.49
49.00
49.42
46.06
400
Nov 21, 2025
48.92
49.58
48.92
49.36
46.00
3,500
Nov 20, 2025
49.23
49.23
48.72
48.74
45.43
1,200
Nov 19, 2025
48.78
48.82
48.78
48.82
45.50
200
Nov 18, 2025
49.04
49.04
49.04
49.04
45.71
200
Nov 17, 2025
49.50
49.50
48.98
48.98
45.65
1,100
Nov 14, 2025
49.30
49.46
49.30
49.45
46.09
1,000
Nov 13, 2025
49.89
49.90
49.24
49.24
45.89
2,600
Nov 12, 2025
50.10
50.22
49.97
49.97
46.57
1,000
Nov 11, 2025
49.83
50.28
49.83
50.28
46.86
900
Nov 10, 2025
49.69
49.78
49.36
49.78
46.40
1,200
Nov 7, 2025
49.19
49.61
49.19
49.61
46.24
1,000
Nov 6, 2025
49.07
49.14
49.07
49.14
45.80
400
Nov 5, 2025
0.496 Dividend 

Nov 5, 2025
49.20
49.24
48.97
49.24
45.90
1,600
Nov 4, 2025
49.41
49.68
49.41
49.68
45.84
2,000
Nov 3, 2025
49.29
49.57
49.29
49.44
45.62
1,700
Oct 31, 2025
49.55
49.91
49.55
49.82
45.97
9,300
Oct 30, 2025
49.03
49.52
49.03
49.43
45.61
4,300
Oct 29, 2025
49.52
49.66
48.90
48.92
45.14
7,600
Oct 28, 2025
50.34
50.34
50.07
50.07
46.20
2,300
Oct 27, 2025
50.54
50.91
50.54
50.80
46.88
1,200
Oct 24, 2025
50.91
51.06
50.79
50.91
46.98
2,600
Oct 23, 2025
50.29
50.70
50.29
50.70
46.79
800
Oct 22, 2025
50.55
50.78
50.53
50.74
46.82
4,800
Oct 21, 2025
50.42
50.75
50.42
50.56
46.65
2,700
Oct 20, 2025
50.04
50.53
50.04
50.53
46.62
400
Oct 17, 2025
50.21
50.21
50.21
50.21
46.33
300
Oct 16, 2025
50.14
50.14
50.03
50.03
46.16
500
Oct 15, 2025
50.10
50.10
49.95
49.95
46.09
4,300
Oct 14, 2025
48.96
49.67
48.96
49.67
45.83
800
Oct 13, 2025
49.05
49.25
49.05
49.25
45.44
500
Oct 10, 2025
49.69
49.69
48.97
49.03
45.24
2,600
Oct 9, 2025
49.72
49.72
49.56
49.56
45.73
1,900
Oct 8, 2025
0.503 Dividend 

Oct 8, 2025
49.50
49.70
49.50
49.70
45.86
9,200
Oct 7, 2025
50.15
50.38
50.13
50.26
45.91
4,400
Oct 6, 2025
50.32
50.43
50.27
50.32
45.96
1,100
Oct 3, 2025
50.60
50.83
50.58
50.61
46.23
4,200
Oct 2, 2025
50.37
50.65
50.28
50.41
46.05
4,200
Oct 1, 2025
50.55
50.55
50.55
50.55
46.18
300
Sep 30, 2025
50.49
50.64
50.49
50.64
46.26
900
Sep 29, 2025
50.48
50.48
50.42
50.42
46.06
500
Sep 26, 2025
50.16
50.55
50.16
50.46
46.09
900
Sep 25, 2025
50.00
50.00
50.00
50.00
45.67
500
Sep 24, 2025
50.21
50.21
50.21
50.21
45.87
600
Sep 23, 2025
50.49
50.59
50.49
50.59
46.21
300
Sep 22, 2025
50.16
50.37
50.16
50.37
46.01
800
Sep 19, 2025
50.60
50.60
50.43
50.43
46.06
800
Sep 18, 2025
50.40
50.40
50.40
50.40
46.04
500
Sep 17, 2025
50.48
50.50
50.34
50.34
45.99
1,200
Sep 16, 2025
50.33
50.34
50.33
50.34
45.98
500
Sep 15, 2025
50.85
50.85
50.50
50.50
46.13
2,900
Sep 12, 2025
50.63
50.63
50.63
50.63
46.25
500
Sep 11, 2025
50.47
50.78
50.47
50.78
46.38
700
Sep 10, 2025
50.20
50.28
50.20
50.28
45.92
500
Sep 9, 2025
50.15
50.20
50.15
50.20
45.86
400
Sep 8, 2025
50.01
50.13
49.91
50.13
45.79
4,100
Sep 5, 2025
50.44
50.59
50.25
50.25
45.90
800
Sep 4, 2025
49.92
49.94
49.74
49.94
45.62
3,400
Sep 3, 2025
0.509 Dividend 

Sep 3, 2025
49.74
49.80
49.69
49.69
45.39
1,700
Sep 2, 2025
50.68
50.68
50.19
50.37
45.55
10,700
Aug 29, 2025
50.88
50.88
50.88
50.88
46.00
300
Aug 28, 2025
50.63
50.66
50.63
50.66
45.81
800
Aug 27, 2025
50.87
50.96
50.59
50.87
46.00
1,600
Aug 26, 2025
50.70
50.70
50.55
50.55
45.71
300
Aug 25, 2025
50.70
50.70
50.49
50.62
45.78
1,000
Aug 22, 2025
51.03
51.03
50.84
50.84
45.97
400
Aug 21, 2025
50.41
50.41
50.18
50.18
45.38
400
Aug 20, 2025
50.50
50.50
50.41
50.41
45.59
400
Aug 19, 2025
50.33
50.39
50.00
50.27
45.46
1,400
Aug 18, 2025
49.71
49.79
49.71
49.79
45.02
500
Aug 15, 2025
50.13
50.13
50.13
50.13
45.33
200
Aug 14, 2025
49.95
49.95
49.95
49.95
45.17
400
Aug 13, 2025
49.88
50.21
49.78
50.21
45.40
800
Aug 12, 2025
49.50
49.81
49.50
49.81
45.04
1,600
Aug 11, 2025
49.80
49.85
49.61
49.68
44.92
1,900
Aug 8, 2025
50.12
50.27
49.90
49.92
45.14
1,200
Aug 7, 2025
50.19
50.37
50.19
50.20
45.39
700
Aug 6, 2025
0.507 Dividend 

Aug 6, 2025
50.48
50.48
50.15
50.15
45.35
2,000
Aug 5, 2025
50.82
51.12
50.73
51.12
45.76
6,700
Aug 4, 2025
50.75
50.75
50.69
50.69
45.38
700
Aug 1, 2025
50.75
50.75
50.57
50.57
45.28
700
Jul 31, 2025
51.31
51.31
50.75
50.75
45.43
1,800
Jul 30, 2025
52.32
52.32
51.57
51.57
46.17
600
Jul 29, 2025
52.21
52.33
52.21
52.33
46.85
300
Jul 28, 2025
52.49
52.49
51.66
51.66
46.25
800
Jul 25, 2025
52.28
52.28
52.16
52.16
46.70
400
Jul 24, 2025
52.03
52.37
52.03
52.21
46.74
500
Jul 23, 2025
52.05
52.31
52.05
52.26
46.79
600
Jul 22, 2025
52.08
52.27
52.08
52.27
46.80
900
Jul 21, 2025
51.74
52.07
51.74
51.93
46.49
3,900
Jul 18, 2025
51.86
51.86
51.86
51.86
46.43
300
Jul 17, 2025
51.70
51.70
51.70
51.70
46.28
200
Jul 16, 2025
51.60
51.64
51.40
51.56
46.16
700
Jul 15, 2025
51.24
51.24
51.19
51.19
45.82
600
Jul 14, 2025
51.70
51.91
51.52
51.76
46.34
1,200
Jul 11, 2025
51.14
51.62
51.11
51.62
46.21
3,000
Jul 10, 2025
51.67
51.67
51.67
51.67
46.26
100
Jul 9, 2025
51.89
51.89
51.56
51.56
46.16
500
Jul 8, 2025
51.40
51.50
51.40
51.50
46.11
400
Jul 7, 2025
51.38
51.44
51.38
51.44
46.06
400
Jul 3, 2025
51.65
51.86
51.44
51.83
46.40
2,300
Jul 2, 2025
0.52 Dividend 

Jul 2, 2025
51.44
51.65
51.21
51.65
46.24
3,400
Jul 1, 2025
52.24
52.35
52.00
52.15
46.22
2,900
Jun 30, 2025
51.92
51.92
51.92
51.92
46.02
500
Jun 27, 2025
51.73
51.73
51.73
51.73
45.85
100
Jun 26, 2025
51.60
51.66
51.60
51.66
45.79
600
Jun 25, 2025
52.03
52.03
51.66
51.66
45.79
500
Jun 24, 2025
52.52
52.52
52.52
52.52
46.55
100
Jun 23, 2025
52.30
52.30
52.30
52.30
46.36
700
Jun 20, 2025
51.98
51.98
51.98
51.98
46.07
300
Jun 18, 2025
51.91
51.91
51.91
51.91
46.01
300
Jun 17, 2025
51.99
51.99
51.79
51.79
45.91
200
Jun 16, 2025
51.72
51.88
51.72
51.88
45.99
1,000
Jun 13, 2025
51.69
51.69
51.69
51.69
45.81
300
Jun 12, 2025
52.17
52.18
52.05
52.05
46.13
500
Jun 11, 2025
51.85
51.85
51.85
51.85
45.96
200
Jun 10, 2025
52.06
52.06
52.06
52.06
46.15
300
Jun 9, 2025
51.79
51.79
51.79
51.79
45.90
600
Jun 6, 2025
51.76
51.76
51.58
51.58
45.71
2,000
Jun 5, 2025
51.44
51.44
51.44
51.44
45.59
200
Jun 4, 2025
0.521 Dividend 

Jun 4, 2025
51.95
51.95
51.24
51.63
45.76
2,000
Jun 3, 2025
51.70
52.16
51.70
52.05
45.68
4,200
Jun 2, 2025
51.87
52.21
51.85
52.21
45.81
700
May 30, 2025
51.98
52.12
51.91
52.12
45.73
800
May 29, 2025
51.55
52.12
51.55
52.12
45.73
300
May 28, 2025
51.90
51.90
51.75
51.75
45.41
300
May 27, 2025
51.42
51.82
51.42
51.82
45.47
600
May 23, 2025
51.10
51.20
51.10
51.20
44.92
500
May 22, 2025
51.35
51.35
51.35
51.35
45.05
300
May 21, 2025
51.50
51.67
51.50
51.67
45.34
400
May 20, 2025
52.73
52.73
52.73
52.73
46.27
300
May 19, 2025
53.01
53.02
52.87
52.94
46.45
1,400
May 16, 2025
52.38
52.87
52.38
52.82
46.35
500
May 15, 2025
52.40
52.40
52.40
52.40
45.98
100
May 14, 2025
51.79
51.86
51.79
51.86
45.50
500
May 13, 2025
52.19
52.19
51.88
52.12
45.73
1,500
May 12, 2025
52.67
52.67
52.50
52.50
46.07
400
May 9, 2025
52.61
52.61
52.61
52.61
46.17
200
May 8, 2025
52.41
52.45
52.32
52.32
45.91
1,500
May 7, 2025
52.67
52.72
52.53
52.53
46.10
1,200
May 6, 2025
52.17
52.71
52.17
52.50
46.07
1,900
May 5, 2025
52.46
52.81
52.46
52.64
46.19
2,000
May 2, 2025
52.74
52.74
52.65
52.65
46.20
600
May 1, 2025
51.94
52.55
51.94
52.21
45.81
500
Apr 30, 2025
51.22
51.95
51.22
51.95
45.58
1,500
Apr 29, 2025
51.62
51.62
51.62
51.62
45.30
400
Apr 28, 2025
51.10
51.62
51.10
51.62
45.30
400
Apr 25, 2025
51.31
51.33
51.14
51.14
44.88
700
Apr 24, 2025
51.11
51.14
51.11
51.14
44.87
400
Apr 23, 2025
51.52
51.52
50.67
50.97
44.73
2,800
Apr 22, 2025
50.71
50.88
50.65
50.81
44.58
600
Apr 21, 2025
50.50
50.50
50.05
50.05
43.92
300
Apr 17, 2025
50.63
50.97
50.63
50.86
44.63
700
