Date
Open
High
Low
Close 

Adj Close 

Volume
May 26, 2026
15.65
15.73
15.65
15.72
15.72
426,177
May 22, 2026
15.59
15.66
15.59
15.60
15.60
491,600
May 21, 2026
15.48
15.59
15.44
15.58
15.58
698,700
May 20, 2026
15.38
15.52
15.32
15.49
15.49
775,300
May 19, 2026
15.31
15.37
15.23
15.31
15.31
834,000
May 18, 2026
0.157 Dividend 

May 18, 2026
15.48
15.48
15.32
15.39
15.39
802,600
May 15, 2026
15.63
15.69
15.55
15.55
15.39
694,700
May 14, 2026
15.68
15.69
15.68
15.69
15.53
319,000
May 13, 2026
15.66
15.68
15.64
15.66
15.50
786,600
May 12, 2026
15.67
15.70
15.59
15.67
15.51
373,700
May 11, 2026
15.64
15.68
15.64
15.67
15.51
582,000
May 8, 2026
15.65
15.65
15.61
15.64
15.48
384,200
May 7, 2026
15.65
15.66
15.57
15.61
15.45
475,400
May 6, 2026
15.61
15.65
15.60
15.65
15.49
630,200
May 5, 2026
15.50
15.59
15.50
15.58
15.42
585,900
May 4, 2026
15.51
15.54
15.40
15.49
15.33
575,000
May 1, 2026
15.49
15.51
15.43
15.50
15.34
538,400
Apr 30, 2026
15.32
15.46
15.28
15.46
15.30
482,900
Apr 29, 2026
15.36
15.36
15.19
15.26
15.11
508,100
Apr 28, 2026
15.35
15.39
15.28
15.32
15.17
597,400
Apr 27, 2026
15.38
15.40
15.35
15.38
15.22
458,700
Apr 24, 2026
15.35
15.39
15.27
15.35
15.20
971,700
Apr 23, 2026
15.32
15.37
15.18
15.32
15.17
1,081,700
Apr 22, 2026
15.35
15.35
15.27
15.32
15.17
794,900
Apr 21, 2026
15.36
15.39
15.23
15.26
15.11
1,369,200
Apr 20, 2026
0.157 Dividend 

Apr 20, 2026
15.27
15.35
15.24
15.32
15.17
1,464,500
Apr 17, 2026
15.31
15.52
15.28
15.44
15.13
1,279,400
Apr 16, 2026
15.26
15.29
15.26
15.28
14.97
617,600
Apr 15, 2026
15.29
15.30
15.26
15.30
14.99
775,800
Apr 14, 2026
15.28
15.30
15.27
15.28
14.97
673,500
Apr 13, 2026
15.25
15.29
15.25
15.26
14.95
1,235,500
Apr 10, 2026
15.25
15.27
15.24
15.26
14.95
416,500
Apr 9, 2026
15.27
15.28
15.23
15.25
14.94
614,900
Apr 8, 2026
15.25
15.27
15.20
15.23
14.92
2,101,000
Apr 7, 2026
15.10
15.11
15.02
15.10
14.80
889,900
Apr 6, 2026
15.07
15.13
15.07
15.10
14.80
1,156,100
Apr 2, 2026
14.86
15.08
14.86
15.07
14.77
1,056,900
Apr 1, 2026
14.97
15.07
14.97
15.01
14.71
1,209,600
Mar 31, 2026
14.79
14.97
14.77
14.95
14.65
1,336,100
Mar 30, 2026
14.79
14.81
14.61
14.64
14.34
1,062,000
Mar 27, 2026
14.78
14.84
14.70
14.72
14.42
1,045,900
Mar 26, 2026
14.87
14.94
14.83
14.84
14.54
858,300
Mar 25, 2026
14.90
14.98
14.88
14.95
14.65
1,131,500
Mar 24, 2026
14.75
14.90
14.75
14.85
14.55
1,379,500
Mar 23, 2026
0.148 Dividend 

Mar 23, 2026
14.81
14.96
14.80
14.84
14.54
3,424,700
Mar 20, 2026
15.03
15.07
14.74
14.81
14.37
1,647,300
Mar 19, 2026
14.86
15.23
14.78
15.09
14.64
1,495,000
Mar 18, 2026
15.18
15.18
14.99
15.00
14.55
1,073,700
Mar 17, 2026
15.22
15.35
15.18
15.24
14.78
790,900
Mar 16, 2026
15.15
15.30
15.12
15.15
14.70
1,247,600
Mar 13, 2026
15.08
15.23
14.94
15.00
14.55
1,134,400
Mar 12, 2026
15.18
15.18
14.99
15.04
14.59
866,900
Mar 11, 2026
15.25
15.41
15.22
15.33
14.87
654,000
Mar 10, 2026
15.37
15.59
15.32
15.37
14.91
1,223,700
Mar 9, 2026
15.02
15.41
14.86
15.36
14.90
1,495,000
Mar 6, 2026
15.28
15.35
15.18
15.22
14.76
965,400
Mar 5, 2026
15.65
15.67
15.38
15.52
15.06
607,800
Mar 4, 2026
15.63
15.75
15.57
15.71
15.24
656,600
Mar 3, 2026
15.44
15.65
15.31
15.58
15.11
1,357,600
Mar 2, 2026
15.52
15.76
15.50
15.73
15.26
692,400
Feb 27, 2026
15.73
15.73
15.60
15.67
15.20
552,700
Feb 26, 2026
15.76
15.80
15.66
15.78
15.31
609,500
Feb 25, 2026
15.75
15.78
15.69
15.77
15.30
482,300
Feb 24, 2026
15.58
15.71
15.55
15.69
15.22
364,800
Feb 23, 2026
0.158 Dividend 

Feb 23, 2026
15.65
15.71
15.49
15.58
15.11
545,100
Feb 20, 2026
15.78
16.02
15.76
15.88
15.25
816,200
Feb 19, 2026
15.78
15.87
15.67
15.87
15.24
558,000
Feb 18, 2026
15.70
15.90
15.68
15.82
15.19
440,700
Feb 17, 2026
15.69
15.78
15.54
15.74
15.12
586,000
Feb 13, 2026
15.54
15.77
15.48
15.69
15.07
1,045,300
Feb 12, 2026
15.83
15.83
15.47
15.52
14.91
891,100
Feb 11, 2026
15.81
15.84
15.64
15.73
15.11
850,900
Feb 10, 2026
15.76
15.83
15.75
15.75
15.13
792,200
Feb 9, 2026
15.65
15.79
15.64
15.76
15.14
539,400
Feb 6, 2026
15.41
15.71
15.41
15.68
15.06
979,900
Feb 5, 2026
15.48
15.51
15.24
15.29
14.68
1,261,900
Feb 4, 2026
15.63
15.64
15.34
15.50
14.89
1,117,400
Feb 3, 2026
15.57
15.68
15.41
15.58
14.96
1,074,300
Feb 2, 2026
15.44
15.64
15.40
15.57
14.95
1,138,900
Jan 30, 2026
15.50
15.57
15.38
15.44
14.83
1,213,300
Jan 29, 2026
15.59
15.63
15.43
15.57
14.95
1,345,300
Jan 28, 2026
15.63
15.68
15.56
15.59
14.97
908,100
Jan 27, 2026
15.59
15.63
15.56
15.62
15.00
706,100
Jan 26, 2026
15.58
15.65
15.56
15.59
14.97
656,500
Jan 23, 2026
15.69
15.69
15.58
15.60
14.98
1,102,800
Jan 22, 2026
15.67
15.73
15.67
15.70
15.08
863,600
Jan 21, 2026
15.52
15.67
15.49
15.63
15.01
1,339,700
Jan 20, 2026
0.157 Dividend 

Jan 20, 2026
15.44
15.57
15.43
15.47
14.86
1,445,100
Jan 16, 2026
15.73
15.80
15.64
15.74
14.97
1,130,900
Jan 15, 2026
15.70
15.72
15.69
15.69
14.92
1,026,300
Jan 14, 2026
15.71
15.72
15.69
15.72
14.95
1,003,200
Jan 13, 2026
15.71
15.71
15.69
15.70
14.93
812,300
Jan 12, 2026
15.69
15.71
15.67
15.71
14.94
631,700
Jan 9, 2026
15.70
15.71
15.66
15.69
14.92
765,900
Jan 8, 2026
15.63
15.66
15.60
15.66
14.89
556,600
Jan 7, 2026
15.62
15.64
15.58
15.63
14.86
517,900
Jan 6, 2026
15.54
15.63
15.53
15.62
14.85
562,600
Jan 5, 2026
15.39
15.58
15.39
15.55
14.79
1,000,900
Jan 2, 2026
15.38
15.54
15.34
15.44
14.68
2,660,200
Dec 31, 2025
15.39
15.39
15.30
15.30
14.55
934,400
Dec 30, 2025
15.46
15.46
15.37
15.38
14.62
779,200
Dec 29, 2025
15.44
15.47
15.41
15.44
14.68
1,006,100
Dec 26, 2025
15.46
15.47
15.42
15.47
14.71
594,600
Dec 24, 2025
15.46
15.50
15.43
15.48
14.72
378,600
Dec 23, 2025
15.48
15.48
15.43
15.46
14.70
702,700
Dec 22, 2025
0.155 Dividend 

Dec 22, 2025
15.44
15.51
15.43
15.49
14.73
862,000
Dec 19, 2025
15.43
15.55
15.38
15.55
14.64
1,124,300
Dec 18, 2025
15.44
15.44
15.37
15.41
14.51
509,400
Dec 17, 2025
15.39
15.40
15.37
15.39
14.48
748,700
Dec 16, 2025
15.41
15.41
15.37
15.39
14.48
548,700
Dec 15, 2025
15.42
15.42
15.37
15.39
14.49
782,700
Dec 12, 2025
15.38
15.41
15.38
15.39
14.49
1,440,100
Dec 11, 2025
15.35
15.39
15.35
15.37
14.47
779,800
Dec 10, 2025
15.35
15.37
15.34
15.34
14.44
893,800
Dec 9, 2025
15.39
15.39
15.35
15.37
14.47
426,700
Dec 8, 2025
15.39
15.39
15.35
15.38
14.48
594,300
Dec 5, 2025
15.36
15.39
15.34
15.38
14.48
973,000
Dec 4, 2025
15.31
15.36
15.31
15.36
14.46
628,700
Dec 3, 2025
15.31
15.34
15.30
15.34
14.44
653,700
Dec 2, 2025
15.34
15.34
15.29
15.30
14.40
1,044,400
Dec 1, 2025
15.22
15.31
15.22
15.30
14.40
692,100
Nov 28, 2025
15.29
15.34
15.28
15.34
14.44
218,300
Nov 26, 2025
15.23
15.30
15.23
15.27
14.37
378,300
Nov 25, 2025
15.24
15.25
15.15
15.23
14.34
420,400
Nov 24, 2025
0.152 Dividend 

Nov 24, 2025
15.04
15.16
15.04
15.16
14.27
454,100
Nov 21, 2025
14.88
15.23
14.80
15.19
14.16
1,071,500
Nov 20, 2025
15.23
15.40
14.75
14.78
13.77
947,900
Nov 19, 2025
15.06
15.21
14.98
15.03
14.01
498,300
Nov 18, 2025
14.96
15.13
14.89
15.05
14.03
633,000
Nov 17, 2025
15.18
15.28
14.94
14.99
13.97
774,400
Nov 14, 2025
15.06
15.31
15.02
15.25
14.21
481,300
Nov 13, 2025
15.41
15.45
15.15
15.20
14.17
531,800
Nov 12, 2025
15.48
15.54
15.47
15.47
14.42
373,400
Nov 11, 2025
15.41
15.49
15.41
15.48
14.43
307,500
Nov 10, 2025
15.42
15.49
15.40
15.45
14.40
420,900
Nov 7, 2025
15.23
15.34
15.11
15.33
14.29
636,800
Nov 6, 2025
15.39
15.41
15.27
15.29
14.25
418,500
Nov 5, 2025
15.34
15.45
15.31
15.40
14.35
721,700
Nov 4, 2025
15.30
15.38
15.27
15.29
14.25
352,800
Nov 3, 2025
15.40
15.43
15.31
15.40
14.35
567,700
Oct 31, 2025
15.43
15.43
15.34
15.41
14.36
455,700
Oct 30, 2025
15.36
15.45
15.36
15.37
14.32
534,500
Oct 29, 2025
15.42
15.49
15.36
15.42
14.37
750,700
Oct 28, 2025
15.47
15.49
15.44
15.45
14.40
510,100
Oct 27, 2025
15.50
15.51
15.46
15.49
14.44
506,700
Oct 24, 2025
15.40
15.48
15.40
15.46
14.41
385,500
Oct 23, 2025
15.24
15.38
15.24
15.35
14.30
564,200
Oct 22, 2025
15.28
15.35
15.18
15.27
14.23
718,000
Oct 21, 2025
15.34
15.39
15.31
15.35
14.30
406,900
Oct 20, 2025
0.153 Dividend 

Oct 20, 2025
15.26
15.38
15.26
15.37
14.32
504,700
Oct 17, 2025
15.27
15.45
15.24
15.35
14.16
791,400
Oct 16, 2025
15.39
15.39
15.29
15.34
14.15
640,600
Oct 15, 2025
15.39
15.39
15.32
15.38
14.19
713,800
Oct 14, 2025
15.16
15.36
15.11
15.34
14.15
488,000
Oct 13, 2025
15.17
15.28
15.15
15.26
14.08
712,600
Oct 10, 2025
15.27
15.31
14.94
14.94
13.78
1,327,700
Oct 9, 2025
15.27
15.30
15.22
15.25
14.07
632,800
Oct 8, 2025
15.22
15.29
15.20
15.29
14.11
454,000
Oct 7, 2025
15.26
15.28
15.16
15.19
14.01
404,700
Oct 6, 2025
15.23
15.28
15.23
15.26
14.08
349,100
Oct 3, 2025
15.16
15.25
15.15
15.21
14.03
743,100
Oct 2, 2025
15.12
15.15
15.06
15.15
13.98
642,300
Oct 1, 2025
15.01
15.10
15.01
15.10
13.93
602,000
Sep 30, 2025
15.01
15.06
14.95
15.05
13.89
668,300
Sep 29, 2025
15.04
15.06
15.00
15.02
13.86
724,500
Sep 26, 2025
14.91
15.01
14.91
15.01
13.85
457,400
Sep 25, 2025
14.88
14.92
14.81
14.90
13.75
1,242,200
Sep 24, 2025
15.05
15.07
14.96
14.97
13.81
619,300
Sep 23, 2025
15.06
15.12
15.01
15.01
13.85
775,300
Sep 22, 2025
0.152 Dividend 

Sep 22, 2025
15.00
15.07
14.96
15.04
13.88
757,100
Sep 19, 2025
15.25
15.28
15.13
15.16
13.85
1,044,300
Sep 18, 2025
15.30
15.31
15.28
15.29
13.97
664,300
Sep 17, 2025
15.30
15.30
15.26
15.27
13.95
1,006,700
Sep 16, 2025
15.29
15.29
15.26
15.28
13.96
693,700
Sep 15, 2025
15.28
15.28
15.26
15.27
13.95
577,400
Sep 12, 2025
15.24
15.27
15.24
15.26
13.94
588,200
Sep 11, 2025
15.21
15.25
15.21
15.25
13.93
467,800
Sep 10, 2025
15.22
15.24
15.20
15.22
13.90
477,800
Sep 9, 2025
15.21
15.22
15.19
15.21
13.89
550,600
Sep 8, 2025
15.20
15.23
15.20
15.21
13.89
579,000
Sep 5, 2025
15.20
15.21
15.15
15.20
13.88
611,600
Sep 4, 2025
15.11
15.16
15.11
15.16
13.85
491,600
Sep 3, 2025
15.08
15.13
15.08
15.11
13.80
396,900
Sep 2, 2025
15.08
15.10
15.03
15.09
13.78
711,000
Aug 29, 2025
15.13
15.14
15.09
15.12
13.81
609,800
Aug 28, 2025
15.11
15.12
15.10
15.11
13.80
887,500
Aug 27, 2025
15.05
15.11
15.05
15.09
13.78
723,500
Aug 26, 2025
15.05
15.09
15.04
15.07
13.76
499,500
Aug 25, 2025
15.07
15.08
15.04
15.05
13.75
600,200
Aug 22, 2025
14.86
15.08
14.86
15.07
13.76
506,300
Aug 21, 2025
14.79
14.84
14.76
14.82
13.54
375,400
Aug 20, 2025
14.82
14.85
14.74
14.82
13.54
436,100
Aug 19, 2025
14.88
14.93
14.82
14.84
13.55
583,900
Aug 18, 2025
0.151 Dividend 

Aug 18, 2025
14.88
14.91
14.85
14.91
13.62
429,600
Aug 15, 2025
15.10
15.14
14.94
15.00
13.56
531,300
Aug 14, 2025
15.10
15.14
15.10
15.13
13.68
551,200
Aug 13, 2025
15.10
15.14
15.10
15.14
13.69
668,400
Aug 12, 2025
14.88
15.09
14.88
15.07
13.63
709,900
Aug 11, 2025
14.82
14.88
14.80
14.82
13.40
488,300
Aug 8, 2025
14.82
14.86
14.78
14.80
13.38
495,500
Aug 7, 2025
14.87
14.89
14.71
14.76
13.35
570,100
Aug 6, 2025
14.81
14.81
14.75
14.80
13.38
317,700
Aug 5, 2025
14.76
14.81
14.68
14.79
13.37
715,000
Aug 4, 2025
14.55
14.73
14.55
14.73
13.32
1,108,300
Aug 1, 2025
14.60
14.60
14.33
14.46
13.07
1,525,700
Jul 31, 2025
14.77
14.80
14.67
14.69
13.28
656,700
Jul 30, 2025
14.86
14.89
14.73
14.79
13.37
1,117,800
Jul 29, 2025
14.85
14.89
14.79
14.80
13.38
554,100
Jul 28, 2025
14.86
14.89
14.83
14.85
13.43
746,500
Jul 25, 2025
14.82
14.85
14.77
14.83
13.41
555,000
Jul 24, 2025
14.86
14.86
14.78
14.79
13.37
683,500
Jul 23, 2025
14.83
14.86
14.79
14.85
13.43
885,000
Jul 22, 2025
14.67
14.77
14.66
14.75
13.34
929,300
Jul 21, 2025
0.15 Dividend 

Jul 21, 2025
14.79
14.80
14.68
14.68
13.27
734,300
Jul 18, 2025
15.06
15.09
14.84
14.86
13.30
1,027,200
Jul 17, 2025
15.07
15.07
15.04
15.05
13.47
495,800
Jul 16, 2025
15.00
15.06
15.00
15.05
13.47
622,800
Jul 15, 2025
15.03
15.05
15.02
15.02
13.44
772,500
Jul 14, 2025
15.00
15.05
15.00
15.04
13.46
518,600
Jul 11, 2025
15.03
15.04
15.02
15.03
13.45
428,200
Jul 10, 2025
15.01
15.04
15.01
15.03
13.45
559,200
Jul 9, 2025
15.01
15.03
15.00
15.03
13.45
440,200
Jul 8, 2025
14.99
15.01
14.99
15.00
13.43
384,900
Jul 7, 2025
14.98
15.02
14.95
14.96
13.39
705,300
Jul 3, 2025
15.00
15.00
14.97
15.00
13.43
304,600
Jul 2, 2025
14.90
14.97
14.90
14.95
13.38
884,200
Jul 1, 2025
14.91
14.98
14.88
14.91
13.35
437,300
Jun 30, 2025
14.90
14.92
14.90
14.91
13.35
641,700
Jun 27, 2025
14.91
14.91
14.84
14.88
13.32
570,000
Jun 26, 2025
14.81
14.87
14.80
14.87
13.31
521,000
Jun 25, 2025
14.83
14.84
14.77
14.78
13.23
506,900
Jun 24, 2025
14.81
14.84
14.77
14.83
13.27
629,300
Jun 23, 2025
0.149 Dividend 

Jun 23, 2025
14.66
14.75
14.59
14.74
13.19
900,300
Jun 20, 2025
14.90
14.96
14.77
14.81
13.12
798,200
Jun 18, 2025
14.77
14.89
14.77
14.87
13.18
465,700
Jun 17, 2025
14.80
14.86
14.76
14.76
13.08
514,800
Jun 16, 2025
14.80
14.87
14.80
14.85
13.16
324,100
Jun 13, 2025
14.78
14.83
14.71
14.74
13.06
389,900
Jun 12, 2025
14.80
14.85
14.80
14.84
13.15
318,300
Jun 11, 2025
14.84
14.88
14.82
14.84
13.15
976,100
Jun 10, 2025
14.83
14.85
14.83
14.84
13.15
340,500
Jun 9, 2025
14.79
14.84
14.79
14.82
13.13
356,300
Jun 6, 2025
14.70
14.78
14.69
14.75
13.07
480,300
Jun 5, 2025
14.62
14.69
14.59
14.63
12.96
525,100
Jun 4, 2025
14.64
14.69
14.62
14.63
12.96
484,200
Jun 3, 2025
14.55
14.66
14.53
14.64
12.97
459,800
Jun 2, 2025
14.49
14.53
14.40
14.52
12.87
447,600
May 30, 2025
14.50
14.54
14.41
14.51
12.86
421,800
May 29, 2025
14.57
14.57
14.45
14.52
12.87
444,300
May 28, 2025
14.58
14.59
14.49
14.51
12.86
1,383,700
May 27, 2025
14.47
14.59
14.40
14.58
12.92
1,480,900
