Date
Open
High
Low
Close 

Adj Close 

Volume
May 26, 2026
24.05
24.12
24.03
24.08
24.08
4,858
May 22, 2026
23.76
23.90
23.76
23.83
23.83
1,600
May 21, 2026
23.56
23.67
23.56
23.67
23.67
700
May 20, 2026
23.14
23.50
23.14
23.47
23.47
3,900
May 19, 2026
23.04
23.23
22.95
23.06
23.06
2,400
May 18, 2026
0.162 Dividend 

May 18, 2026
23.27
23.36
23.16
23.22
23.22
2,600
May 15, 2026
23.86
23.86
23.44
23.50
23.34
2,500
May 14, 2026
23.89
23.89
23.87
23.89
23.73
1,100
May 13, 2026
23.78
23.81
23.78
23.81
23.65
1,100
May 12, 2026
23.50
23.79
23.49
23.79
23.63
1,300
May 11, 2026
23.84
23.94
23.84
23.91
23.74
1,100
May 8, 2026
23.81
23.86
23.81
23.83
23.67
1,600
May 7, 2026
23.68
23.78
23.68
23.71
23.54
1,300
May 6, 2026
23.87
23.94
23.87
23.94
23.78
300
May 5, 2026
23.41
23.75
23.41
23.68
23.52
2,700
May 4, 2026
23.51
23.57
23.39
23.39
23.23
4,300
May 1, 2026
23.49
23.55
23.49
23.50
23.33
4,100
Apr 30, 2026
23.19
23.45
23.13
23.45
23.29
3,000
Apr 29, 2026
23.20
23.20
22.99
23.05
22.89
4,200
Apr 28, 2026
23.11
23.15
23.11
23.13
22.97
500
Apr 27, 2026
23.30
23.41
23.29
23.35
23.19
8,600
Apr 24, 2026
23.26
23.35
23.18
23.33
23.17
2,700
Apr 23, 2026
23.41
23.41
23.14
23.20
23.04
2,000
Apr 22, 2026
23.26
23.29
23.21
23.29
23.13
900
Apr 21, 2026
23.41
23.41
23.14
23.14
22.98
600
Apr 20, 2026
0.145 Dividend 

Apr 20, 2026
23.26
23.35
23.14
23.32
23.16
7,300
Apr 17, 2026
23.19
23.51
23.19
23.35
23.05
16,500
Apr 16, 2026
22.93
23.01
22.91
22.95
22.65
1,900
Apr 15, 2026
23.14
23.14
22.94
22.98
22.68
1,000
Apr 14, 2026
22.90
22.94
22.90
22.92
22.62
3,000
Apr 13, 2026
22.63
22.79
22.63
22.79
22.49
4,500
Apr 10, 2026
22.58
22.71
22.58
22.63
22.33
3,100
Apr 9, 2026
22.58
22.66
22.56
22.66
22.36
2,700
Apr 8, 2026
22.51
22.58
22.49
22.52
22.23
2,300
Apr 7, 2026
22.16
22.16
22.06
22.14
21.85
700
Apr 6, 2026
22.18
22.18
22.05
22.14
21.85
900
Apr 2, 2026
22.02
22.06
22.00
22.06
21.77
800
Apr 1, 2026
21.92
21.92
21.92
21.92
21.63
400
Mar 31, 2026
21.53
21.83
21.50
21.81
21.53
2,400
Mar 30, 2026
21.41
21.41
21.25
21.25
20.97
700
Mar 27, 2026
21.67
21.67
21.44
21.45
21.17
2,900
Mar 26, 2026
21.95
21.95
21.72
21.72
21.44
2,900
Mar 25, 2026
21.95
22.00
21.95
22.00
21.72
600
Mar 24, 2026
21.57
21.90
21.57
21.80
21.51
2,800
Mar 23, 2026
0.18 Dividend 

Mar 23, 2026
21.69
21.75
21.69
21.75
21.47
300
Mar 20, 2026
21.71
21.71
21.53
21.53
21.07
600
Mar 19, 2026
21.75
22.00
21.73
22.00
21.53
2,600
Mar 18, 2026
21.91
21.91
21.85
21.85
21.38
900
Mar 17, 2026
22.19
22.19
22.19
22.19
21.72
300
Mar 16, 2026
22.25
22.25
22.05
22.08
21.61
3,300
Mar 13, 2026
21.92
22.07
21.78
21.84
21.38
1,500
Mar 12, 2026
21.96
21.96
21.92
21.92
21.45
500
Mar 11, 2026
22.19
22.38
22.19
22.38
21.91
2,800
Mar 10, 2026
22.57
22.57
22.35
22.35
21.87
3,400
Mar 9, 2026
21.97
22.45
21.65
22.45
21.97
4,600
Mar 6, 2026
22.43
22.43
22.10
22.22
21.75
3,300
Mar 5, 2026
22.65
22.70
22.53
22.69
22.21
4,300
Mar 4, 2026
22.91
23.07
22.91
23.07
22.58
1,400
Mar 3, 2026
22.73
22.98
22.48
22.85
22.36
2,700
Mar 2, 2026
22.89
23.21
22.84
23.19
22.69
2,100
Feb 27, 2026
22.88
23.02
22.88
22.98
22.49
1,700
Feb 26, 2026
23.17
23.35
23.01
23.34
22.84
2,800
Feb 25, 2026
23.13
23.26
23.13
23.23
22.73
800
Feb 24, 2026
23.09
23.15
22.97
23.12
22.63
2,800
Feb 23, 2026
0.137 Dividend 

Feb 23, 2026
23.18
23.18
22.84
22.86
22.37
1,400
Feb 20, 2026
23.24
23.36
23.11
23.30
22.67
2,700
Feb 19, 2026
23.33
23.33
23.08
23.30
22.67
1,900
Feb 18, 2026
23.25
23.42
23.23
23.25
22.63
1,200
Feb 17, 2026
23.20
23.20
22.86
23.14
22.52
1,600
Feb 13, 2026
23.25
23.25
23.12
23.12
22.49
1,100
Feb 12, 2026
23.30
23.40
22.86
22.86
22.24
3,100
Feb 11, 2026
23.20
23.25
23.15
23.25
22.62
4,200
Feb 10, 2026
23.42
23.46
23.33
23.33
22.70
1,700
Feb 9, 2026
23.40
23.42
23.37
23.37
22.74
2,500
Feb 6, 2026
22.87
23.27
22.87
23.25
22.62
4,300
Feb 5, 2026
22.79
22.79
22.50
22.50
21.89
1,400
Feb 4, 2026
23.32
23.32
22.64
22.90
22.28
5,800
Feb 3, 2026
23.13
23.16
22.82
23.03
22.41
4,900
Feb 2, 2026
22.90
23.09
22.90
23.03
22.41
1,700
Jan 30, 2026
22.93
22.93
22.77
22.81
22.19
5,000
Jan 29, 2026
23.00
23.06
22.92
23.06
22.43
6,300
Jan 28, 2026
23.18
23.18
23.02
23.06
22.44
800
Jan 27, 2026
23.00
23.13
23.00
23.12
22.50
1,300
Jan 26, 2026
23.18
23.18
23.05
23.05
22.42
2,800
Jan 23, 2026
23.34
23.35
23.09
23.13
22.50
2,000
Jan 22, 2026
23.45
23.49
23.42
23.42
22.78
2,400
Jan 21, 2026
23.02
23.31
23.02
23.28
22.65
7,300
Jan 20, 2026
0.148 Dividend 

Jan 20, 2026
22.65
23.09
22.65
22.92
22.30
2,400
Jan 16, 2026
23.28
23.46
23.28
23.29
22.52
1,100
Jan 15, 2026
23.31
23.32
23.27
23.27
22.50
1,800
Jan 14, 2026
22.98
23.17
22.98
23.17
22.40
3,200
Jan 13, 2026
23.06
23.14
23.06
23.07
22.31
2,900
Jan 12, 2026
23.00
23.09
22.93
23.09
22.32
1,200
Jan 9, 2026
22.99
23.15
22.99
23.02
22.25
13,500
Jan 8, 2026
22.86
22.91
22.85
22.91
22.14
1,600
Jan 7, 2026
22.68
22.79
22.67
22.74
21.98
3,100
Jan 6, 2026
22.58
22.79
22.54
22.79
22.03
7,600
Jan 5, 2026
22.34
22.63
22.34
22.59
21.84
1,900
Jan 2, 2026
22.26
22.29
22.24
22.29
21.55
1,800
Dec 31, 2025
22.20
22.22
22.12
22.13
21.39
7,400
Dec 30, 2025
0.671 Dividend 

Dec 30, 2025
22.34
22.38
22.24
22.26
21.52
12,900
Dec 29, 2025
23.05
23.09
23.02
23.06
21.65
2,200
Dec 26, 2025
23.14
23.15
23.06
23.15
21.73
9,300
Dec 24, 2025
23.22
23.23
23.22
23.23
21.80
1,200
Dec 23, 2025
23.18
23.21
23.13
23.19
21.77
1,600
Dec 22, 2025
0.122 Dividend 

Dec 22, 2025
23.27
23.37
23.24
23.31
21.87
3,900
Dec 19, 2025
23.20
23.23
23.17
23.17
21.63
4,600
Dec 18, 2025
23.06
23.08
23.00
23.02
21.49
8,800
Dec 17, 2025
23.16
23.16
22.91
22.91
21.39
2,600
Dec 16, 2025
22.88
23.14
22.88
23.06
21.53
3,100
Dec 15, 2025
23.13
23.13
23.04
23.04
21.51
1,000
Dec 12, 2025
23.28
23.37
23.15
23.21
21.67
7,700
Dec 11, 2025
23.27
23.42
23.27
23.37
21.82
1,900
Dec 10, 2025
23.05
23.27
23.05
23.27
21.73
1,600
Dec 9, 2025
23.09
23.18
23.07
23.07
21.54
7,300
Dec 8, 2025
23.05
23.07
23.02
23.03
21.51
2,300
Dec 5, 2025
23.22
23.22
23.04
23.04
21.51
2,200
Dec 4, 2025
23.00
23.07
23.00
23.04
21.51
2,200
Dec 3, 2025
22.75
23.01
22.75
22.95
21.43
1,600
Dec 2, 2025
22.72
22.72
22.69
22.70
21.20
1,700
Dec 1, 2025
22.90
22.90
22.74
22.74
21.23
2,000
Nov 28, 2025
22.84
22.87
22.84
22.87
21.36
400
Nov 26, 2025
22.76
22.91
22.76
22.84
21.33
3,200
Nov 25, 2025
22.58
22.70
22.46
22.68
21.18
5,800
Nov 24, 2025
0.218 Dividend 

Nov 24, 2025
22.27
22.38
22.26
22.38
20.89
1,100
Nov 21, 2025
21.85
22.39
21.85
22.31
20.63
6,800
Nov 20, 2025
22.56
22.56
21.70
21.70
20.06
2,400
Nov 19, 2025
22.17
22.29
22.07
22.11
20.44
7,700
Nov 18, 2025
21.98
22.20
21.89
22.12
20.45
7,100
Nov 17, 2025
22.53
22.53
21.92
22.02
20.36
5,900
Nov 14, 2025
22.10
22.57
22.09
22.41
20.72
6,800
Nov 13, 2025
22.75
22.77
22.36
22.36
20.67
5,500
Nov 12, 2025
22.93
23.11
22.90
22.90
21.17
1,400
Nov 11, 2025
22.82
22.93
22.82
22.93
21.20
1,900
Nov 10, 2025
22.87
22.98
22.83
22.90
21.17
2,800
Nov 7, 2025
22.37
22.68
22.37
22.65
20.94
1,700
Nov 6, 2025
22.84
22.84
22.57
22.57
20.87
900
Nov 5, 2025
22.70
22.92
22.70
22.89
21.17
1,100
Nov 4, 2025
22.82
22.82
22.62
22.62
20.91
2,100
Nov 3, 2025
22.90
22.95
22.90
22.93
21.20
1,000
Oct 31, 2025
22.90
23.01
22.90
22.97
21.24
1,000
Oct 30, 2025
22.92
23.05
22.86
22.86
21.14
1,900
Oct 29, 2025
23.05
23.24
22.94
22.94
21.21
3,500
Oct 28, 2025
23.14
23.17
23.14
23.17
21.42
900
Oct 27, 2025
23.30
23.32
23.17
23.17
21.42
2,000
Oct 24, 2025
23.16
23.21
23.14
23.16
21.41
5,800
Oct 23, 2025
22.79
22.95
22.79
22.94
21.21
1,300
Oct 22, 2025
22.83
22.83
22.52
22.70
20.99
3,700
Oct 21, 2025
22.97
22.99
22.81
22.99
21.26
2,100
Oct 20, 2025
0.182 Dividend 

Oct 20, 2025
22.90
23.01
22.90
23.01
21.27
2,000
Oct 17, 2025
22.72
22.85
22.72
22.85
20.96
2,500
Oct 16, 2025
23.16
23.16
22.85
22.91
21.01
9,100
Oct 15, 2025
23.25
23.25
23.17
23.17
21.26
800
Oct 14, 2025
22.95
23.08
22.95
23.06
21.15
2,200
Oct 13, 2025
22.72
22.90
22.70
22.89
20.99
1,200
Oct 10, 2025
22.85
22.85
22.28
22.28
20.43
4,000
Oct 9, 2025
22.88
22.88
22.85
22.86
20.97
1,500
Oct 8, 2025
22.76
22.94
22.76
22.94
21.04
800
Oct 7, 2025
22.76
22.77
22.70
22.73
20.85
2,000
Oct 6, 2025
22.91
23.03
22.91
22.94
21.04
3,600
Oct 3, 2025
22.88
22.98
22.85
22.86
20.97
3,300
Oct 2, 2025
22.48
22.67
22.48
22.66
20.78
2,800
Oct 1, 2025
22.50
22.61
22.50
22.61
20.74
1,100
Sep 30, 2025
22.51
22.55
22.42
22.55
20.68
1,000
Sep 29, 2025
22.42
22.58
22.42
22.52
20.65
5,000
Sep 26, 2025
22.40
22.50
22.40
22.50
20.63
1,500
Sep 25, 2025
22.22
22.35
22.17
22.31
20.46
2,200
Sep 24, 2025
22.61
22.66
22.49
22.49
20.63
8,100
Sep 23, 2025
22.73
22.82
22.62
22.62
20.75
4,400
Sep 22, 2025
0.126 Dividend 

Sep 22, 2025
22.58
22.72
22.56
22.69
20.81
2,700
Sep 19, 2025
22.74
22.82
22.70
22.73
20.73
2,000
Sep 18, 2025
22.76
22.90
22.76
22.89
20.87
3,900
Sep 17, 2025
22.76
22.76
22.57
22.62
20.63
6,100
Sep 16, 2025
22.54
22.57
22.50
22.57
20.59
700
Sep 15, 2025
22.56
22.62
22.52
22.56
20.57
6,400
Sep 12, 2025
22.54
22.54
22.53
22.53
20.55
500
Sep 11, 2025
22.56
22.63
22.56
22.63
20.64
500
Sep 10, 2025
22.47
22.47
22.39
22.39
20.42
1,500
Sep 9, 2025
22.46
22.46
22.37
22.43
20.46
1,500
Sep 8, 2025
22.52
22.52
22.40
22.50
20.52
1,500
Sep 5, 2025
22.29
22.44
22.29
22.44
20.47
1,200
Sep 4, 2025
22.20
22.36
22.16
22.36
20.39
1,400
Sep 3, 2025
22.27
22.27
22.07
22.19
20.24
2,400
Sep 2, 2025
22.04
22.23
22.03
22.23
20.28
2,000
Aug 29, 2025
22.21
22.25
22.21
22.24
20.29
1,700
Aug 28, 2025
22.32
22.35
22.27
22.33
20.37
9,900
Aug 27, 2025
22.28
22.32
22.24
22.31
20.35
4,100
Aug 26, 2025
22.21
22.21
22.13
22.20
20.25
1,300
Aug 25, 2025
22.11
22.19
22.06
22.10
20.16
1,300
Aug 22, 2025
22.13
22.27
22.13
22.23
20.27
12,000
Aug 21, 2025
21.57
21.63
21.57
21.63
19.72
700
Aug 20, 2025
21.55
21.59
21.55
21.59
19.69
1,200
Aug 19, 2025
21.71
21.71
21.63
21.65
19.75
2,900
Aug 18, 2025
0.142 Dividend 

Aug 18, 2025
21.71
21.80
21.71
21.78
19.87
1,600
Aug 15, 2025
21.84
21.84
21.82
21.82
19.77
300
Aug 14, 2025
22.00
22.02
21.90
21.98
19.92
1,600
Aug 13, 2025
22.11
22.11
22.11
22.11
20.03
300
Aug 12, 2025
21.63
21.86
21.62
21.86
19.81
2,100
Aug 11, 2025
21.44
21.44
21.37
21.37
19.36
400
Aug 8, 2025
21.42
21.42
21.35
21.35
19.35
2,000
Aug 7, 2025
21.51
21.62
21.29
21.29
19.29
2,400
Aug 6, 2025
21.32
21.40
21.32
21.36
19.35
1,400
Aug 5, 2025
21.36
21.40
21.32
21.40
19.39
1,300
Aug 4, 2025
21.00
21.25
21.00
21.25
19.26
1,700
Aug 1, 2025
20.82
20.92
20.79
20.86
18.90
2,000
Jul 31, 2025
21.22
21.22
21.22
21.22
19.22
400
Jul 30, 2025
21.48
21.58
21.39
21.39
19.38
800
Jul 29, 2025
21.68
21.68
21.42
21.47
19.46
5,500
Jul 28, 2025
21.74
21.74
21.55
21.57
19.54
1,900
Jul 25, 2025
21.49
21.59
21.44
21.57
19.54
2,100
Jul 24, 2025
21.59
21.59
21.51
21.51
19.49
900
Jul 23, 2025
21.52
21.70
21.50
21.70
19.66
3,200
Jul 22, 2025
21.32
21.43
21.32
21.42
19.41
5,600
Jul 21, 2025
0.129 Dividend 

Jul 21, 2025
21.47
21.47
21.33
21.33
19.32
900
Jul 18, 2025
21.65
21.65
21.47
21.52
19.39
2,200
Jul 17, 2025
21.45
21.75
21.45
21.68
19.53
1,200
Jul 16, 2025
21.46
21.58
21.42
21.58
19.44
2,500
Jul 15, 2025
21.67
21.67
21.49
21.49
19.36
1,500
Jul 14, 2025
21.56
21.68
21.56
21.67
19.52
4,600
Jul 11, 2025
21.65
21.65
21.61
21.61
19.47
1,300
Jul 10, 2025
21.82
21.82
21.71
21.77
19.61
1,800
Jul 9, 2025
21.50
21.65
21.50
21.63
19.48
2,100
Jul 8, 2025
21.45
21.65
21.45
21.57
19.43
2,200
Jul 7, 2025
21.45
21.48
21.45
21.48
19.34
1,000
Jul 3, 2025
21.66
21.66
21.57
21.66
19.51
3,700
Jul 2, 2025
21.49
21.60
21.41
21.53
19.40
2,200
Jul 1, 2025
21.16
21.49
21.16
21.36
19.24
7,100
Jun 30, 2025
21.11
21.29
21.11
21.20
19.10
7,000
Jun 27, 2025
21.20
21.29
20.93
21.21
19.11
42,300
Jun 26, 2025
21.03
21.18
21.03
21.18
19.08
300
Jun 25, 2025
20.95
21.01
20.91
20.91
18.83
1,900
Jun 24, 2025
20.98
21.12
20.96
21.12
19.02
1,600
Jun 23, 2025
0.127 Dividend 

Jun 23, 2025
20.78
20.89
20.66
20.89
18.82
800
Jun 20, 2025
20.99
20.99
20.87
20.87
18.68
900
Jun 18, 2025
20.97
20.97
20.91
20.91
18.72
1,300
Jun 17, 2025
20.95
20.95
20.82
20.82
18.64
800
Jun 16, 2025
20.98
21.03
20.98
20.98
18.78
3,900
Jun 13, 2025
20.92
20.94
20.73
20.73
18.56
1,300
Jun 12, 2025
21.04
21.05
21.02
21.02
18.82
900
Jun 11, 2025
21.17
21.17
21.08
21.11
18.90
600
Jun 10, 2025
21.16
21.20
21.10
21.10
18.89
900
Jun 9, 2025
21.00
21.11
21.00
21.07
18.86
3,000
Jun 6, 2025
20.85
20.93
20.85
20.92
18.73
3,100
Jun 5, 2025
20.71
20.80
20.67
20.68
18.52
3,200
Jun 4, 2025
20.65
20.70
20.65
20.70
18.53
2,800
Jun 3, 2025
20.53
20.72
20.53
20.72
18.55
3,300
Jun 2, 2025
20.26
20.48
20.26
20.41
18.27
3,300
May 30, 2025
20.28
20.39
20.28
20.39
18.25
800
May 29, 2025
20.47
20.47
20.31
20.47
18.33
4,400
May 28, 2025
20.57
20.57
20.40
20.44
18.30
5,000
May 27, 2025
20.31
20.58
20.31
20.58
18.42
5,400
