Date
Open
High
Low
Close 

Adj Close 

Volume
Jun 5, 2026
32.12
32.12
31.70
31.73
31.73
4,200
Jun 4, 2026
32.44
32.44
32.40
32.40
32.40
1,700
Jun 3, 2026
0.14 Dividend 

Jun 3, 2026
32.67
32.67
32.38
32.38
32.38
1,700
Jun 2, 2026
33.00
33.17
32.97
33.02
32.88
5,200
Jun 1, 2026
32.72
32.85
32.71
32.83
32.69
2,600
May 29, 2026
32.66
32.66
32.53
32.64
32.50
1,300
May 28, 2026
32.44
32.60
32.44
32.51
32.37
6,800
May 27, 2026
32.95
32.97
32.83
32.84
32.70
1,900
May 26, 2026
32.75
32.84
32.63
32.84
32.70
2,000
May 22, 2026
32.66
32.66
32.52
32.52
32.38
5,200
May 21, 2026
32.40
32.64
32.36
32.59
32.45
2,500
May 20, 2026
32.10
32.47
32.05
32.47
32.33
4,100
May 19, 2026
31.81
31.98
31.75
31.85
31.72
5,800
May 18, 2026
32.15
32.20
32.12
32.20
32.06
2,200
May 15, 2026
32.03
32.03
31.96
31.96
31.82
1,500
May 14, 2026
32.44
32.50
32.40
32.41
32.27
5,500
May 13, 2026
32.67
32.75
32.48
32.48
32.34
4,100
May 12, 2026
32.74
32.75
32.65
32.70
32.56
9,800
May 11, 2026
33.05
33.05
32.81
32.90
32.76
3,400
May 8, 2026
32.85
32.90
32.80
32.82
32.68
3,000
May 7, 2026
32.90
32.90
32.58
32.58
32.44
4,600
May 6, 2026
33.06
33.21
33.00
33.21
33.06
3,200
May 5, 2026
0.14 Dividend 

May 5, 2026
32.66
32.92
32.66
32.83
32.69
3,000
May 4, 2026
32.52
32.62
32.31
32.33
32.05
3,900
May 1, 2026
32.70
32.70
32.51
32.52
32.24
1,600
Apr 30, 2026
32.50
32.75
32.49
32.75
32.47
13,000
Apr 29, 2026
32.44
32.44
32.28
32.29
32.02
2,500
Apr 28, 2026
32.57
32.65
32.46
32.65
32.37
6,600
Apr 27, 2026
32.86
32.86
32.66
32.70
32.42
1,800
Apr 24, 2026
32.96
32.98
32.96
32.96
32.68
1,100
Apr 23, 2026
33.27
33.32
32.96
33.01
32.72
3,900
Apr 22, 2026
33.41
33.41
33.09
33.24
32.96
16,000
Apr 21, 2026
33.78
33.78
33.32
33.32
33.04
4,800
Apr 20, 2026
33.68
33.72
33.61
33.66
33.38
4,600
Apr 17, 2026
34.04
34.12
33.81
33.90
33.61
4,000
Apr 16, 2026
33.91
33.91
33.48
33.65
33.36
6,700
Apr 15, 2026
34.03
34.03
33.77
33.88
33.59
2,000
Apr 14, 2026
34.08
34.15
34.02
34.09
33.80
10,100
Apr 13, 2026
33.43
33.87
33.42
33.87
33.58
15,000
Apr 10, 2026
33.47
33.63
33.43
33.46
33.18
3,900
Apr 9, 2026
33.18
33.45
33.11
33.37
33.09
1,900
Apr 8, 2026
33.23
33.47
32.88
33.13
32.85
60,300
Apr 7, 2026
32.08
32.54
31.89
32.25
31.98
4,800
Apr 6, 2026
0.143 Dividend 

Apr 6, 2026
32.28
32.46
32.28
32.35
32.07
2,900
Apr 2, 2026
32.12
32.42
32.12
32.42
32.00
1,500
Apr 1, 2026
32.44
32.53
32.37
32.37
31.95
36,300
Mar 31, 2026
31.86
32.48
31.80
32.41
31.99
8,000
Mar 30, 2026
31.64
31.67
31.47
31.51
31.11
3,300
Mar 27, 2026
31.39
31.59
31.30
31.39
30.98
8,700
Mar 26, 2026
31.66
31.80
31.51
31.51
31.10
3,700
Mar 25, 2026
31.91
32.10
31.79
31.97
31.56
10,900
Mar 24, 2026
31.12
31.44
31.12
31.42
31.01
2,600
Mar 23, 2026
31.30
33.50
31.30
31.49
31.08
11,700
Mar 20, 2026
31.25
31.27
30.38
30.71
30.31
11,600
Mar 19, 2026
30.98
31.73
30.98
31.59
31.19
5,000
Mar 18, 2026
31.54
31.59
31.27
31.27
30.86
1,800
Mar 17, 2026
31.79
31.87
31.69
31.69
31.29
2,400
Mar 16, 2026
31.38
31.53
31.33
31.41
31.00
7,200
Mar 13, 2026
31.63
31.72
31.00
31.06
30.66
17,900
Mar 12, 2026
31.92
31.92
31.50
31.57
31.16
9,500
Mar 11, 2026
32.20
32.31
32.07
32.10
31.69
2,500
Mar 10, 2026
31.99
32.42
31.87
32.00
31.58
14,100
Mar 9, 2026
31.81
32.20
30.85
32.13
31.71
57,900
Mar 6, 2026
31.50
31.91
31.50
31.81
31.40
10,100
Mar 5, 2026
32.12
32.22
31.71
31.99
31.57
12,000
Mar 4, 2026
0.14 Dividend 

Mar 4, 2026
32.28
32.47
32.20
32.39
31.97
12,100
Mar 3, 2026
32.18
32.58
31.72
32.42
31.86
19,200
Mar 2, 2026
32.97
33.36
32.97
33.24
32.67
16,800
Feb 27, 2026
33.49
33.60
33.47
33.60
33.03
5,400
Feb 26, 2026
33.77
33.77
33.42
33.60
33.02
8,700
Feb 25, 2026
33.91
33.98
33.75
33.90
33.32
7,300
Feb 24, 2026
33.56
33.74
33.55
33.72
33.14
15,300
Feb 23, 2026
33.59
33.76
33.52
33.61
33.03
12,000
Feb 20, 2026
33.10
33.58
33.10
33.55
32.98
13,000
Feb 19, 2026
32.95
33.16
32.93
33.16
32.59
11,500
Feb 18, 2026
33.15
33.29
32.97
33.04
32.47
14,200
Feb 17, 2026
32.74
33.02
32.61
32.87
32.31
10,300
Feb 13, 2026
32.79
32.94
32.60
32.91
32.34
8,200
Feb 12, 2026
33.46
33.46
33.05
33.12
32.55
11,300
Feb 11, 2026
33.25
33.38
33.20
33.38
32.80
7,100
Feb 10, 2026
33.12
33.12
33.00
33.02
32.46
6,700
Feb 9, 2026
32.82
33.03
32.82
32.98
32.41
15,600
Feb 6, 2026
32.64
32.90
32.64
32.81
32.25
5,600
Feb 5, 2026
32.52
32.63
32.30
32.30
31.74
5,200
Feb 4, 2026
0.144 Dividend 

Feb 4, 2026
32.83
32.83
32.49
32.56
32.00
4,100
Feb 3, 2026
32.88
32.92
32.67
32.83
32.12
9,500
Feb 2, 2026
32.46
32.64
32.46
32.60
31.90
7,900
Jan 30, 2026
32.77
32.81
32.35
32.53
31.83
15,300
Jan 29, 2026
33.23
33.40
32.82
33.23
32.52
15,300
Jan 28, 2026
33.30
33.30
33.00
33.16
32.45
10,900
Jan 27, 2026
33.22
33.60
32.85
33.31
32.59
65,400
Jan 26, 2026
32.72
32.97
32.72
32.90
32.19
19,700
Jan 23, 2026
32.41
32.76
32.35
32.72
32.02
15,500
Jan 22, 2026
32.58
32.81
32.55
32.74
32.04
12,600
Jan 21, 2026
32.11
32.37
32.11
32.36
31.66
5,800
Jan 20, 2026
31.72
31.99
31.69
31.90
31.21
9,700
Jan 16, 2026
31.64
31.69
31.56
31.67
30.99
6,400
Jan 15, 2026
31.59
31.79
31.56
31.77
31.09
9,300
Jan 14, 2026
31.38
31.47
31.29
31.46
30.79
5,700
Jan 13, 2026
31.25
31.25
31.09
31.15
30.48
7,000
Jan 12, 2026
30.96
31.19
30.96
31.17
30.50
11,000
Jan 9, 2026
30.73
30.82
30.73
30.81
30.14
7,400
Jan 8, 2026
30.57
30.69
30.57
30.66
30.00
7,800
Jan 7, 2026
30.78
30.89
30.77
30.84
30.18
7,100
Jan 6, 2026
30.89
31.25
30.74
30.80
30.14
39,000
Jan 5, 2026
30.33
30.64
30.33
30.63
29.97
11,600
Jan 2, 2026
30.40
30.42
30.35
30.41
29.75
11,200
Dec 31, 2025
30.11
30.11
29.94
29.99
29.34
13,000
Dec 30, 2025
0.135 Dividend 

Dec 30, 2025
30.17
30.17
30.08
30.15
29.50
10,300
Dec 29, 2025
29.94
29.96
29.93
29.96
29.19
4,100
Dec 26, 2025
30.00
30.12
29.99
30.12
29.34
7,300
Dec 24, 2025
29.92
29.96
29.89
29.90
29.13
1,700
Dec 23, 2025
29.65
29.82
29.65
29.80
29.03
6,700
Dec 22, 2025
29.50
29.59
29.48
29.56
28.80
11,700
Dec 19, 2025
29.67
29.69
29.62
29.62
28.85
4,300
Dec 18, 2025
29.58
29.61
29.45
29.48
28.72
18,900
Dec 17, 2025
29.61
29.61
29.34
29.35
28.59
8,200
Dec 16, 2025
29.70
29.70
29.56
29.61
28.85
7,200
Dec 15, 2025
30.03
30.03
29.84
29.88
29.10
5,400
Dec 12, 2025
29.92
29.92
29.67
29.79
29.02
3,400
Dec 11, 2025
29.67
29.83
29.67
29.77
29.00
9,800
Dec 10, 2025
29.62
29.83
29.59
29.78
29.01
6,500
Dec 9, 2025
29.40
29.61
29.40
29.58
28.81
8,700
Dec 8, 2025
29.84
29.84
29.64
29.70
28.93
9,000
Dec 5, 2025
30.28
30.34
29.92
29.92
29.15
4,800
Dec 4, 2025
30.24
30.28
30.19
30.22
29.44
14,000
Dec 3, 2025
0.135 Dividend 

Dec 3, 2025
30.04
30.14
30.04
30.14
29.35
16,900
Dec 2, 2025
30.15
30.17
30.06
30.16
29.25
13,200
Dec 1, 2025
30.16
30.16
30.02
30.02
29.11
9,900
Nov 28, 2025
30.02
30.06
30.02
30.05
29.14
2,500
Nov 26, 2025
30.03
30.20
30.03
30.20
29.29
12,900
Nov 25, 2025
29.76
30.13
29.76
30.12
29.21
21,600
Nov 24, 2025
29.73
29.89
29.70
29.88
28.98
10,000
Nov 21, 2025
29.55
29.88
29.49
29.80
28.89
17,500
Nov 20, 2025
30.17
30.17
29.68
29.70
28.80
5,600
Nov 19, 2025
29.99
30.08
29.93
30.00
29.10
7,500
Nov 18, 2025
29.94
30.10
29.90
30.06
29.15
5,900
Nov 17, 2025
30.26
30.26
30.02
30.10
29.19
6,600
Nov 14, 2025
30.26
30.54
30.25
30.42
29.50
16,400
Nov 13, 2025
30.52
30.52
30.29
30.30
29.38
3,600
Nov 12, 2025
30.44
30.51
30.39
30.49
29.57
6,000
Nov 11, 2025
30.19
30.32
30.19
30.30
29.38
5,900
Nov 10, 2025
29.93
30.07
29.90
30.07
29.16
8,500
Nov 7, 2025
29.64
29.78
29.51
29.78
28.88
12,700
Nov 6, 2025
29.74
29.77
29.64
29.70
28.80
10,700
Nov 5, 2025
0.13 Dividend 

Nov 5, 2025
29.37
29.60
29.37
29.60
28.70
14,500
Nov 4, 2025
29.27
29.39
29.27
29.29
28.28
5,300
Nov 3, 2025
29.47
29.63
29.45
29.54
28.52
7,800
Oct 31, 2025
29.37
29.37
29.35
29.35
28.34
2,300
Oct 30, 2025
29.37
29.52
29.37
29.45
28.43
1,700
Oct 29, 2025
29.50
29.53
29.35
29.35
28.34
3,900
Oct 28, 2025
29.26
29.39
29.26
29.39
28.37
2,700
Oct 27, 2025
29.16
29.23
29.16
29.22
28.21
5,600
Oct 24, 2025
29.03
29.08
29.01
29.06
28.06
10,000
Oct 23, 2025
28.61
29.16
28.61
28.85
27.85
35,000
Oct 22, 2025
28.25
28.38
28.25
28.31
27.33
8,500
Oct 21, 2025
28.24
28.26
28.11
28.11
27.14
5,200
Oct 20, 2025
28.29
28.41
28.29
28.39
27.41
7,400
Oct 17, 2025
27.90
28.14
27.90
28.13
27.16
3,800
Oct 16, 2025
27.96
28.06
27.92
27.94
26.98
7,600
Oct 15, 2025
27.78
27.86
27.77
27.79
26.83
3,900
Oct 14, 2025
27.48
27.82
27.48
27.72
26.76
13,900
Oct 13, 2025
27.63
27.70
27.60
27.65
26.69
5,300
Oct 10, 2025
27.84
27.84
27.08
27.16
26.22
13,400
Oct 9, 2025
27.78
27.78
27.72
27.73
26.77
4,300
Oct 8, 2025
27.71
27.74
27.67
27.74
26.78
3,500
Oct 7, 2025
27.82
27.82
27.64
27.70
26.74
8,700
Oct 6, 2025
27.83
27.91
27.78
27.78
26.82
10,900
Oct 3, 2025
0.13 Dividend 

Oct 3, 2025
27.83
27.87
27.81
27.84
26.88
12,500
Oct 2, 2025
28.11
28.11
27.95
27.95
26.86
4,800
Oct 1, 2025
28.18
28.21
28.10
28.11
27.01
3,200
Sep 30, 2025
28.16
28.42
28.12
28.24
27.14
23,400
Sep 29, 2025
28.11
28.11
28.10
28.11
27.01
2,000
Sep 26, 2025
28.00
28.06
28.00
28.06
26.96
1,800
Sep 25, 2025
27.99
28.00
27.85
27.87
26.78
11,500
Sep 24, 2025
28.28
28.30
28.18
28.19
27.09
63,200
Sep 23, 2025
28.45
28.50
28.38
28.48
27.37
6,100
Sep 22, 2025
28.40
28.45
28.30
28.45
27.34
8,200
Sep 19, 2025
28.46
28.53
28.46
28.48
27.37
2,400
Sep 18, 2025
28.41
28.42
28.35
28.42
27.31
3,900
Sep 17, 2025
28.60
28.71
28.50
28.56
27.45
2,900
Sep 16, 2025
28.51
28.57
28.47
28.57
27.45
2,500
Sep 15, 2025
28.53
28.57
28.48
28.54
27.43
6,700
Sep 12, 2025
28.43
28.48
28.42
28.45
27.33
2,800
Sep 11, 2025
28.41
28.47
27.95
28.47
27.36
7,400
Sep 10, 2025
28.23
28.26
28.20
28.23
27.13
7,000
Sep 9, 2025
28.08
28.08
27.99
27.99
26.90
8,100
Sep 8, 2025
28.15
28.17
28.08
28.17
27.07
2,700
Sep 5, 2025
28.20
28.22
28.20
28.22
27.11
1,000
Sep 4, 2025
0.13 Dividend 

Sep 4, 2025
27.85
27.96
27.82
27.96
26.87
2,600
Sep 3, 2025
28.04
28.05
28.01
28.05
26.83
800
Sep 2, 2025
27.81
27.98
27.81
27.94
26.73
5,100
Aug 29, 2025
28.07
28.11
28.03
28.07
26.85
4,400
Aug 28, 2025
28.31
28.36
28.31
28.35
27.12
4,200
Aug 27, 2025
27.95
28.11
27.95
28.05
26.83
6,300
Aug 26, 2025
28.23
28.27
28.19
28.24
27.01
2,900
Aug 25, 2025
28.42
28.45
28.33
28.33
27.10
7,400
Aug 22, 2025
28.43
28.57
28.43
28.55
27.31
5,900
Aug 21, 2025
28.19
28.23
28.17
28.21
26.98
800
Aug 20, 2025
28.25
28.28
28.18
28.28
27.05
3,200
Aug 19, 2025
28.09
28.11
27.96
27.98
26.76
2,300
Aug 18, 2025
28.25
28.29
28.23
28.29
27.06
2,600
Aug 15, 2025
28.26
28.34
28.23
28.25
27.02
19,900
Aug 14, 2025
28.24
28.28
28.14
28.14
26.92
11,300
Aug 13, 2025
28.51
28.58
28.47
28.55
27.31
6,700
Aug 12, 2025
28.34
28.54
28.34
28.54
27.30
5,500
Aug 11, 2025
28.02
28.04
28.02
28.03
26.82
5,100
Aug 8, 2025
28.03
28.13
28.01
28.11
26.89
5,100
Aug 7, 2025
27.95
27.96
27.86
27.87
26.66
6,700
Aug 6, 2025
27.71
27.76
27.70
27.76
26.55
2,900
Aug 5, 2025
0.13 Dividend 

Aug 5, 2025
27.54
27.59
27.54
27.56
26.36
1,500
Aug 4, 2025
27.55
27.55
27.49
27.52
26.20
3,500
Aug 1, 2025
27.48
27.48
27.25
27.36
26.05
6,900
Jul 31, 2025
27.38
27.41
27.22
27.23
25.92
8,700
Jul 30, 2025
27.69
27.75
27.58
27.60
26.27
4,500
Jul 29, 2025
27.65
27.81
27.58
27.76
26.43
20,600
Jul 28, 2025
27.63
27.63
27.52
27.52
26.20
2,000
Jul 25, 2025
27.75
27.79
27.71
27.79
26.46
1,600
Jul 24, 2025
27.80
27.85
27.80
27.80
26.47
2,900
Jul 23, 2025
27.67
27.95
27.65
27.84
26.50
10,300
Jul 22, 2025
27.64
27.70
27.63
27.67
26.34
3,000
Jul 21, 2025
27.54
27.62
27.54
27.54
26.22
2,400
Jul 18, 2025
27.49
27.53
27.36
27.36
26.04
4,000
Jul 17, 2025
27.19
27.36
27.19
27.36
26.04
3,500
Jul 16, 2025
27.16
27.29
27.13
27.29
25.98
4,500
Jul 15, 2025
27.33
27.33
27.20
27.26
25.95
2,800
Jul 14, 2025
27.31
27.35
27.28
27.28
25.97
1,400
Jul 11, 2025
27.32
27.44
27.28
27.33
26.02
2,600
Jul 10, 2025
27.35
27.45
27.32
27.45
26.13
4,400
Jul 9, 2025
27.33
27.34
27.28
27.32
26.00
3,900
Jul 8, 2025
27.39
27.42
27.36
27.42
26.10
900
Jul 7, 2025
27.49
27.55
27.36
27.41
26.09
10,500
Jul 3, 2025
0.13 Dividend 

Jul 3, 2025
27.49
27.65
27.49
27.62
26.29
2,200
Jul 2, 2025
27.42
27.55
27.41
27.55
26.10
6,500
Jul 1, 2025
27.38
27.43
27.38
27.42
25.98
3,900
Jun 30, 2025
27.24
27.40
27.24
27.40
25.96
6,800
Jun 27, 2025
27.25
27.28
27.17
27.23
25.80
10,100
Jun 26, 2025
27.17
27.29
27.17
27.27
25.83
5,400
Jun 25, 2025
26.98
26.98
26.90
26.98
25.56
2,400
Jun 24, 2025
26.88
27.05
26.88
27.02
25.60
5,700
Jun 23, 2025
26.50
26.68
26.49
26.68
25.28
3,200
Jun 20, 2025
26.73
26.73
26.52
26.52
25.13
4,300
Jun 18, 2025
26.73
26.79
26.70
26.70
25.30
3,900
Jun 17, 2025
26.94
26.94
26.73
26.73
25.33
1,900
Jun 16, 2025
26.98
27.06
26.94
26.98
25.56
4,000
Jun 13, 2025
26.66
26.78
26.65
26.70
25.30
4,800
Jun 12, 2025
26.82
26.92
26.82
26.87
25.46
3,800
Jun 11, 2025
26.77
26.94
26.75
26.83
25.42
13,200
Jun 10, 2025
26.68
26.68
26.60
26.63
25.23
4,500
Jun 9, 2025
26.44
26.55
26.39
26.50
25.10
8,200
Jun 6, 2025
26.37
26.42
26.36
26.42
25.03
1,000
