Date
Open
High
Low
Close 

Adj Close 

Volume
May 26, 2026
25.25
25.33
25.17
25.31
25.31
403,002
May 22, 2026
25.27
25.30
25.11
25.15
25.15
395,700
May 21, 2026
25.29
25.51
25.20
25.47
25.47
295,600
May 20, 2026
25.23
25.56
25.16
25.52
25.52
1,160,600
May 19, 2026
25.20
25.24
25.09
25.11
25.11
264,000
May 18, 2026
25.27
25.43
25.22
25.41
25.41
234,800
May 15, 2026
25.26
25.26
25.11
25.23
25.23
354,300
May 14, 2026
25.53
25.65
25.50
25.52
25.52
369,200
May 13, 2026
25.62
25.63
25.42
25.45
25.45
403,200
May 12, 2026
25.78
25.83
25.62
25.76
25.76
304,600
May 11, 2026
26.10
26.12
25.83
25.85
25.85
455,800
May 8, 2026
25.99
26.11
25.95
26.07
26.07
468,000
May 7, 2026
26.10
26.10
25.85
25.89
25.89
385,700
May 6, 2026
26.13
26.18
26.00
26.08
26.08
367,100
May 5, 2026
0.18 Dividend 

May 5, 2026
25.89
26.08
25.86
26.06
26.06
1,009,800
May 4, 2026
26.10
26.20
25.84
25.90
25.72
735,300
May 1, 2026
26.16
26.23
26.05
26.18
26.00
404,100
Apr 30, 2026
25.80
26.15
25.75
26.11
25.93
346,700
Apr 29, 2026
25.82
25.84
25.55
25.65
25.47
300,800
Apr 28, 2026
25.75
25.83
25.72
25.78
25.60
307,200
Apr 27, 2026
25.80
25.88
25.76
25.82
25.64
283,800
Apr 24, 2026
25.70
25.83
25.60
25.79
25.61
319,500
Apr 23, 2026
26.01
26.03
25.62
25.74
25.56
542,300
Apr 22, 2026
26.12
26.20
25.97
26.01
25.83
389,000
Apr 21, 2026
26.11
26.29
25.92
25.95
25.77
417,200
Apr 20, 2026
26.06
26.11
26.00
26.11
25.93
406,600
Apr 17, 2026
26.10
26.19
26.03
26.14
25.96
473,000
Apr 16, 2026
26.10
26.12
25.95
26.01
25.83
352,600
Apr 15, 2026
26.10
26.11
26.01
26.10
25.92
279,500
Apr 14, 2026
26.12
26.17
26.05
26.16
25.98
553,800
Apr 13, 2026
25.81
26.11
25.71
26.09
25.91
522,900
Apr 10, 2026
25.80
25.87
25.70
25.81
25.63
449,900
Apr 9, 2026
25.45
25.76
25.45
25.72
25.54
506,700
Apr 8, 2026
25.50
25.52
25.30
25.47
25.29
1,751,000
Apr 7, 2026
25.19
25.27
25.01
25.18
25.01
419,200
Apr 6, 2026
0.19 Dividend 

Apr 6, 2026
25.15
25.29
25.12
25.25
25.07
632,000
Apr 2, 2026
24.99
25.36
24.95
25.36
25.00
584,400
Apr 1, 2026
25.27
25.34
25.14
25.17
24.81
450,200
Mar 31, 2026
24.93
25.27
24.85
25.26
24.90
476,200
Mar 30, 2026
24.70
24.84
24.60
24.70
24.34
314,700
Mar 27, 2026
24.61
24.69
24.41
24.47
24.12
418,200
Mar 26, 2026
24.70
24.87
24.61
24.62
24.27
455,500
Mar 25, 2026
24.85
25.04
24.78
24.93
24.57
426,100
Mar 24, 2026
24.42
24.68
24.39
24.57
24.22
335,300
Mar 23, 2026
24.36
24.80
24.30
24.62
24.27
1,853,000
Mar 20, 2026
24.80
24.80
24.17
24.22
23.87
1,449,600
Mar 19, 2026
24.73
25.22
24.63
25.09
24.73
626,300
Mar 18, 2026
25.03
25.12
24.81
24.82
24.46
583,500
Mar 17, 2026
25.07
25.20
25.05
25.09
24.73
383,600
Mar 16, 2026
24.80
25.00
24.80
24.91
24.55
545,600
Mar 13, 2026
24.95
25.02
24.56
24.60
24.25
839,000
Mar 12, 2026
25.21
25.21
24.90
24.90
24.54
1,117,700
Mar 11, 2026
25.37
25.43
25.18
25.31
24.95
464,800
Mar 10, 2026
25.46
25.72
25.35
25.47
25.10
784,400
Mar 9, 2026
25.28
25.66
24.99
25.59
25.22
1,171,900
Mar 6, 2026
25.39
25.52
25.24
25.46
25.09
507,500
Mar 5, 2026
25.75
25.80
25.37
25.56
25.19
538,900
Mar 4, 2026
0.197 Dividend 

Mar 4, 2026
25.72
25.85
25.60
25.79
25.42
535,000
Mar 3, 2026
25.76
26.06
25.44
25.95
25.38
1,901,500
Mar 2, 2026
26.12
26.44
26.01
26.34
25.76
2,045,800
Feb 27, 2026
26.28
26.39
26.23
26.23
25.66
1,333,600
Feb 26, 2026
26.02
26.25
25.97
26.23
25.66
630,900
Feb 25, 2026
26.21
26.21
26.04
26.19
25.62
418,800
Feb 24, 2026
26.00
26.12
25.97
26.11
25.54
647,300
Feb 23, 2026
26.13
26.24
25.89
25.98
25.41
627,400
Feb 20, 2026
25.89
26.13
25.87
26.11
25.54
510,500
Feb 19, 2026
25.90
26.00
25.83
25.99
25.42
685,500
Feb 18, 2026
25.86
26.06
25.86
25.94
25.37
520,600
Feb 17, 2026
25.86
25.87
25.54
25.84
25.27
884,800
Feb 13, 2026
25.91
26.06
25.74
25.93
25.36
941,900
Feb 12, 2026
26.35
26.43
25.89
25.98
25.41
1,410,700
Feb 11, 2026
26.29
26.36
26.19
26.28
25.71
869,800
Feb 10, 2026
26.17
26.23
26.14
26.14
25.57
560,500
Feb 9, 2026
26.04
26.13
25.85
26.08
25.51
765,500
Feb 6, 2026
25.86
26.04
25.83
26.02
25.45
552,200
Feb 5, 2026
25.83
25.89
25.60
25.64
25.08
770,200
Feb 4, 2026
0.19 Dividend 

Feb 4, 2026
25.96
26.03
25.77
25.94
25.37
843,300
Feb 3, 2026
25.95
26.12
25.83
26.05
25.29
973,400
Feb 2, 2026
25.66
25.83
25.57
25.75
25.00
1,038,700
Jan 30, 2026
26.05
26.06
25.53
25.71
24.96
671,200
Jan 29, 2026
26.33
26.44
25.97
26.23
25.47
653,700
Jan 28, 2026
26.16
26.24
26.00
26.11
25.35
782,100
Jan 27, 2026
25.88
26.08
25.85
26.06
25.30
573,800
Jan 26, 2026
25.87
25.87
25.68
25.76
25.01
675,700
Jan 23, 2026
25.68
25.84
25.64
25.80
25.05
639,700
Jan 22, 2026
25.66
25.82
25.63
25.65
24.91
722,600
Jan 21, 2026
25.31
25.56
25.26
25.55
24.81
626,900
Jan 20, 2026
25.18
25.21
25.07
25.13
24.40
814,100
Jan 16, 2026
25.20
25.33
25.19
25.28
24.55
666,700
Jan 15, 2026
25.05
25.26
24.93
25.23
24.50
696,400
Jan 14, 2026
24.82
25.04
24.80
25.04
24.31
472,600
Jan 13, 2026
24.88
24.91
24.80
24.85
24.13
402,100
Jan 12, 2026
24.78
24.93
24.71
24.90
24.18
654,700
Jan 9, 2026
24.62
24.79
24.59
24.77
24.05
553,200
Jan 8, 2026
24.29
24.52
24.26
24.46
23.75
630,900
Jan 7, 2026
24.41
24.45
24.33
24.37
23.66
496,100
Jan 6, 2026
24.43
24.50
24.39
24.46
23.75
595,200
Jan 5, 2026
24.26
24.41
24.16
24.38
23.67
613,900
Jan 2, 2026
24.15
24.35
24.08
24.20
23.50
1,846,200
Dec 31, 2025
24.10
24.11
23.99
24.03
23.33
303,000
Dec 30, 2025
0.19 Dividend 

Dec 30, 2025
24.10
24.11
24.05
24.06
23.36
882,200
Dec 29, 2025
24.22
24.24
24.16
24.22
23.33
853,300
Dec 26, 2025
24.21
24.29
24.21
24.29
23.40
290,600
Dec 24, 2025
24.17
24.24
24.03
24.23
23.34
218,300
Dec 23, 2025
24.11
24.17
24.08
24.14
23.26
240,500
Dec 22, 2025
24.08
24.16
24.08
24.09
23.21
443,900
Dec 19, 2025
24.10
24.19
24.03
24.04
23.16
626,300
Dec 18, 2025
24.14
24.19
24.06
24.13
23.25
430,700
Dec 17, 2025
24.02
24.16
23.98
24.04
23.16
510,200
Dec 16, 2025
24.12
24.15
23.96
23.96
23.08
410,300
Dec 15, 2025
24.26
24.28
24.12
24.19
23.30
493,500
Dec 12, 2025
24.14
24.23
24.04
24.09
23.21
388,700
Dec 11, 2025
24.04
24.19
24.03
24.13
23.25
414,400
Dec 10, 2025
23.87
24.09
23.80
24.03
23.15
715,300
Dec 9, 2025
23.84
23.92
23.79
23.86
22.99
376,700
Dec 8, 2025
24.04
24.07
23.87
23.90
23.02
383,100
Dec 5, 2025
24.24
24.34
24.00
24.00
23.12
571,000
Dec 4, 2025
24.33
24.33
24.19
24.24
23.35
1,193,200
Dec 3, 2025
0.19 Dividend 

Dec 3, 2025
24.10
24.28
24.10
24.17
23.28
1,192,600
Dec 2, 2025
24.24
24.28
24.14
24.25
23.18
614,600
Dec 1, 2025
24.16
24.29
24.12
24.15
23.08
1,593,600
Nov 28, 2025
24.19
24.23
24.12
24.23
23.16
194,100
Nov 26, 2025
24.05
24.26
24.04
24.20
23.13
266,100
Nov 25, 2025
23.77
24.04
23.76
24.02
22.96
215,100
Nov 24, 2025
23.76
23.83
23.67
23.82
22.77
309,900
Nov 21, 2025
23.61
23.90
23.59
23.85
22.80
263,500
Nov 20, 2025
24.09
24.15
23.72
23.76
22.71
375,100
Nov 19, 2025
23.98
24.06
23.84
23.90
22.84
353,700
Nov 18, 2025
23.97
24.10
23.90
24.10
23.04
317,700
Nov 17, 2025
24.27
24.37
24.06
24.13
23.06
743,300
Nov 14, 2025
24.09
24.28
24.03
24.28
23.21
243,900
Nov 13, 2025
24.33
24.39
24.19
24.28
23.21
287,400
Nov 12, 2025
24.33
24.37
24.30
24.34
23.26
227,100
Nov 11, 2025
24.20
24.33
24.16
24.33
23.26
368,700
Nov 10, 2025
24.09
24.10
23.96
24.09
23.03
252,400
Nov 7, 2025
23.68
23.91
23.66
23.91
22.85
380,500
Nov 6, 2025
23.74
23.79
23.62
23.68
22.63
422,000
Nov 5, 2025
0.19 Dividend 

Nov 5, 2025
23.58
23.77
23.51
23.76
22.71
235,400
Nov 4, 2025
23.64
23.74
23.61
23.66
22.43
301,100
Nov 3, 2025
23.88
23.91
23.73
23.88
22.64
615,700
Oct 31, 2025
23.76
23.81
23.63
23.80
22.57
224,700
Oct 30, 2025
23.82
23.84
23.74
23.77
22.54
263,000
Oct 29, 2025
24.08
24.13
23.83
23.90
22.66
362,100
Oct 28, 2025
23.92
23.99
23.85
23.96
22.72
251,100
Oct 27, 2025
23.91
23.94
23.85
23.94
22.70
296,500
Oct 24, 2025
23.78
23.88
23.75
23.76
22.53
185,500
Oct 23, 2025
23.68
23.75
23.63
23.70
22.47
202,600
Oct 22, 2025
23.31
23.47
23.30
23.47
22.25
218,200
Oct 21, 2025
23.31
23.31
23.20
23.23
22.03
223,200
Oct 20, 2025
23.28
23.43
23.27
23.39
22.18
289,700
Oct 17, 2025
23.03
23.20
22.97
23.20
22.00
278,200
Oct 16, 2025
23.30
23.33
23.09
23.16
21.96
330,300
Oct 15, 2025
23.35
23.42
23.16
23.26
22.05
608,500
Oct 14, 2025
23.03
23.30
23.01
23.22
22.02
289,200
Oct 13, 2025
23.13
23.23
23.13
23.20
22.00
365,900
Oct 10, 2025
23.38
23.42
22.90
22.90
21.71
719,000
Oct 9, 2025
23.63
23.69
23.37
23.40
22.19
274,400
Oct 8, 2025
23.49
23.50
23.44
23.47
22.25
194,600
Oct 7, 2025
23.64
23.65
23.47
23.47
22.25
425,400
Oct 6, 2025
23.85
23.85
23.72
23.72
22.49
404,500
Oct 3, 2025
0.19 Dividend 

Oct 3, 2025
23.81
23.91
23.81
23.85
22.61
345,900
Oct 2, 2025
24.03
24.05
23.83
23.98
22.56
653,200
Oct 1, 2025
23.93
24.09
23.86
24.06
22.63
1,277,200
Sep 30, 2025
23.88
23.98
23.78
23.98
22.56
631,100
Sep 29, 2025
23.90
23.91
23.75
23.81
22.40
215,900
Sep 26, 2025
23.71
23.83
23.67
23.83
22.42
238,100
Sep 25, 2025
23.76
23.76
23.57
23.63
22.23
248,700
Sep 24, 2025
23.90
23.93
23.84
23.87
22.45
319,800
Sep 23, 2025
23.84
24.03
23.84
23.96
22.54
1,048,100
Sep 22, 2025
23.87
23.92
23.76
23.85
22.43
445,700
Sep 19, 2025
24.08
24.08
23.95
23.95
22.53
325,100
Sep 18, 2025
24.12
24.18
24.01
24.13
22.70
440,800
Sep 17, 2025
24.13
24.40
24.07
24.18
22.74
372,000
Sep 16, 2025
24.11
24.14
24.01
24.13
22.70
583,200
Sep 15, 2025
23.98
24.09
23.98
24.06
22.63
313,600
Sep 12, 2025
23.95
23.98
23.91
23.94
22.52
346,800
Sep 11, 2025
23.84
23.98
23.83
23.96
22.54
437,500
Sep 10, 2025
23.85
23.90
23.77
23.77
22.36
348,400
Sep 9, 2025
23.85
23.92
23.81
23.83
22.42
437,600
Sep 8, 2025
23.84
23.86
23.68
23.77
22.36
377,500
Sep 5, 2025
23.76
23.90
23.66
23.66
22.26
1,234,900
Sep 4, 2025
0.19 Dividend 

Sep 4, 2025
23.49
23.64
23.45
23.62
22.22
328,800
Sep 3, 2025
23.64
23.72
23.58
23.72
22.13
643,200
Sep 2, 2025
23.70
23.76
23.62
23.71
22.12
1,095,100
Aug 29, 2025
23.88
24.08
23.86
24.08
22.47
280,700
Aug 28, 2025
23.86
23.88
23.78
23.88
22.28
290,800
Aug 27, 2025
23.70
23.86
23.65
23.86
22.26
278,600
Aug 26, 2025
23.82
23.86
23.78
23.85
22.25
273,600
Aug 25, 2025
23.93
23.96
23.82
23.84
22.25
236,400
Aug 22, 2025
23.57
24.06
23.57
24.02
22.41
409,800
Aug 21, 2025
23.47
23.53
23.43
23.51
21.94
266,100
Aug 20, 2025
23.37
23.42
23.32
23.39
21.83
240,700
Aug 19, 2025
23.29
23.34
23.18
23.22
21.67
256,000
Aug 18, 2025
23.40
23.42
23.32
23.36
21.80
404,400
Aug 15, 2025
23.49
23.51
23.43
23.45
21.88
188,900
Aug 14, 2025
23.54
23.54
23.44
23.53
21.96
238,000
Aug 13, 2025
23.53
23.62
23.46
23.62
22.04
351,100
Aug 12, 2025
23.27
23.46
23.26
23.44
21.87
1,280,000
Aug 11, 2025
23.29
23.31
23.06
23.06
21.52
1,185,800
Aug 8, 2025
23.25
23.34
23.24
23.24
21.69
252,600
Aug 7, 2025
23.22
23.27
23.15
23.24
21.69
209,700
Aug 6, 2025
23.16
23.19
23.09
23.10
21.55
176,500
Aug 5, 2025
0.19 Dividend 

Aug 5, 2025
23.01
23.12
22.97
23.09
21.55
366,900
Aug 4, 2025
22.94
23.05
22.86
23.05
21.33
450,100
Aug 1, 2025
22.93
22.93
22.73
22.91
21.20
1,421,600
Jul 31, 2025
23.20
23.23
23.04
23.09
21.37
356,900
Jul 30, 2025
23.48
23.49
23.26
23.29
21.55
442,500
Jul 29, 2025
23.60
23.67
23.55
23.67
21.90
305,600
Jul 28, 2025
23.64
23.67
23.53
23.61
21.85
334,900
Jul 25, 2025
23.72
23.72
23.57
23.67
21.90
278,500
Jul 24, 2025
24.01
24.03
23.87
23.90
22.12
504,900
Jul 23, 2025
23.92
24.12
23.91
24.12
22.32
612,400
Jul 22, 2025
23.70
23.93
23.70
23.93
22.15
460,100
Jul 21, 2025
23.67
23.75
23.65
23.68
21.91
300,400
Jul 18, 2025
23.65
23.66
23.50
23.53
21.77
240,900
Jul 17, 2025
23.27
23.40
23.21
23.38
21.64
180,900
Jul 16, 2025
23.18
23.33
23.15
23.33
21.59
484,000
Jul 15, 2025
23.48
23.49
23.24
23.26
21.53
294,800
Jul 14, 2025
23.58
23.60
23.49
23.54
21.78
531,000
Jul 11, 2025
23.42
23.49
23.37
23.49
21.74
383,100
Jul 10, 2025
23.38
23.58
23.33
23.53
21.77
401,700
Jul 9, 2025
23.17
23.17
23.08
23.08
21.36
375,300
Jul 8, 2025
22.96
23.10
22.89
23.08
21.36
418,800
Jul 7, 2025
22.89
22.99
22.76
22.79
21.09
363,500
Jul 3, 2025
0.19 Dividend 

Jul 3, 2025
22.85
22.93
22.83
22.87
21.16
319,500
Jul 2, 2025
22.71
23.00
22.67
23.00
21.11
472,600
Jul 1, 2025
22.53
22.74
22.49
22.71
20.84
961,700
Jun 30, 2025
22.40
22.55
22.32
22.55
20.70
256,900
Jun 27, 2025
22.49
22.49
22.27
22.38
20.54
272,700
Jun 26, 2025
22.33
22.46
22.28
22.46
20.61
228,200
Jun 25, 2025
22.23
22.27
22.16
22.21
20.38
374,900
Jun 24, 2025
22.15
22.27
22.12
22.18
20.36
212,000
Jun 23, 2025
22.06
22.16
21.98
22.12
20.30
289,600
Jun 20, 2025
22.26
22.26
22.06
22.09
20.27
313,700
Jun 18, 2025
22.21
22.35
22.15
22.26
20.43
207,000
Jun 17, 2025
22.22
22.35
22.16
22.21
20.38
549,200
Jun 16, 2025
22.35
22.42
22.24
22.25
20.42
359,100
Jun 13, 2025
22.09
22.21
22.09
22.13
20.31
238,900
Jun 12, 2025
22.16
22.29
22.16
22.29
20.46
243,900
Jun 11, 2025
22.20
22.21
22.10
22.13
20.31
317,300
Jun 10, 2025
22.00
22.10
21.97
22.09
20.27
281,200
Jun 9, 2025
21.81
21.93
21.76
21.86
20.06
296,300
Jun 6, 2025
21.71
21.78
21.67
21.74
19.95
167,400
Jun 5, 2025
21.68
21.72
21.61
21.64
19.86
280,300
Jun 4, 2025
0.192 Dividend 

Jun 4, 2025
21.60
21.63
21.56
21.61
19.83
242,200
Jun 3, 2025
21.60
21.76
21.46
21.73
19.77
363,100
Jun 2, 2025
21.61
21.65
21.51
21.65
19.69
729,200
May 30, 2025
21.62
21.62
21.45
21.53
19.58
229,000
May 29, 2025
21.53
21.65
21.52
21.61
19.66
365,700
May 28, 2025
21.40
21.43
21.34
21.39
19.46
197,800
May 27, 2025
21.45
21.49
21.34
21.46
19.52
289,100
