Date
Open
High
Low
Close 

Adj Close 

Volume

May 22, 2026
42.52
42.67
42.46
42.63
42.63
4,800
May 21, 2026
42.04
42.42
42.04
42.36
42.36
4,600
May 20, 2026
0.21 Dividend 

May 20, 2026
42.00
42.32
42.00
42.31
42.31
5,400
May 19, 2026
42.22
42.40
42.10
42.12
41.91
12,000
May 18, 2026
42.37
42.51
42.20
42.41
42.20
18,100
May 15, 2026
42.35
42.62
42.35
42.42
42.21
6,500
May 14, 2026
42.61
42.90
42.61
42.90
42.69
7,400
May 13, 2026
0.211 Dividend 

May 13, 2026
42.52
42.64
42.29
42.60
42.38
5,600
May 12, 2026
42.52
42.72
42.40
42.69
42.27
14,000
May 11, 2026
42.64
42.75
42.52
42.72
42.30
17,700
May 8, 2026
42.56
42.64
42.47
42.63
42.20
9,500
May 7, 2026
42.38
42.58
42.18
42.28
41.86
20,500
May 6, 2026
0.206 Dividend 

May 6, 2026
42.20
42.74
42.20
42.42
42.00
5,900
May 5, 2026
42.17
42.22
42.02
42.20
41.57
8,900
May 4, 2026
42.02
42.08
41.64
41.88
41.26
12,800
May 1, 2026
42.10
42.10
41.99
42.04
41.42
10,400
Apr 30, 2026
41.69
41.87
41.49
41.80
41.19
22,500
Apr 29, 2026
0.207 Dividend 

Apr 29, 2026
41.44
41.47
41.30
41.47
40.86
10,200
Apr 28, 2026
41.72
41.78
41.49
41.69
40.87
8,800
Apr 27, 2026
41.71
41.92
41.68
41.87
41.05
13,800
Apr 24, 2026
41.66
41.83
41.50
41.73
40.91
10,500
Apr 23, 2026
41.16
41.74
39.93
41.56
40.75
28,300
Apr 22, 2026
0.272 Dividend 

Apr 22, 2026
41.64
41.75
41.35
41.59
40.77
9,100
Apr 21, 2026
41.67
41.86
41.44
41.59
40.51
8,300
Apr 20, 2026
41.70
41.94
41.50
41.67
40.58
11,600
Apr 17, 2026
41.67
41.93
41.55
41.88
40.79
14,500
Apr 16, 2026
41.30
41.44
41.11
41.28
40.21
12,800
Apr 15, 2026
0.275 Dividend 

Apr 15, 2026
41.26
41.35
41.00
41.26
40.19
6,500
Apr 14, 2026
41.00
41.50
41.00
41.41
40.06
18,700
Apr 13, 2026
40.73
41.06
40.73
41.01
39.67
8,800
Apr 10, 2026
41.01
41.10
40.85
40.90
39.57
6,200
Apr 9, 2026
40.84
41.02
40.67
41.00
39.67
10,200
Apr 8, 2026
0.262 Dividend 

Apr 8, 2026
40.86
40.91
40.60
40.80
39.48
18,600
Apr 7, 2026
39.76
39.97
39.54
39.97
38.42
16,300
Apr 6, 2026
39.63
39.99
39.63
39.95
38.40
12,600
Apr 2, 2026
39.53
39.73
39.44
39.70
38.16
14,200
Apr 1, 2026
0.254 Dividend 

Apr 1, 2026
39.93
40.11
39.82
39.97
38.42
17,700
Mar 31, 2026
39.51
39.95
39.51
39.86
38.07
64,000
Mar 30, 2026
39.50
39.58
39.07
39.12
37.36
12,900
Mar 27, 2026
39.59
40.26
39.23
39.26
37.50
44,300
Mar 26, 2026
40.31
40.36
39.83
39.83
38.03
13,200
Mar 25, 2026
0.26 Dividend 

Mar 25, 2026
40.57
40.67
40.35
40.47
38.65
9,500
Mar 24, 2026
40.31
40.53
40.31
40.45
38.38
6,100
Mar 23, 2026
40.52
40.89
40.52
40.60
38.53
5,100
Mar 20, 2026
40.52
40.52
39.83
39.99
37.95
3,900
Mar 19, 2026
40.21
40.63
40.12
40.54
38.47
17,400
Mar 18, 2026
0.315 Dividend 

Mar 18, 2026
41.03
41.03
40.58
40.58
38.51
9,800
Mar 17, 2026
41.40
41.66
41.40
41.47
39.05
5,700
Mar 16, 2026
41.09
41.59
40.96
41.26
38.85
14,600
Mar 13, 2026
41.09
41.30
40.75
40.75
38.38
5,800
Mar 12, 2026
41.14
41.20
40.99
40.99
38.60
8,600
Mar 11, 2026
0.308 Dividend 

Mar 11, 2026
41.63
41.67
41.40
41.47
39.05
4,900
Mar 10, 2026
42.59
42.59
41.65
41.79
39.07
11,600
Mar 9, 2026
41.46
41.84
41.28
41.84
39.11
12,400
Mar 6, 2026
41.81
41.99
41.57
41.87
39.14
11,800
Mar 5, 2026
42.39
42.42
42.00
42.32
39.56
6,200
Mar 4, 2026
0.237 Dividend 

Mar 4, 2026
42.18
42.69
42.15
42.69
39.91
5,200
Mar 3, 2026
42.10
42.45
41.74
42.45
39.46
13,800
Mar 2, 2026
42.40
42.85
42.40
42.85
39.83
8,100
Feb 27, 2026
42.78
42.93
42.61
42.93
39.90
7,500
Feb 26, 2026
43.30
43.30
42.80
43.07
40.03
8,600
Feb 25, 2026
0.236 Dividend 

Feb 25, 2026
43.05
43.38
43.05
43.38
40.33
17,200
Feb 24, 2026
42.84
43.25
42.84
43.24
39.97
9,700
Feb 23, 2026
43.31
43.41
42.80
42.86
39.62
12,900
Feb 20, 2026
43.15
43.44
43.11
43.34
40.07
13,700
Feb 19, 2026
43.20
43.20
43.04
43.18
39.92
7,400
Feb 18, 2026
0.233 Dividend 

Feb 18, 2026
43.12
43.36
43.12
43.24
39.97
3,900
Feb 17, 2026
43.04
43.24
42.79
43.20
39.72
11,600
Feb 13, 2026
42.95
43.34
42.67
43.04
39.58
14,300
Feb 12, 2026
43.88
43.99
42.81
42.99
39.52
21,200
Feb 11, 2026
0.265 Dividend 

Feb 11, 2026
43.96
43.96
43.48
43.67
40.15
10,700
Feb 10, 2026
44.06
44.47
43.87
43.90
40.12
9,600
Feb 9, 2026
44.59
44.59
43.76
44.06
40.27
13,800
Feb 6, 2026
43.97
44.06
43.76
44.04
40.24
14,700
Feb 5, 2026
43.42
43.68
43.29
43.37
39.64
20,700
Feb 4, 2026
0.222 Dividend 

Feb 4, 2026
43.94
44.08
43.53
43.91
40.13
7,900
Feb 3, 2026
44.72
44.72
43.90
44.23
40.22
13,000
Feb 2, 2026
44.24
44.73
44.24
44.65
40.60
17,300
Jan 30, 2026
44.48
44.53
44.23
44.47
40.44
9,900
Jan 29, 2026
44.62
44.65
44.02
44.59
40.54
10,800
Jan 28, 2026
0.206 Dividend 

Jan 28, 2026
44.77
44.77
44.55
44.67
40.62
13,300
Jan 27, 2026
44.68
44.86
44.62
44.85
40.60
18,800
Jan 26, 2026
44.54
44.71
44.54
44.68
40.44
8,700
Jan 23, 2026
44.36
44.46
44.36
44.42
40.21
5,900
Jan 22, 2026
44.25
44.45
44.25
44.37
40.16
4,800
Jan 21, 2026
0.201 Dividend 

Jan 21, 2026
43.81
44.17
43.71
44.14
39.95
7,800
Jan 20, 2026
44.11
44.26
43.81
43.83
39.49
10,100
Jan 16, 2026
44.85
44.85
44.58
44.74
40.32
5,800
Jan 15, 2026
44.78
44.92
44.72
44.72
40.29
6,400
Jan 14, 2026
0.181 Dividend 

Jan 14, 2026
44.57
44.57
44.30
44.49
40.09
5,500
Jan 13, 2026
45.12
45.12
44.76
44.83
40.23
14,500
Jan 12, 2026
44.94
44.99
44.83
44.96
40.34
10,600
Jan 9, 2026
44.94
44.99
44.63
44.97
40.35
7,700
Jan 8, 2026
44.63
44.76
44.43
44.68
40.09
12,000
Jan 7, 2026
0.134 Dividend 

Jan 7, 2026
44.69
44.95
44.66
44.66
40.08
5,900
Jan 6, 2026
44.75
44.99
44.75
44.97
40.24
13,600
Jan 5, 2026
44.65
44.88
44.59
44.74
40.03
14,400
Jan 2, 2026
44.36
44.67
44.29
44.43
39.75
16,400
Dec 31, 2025
0.124 Dividend 

Dec 31, 2025
44.83
44.83
44.38
44.38
39.71
12,600
Dec 30, 2025
44.80
44.87
44.75
44.83
40.00
7,800
Dec 29, 2025
44.68
44.88
44.68
44.84
40.01
13,500
Dec 26, 2025
44.97
45.04
44.96
45.01
40.16
5,600
Dec 24, 2025
0.267 Dividend 

Dec 24, 2025
44.70
44.95
44.70
44.94
40.09
7,100
Dec 23, 2025
44.98
45.15
44.95
45.10
40.00
10,200
Dec 22, 2025
44.78
45.00
44.78
44.97
39.89
6,000
Dec 19, 2025
44.56
44.77
44.48
44.75
39.69
6,200
Dec 18, 2025
44.17
44.48
44.17
44.28
39.28
5,100
Dec 17, 2025
0.208 Dividend 

Dec 17, 2025
44.50
45.35
43.87
43.90
38.94
5,900
Dec 16, 2025
44.67
44.67
44.35
44.59
39.36
6,200
Dec 15, 2025
44.65
44.96
44.61
44.66
39.43
8,500
Dec 12, 2025
45.13
45.13
44.46
44.68
39.44
7,000
Dec 11, 2025
44.92
45.23
44.92
45.15
39.86
7,300
Dec 10, 2025
0.236 Dividend 

Dec 10, 2025
44.97
45.24
44.85
45.24
39.94
7,400
Dec 9, 2025
45.27
45.29
45.10
45.20
39.69
6,900
Dec 8, 2025
45.35
45.40
44.95
45.16
39.66
8,100
Dec 5, 2025
45.21
45.38
45.12
45.28
39.76
7,600
Dec 4, 2025
45.24
45.24
44.94
45.08
39.59
19,400
Dec 3, 2025
0.203 Dividend 

Dec 3, 2025
44.96
45.11
44.72
45.04
39.55
4,000
Dec 2, 2025
45.21
45.32
44.94
45.10
39.43
19,100
Dec 1, 2025
44.98
45.21
44.82
45.01
39.35
11,200
Nov 28, 2025
45.18
45.26
44.87
45.21
39.53
10,900
Nov 26, 2025
0.337 Dividend 

Nov 26, 2025
44.63
45.04
44.63
45.00
39.34
5,100
Nov 25, 2025
44.85
45.03
44.55
44.97
39.02
11,100
Nov 24, 2025
44.72
44.86
44.43
44.79
38.87
9,500
Nov 21, 2025
43.70
44.31
43.70
44.21
38.36
5,400
Nov 20, 2025
44.87
45.11
43.66
43.66
37.89
22,700
Nov 19, 2025
0.254 Dividend 

Nov 19, 2025
43.97
44.32
43.95
44.32
38.45
5,200
Nov 18, 2025
44.54
44.57
44.00
44.35
38.27
12,700
Nov 17, 2025
44.81
45.40
44.50
44.56
38.44
22,800
Nov 14, 2025
44.74
45.03
44.61
45.01
38.83
17,600
Nov 13, 2025
45.56
45.62
45.05
45.09
38.90
7,300
Nov 12, 2025
0.285 Dividend 

Nov 12, 2025
45.78
45.92
45.70
45.83
39.54
17,800
Nov 11, 2025
45.91
46.10
45.88
46.06
39.49
20,500
Nov 10, 2025
45.63
45.97
45.63
45.88
39.34
10,100
Nov 7, 2025
45.23
45.28
44.71
45.25
38.80
7,300
Nov 6, 2025
45.49
45.52
45.27
45.31
38.85
9,200
Nov 5, 2025
0.212 Dividend 

Nov 5, 2025
45.59
45.80
45.44
45.70
39.18
7,900
Nov 4, 2025
45.81
45.83
45.62
45.70
39.00
7,900
Nov 3, 2025
46.44
46.44
46.07
46.19
39.42
6,500
Oct 31, 2025
46.36
46.36
45.87
46.09
39.33
17,600
Oct 30, 2025
46.43
46.43
46.01
46.01
39.27
7,300
Oct 29, 2025
0.222 Dividend 

Oct 29, 2025
46.47
46.54
46.24
46.28
39.49
8,500
Oct 28, 2025
46.59
46.65
46.29
46.50
39.49
5,300
Oct 27, 2025
46.24
46.33
46.13
46.29
39.31
7,900
Oct 24, 2025
45.77
45.89
45.60
45.78
38.88
11,200
Oct 23, 2025
45.31
45.46
45.25
45.38
38.54
11,600
Oct 22, 2025
0.173 Dividend 

Oct 22, 2025
45.33
45.53
45.09
45.17
38.37
15,000
Oct 21, 2025
45.63
45.68
45.41
45.58
38.57
6,200
Oct 20, 2025
45.30
45.67
45.30
45.56
38.55
11,200
Oct 17, 2025
44.82
45.19
44.76
45.02
38.09
9,100
Oct 16, 2025
45.20
45.33
44.65
44.80
37.90
21,400
Oct 15, 2025
0.141 Dividend 

Oct 15, 2025
45.34
45.34
44.83
45.07
38.13
6,200
Oct 14, 2025
44.58
45.09
44.54
44.93
37.90
4,000
Oct 13, 2025
44.77
45.15
44.77
45.10
38.04
5,400
Oct 10, 2025
45.72
45.85
44.25
44.42
37.47
18,000
Oct 9, 2025
0.16 Dividend 

Oct 9, 2025
45.58
45.66
45.51
45.59
38.45
3,700
Oct 8, 2025
45.92
45.98
45.77
45.85
38.54
7,500
Oct 7, 2025
45.89
45.92
45.60
45.66
38.38
5,400
Oct 6, 2025
45.92
45.93
45.58
45.82
38.51
7,900
Oct 3, 2025
45.59
45.82
45.59
45.64
38.36
8,900
Oct 2, 2025
0.187 Dividend 

Oct 2, 2025
45.70
45.70
45.40
45.55
38.28
6,900
Oct 1, 2025
45.70
45.83
45.66
45.75
38.30
10,200
Sep 30, 2025
45.70
45.77
45.51
45.77
38.31
4,800
Sep 29, 2025
45.84
45.84
45.51
45.60
38.17
6,800
Sep 26, 2025
45.46
45.70
45.29
45.53
38.11
4,300
Sep 25, 2025
0.154 Dividend 

Sep 25, 2025
45.15
45.34
45.05
45.24
37.86
3,800
Sep 24, 2025
45.71
45.81
45.52
45.58
38.03
3,600
Sep 23, 2025
46.03
46.03
45.58
45.67
38.10
3,400
Sep 22, 2025
45.72
46.05
45.69
45.92
38.31
6,800
Sep 19, 2025
45.75
45.90
45.74
45.90
38.29
6,800
Sep 18, 2025
0.154 Dividend 

Sep 18, 2025
45.58
45.77
45.56
45.76
38.17
4,600
Sep 17, 2025
45.56
45.70
45.45
45.58
37.90
4,800
Sep 16, 2025
45.58
45.69
45.42
45.65
37.96
5,700
Sep 15, 2025
45.34
45.72
45.26
45.57
37.89
13,500
Sep 12, 2025
45.20
45.43
45.20
45.35
37.70
5,100
Sep 11, 2025
0.146 Dividend 

Sep 11, 2025
45.31
45.31
45.16
45.30
37.67
1,600
Sep 10, 2025
45.16
45.40
45.08
45.14
37.41
4,600
Sep 9, 2025
45.03
45.17
44.85
45.05
37.33
8,700
Sep 8, 2025
44.95
44.99
44.79
44.80
37.13
6,300
Sep 5, 2025
44.91
45.04
44.60
44.73
37.07
5,900
Sep 4, 2025
0.19 Dividend 

Sep 4, 2025
44.71
45.00
44.71
44.97
37.27
3,800
Sep 3, 2025
44.66
44.81
44.59
44.76
36.94
6,700
Sep 2, 2025
44.58
44.70
44.20
44.55
36.76
7,100
Aug 29, 2025
45.14
45.14
44.84
44.90
37.06
3,900
Aug 28, 2025
0.19 Dividend 

Aug 28, 2025
45.07
45.27
44.96
45.16
37.27
2,900
Aug 27, 2025
45.21
45.34
45.21
45.29
37.22
4,500
Aug 26, 2025
45.09
45.29
45.08
45.21
37.15
4,000
Aug 25, 2025
45.22
45.33
45.06
45.17
37.12
14,100
Aug 22, 2025
44.99
45.34
44.99
45.23
37.17
7,900
Aug 21, 2025
0.168 Dividend 

Aug 21, 2025
44.90
44.92
44.73
44.78
36.80
6,500
Aug 20, 2025
45.28
45.28
44.85
45.12
36.94
7,800
Aug 19, 2025
45.61
45.61
45.04
45.13
36.95
11,000
Aug 18, 2025
45.50
45.56
45.26
45.47
37.23
9,200
Aug 15, 2025
45.50
45.55
45.35
45.44
37.20
6,100
Aug 14, 2025
0.203 Dividend 

Aug 14, 2025
45.22
45.46
45.22
45.43
37.20
8,300
Aug 13, 2025
45.53
45.70
45.49
45.60
37.17
10,600
Aug 12, 2025
45.44
45.58
45.15
45.47
37.06
10,800
Aug 11, 2025
45.15
45.41
45.10
45.19
36.84
7,100
Aug 8, 2025
44.94
45.17
44.92
45.13
36.78
5,700
Aug 7, 2025
0.204 Dividend 

Aug 7, 2025
45.13
45.19
44.84
44.84
36.55
1,800
Aug 6, 2025
44.86
45.29
44.86
45.29
36.75
5,700
Aug 5, 2025
45.06
45.22
44.89
44.93
36.46
7,100
Aug 4, 2025
44.76
45.27
44.76
45.13
36.61
9,300
Aug 1, 2025
44.99
44.99
44.45
44.60
36.19
5,600
Jul 31, 2025
0.146 Dividend 

Jul 31, 2025
45.64
45.84
45.33
45.33
36.78
5,900
Jul 30, 2025
45.76
45.80
45.42
45.51
36.81
4,900
Jul 29, 2025
45.72
46.03
45.53
45.54
36.83
7,700
Jul 28, 2025
45.65
45.75
45.55
45.66
36.93
6,800
Jul 25, 2025
45.76
45.80
45.50
45.64
36.91
7,600
Jul 24, 2025
0.161 Dividend 

Jul 24, 2025
45.58
45.71
45.34
45.66
36.93
5,500
Jul 23, 2025
45.49
45.60
45.33
45.53
36.69
15,200
Jul 22, 2025
45.20
45.37
45.08
45.31
36.51
9,200
Jul 21, 2025
45.11
45.38
45.11
45.34
36.54
15,900
Jul 18, 2025
45.08
45.19
45.00
45.11
36.36
9,900
Jul 17, 2025
0.148 Dividend 

Jul 17, 2025
44.99
45.30
44.96
45.16
36.39
15,600
Jul 16, 2025
44.93
45.30
44.74
45.15
36.27
10,100
Jul 15, 2025
45.15
45.30
44.92
44.96
36.11
18,000
Jul 14, 2025
44.83
45.27
44.83
45.10
36.23
25,000
Jul 11, 2025
44.88
45.14
44.88
45.10
36.23
8,000
Jul 10, 2025
0.14 Dividend 

Jul 10, 2025
45.21
45.21
44.96
45.15
36.26
5,700
Jul 9, 2025
44.91
45.18
44.78
45.11
36.12
9,300
Jul 8, 2025
44.67
45.00
44.67
44.87
35.93
7,000
Jul 7, 2025
45.11
45.17
44.60
44.98
36.02
19,300
Jul 3, 2025
0.164 Dividend 

Jul 3, 2025
44.85
45.24
44.85
45.11
36.12
5,200
Jul 2, 2025
45.05
45.24
44.80
45.20
36.06
6,800
Jul 1, 2025
45.05
45.05
44.62
45.05
35.94
8,700
Jun 30, 2025
44.93
45.05
44.60
45.04
35.94
15,100
Jun 27, 2025
44.43
44.78
44.40
44.59
35.58
12,600
Jun 26, 2025
0.115 Dividend 

Jun 26, 2025
44.11
44.49
44.11
44.43
35.45
7,600
Jun 25, 2025
44.30
44.48
44.08
44.18
35.16
13,200
Jun 24, 2025
43.85
44.23
43.85
44.15
35.13
10,400
Jun 23, 2025
43.21
43.79
43.17
43.50
34.62
7,800
Jun 20, 2025
0.223 Dividend 

Jun 20, 2025
43.89
43.89
43.26
43.40
34.54
6,500
Jun 18, 2025
43.65
43.84
43.57
43.65
34.56
5,500
Jun 17, 2025
43.98
43.98
43.48
43.78
34.66
5,700
Jun 16, 2025
43.33
44.29
43.33
43.80
34.68
7,300
Jun 13, 2025
43.84
43.95
43.41
43.73
34.62
13,300
Jun 12, 2025
0.226 Dividend 

Jun 12, 2025
44.00
44.02
43.94
44.02
34.85
3,900
Jun 11, 2025
44.12
44.46
43.97
44.03
34.68
9,900
Jun 10, 2025
43.90
44.25
43.90
44.16
34.78
10,700
Jun 9, 2025
44.00
44.14
43.77
43.94
34.61
9,800
Jun 6, 2025
43.96
44.11
43.70
44.00
34.66
6,100
Jun 5, 2025
0.218 Dividend 

Jun 5, 2025
43.89
43.91
43.28
43.46
34.23
7,600
Jun 4, 2025
43.63
44.00
43.63
43.70
34.25
6,000
Jun 3, 2025
43.51
43.74
43.40
43.74
34.28
5,300
Jun 2, 2025
43.44
43.70
43.08
43.65
34.21
8,800
May 30, 2025
43.08
43.53
43.02
43.49
34.08
11,300
May 29, 2025
0.258 Dividend 

May 29, 2025
43.50
43.50
43.11
43.40
34.01
6,700
May 28, 2025
43.90
43.90
43.42
43.59
33.96
10,300
May 27, 2025
43.60
43.73
43.10
43.72
34.06
13,700
May 23, 2025
42.72
43.01
42.25
42.97
33.48
11,200
May 22, 2025
0.273 Dividend 

May 22, 2025
43.00
43.21
42.83
43.04
33.54
3,100
May 21, 2025
43.53
43.95
43.27
43.27
33.50
7,100
May 20, 2025
44.16
44.16
43.78
43.78
33.89
7,100
May 19, 2025
44.01
44.29
43.65
44.25
34.26
10,800
May 16, 2025
43.91
44.18
43.80
44.07
34.12
11,400
May 15, 2025
0.245 Dividend 

May 15, 2025
43.92
44.13
43.47
44.13
34.16
4,700
May 14, 2025
44.30
44.32
43.96
44.06
33.92
12,400
May 13, 2025
43.59
44.06
43.59
43.95
33.84
14,200
May 12, 2025
43.84
43.84
43.22
43.62
33.58
19,200
May 9, 2025
42.62
42.62
42.15
42.43
32.67
9,700
May 8, 2025
0.271 Dividend 

May 8, 2025
42.05
42.50
42.05
42.34
32.59
3,300
May 7, 2025
42.26
42.33
41.83
42.27
32.33
10,000
May 6, 2025
42.05
42.17
41.73
42.10
32.20
10,800
May 5, 2025
42.39
42.45
41.99
42.41
32.44
6,900
May 2, 2025
42.08
42.56
42.08
42.40
32.43
13,300
May 1, 2025
0.311 Dividend 

May 1, 2025
41.81
42.11
41.77
41.91
32.06
5,500
Apr 30, 2025
41.21
41.70
40.87
41.65
31.62
9,800
Apr 29, 2025
41.58
41.86
41.49
41.84
31.77
10,000
Apr 28, 2025
41.63
41.63
41.20
41.45
31.47
8,100
Apr 25, 2025
41.00
41.47
40.94
41.47
31.48
15,700
Apr 24, 2025
0.302 Dividend 

Apr 24, 2025
40.76
41.10
40.76
41.09
31.20
5,900
Apr 23, 2025
41.34
41.46
40.88
40.94
30.85
12,900
Apr 22, 2025
39.93
40.18
39.85
40.00
30.15
4,300
Apr 21, 2025
39.98
39.98
38.80
39.34
29.65
15,500
Apr 17, 2025
0.309 Dividend 

Apr 17, 2025
40.19
40.49
40.12
40.32
30.39
5,300
Apr 16, 2025
40.76
41.07
39.95
40.49
30.28
9,200
Apr 15, 2025
41.23
41.62
41.21
41.21
30.82
9,900
Apr 14, 2025
41.48
41.77
41.00
41.39
30.95
8,500
Apr 11, 2025
40.10
41.14
39.82
41.13
30.76
7,100
Apr 10, 2025
0.227 Dividend 

Apr 10, 2025
41.04
41.04
39.10
40.34
30.17
12,800
Apr 9, 2025
39.46
45.90
39.45
43.21
32.15
29,100
Apr 8, 2025
42.52
42.52
39.51
39.95
29.72
8,500
Apr 7, 2025
38.94
40.53
38.59
40.20
29.91
18,800
Apr 4, 2025
41.75
41.75
40.37
40.37
30.03
14,200
Apr 3, 2025
0.272 Dividend 

Apr 3, 2025
43.61
43.92
43.03
43.18
32.12
10,700
Apr 2, 2025
45.17
45.55
45.17
45.42
33.59
8,800
Apr 1, 2025
45.18
45.55
44.96
45.55
33.68
6,000
Mar 31, 2025
44.96
45.33
44.62
45.29
33.49
9,900
Mar 28, 2025
46.02
46.12
45.26
45.39
33.57
15,300
Mar 27, 2025
0.213 Dividend 

Mar 27, 2025
46.26
46.35
46.07
46.27
34.22
9,000
Mar 26, 2025
47.10
47.10
46.44
46.61
34.31
12,700
Mar 25, 2025
47.00
47.14
46.86
47.10
34.67
7,100
Mar 24, 2025
46.75
47.00
46.75
46.94
34.55
11,400
Mar 21, 2025
45.74
46.14
45.63
46.14
33.96
7,700
Mar 20, 2025
0.318 Dividend 

Mar 20, 2025
45.99
46.22
45.83
46.16
33.98
23,600
Mar 19, 2025
46.01
46.52
46.01
46.52
34.01
22,000
Mar 18, 2025
46.22
46.22
45.78
45.98
33.61
6,500
Mar 17, 2025
46.05
46.33
46.00
46.22
33.79
13,200
Mar 14, 2025
45.84
46.06
45.84
46.02
33.64
8,100
Mar 13, 2025
0.217 Dividend 

Mar 13, 2025
45.97
45.97
45.12
45.38
33.18
14,400
Mar 12, 2025
46.15
46.37
45.82
46.15
33.58
21,600
Mar 11, 2025
46.00
46.27
45.37
45.75
33.29
16,800
Mar 10, 2025
46.88
46.88
45.96
46.17
33.60
10,700
Mar 7, 2025
46.91
47.34
46.64
47.23
34.37
8,500
Mar 6, 2025
0.171 Dividend 

Mar 6, 2025
47.05
47.46
46.77
47.02
34.21
10,300
Mar 5, 2025
47.45
47.85
47.26
47.85
34.69
14,000
Mar 4, 2025
47.49
47.86
47.05
47.31
34.30
10,400
Mar 3, 2025
48.95
48.95
47.69
48.01
34.81
12,200
Feb 28, 2025
48.30
48.82
47.99
48.82
35.40
29,300
Feb 27, 2025
0.198 Dividend 

Feb 27, 2025
49.47
49.47
48.50
48.50
35.16
36,700
Feb 26, 2025
49.38
49.54
48.98
49.26
35.57
14,300
Feb 25, 2025
49.41
49.41
48.70
49.17
35.51
14,600
Feb 24, 2025
49.50
49.76
49.16
49.30
35.60
16,400
Feb 21, 2025
50.26
50.29
49.34
49.42
35.69
15,200
Feb 20, 2025
0.222 Dividend 

Feb 20, 2025
50.28
50.44
50.08
50.39
36.39
53,800
Feb 19, 2025
50.54
50.69
50.40
50.65
36.42
16,800
Feb 18, 2025
51.29
51.29
50.35
50.68
36.44
26,300
Feb 14, 2025
50.52
50.57
50.30
50.48
36.29
24,500
Feb 13, 2025
50.28
50.55
50.20
50.55
36.34
31,900
Feb 12, 2025
49.80
50.18
49.65
50.14
36.05
15,200
Feb 11, 2025
50.20
50.28
49.94
50.28
36.15
19,000
Feb 10, 2025
50.06
50.28
50.04
50.19
36.08
25,100
Feb 7, 2025
50.39
50.42
49.78
49.82
35.82
41,900
Feb 6, 2025
50.36
50.36
49.94
50.29
36.16
40,600
