Date
Open
High
Low
Close 

Adj Close 

Volume
Jun 5, 2026
16.95
16.95
15.74
15.81
15.81
24,100
Jun 4, 2026
17.85
17.96
17.50
17.57
17.57
4,400
Jun 3, 2026
18.11
18.11
17.44
17.44
17.44
25,800
Jun 2, 2026
18.33
18.37
18.16
18.34
18.34
5,000
Jun 1, 2026
0.082 Dividend 

Jun 1, 2026
18.08
18.29
17.70
18.14
18.14
10,300
May 29, 2026
18.20
18.50
18.01
18.47
18.39
4,500
May 28, 2026
17.40
18.30
17.30
18.23
18.15
8,800
May 27, 2026
17.74
17.91
17.61
17.73
17.65
15,500
May 26, 2026
18.18
18.30
18.00
18.30
18.22
23,900
May 22, 2026
0.085 Dividend 

May 22, 2026
17.85
17.90
17.61
17.72
17.64
6,700
May 21, 2026
17.73
18.30
17.70
18.11
17.94
4,500
May 20, 2026
17.69
18.15
17.57
18.12
17.95
9,100
May 19, 2026
17.82
17.82
17.34
17.53
17.37
14,500
May 18, 2026
0.099 Dividend 

May 18, 2026
18.95
18.95
18.34
18.36
18.19
12,400
May 15, 2026
19.17
19.17
18.53
18.69
18.42
19,500
May 14, 2026
21.22
21.22
20.53
20.53
20.24
9,500
May 13, 2026
21.14
21.94
21.04
21.52
21.21
14,700
May 12, 2026
20.71
21.55
20.33
21.53
21.22
16,600
May 11, 2026
0.088 Dividend 

May 11, 2026
20.93
21.22
20.80
21.19
20.89
14,300
May 8, 2026
19.50
19.83
19.48
19.83
19.46
6,100
May 7, 2026
20.29
20.60
19.39
19.39
19.03
11,900
May 6, 2026
18.80
19.23
18.80
19.12
18.76
15,900
May 5, 2026
18.00
18.00
17.58
17.58
17.25
8,400
May 4, 2026
0.081 Dividend 

May 4, 2026
17.95
18.17
17.73
17.73
17.40
6,600
May 1, 2026
18.09
18.65
18.09
18.32
17.90
2,400
Apr 30, 2026
18.09
18.09
17.85
18.05
17.63
2,800
Apr 29, 2026
17.60
17.60
17.41
17.47
17.07
3,600
Apr 28, 2026
18.23
18.23
17.94
17.99
17.57
5,300
Apr 27, 2026
0.09 Dividend 

Apr 27, 2026
18.71
18.92
18.71
18.88
18.44
3,400
Apr 24, 2026
18.88
19.19
18.88
19.08
18.55
4,300
Apr 23, 2026
19.06
19.06
18.51
18.86
18.34
7,700
Apr 22, 2026
19.65
19.65
19.48
19.48
18.94
1,600
Apr 21, 2026
19.78
19.90
18.84
18.84
18.32
6,600
Apr 20, 2026
0.092 Dividend 

Apr 20, 2026
20.00
20.19
19.96
20.19
19.63
2,800
Apr 17, 2026
20.46
21.12
20.46
20.58
19.92
6,300
Apr 16, 2026
20.10
20.10
19.89
19.89
19.25
4,100
Apr 15, 2026
20.15
20.34
19.92
19.97
19.33
7,700
Apr 14, 2026
20.13
20.21
20.10
20.15
19.50
2,400
Apr 13, 2026
0.089 Dividend 

Apr 13, 2026
19.03
19.42
19.03
19.42
18.80
6,100
Apr 10, 2026
19.65
19.71
19.48
19.51
18.80
5,500
Apr 9, 2026
19.49
19.68
19.15
19.45
18.74
5,200
Apr 8, 2026
20.25
20.25
19.36
19.36
18.65
2,400
Apr 7, 2026
18.82
18.94
18.32
18.94
18.25
3,100
Apr 6, 2026
0.087 Dividend 

Apr 6, 2026
18.91
18.91
18.89
18.89
18.20
1,800
Apr 2, 2026
18.66
19.01
18.66
18.95
18.18
2,300
Apr 1, 2026
19.08
19.45
19.05
19.31
18.52
4,500
Mar 31, 2026
18.18
18.88
18.18
18.88
18.11
3,000
Mar 30, 2026
0.084 Dividend 

Mar 30, 2026
17.91
17.95
17.38
17.38
16.67
3,600
Mar 27, 2026
17.14
18.01
16.96
17.77
16.96
9,900
Mar 26, 2026
17.45
17.88
16.99
16.99
16.22
9,400
Mar 25, 2026
18.62
18.62
18.20
18.20
17.37
5,600
Mar 24, 2026
17.24
17.76
17.24
17.66
16.86
6,300
Mar 23, 2026
0.089 Dividend 

Mar 23, 2026
16.91
17.66
16.91
17.34
16.55
4,400
Mar 20, 2026
17.85
17.85
17.01
17.02
16.16
3,500
Mar 19, 2026
17.46
17.87
16.95
17.87
16.97
12,900
Mar 18, 2026
19.57
19.73
19.18
19.18
18.21
9,800
Mar 17, 2026
21.00
21.00
20.48
20.59
19.55
8,100
Mar 16, 2026
0.104 Dividend 

Mar 16, 2026
20.74
21.05
20.26
20.77
19.72
9,500
Mar 13, 2026
21.88
21.88
20.61
20.68
19.54
10,000
Mar 12, 2026
22.23
22.28
21.94
21.94
20.73
3,000
Mar 11, 2026
22.15
22.44
22.05
22.44
21.20
5,800
Mar 10, 2026
23.29
23.47
23.05
23.05
21.78
6,700
Mar 9, 2026
0.107 Dividend 

Mar 9, 2026
21.84
22.46
21.33
22.43
21.19
12,600
Mar 6, 2026
22.10
22.44
22.10
22.13
20.81
3,200
Mar 5, 2026
22.92
22.92
21.73
22.10
20.78
6,400
Mar 4, 2026
23.51
23.51
22.80
23.20
21.81
3,300
Mar 3, 2026
22.56
23.04
22.09
22.74
21.38
8,300
Mar 2, 2026
25.08
25.17
24.13
25.13
23.63
16,800
Feb 27, 2026
25.24
25.49
24.98
25.49
23.97
5,900
Feb 26, 2026
23.81
24.68
23.81
24.66
23.19
4,400
Feb 25, 2026
24.53
24.71
24.10
24.10
22.66
5,200
Feb 24, 2026
23.21
23.97
23.21
23.93
22.50
4,300
Feb 23, 2026
23.50
23.87
23.38
23.82
22.40
18,100
Feb 20, 2026
22.26
22.96
22.03
22.96
21.59
7,600
Feb 19, 2026
21.15
21.66
21.04
21.64
20.35
5,400
Feb 18, 2026
20.92
21.30
20.89
21.02
19.76
15,000
