Date
Open
High
Low
Close 

Adj Close 

Volume
Jun 5, 2026
7.70
7.72
7.11
7.18
7.18
1,383,200
Jun 4, 2026
0.172 Dividend 

Jun 4, 2026
7.68
8.07
7.68
7.94
7.94
847,600
Jun 3, 2026
8.48
8.53
7.95
8.17
8.00
1,585,200
Jun 2, 2026
8.33
8.72
8.32
8.55
8.37
1,343,900
Jun 1, 2026
7.91
8.27
7.91
8.08
7.91
1,449,000
May 29, 2026
7.78
8.33
7.72
8.00
7.83
1,753,300
May 28, 2026
0.139 Dividend 

May 28, 2026
6.80
7.64
6.73
7.27
7.12
1,658,100
May 27, 2026
6.96
7.04
6.77
6.96
6.68
1,460,800
May 26, 2026
6.65
6.93
6.57
6.81
6.53
946,700
May 22, 2026
6.40
6.64
6.39
6.57
6.30
1,608,300
May 21, 2026
0.105 Dividend 

May 21, 2026
6.33
6.40
6.22
6.36
6.10
446,700
May 20, 2026
6.12
6.52
6.09
6.47
6.11
831,700
May 19, 2026
5.97
6.15
5.84
6.02
5.68
512,900
May 18, 2026
6.10
6.13
5.84
6.06
5.72
950,500
May 15, 2026
6.24
6.24
6.03
6.10
5.76
1,014,900
May 14, 2026
0.132 Dividend 

May 14, 2026
6.27
6.52
6.16
6.43
6.07
1,103,100
May 13, 2026
6.53
6.53
6.32
6.37
5.89
761,400
May 12, 2026
6.58
6.61
6.21
6.51
6.02
633,600
May 11, 2026
6.82
7.06
6.61
6.63
6.13
750,300
May 8, 2026
6.66
6.94
6.49
6.90
6.38
933,600
May 7, 2026
0.09 Dividend 

May 7, 2026
6.73
6.97
6.56
6.64
6.14
1,081,700
May 6, 2026
6.37
6.99
6.36
6.95
6.34
3,127,900
May 5, 2026
5.90
5.91
5.76
5.83
5.32
1,347,400
May 4, 2026
5.78
5.93
5.74
5.84
5.33
1,537,500
May 1, 2026
5.79
5.88
5.66
5.70
5.20
772,200
Apr 30, 2026
0.13 Dividend 

Apr 30, 2026
5.67
5.76
5.56
5.75
5.25
454,300
Apr 29, 2026
5.83
5.83
5.51
5.68
5.06
1,834,900
Apr 28, 2026
5.76
5.90
5.70
5.84
5.21
924,700
Apr 27, 2026
6.11
6.18
5.86
5.92
5.28
750,700
Apr 24, 2026
5.90
6.18
5.86
6.12
5.46
1,307,400
Apr 23, 2026
0.077 Dividend 

Apr 23, 2026
5.78
5.89
5.63
5.77
5.14
1,741,200
Apr 22, 2026
6.19
6.23
6.15
6.21
5.47
479,100
Apr 21, 2026
6.21
6.30
6.07
6.07
5.34
2,552,000
Apr 20, 2026
6.03
6.14
5.97
6.14
5.41
426,400
Apr 17, 2026
6.14
6.18
6.03
6.09
5.36
670,500
Apr 16, 2026
0.093 Dividend 

Apr 16, 2026
5.98
6.11
5.81
6.05
5.33
900,000
Apr 15, 2026
6.09
6.09
5.95
5.99
5.19
905,900
Apr 14, 2026
5.95
6.09
5.88
6.00
5.20
675,200
Apr 13, 2026
5.67
5.81
5.55
5.81
5.04
863,600
Apr 10, 2026
5.52
5.72
5.52
5.67
4.91
1,119,800
Apr 9, 2026
0.084 Dividend 

Apr 9, 2026
5.45
5.53
5.42
5.44
4.71
415,200
Apr 8, 2026
5.62
5.64
5.45
5.55
4.74
937,500
Apr 7, 2026
5.29
5.40
5.23
5.40
4.61
799,600
Apr 6, 2026
5.50
5.52
5.27
5.28
4.51
1,310,200
Apr 2, 2026
0.086 Dividend 

Apr 2, 2026
5.34
5.49
5.31
5.47
4.67
664,300
Apr 1, 2026
5.52
5.57
5.45
5.47
4.60
791,300
Mar 31, 2026
5.28
5.49
5.26
5.48
4.60
702,700
Mar 30, 2026
5.40
5.40
5.11
5.17
4.34
800,000
Mar 27, 2026
5.39
5.39
5.24
5.35
4.49
753,300
Mar 26, 2026
0.078 Dividend 

Mar 26, 2026
5.46
5.57
5.30
5.36
4.50
708,300
Mar 25, 2026
5.45
5.72
5.45
5.70
4.72
3,052,300
Mar 24, 2026
5.25
5.46
5.17
5.40
4.47
2,160,200
Mar 23, 2026
4.97
5.37
4.80
5.26
4.36
3,600,500
Mar 20, 2026
5.51
5.61
4.99
5.02
4.16
5,585,100
Mar 19, 2026
0.109 Dividend 

Mar 19, 2026
7.27
7.41
7.21
7.40
6.13
1,362,900
Mar 18, 2026
7.60
7.63
7.41
7.41
6.05
735,700
Mar 17, 2026
7.65
7.80
7.60
7.60
6.21
2,202,100
Mar 16, 2026
7.59
7.72
7.49
7.64
6.24
1,282,400
Mar 13, 2026
7.50
7.54
7.34
7.44
6.07
931,100
Mar 12, 2026
0.115 Dividend 

Mar 12, 2026
7.60
7.64
7.45
7.48
6.11
626,900
Mar 11, 2026
7.82
7.93
7.70
7.75
6.23
640,900
Mar 10, 2026
7.74
7.81
7.66
7.73
6.22
873,400
Mar 9, 2026
7.52
7.76
7.30
7.74
6.23
1,021,200
Mar 6, 2026
7.64
7.79
7.55
7.60
6.11
1,136,300
Mar 5, 2026
0.146 Dividend 

Mar 5, 2026
7.75
7.90
7.59
7.75
6.23
1,669,000
Mar 4, 2026
7.63
7.96
7.59
7.90
6.24
1,980,900
Mar 3, 2026
7.61
7.67
7.32
7.54
5.95
2,538,600
Mar 2, 2026
7.59
7.78
7.50
7.76
6.13
1,883,900
Feb 27, 2026
7.75
7.93
7.70
7.86
6.21
3,311,200
Feb 26, 2026
0.127 Dividend 

Feb 26, 2026
7.98
8.02
7.63
7.82
6.17
1,256,800
Feb 25, 2026
7.77
8.22
7.77
8.18
6.36
1,690,400
Feb 24, 2026
7.68
7.76
7.55
7.71
5.99
662,300
Feb 23, 2026
7.82
7.90
7.60
7.62
5.92
1,272,100
Feb 20, 2026
7.82
8.04
7.82
7.98
6.20
941,700
Feb 19, 2026
0.122 Dividend 

Feb 19, 2026
7.71
7.93
7.68
7.93
6.16
2,296,800
Feb 18, 2026
7.61
7.70
7.45
7.54
5.77
785,800
Feb 17, 2026
7.65
7.74
7.49
7.62
5.83
923,000
Feb 13, 2026
7.71
7.79
7.60
7.69
5.88
865,300
Feb 12, 2026
0.132 Dividend 

Feb 12, 2026
8.01
8.03
7.64
7.65
5.85
1,171,200
Feb 11, 2026
8.46
8.46
8.02
8.12
6.11
1,143,100
Feb 10, 2026
8.43
8.52
8.30
8.36
6.29
649,100
Feb 9, 2026
8.31
8.44
8.19
8.37
6.30
836,700
Feb 6, 2026
8.09
8.56
8.00
8.48
6.38
893,000
Feb 5, 2026
0.091 Dividend 

Feb 5, 2026
8.29
8.35
7.56
7.88
5.93
1,087,000
Feb 4, 2026
8.26
8.73
8.19
8.52
6.34
3,961,700
Feb 3, 2026
7.80
7.83
7.50
7.74
5.76
1,429,100
Feb 2, 2026
7.58
7.98
7.55
7.73
5.75
1,088,400
Jan 30, 2026
7.82
7.90
7.57
7.61
5.66
866,400
Jan 29, 2026
0.096 Dividend 

Jan 29, 2026
7.97
7.98
7.61
7.83
5.83
1,258,100
Jan 28, 2026
8.23
8.39
8.12
8.17
6.01
1,587,400
Jan 27, 2026
8.10
8.18
7.85
8.15
5.99
1,212,100
Jan 26, 2026
8.17
8.20
8.03
8.06
5.93
1,319,200
Jan 23, 2026
8.53
8.59
8.17
8.24
6.06
1,882,400
Jan 22, 2026
0.118 Dividend 

Jan 22, 2026
8.47
8.57
8.36
8.37
6.16
1,171,800
Jan 21, 2026
8.34
8.55
8.23
8.46
6.14
2,149,500
Jan 20, 2026
8.28
8.36
8.07
8.30
6.02
1,563,900
Jan 16, 2026
8.07
8.63
8.04
8.56
6.21
4,888,000
Jan 15, 2026
0.086 Dividend 

Jan 15, 2026
7.81
8.09
7.81
8.01
5.81
1,596,500
Jan 14, 2026
7.80
7.93
7.67
7.81
5.60
1,392,600
Jan 13, 2026
8.18
8.18
7.68
7.89
5.66
2,079,200
Jan 12, 2026
8.16
8.30
8.15
8.22
5.90
1,659,900
Jan 9, 2026
8.18
8.38
8.11
8.21
5.89
1,017,500
Jan 8, 2026
0.073 Dividend 

Jan 8, 2026
8.16
8.19
8.00
8.16
5.85
901,800
Jan 7, 2026
8.35
8.38
8.20
8.25
5.86
2,132,000
Jan 6, 2026
8.34
8.36
8.10
8.34
5.93
2,045,300
Jan 5, 2026
8.52
8.60
8.22
8.23
5.85
1,567,300
Jan 2, 2026
0.095 Dividend 

Jan 2, 2026
8.16
8.50
8.16
8.41
5.98
1,939,000
Dec 31, 2025
8.20
8.26
8.05
8.10
5.69
1,199,600
Dec 30, 2025
8.33
8.35
8.20
8.21
5.77
1,355,900
Dec 29, 2025
8.25
8.48
8.24
8.27
5.81
1,126,900
Dec 26, 2025
0.098 Dividend 

Dec 26, 2025
8.33
8.43
8.29
8.39
5.89
1,132,900
Dec 24, 2025
8.46
8.48
8.40
8.44
5.86
373,800
Dec 23, 2025
8.47
8.51
8.37
8.47
5.88
725,000
Dec 22, 2025
8.50
8.59
8.48
8.51
5.91
1,524,400
Dec 19, 2025
8.17
8.52
8.17
8.48
5.89
1,539,600
Dec 18, 2025
0.114 Dividend 

Dec 18, 2025
8.42
8.49
8.04
8.12
5.64
1,476,400
Dec 17, 2025
8.75
8.87
8.34
8.35
5.72
1,446,100
Dec 16, 2025
8.66
8.88
8.64
8.81
6.03
1,160,100
Dec 15, 2025
9.06
9.07
8.70
8.72
5.97
1,468,800
Dec 12, 2025
9.27
9.44
8.93
8.95
6.13
1,119,900
Dec 11, 2025
0.141 Dividend 

Dec 11, 2025
9.36
9.36
9.06
9.35
6.40
1,375,300
Dec 10, 2025
9.62
9.66
9.47
9.62
6.49
1,310,000
Dec 9, 2025
9.70
9.72
9.55
9.64
6.51
801,700
Dec 8, 2025
9.70
9.80
9.57
9.69
6.54
1,296,700
Dec 5, 2025
9.43
9.58
9.33
9.57
6.46
2,290,700
Dec 4, 2025
0.214 Dividend 

Dec 4, 2025
9.31
9.46
9.22
9.45
6.38
1,139,900
Dec 3, 2025
9.40
9.53
9.32
9.53
6.29
695,700
Dec 2, 2025
9.46
9.59
9.35
9.35
6.17
853,300
Dec 1, 2025
9.36
9.52
9.24
9.42
6.21
749,800
Nov 28, 2025
0.162 Dividend 

Nov 28, 2025
9.38
9.52
9.30
9.51
6.27
369,000
Nov 26, 2025
9.48
9.54
9.35
9.46
6.13
758,000
Nov 25, 2025
9.23
9.36
8.99
9.34
6.06
761,900
Nov 24, 2025
9.26
9.53
9.18
9.50
6.16
1,316,700
Nov 21, 2025
9.16
9.30
8.88
9.18
5.95
1,025,900
Nov 20, 2025
0.195 Dividend 

Nov 20, 2025
9.96
10.00
9.01
9.06
5.87
901,900
Nov 19, 2025
10.00
10.07
9.62
9.74
6.19
669,300
Nov 18, 2025
9.85
10.24
9.68
10.00
6.35
817,600
Nov 17, 2025
10.22
10.24
9.72
9.83
6.25
811,200
Nov 14, 2025
9.78
10.58
9.69
10.31
6.55
1,190,900
Nov 13, 2025
0.217 Dividend 

Nov 13, 2025
10.75
10.79
9.96
10.07
6.40
1,238,600
Nov 12, 2025
11.34
11.41
10.93
11.00
6.85
1,201,900
Nov 11, 2025
11.60
11.60
11.18
11.24
7.00
560,200
Nov 10, 2025
11.86
11.90
11.52
11.60
7.23
742,500
Nov 7, 2025
11.46
11.53
11.04
11.45
7.13
1,570,000
Nov 6, 2025
0.333 Dividend 

Nov 6, 2025
12.28
12.30
11.60
11.61
7.23
1,267,700
Nov 5, 2025
13.17
13.59
12.42
12.43
7.53
2,082,200
Nov 4, 2025
14.16
14.31
13.81
13.86
8.40
767,300
Nov 3, 2025
15.08
15.14
14.57
14.58
8.84
977,500
Oct 31, 2025
14.81
14.91
14.66
14.89
9.03
973,300
Oct 30, 2025
0.259 Dividend 

Oct 30, 2025
14.68
14.80
14.52
14.52
8.80
460,800
Oct 29, 2025
15.40
15.45
14.92
15.14
9.02
594,100
Oct 28, 2025
14.99
15.38
14.90
15.04
8.96
575,900
Oct 27, 2025
14.50
14.94
14.50
14.92
8.89
764,100
Oct 24, 2025
14.23
14.48
14.12
14.12
8.41
792,100
Oct 23, 2025
0.243 Dividend 

Oct 23, 2025
15.00
15.02
13.87
14.06
8.38
1,559,800
Oct 22, 2025
16.05
16.05
14.87
15.57
9.13
1,066,400
Oct 21, 2025
16.04
16.13
15.86
16.01
9.39
629,400
Oct 20, 2025
16.02
16.34
15.97
16.05
9.41
1,250,200
Oct 17, 2025
15.63
15.73
15.21
15.39
9.03
971,500
Oct 16, 2025
0.809 Dividend 

Oct 16, 2025
15.81
16.34
15.63
15.80
9.27
544,700
Oct 15, 2025
16.75
16.89
16.30
16.61
9.27
661,500
Oct 14, 2025
16.62
16.90
16.28
16.34
9.12
329,800
Oct 13, 2025
16.70
16.97
16.56
16.79
9.37
485,400
Oct 10, 2025
17.57
17.67
16.11
16.17
9.02
1,010,400
Oct 9, 2025
17.48
17.70
17.42
17.53
9.78
592,500
Oct 8, 2025
17.00
17.73
16.88
17.67
9.86
1,001,900
Oct 7, 2025
17.19
17.46
16.67
16.97
9.47
968,400
Oct 6, 2025
16.75
17.20
16.75
16.87
9.41
919,300
Oct 3, 2025
16.43
16.65
16.04
16.27
9.08
788,700
Oct 2, 2025
16.38
16.51
16.07
16.41
9.16
1,520,200
Oct 1, 2025
15.37
16.39
15.37
16.37
9.13
2,026,100
Sep 30, 2025
15.09
15.51
15.09
15.44
8.61
1,096,000
Sep 29, 2025
15.09
15.33
15.06
15.12
8.44
1,511,900
Sep 26, 2025
15.00
15.09
14.64
15.05
8.40
1,245,200
Sep 25, 2025
0.915 Dividend 

Sep 25, 2025
14.83
15.39
14.54
15.16
8.46
1,730,700
Sep 24, 2025
16.17
16.42
16.02
16.03
8.43
2,626,300
Sep 23, 2025
16.25
16.31
15.87
16.15
8.50
1,727,800
Sep 22, 2025
15.82
16.47
15.68
16.08
8.46
1,617,100
Sep 19, 2025
15.88
15.99
15.72
15.87
8.35
1,154,100
Sep 18, 2025
15.69
15.90
15.38
15.84
8.33
1,159,600
Sep 17, 2025
15.35
15.56
15.07
15.48
8.14
851,500
Sep 16, 2025
15.55
15.63
15.31
15.37
8.09
441,400
Sep 15, 2025
15.49
15.63
15.20
15.55
8.18
542,700
Sep 12, 2025
15.73
15.81
15.29
15.40
8.10
568,900
Sep 11, 2025
15.20
15.28
15.00
15.14
7.97
496,500
Sep 10, 2025
15.13
15.44
14.94
15.09
7.94
986,200
Sep 9, 2025
14.32
14.99
14.32
14.97
7.88
1,032,800
Sep 8, 2025
14.49
14.56
14.25
14.30
7.52
757,600
Sep 5, 2025
14.50
14.56
14.18
14.36
7.55
719,000
Sep 4, 2025
14.26
14.47
14.14
14.47
7.61
642,900
Sep 3, 2025
14.46
14.50
14.13
14.18
7.46
1,104,500
Sep 2, 2025
14.19
14.47
14.03
14.43
7.59
1,906,600
Aug 29, 2025
15.12
15.12
14.60
14.64
7.70
1,838,000
Aug 28, 2025
1.308 Dividend 

Aug 28, 2025
15.47
15.64
15.37
15.41
8.11
1,322,100
Aug 27, 2025
16.71
16.83
16.56
16.77
8.13
3,050,200
Aug 26, 2025
16.62
16.67
16.47
16.67
8.09
1,274,700
Aug 25, 2025
16.46
16.79
16.32
16.59
8.05
1,452,700
Aug 22, 2025
15.86
16.56
15.77
16.46
7.98
897,800
Aug 21, 2025
16.09
16.19
15.81
16.00
7.76
582,600
Aug 20, 2025
16.30
16.38
15.60
16.08
7.80
1,029,000
Aug 19, 2025
17.17
17.17
16.28
16.29
7.90
1,050,500
Aug 18, 2025
16.85
17.29
16.85
17.15
8.32
802,800
Aug 15, 2025
16.96
17.00
16.56
16.95
8.22
809,500
Aug 14, 2025
17.00
17.03
16.69
17.02
8.26
888,900
Aug 13, 2025
17.29
17.35
17.01
17.14
8.31
655,600
Aug 12, 2025
17.04
17.32
16.71
17.30
8.39
720,900
Aug 11, 2025
16.78
17.24
16.75
16.87
8.18
1,243,400
Aug 8, 2025
17.38
17.46
16.58
16.60
8.05
1,433,700
Aug 7, 2025
17.40
17.90
17.24
17.24
8.36
891,900
Aug 6, 2025
17.50
17.71
16.52
17.22
8.35
4,040,000
Aug 5, 2025
21.15
21.28
20.53
20.72
10.05
1,187,700
Aug 4, 2025
20.92
21.25
20.82
21.02
10.20
911,600
Aug 1, 2025
20.72
20.93
19.95
20.49
9.94
1,717,100
Jul 31, 2025
1.852 Dividend 

Jul 31, 2025
22.02
22.07
21.05
21.16
10.26
1,521,600
Jul 30, 2025
23.14
23.79
22.99
23.52
10.51
4,632,400
Jul 29, 2025
23.15
23.57
22.63
22.86
10.22
1,729,700
Jul 28, 2025
22.10
23.12
22.08
23.09
10.32
1,707,200
Jul 25, 2025
21.18
21.90
20.93
21.86
9.77
790,600
Jul 24, 2025
21.02
21.43
20.80
21.23
9.49
398,700
Jul 23, 2025
20.41
21.02
20.41
20.84
9.31
529,800
Jul 22, 2025
20.96
20.96
19.77
20.27
9.06
801,700
Jul 21, 2025
21.10
21.56
20.67
20.67
9.24
1,103,500
Jul 18, 2025
21.27
21.44
20.61
20.82
9.30
819,100
Jul 17, 2025
21.23
21.39
21.04
21.09
9.42
651,100
Jul 16, 2025
21.03
21.19
20.70
21.13
9.44
711,100
Jul 15, 2025
20.75
21.29
20.71
21.04
9.40
1,305,900
Jul 14, 2025
20.10
20.47
19.92
20.27
9.06
638,500
Jul 11, 2025
20.17
20.28
19.94
20.07
8.97
578,500
Jul 10, 2025
20.24
20.47
20.02
20.26
9.05
523,800
Jul 9, 2025
19.54
20.10
19.54
20.08
8.97
899,800
Jul 8, 2025
19.20
19.75
19.19
19.75
8.83
732,900
Jul 7, 2025
19.51
19.51
18.80
19.09
8.53
1,408,700
Jul 3, 2025
1.61 Dividend 

Jul 3, 2025
19.81
19.87
19.50
19.56
8.74
1,083,100
Jul 2, 2025
20.75
21.25
20.61
21.15
8.73
3,401,700
Jul 1, 2025
21.05
21.23
20.29
20.69
8.54
1,017,600
Jun 30, 2025
21.08
21.60
20.92
21.21
8.76
1,044,800
Jun 27, 2025
21.24
21.29
20.36
20.67
8.53
764,400
Jun 26, 2025
20.50
21.11
20.25
21.00
8.67
762,400
Jun 25, 2025
19.31
20.48
19.13
20.35
8.40
646,500
Jun 24, 2025
18.48
19.14
18.29
19.03
7.86
491,100
Jun 23, 2025
19.39
19.39
18.18
18.24
7.53
1,035,500
Jun 20, 2025
19.99
20.15
19.52
19.96
8.24
399,300
Jun 18, 2025
19.38
19.94
19.27
19.61
8.10
363,500
Jun 17, 2025
19.41
19.56
19.23
19.35
7.99
228,700
Jun 16, 2025
19.00
19.69
18.95
19.44
8.03
345,800
Jun 13, 2025
19.00
19.13
18.45
18.75
7.74
449,100
Jun 12, 2025
19.15
19.60
19.01
19.53
8.06
243,100
Jun 11, 2025
19.33
19.66
19.11
19.25
7.95
341,200
Jun 10, 2025
19.23
19.33
18.92
19.12
7.89
323,800
Jun 9, 2025
18.76
19.20
18.70
19.14
7.90
566,900
Jun 6, 2025
18.75
18.86
18.52
18.62
7.69
532,800
Jun 5, 2025
1.58 Dividend 

Jun 5, 2025
19.17
19.25
18.07
18.20
7.51
745,800
Jun 4, 2025
20.76
20.89
20.45
20.77
7.92
1,276,500
Jun 3, 2025
20.06
20.70
19.95
20.58
7.85
800,500
Jun 2, 2025
19.37
19.96
19.28
19.96
7.61
804,600
May 30, 2025
19.94
19.94
19.01
19.47
7.43
456,000
May 29, 2025
20.62
20.85
19.86
19.93
7.60
227,400
May 28, 2025
20.21
20.40
19.68
20.09
7.66
203,800
May 27, 2025
19.88
20.44
19.64
19.93
7.60
233,700
May 23, 2025
19.18
19.40
18.84
19.27
7.35
347,400
May 22, 2025
20.04
20.24
19.69
19.77
7.54
193,800
May 21, 2025
20.75
20.99
19.68
19.85
7.57
261,800
May 20, 2025
21.18
21.18
20.17
20.33
7.75
192,900
May 19, 2025
20.83
21.65
20.75
21.07
8.04
379,500
May 16, 2025
21.23
21.88
20.98
21.46
8.19
449,600
May 15, 2025
20.50
20.93
19.40
20.37
7.77
195,900
May 14, 2025
21.04
21.25
20.17
20.70
7.90
628,900
May 13, 2025
17.75
18.92
17.66
18.81
7.18
724,900
May 12, 2025
17.50
17.82
17.20
17.43
6.65
696,400
May 9, 2025
16.87
17.09
16.43
16.82
6.42
596,500
May 8, 2025
1.413 Dividend 

May 8, 2025
17.13
17.25
16.72
16.82
6.42
619,700
May 7, 2025
17.74
18.53
17.39
18.33
6.45
1,346,100
May 6, 2025
17.85
18.41
17.65
18.27
6.43
705,500
May 5, 2025
18.47
18.47
17.91
17.91
6.31
789,600
May 2, 2025
18.35
18.71
18.10
18.51
6.52
350,600
May 1, 2025
17.91
18.51
17.33
18.09
6.37
342,800
Apr 30, 2025
16.37
17.87
16.16
17.74
6.25
1,173,900
Apr 29, 2025
20.24
20.28
19.76
19.84
6.98
405,500
Apr 28, 2025
20.00
20.45
19.70
20.28
7.14
233,700
Apr 25, 2025
19.61
19.93
19.33
19.90
7.01
213,800
Apr 24, 2025
18.90
19.59
18.83
19.41
6.83
194,400
Apr 23, 2025
18.65
19.14
18.42
18.56
6.53
204,700
Apr 22, 2025
17.22
17.66
16.92
17.47
6.15
185,400
Apr 21, 2025
17.55
17.55
16.49
16.86
5.94
593,100
Apr 17, 2025
18.08
18.08
17.20
17.72
6.24
236,500
Apr 16, 2025
18.10
18.80
17.38
18.02
6.34
304,400
Apr 15, 2025
18.67
19.10
18.53
18.79
6.62
256,400
Apr 14, 2025
19.00
19.19
18.38
18.38
6.47
278,900
Apr 11, 2025
18.64
18.93
18.09
18.27
6.43
579,700
Apr 10, 2025
1.501 Dividend 

Apr 10, 2025
19.00
19.36
18.02
18.52
6.52
451,800
Apr 9, 2025
18.92
21.50
18.61
21.26
6.96
1,243,000
Apr 8, 2025
20.66
20.68
18.35
18.82
6.16
604,600
Apr 7, 2025
17.31
20.09
17.18
19.61
6.42
598,600
Apr 4, 2025
19.07
19.07
17.07
18.25
5.97
514,200
Apr 3, 2025
19.76
20.28
19.30
19.86
6.50
401,000
Apr 2, 2025
20.84
21.70
20.63
21.34
6.98
152,300
Apr 1, 2025
20.69
21.62
20.63
21.27
6.96
136,200
Mar 31, 2025
19.88
20.88
19.60
20.68
6.77
238,900
Mar 28, 2025
21.29
21.61
20.54
20.77
6.80
205,400
Mar 27, 2025
22.17
22.18
20.93
21.02
6.88
252,300
Mar 26, 2025
24.01
24.20
22.15
22.37
7.32
249,700
Mar 25, 2025
24.68
25.00
23.90
24.15
7.90
120,200
Mar 24, 2025
24.87
24.87
23.63
24.48
8.01
339,600
Mar 21, 2025
23.11
24.72
23.11
24.55
8.03
98,900
Mar 20, 2025
23.67
23.89
22.94
23.28
7.62
93,800
Mar 19, 2025
22.64
24.35
22.64
23.67
7.74
230,800
Mar 18, 2025
24.19
24.19
22.45
22.46
7.35
187,400
Mar 17, 2025
24.45
24.82
23.97
24.37
7.97
339,300
Mar 14, 2025
23.61
24.46
23.60
24.29
7.95
475,600
Mar 13, 2025
1.974 Dividend 

Mar 13, 2025
24.09
24.26
23.12
23.15
7.57
357,000
Mar 12, 2025
26.62
26.96
25.85
26.08
7.89
792,100
Mar 11, 2025
23.73
25.62
23.50
25.45
7.70
344,900
Mar 10, 2025
23.95
24.80
23.10
23.60
7.14
300,000
Mar 7, 2025
23.43
24.29
22.70
24.23
7.33
255,000
Mar 6, 2025
23.85
24.87
22.67
23.53
7.12
173,900
Mar 5, 2025
25.10
25.74
24.22
24.66
7.46
185,900
Mar 4, 2025
22.14
25.40
22.10
24.58
7.43
184,400
Mar 3, 2025
26.19
26.24
22.65
22.83
6.90
252,800
Feb 28, 2025
25.23
26.70
24.56
25.93
7.84
200,700
Feb 27, 2025
29.11
29.11
26.69
27.02
8.17
167,900
Feb 26, 2025
31.10
31.11
29.08
29.52
8.93
281,100
Feb 25, 2025
28.89
29.45
26.41
26.99
8.16
374,700
Feb 24, 2025
31.00
32.12
29.25
29.77
9.00
671,800
Feb 21, 2025
34.33
34.99
31.57
31.92
9.65
212,100
Feb 20, 2025
32.47
35.04
31.21
33.36
10.09
341,900
Feb 19, 2025
33.95
36.88
32.01
34.07
10.30
707,000
Feb 18, 2025
30.33
32.52
30.33
32.20
9.74
546,700
Feb 14, 2025
26.86
29.06
26.86
28.89
8.74
583,600
Feb 13, 2025
2.09 Dividend 

Feb 13, 2025
25.69
27.29
24.85
26.94
8.15
1,002,800
Feb 12, 2025
29.00
29.57
27.53
28.14
7.88
805,700
Feb 11, 2025
28.33
28.70
26.78
26.90
7.53
310,700
Feb 10, 2025
27.00
29.00
26.40
28.98
8.11
585,700
Feb 7, 2025
25.00
26.23
25.00
25.68
7.19
236,300
Feb 6, 2025
24.25
24.76
24.15
24.74
6.93
161,200
Feb 5, 2025
23.68
24.31
23.02
23.88
6.69
154,800
Feb 4, 2025
22.10
22.89
21.72
22.70
6.36
90,800
Feb 3, 2025
21.75
21.75
20.54
21.20
5.94
105,600
Jan 31, 2025
22.29
23.15
21.93
22.18
6.21
108,100
Jan 30, 2025
22.09
22.16
21.55
22.16
6.20
71,200
Jan 29, 2025
21.79
21.83
21.31
21.51
6.02
66,100
Jan 28, 2025
22.50
22.50
21.07
21.66
6.06
124,100
Jan 27, 2025
23.12
23.87
21.75
22.26
6.23
212,900
Jan 24, 2025
24.87
24.98
24.35
24.45
6.85
108,300
Jan 23, 2025
24.58
24.74
24.35
24.70
6.92
57,400
Jan 22, 2025
24.38
24.92
24.25
24.53
6.87
108,600
Jan 21, 2025
23.45
24.35
23.43
24.14
6.76
220,300
Jan 17, 2025
23.43
23.71
23.22
23.22
6.50
223,600
Jan 16, 2025
1.722 Dividend 

Jan 16, 2025
23.99
24.00
23.19
23.38
6.55
165,500
Jan 15, 2025
25.19
25.36
24.73
25.11
6.55
409,100
Jan 14, 2025
25.58
25.71
24.68
24.79
6.46
209,400
Jan 13, 2025
25.15
25.15
23.80
25.06
6.53
206,000
Jan 10, 2025
25.75
26.40
25.15
25.65
6.69
169,100
Jan 8, 2025
26.80
26.80
25.25
25.76
6.72
109,200
Jan 7, 2025
28.61
28.61
26.83
27.04
7.05
75,800
Jan 6, 2025
27.50
29.40
27.50
28.36
7.40
103,600
Jan 3, 2025
25.84
27.04
25.53
27.04
7.05
53,700
Jan 2, 2025
26.09
26.27
25.45
25.46
6.64
73,500
Dec 31, 2024
26.09
26.28
25.39
25.79
6.73
89,200
Dec 30, 2024
26.41
26.41
25.39
25.94
6.76
75,100
Dec 27, 2024
27.52
27.60
26.35
26.71
6.97
77,000
Dec 26, 2024
28.28
28.46
27.72
27.73
7.23
72,400
Dec 24, 2024
26.76
28.58
26.76
28.11
7.33
71,600
Dec 23, 2024
26.58
26.96
26.31
26.68
6.96
292,200
Dec 20, 2024
25.90
27.10
25.64
26.27
6.85
150,400
Dec 19, 2024
2.355 Dividend 

Dec 19, 2024
26.87
27.26
25.65
26.14
6.82
140,400
Dec 18, 2024
30.00
30.64
28.76
29.02
6.95
339,800
Dec 17, 2024
30.00
30.97
29.52
29.96
7.18
168,800
Dec 16, 2024
28.50
30.92
28.06
29.73
7.12
295,500
Dec 13, 2024
32.12
32.30
31.10
31.79
7.62
181,000
Dec 12, 2024
32.66
33.73
32.25
32.51
7.79
57,900
Dec 11, 2024
32.87
33.29
31.01
32.92
7.89
137,800
Dec 10, 2024
36.81
36.81
34.04
34.63
8.30
94,400
Dec 9, 2024
38.50
38.50
36.76
36.87
8.83
136,700
Dec 6, 2024
35.36
36.80
35.00
36.46
8.74
96,200
Dec 5, 2024
35.20
35.27
34.62
34.85
8.35
48,700
Dec 4, 2024
34.23
35.03
33.60
34.73
8.32
86,900
Dec 3, 2024
35.70
35.98
33.26
34.11
8.17
132,300
Dec 2, 2024
32.10
35.65
30.70
34.51
8.27
235,900
Nov 29, 2024
29.43
29.49
27.70
28.88
6.92
147,700
Nov 27, 2024
30.61
31.64
29.99
30.45
7.30
65,500
Nov 26, 2024
31.78
31.80
29.57
29.76
7.13
216,000
Nov 25, 2024
30.64
32.99
30.46
32.29
7.74
240,300
Nov 22, 2024
27.64
29.83
27.64
29.04
6.96
283,900
Nov 21, 2024
2.203 Dividend 

Nov 21, 2024
26.30
27.57
25.29
27.01
6.47
204,300
Nov 20, 2024
27.11
28.17
25.88
26.76
5.88
617,600
Nov 19, 2024
27.51
29.47
26.50
28.66
6.30
552,700
Nov 18, 2024
23.50
25.75
23.15
24.30
5.34
982,500
Nov 15, 2024
21.79
22.16
21.15
22.00
4.84
88,400
Nov 14, 2024
22.00
22.77
21.21
21.62
4.75
89,700
Nov 13, 2024
24.60
25.19
23.80
23.84
5.24
67,900
Nov 12, 2024
25.33
26.30
25.00
25.00
5.50
79,200
Nov 11, 2024
26.00
26.99
24.72
26.47
5.82
117,200
Nov 8, 2024
28.69
28.93
27.19
27.77
6.11
82,600
Nov 7, 2024
26.04
28.62
25.71
28.47
6.26
60,900
Nov 6, 2024
24.00
26.75
23.84
26.46
5.82
125,600
Nov 5, 2024
30.00
31.60
29.05
31.43
6.91
94,000
Nov 4, 2024
29.07
31.77
27.57
29.93
6.58
70,300
Nov 1, 2024
31.58
32.60
29.85
30.07
6.61
108,000
Oct 31, 2024
34.00
34.94
31.15
33.03
7.26
129,000
Oct 30, 2024
39.80
42.70
36.50
37.45
8.23
201,300
Oct 29, 2024
52.93
54.04
52.00
53.66
11.80
35,500
Oct 28, 2024
52.56
53.32
52.21
52.44
11.53
37,100
Oct 25, 2024
51.00
52.66
51.00
52.05
11.44
48,400
Oct 24, 2024
5.354 Dividend 

Oct 24, 2024
50.85
51.55
50.16
50.76
11.16
60,800
Oct 23, 2024
55.25
55.75
54.30
55.03
10.92
194,500
Oct 22, 2024
57.62
57.62
54.35
55.68
11.05
20,100
Oct 21, 2024
57.27
58.09
56.71
57.34
11.38
38,600
Oct 18, 2024
56.87
58.21
56.59
56.66
11.25
6,600
Oct 17, 2024
59.20
59.20
56.50
56.81
11.28
5,800
Oct 16, 2024
57.54
58.35
56.61
57.41
11.40
3,300
Oct 15, 2024
55.87
56.39
54.93
56.39
11.19
3,300
Oct 14, 2024
56.56
57.63
55.21
56.17
11.15
8,600
Oct 11, 2024
54.83
56.30
54.66
56.30
11.18
3,300
Oct 10, 2024
54.89
55.12
52.79
54.67
10.85
3,000
Oct 9, 2024
55.00
56.66
55.00
55.16
10.95
9,500
Oct 8, 2024
56.78
56.78
52.36
53.25
10.57
5,300
Oct 7, 2024
49.61
55.75
49.61
55.44
11.00
17,900
Oct 4, 2024
49.42
49.42
49.22
49.27
9.78
6,500
Oct 3, 2024
49.47
49.47
49.15
49.15
9.76
700
Oct 2, 2024
48.00
49.20
48.00
49.20
9.77
3,400
Oct 1, 2024
48.32
48.32
47.87
48.15
9.56
1,200
Sep 30, 2024
48.24
50.00
48.24
48.94
9.71
2,700
Sep 27, 2024
47.07
49.27
47.07
49.09
9.74
8,300
Sep 26, 2024
54.92
55.12
45.70
48.35
9.60
29,900
Sep 25, 2024
54.84
55.05
53.89
53.91
10.70
6,200
Sep 24, 2024
54.49
54.49
53.38
54.27
10.77
5,200
Sep 23, 2024
52.93
54.47
52.93
54.03
10.72
4,900
Sep 20, 2024
51.75
53.48
51.52
53.48
10.62
2,100
Sep 19, 2024
53.11
53.11
51.06
51.06
10.13
3,100
Sep 18, 2024
52.07
52.47
50.95
50.95
10.11
3,800
Sep 17, 2024
51.83
51.85
50.87
50.89
10.10
4,700
Sep 16, 2024
52.84
52.84
50.87
51.62
10.25
6,200
Sep 13, 2024
51.00
52.55
51.00
51.82
10.28
5,000
Sep 12, 2024
50.84
50.97
50.62
50.62
10.05
5,100
