Date
Open
High
Low
Close 

Adj Close 

Volume

May 22, 2026
7.65
7.78
7.64
7.73
7.73
68,900
May 21, 2026
0.098 Dividend 

May 21, 2026
7.48
7.57
7.43
7.53
7.53
68,900
May 20, 2026
7.65
7.72
7.59
7.71
7.61
67,900
May 19, 2026
7.88
8.04
7.71
7.76
7.66
48,000
May 18, 2026
7.40
7.65
7.30
7.64
7.54
110,300
May 15, 2026
7.15
7.42
7.15
7.34
7.25
55,700
May 14, 2026
0.15 Dividend 

May 14, 2026
7.25
7.25
7.00
7.19
7.10
52,500
May 13, 2026
7.31
7.43
7.15
7.37
7.13
59,300
May 12, 2026
7.31
7.35
7.25
7.32
7.08
25,700
May 11, 2026
7.21
7.40
7.17
7.27
7.03
51,400
May 8, 2026
7.35
7.38
7.06
7.31
7.07
64,600
May 7, 2026
0.081 Dividend 

May 7, 2026
7.30
7.51
7.26
7.35
7.11
41,800
May 6, 2026
7.00
7.00
6.85
6.94
6.63
44,300
May 5, 2026
7.11
7.18
6.94
7.00
6.69
34,500
May 4, 2026
7.08
7.28
7.05
7.11
6.80
47,700
May 1, 2026
6.97
7.08
6.93
7.03
6.72
27,400
Apr 30, 2026
0.069 Dividend 

Apr 30, 2026
7.00
7.00
6.67
6.81
6.51
29,300
Apr 29, 2026
7.07
7.08
6.96
7.04
6.66
21,500
Apr 28, 2026
7.21
7.22
7.05
7.08
6.70
14,900
Apr 27, 2026
6.99
7.23
6.99
7.15
6.77
33,000
Apr 24, 2026
7.07
7.08
6.72
6.99
6.62
58,600
Apr 23, 2026
0.091 Dividend 

Apr 23, 2026
7.37
7.37
7.01
7.23
6.84
41,400
Apr 22, 2026
7.62
7.68
7.56
7.68
7.18
23,800
Apr 21, 2026
7.58
7.68
7.49
7.58
7.09
432,000
Apr 20, 2026
7.19
7.51
7.19
7.47
6.99
40,200
Apr 17, 2026
7.30
7.32
7.23
7.25
6.78
26,700
Apr 16, 2026
0.068 Dividend 

Apr 16, 2026
7.47
7.47
7.21
7.21
6.74
34,500
Apr 15, 2026
7.10
7.34
7.10
7.32
6.79
52,300
Apr 14, 2026
7.00
7.12
6.88
7.00
6.49
47,000
Apr 13, 2026
6.31
6.95
6.31
6.90
6.39
96,100
Apr 10, 2026
6.79
6.79
6.17
6.30
5.84
135,700
Apr 9, 2026
0.095 Dividend 

Apr 9, 2026
7.61
7.61
6.74
6.79
6.29
84,300
Apr 8, 2026
7.94
8.04
7.70
7.74
7.08
54,800
Apr 7, 2026
7.65
7.78
7.54
7.70
7.05
38,600
Apr 6, 2026
7.83
7.83
7.64
7.70
7.05
46,900
Apr 2, 2026
0.083 Dividend 

Apr 2, 2026
7.63
7.87
7.63
7.83
7.17
44,400
Apr 1, 2026
7.92
8.03
7.75
7.94
7.19
28,800
Mar 31, 2026
7.77
7.94
7.58
7.79
7.06
47,100
Mar 30, 2026
7.90
8.17
7.89
7.92
7.17
27,600
Mar 27, 2026
8.19
8.19
7.80
7.91
7.16
40,700
Mar 26, 2026
0.119 Dividend 

Mar 26, 2026
8.23
8.42
8.18
8.32
7.54
31,400
Mar 25, 2026
8.49
8.52
8.24
8.32
7.43
53,600
Mar 24, 2026
8.83
8.83
8.35
8.36
7.46
21,500
Mar 23, 2026
8.68
9.00
8.68
8.90
7.95
30,400
Mar 20, 2026
9.01
9.01
8.61
8.69
7.76
61,100
Mar 19, 2026
0.071 Dividend 

Mar 19, 2026
8.82
9.05
8.82
9.04
8.07
26,100
Mar 18, 2026
9.02
9.13
8.92
8.92
7.90
94,300
Mar 17, 2026
9.02
9.15
9.01
9.03
8.00
2,042,800
Mar 16, 2026
9.27
9.27
8.97
8.99
7.96
70,600
Mar 13, 2026
9.18
9.27
9.02
9.13
8.09
58,300
Mar 12, 2026
0.134 Dividend 

Mar 12, 2026
9.20
9.37
9.06
9.06
8.02
49,600
Mar 11, 2026
9.23
9.42
9.12
9.29
8.11
43,800
Mar 10, 2026
9.43
9.43
9.06
9.08
7.93
42,700
Mar 9, 2026
9.18
9.40
9.18
9.38
8.19
28,200
Mar 6, 2026
9.26
9.37
9.22
9.36
8.17
87,000
Mar 5, 2026
0.069 Dividend 

Mar 5, 2026
9.08
9.27
9.08
9.25
8.07
29,400
Mar 4, 2026
8.87
9.06
8.83
9.02
7.81
18,100
Mar 3, 2026
8.70
9.00
8.48
8.87
7.68
32,200
Mar 2, 2026
8.70
9.06
8.70
8.99
7.79
48,000
Feb 27, 2026
8.92
8.98
8.72
8.88
7.69
1,567,400
Feb 26, 2026
0.083 Dividend 

Feb 26, 2026
9.41
9.56
8.88
9.14
7.92
53,200
Feb 25, 2026
8.61
8.99
8.61
8.96
7.69
63,700
Feb 24, 2026
8.31
8.61
8.28
8.51
7.30
44,200
Feb 23, 2026
8.91
8.91
8.28
8.40
7.21
269,200
Feb 20, 2026
9.33
9.60
9.09
9.12
7.83
58,200
Feb 19, 2026
0.092 Dividend 

Feb 19, 2026
9.17
9.37
9.17
9.35
8.02
15,300
Feb 18, 2026
9.27
9.39
9.11
9.31
7.91
30,100
Feb 17, 2026
9.39
9.47
9.10
9.30
7.90
55,400
Feb 13, 2026
9.26
9.62
9.26
9.48
8.05
60,300
Feb 12, 2026
0.077 Dividend 

Feb 12, 2026
9.49
9.49
9.08
9.15
7.77
42,800
Feb 11, 2026
9.89
9.89
9.30
9.49
8.00
51,600
Feb 10, 2026
9.68
9.79
9.55
9.65
8.14
33,100
Feb 9, 2026
9.10
9.41
9.09
9.38
7.91
51,400
Feb 6, 2026
8.78
9.19
8.78
9.13
7.69
68,600
Feb 5, 2026
0.067 Dividend 

Feb 5, 2026
8.88
8.94
8.50
8.52
7.18
86,200
Feb 4, 2026
9.33
9.36
8.76
9.04
7.56
126,300
Feb 3, 2026
10.36
10.36
9.27
9.46
7.91
165,100
Feb 2, 2026
10.65
10.68
10.40
10.46
8.75
32,900
Jan 30, 2026
10.78
11.00
10.47
10.52
8.80
100,000
Jan 29, 2026
0.078 Dividend 

Jan 29, 2026
11.25
11.25
10.66
10.84
9.07
122,000
Jan 28, 2026
11.48
11.85
11.48
11.62
9.66
30,000
Jan 27, 2026
11.43
11.55
11.32
11.50
9.56
40,200
Jan 26, 2026
11.36
11.52
11.29
11.46
9.52
57,200
Jan 23, 2026
11.33
11.44
11.29
11.35
9.43
72,400
Jan 22, 2026
0.074 Dividend 

Jan 22, 2026
11.20
11.35
11.09
11.35
9.43
48,700
Jan 21, 2026
11.14
11.35
11.14
11.22
9.26
49,100
Jan 20, 2026
11.21
11.27
11.11
11.20
9.24
206,700
Jan 16, 2026
11.23
11.56
11.21
11.31
9.34
99,800
Jan 15, 2026
0.067 Dividend 

Jan 15, 2026
11.08
11.30
11.08
11.26
9.29
55,700
Jan 14, 2026
11.36
11.36
11.11
11.24
9.22
82,100
Jan 13, 2026
11.89
11.89
11.29
11.37
9.33
111,800
Jan 12, 2026
11.77
12.02
11.72
11.92
9.78
47,800
Jan 9, 2026
12.14
12.18
11.87
11.88
9.75
67,800
Jan 8, 2026
0.087 Dividend 

Jan 8, 2026
12.60
12.60
12.10
12.10
9.93
38,300
Jan 7, 2026
12.59
12.73
12.56
12.67
10.32
52,600
Jan 6, 2026
12.35
12.75
12.30
12.75
10.39
82,600
Jan 5, 2026
12.04
12.41
12.04
12.35
10.06
61,900
Jan 2, 2026
0.108 Dividend 

Jan 2, 2026
12.22
12.30
11.87
11.98
9.76
56,300
Dec 31, 2025
12.34
12.39
12.21
12.22
9.87
133,500
Dec 30, 2025
12.34
12.44
12.34
12.34
9.97
97,700
Dec 29, 2025
12.33
12.45
12.33
12.36
9.98
206,100
Dec 26, 2025
0.097 Dividend 

Dec 26, 2025
12.29
12.43
12.28
12.43
10.04
99,400
Dec 24, 2025
12.47
12.53
12.30
12.36
9.90
39,500
Dec 23, 2025
12.53
12.54
12.30
12.53
10.04
65,300
Dec 22, 2025
12.43
12.59
12.39
12.58
10.08
245,300
Dec 19, 2025
12.27
12.48
12.21
12.37
9.91
67,500
Dec 18, 2025
0.103 Dividend 

Dec 18, 2025
12.19
12.38
12.19
12.28
9.84
66,500
Dec 17, 2025
12.37
12.49
12.15
12.15
9.65
58,200
Dec 16, 2025
11.91
12.39
11.89
12.39
9.84
113,100
Dec 15, 2025
12.18
12.19
11.91
12.06
9.58
124,000
Dec 12, 2025
12.31
12.40
12.10
12.26
9.74
89,900
Dec 11, 2025
0.134 Dividend 

Dec 11, 2025
12.05
12.38
12.05
12.30
9.77
97,100
Dec 10, 2025
12.50
12.55
12.22
12.25
9.63
106,700
Dec 9, 2025
12.65
12.73
12.48
12.60
9.90
152,600
Dec 8, 2025
12.91
12.98
12.70
12.72
10.00
119,100
Dec 5, 2025
13.13
13.18
12.74
12.90
10.14
161,000
Dec 4, 2025
0.27 Dividend 

Dec 4, 2025
13.60
13.63
13.15
13.18
10.36
241,600
Dec 3, 2025
14.55
14.86
14.35
14.72
11.36
163,400
Dec 2, 2025
14.60
14.83
14.42
14.54
11.22
117,800
Dec 1, 2025
13.94
14.18
13.85
14.10
10.88
89,500
Nov 28, 2025
0.145 Dividend 

Nov 28, 2025
14.00
14.20
13.95
14.06
10.85
56,800
Nov 26, 2025
14.30
14.40
14.08
14.40
11.00
294,800
Nov 25, 2025
14.00
14.25
13.77
14.25
10.88
135,700
Nov 24, 2025
13.57
13.99
13.57
13.90
10.62
289,700
Nov 21, 2025
14.04
14.11
13.20
13.48
10.29
175,900
Nov 20, 2025
0.147 Dividend 

Nov 20, 2025
14.90
14.95
13.98
14.00
10.69
141,300
Nov 19, 2025
14.74
14.79
14.57
14.62
11.05
75,200
Nov 18, 2025
14.53
14.77
14.35
14.76
11.15
69,400
Nov 17, 2025
14.69
14.95
14.48
14.57
11.01
125,900
Nov 14, 2025
14.33
14.92
14.10
14.88
11.25
136,800
Nov 13, 2025
0.154 Dividend 

Nov 13, 2025
15.19
15.23
14.67
14.78
11.17
154,200
Nov 12, 2025
15.72
15.76
15.48
15.58
11.66
147,200
Nov 11, 2025
15.46
15.69
15.40
15.62
11.69
81,000
Nov 10, 2025
15.52
15.63
15.44
15.51
11.61
95,600
Nov 7, 2025
15.19
15.33
14.81
15.26
11.42
103,900
Nov 6, 2025
0.258 Dividend 

Nov 6, 2025
15.54
15.73
15.13
15.33
11.47
107,900
Nov 5, 2025
15.51
15.71
15.46
15.53
11.43
124,400
Nov 4, 2025
15.91
16.06
15.42
15.57
11.46
161,600
Nov 3, 2025
16.20
16.25
15.95
16.15
11.89
149,100
Oct 31, 2025
16.00
16.00
15.62
15.92
11.72
111,700
Oct 30, 2025
0.312 Dividend 

Oct 30, 2025
15.40
15.87
15.40
15.81
11.64
78,600
Oct 29, 2025
16.00
16.14
15.85
15.99
11.54
101,200
Oct 28, 2025
15.92
16.10
15.86
15.96
11.52
57,000
Oct 27, 2025
15.70
15.94
15.70
15.88
11.46
104,000
Oct 24, 2025
15.44
15.59
15.36
15.51
11.19
84,200
Oct 23, 2025
0.142 Dividend 

Oct 23, 2025
14.90
15.35
14.90
15.35
11.08
66,400
Oct 22, 2025
15.32
15.34
14.86
15.08
10.78
95,600
Oct 21, 2025
15.24
15.33
15.08
15.30
10.94
78,400
Oct 20, 2025
15.00
15.24
15.00
15.14
10.82
316,600
Oct 17, 2025
14.63
14.98
14.63
14.88
10.64
107,800
Oct 16, 2025
0.388 Dividend 

Oct 16, 2025
15.31
15.35
14.73
14.90
10.65
192,900
Oct 15, 2025
15.58
15.58
15.26
15.33
10.68
60,100
Oct 14, 2025
15.53
15.53
15.17
15.25
10.63
81,500
Oct 13, 2025
15.68
15.68
15.46
15.65
10.91
99,500
Oct 10, 2025
15.85
16.01
15.29
15.33
10.68
78,800
Oct 9, 2025
15.83
15.91
15.60
15.84
11.04
69,200
Oct 8, 2025
15.26
15.84
15.26
15.84
11.04
171,800
Oct 7, 2025
15.50
15.50
14.87
15.07
10.50
284,800
Oct 6, 2025
15.22
15.60
15.22
15.43
10.75
539,600
Oct 3, 2025
15.37
15.39
14.94
15.05
10.49
387,900
Oct 2, 2025
0.437 Dividend 

Oct 2, 2025
15.01
15.36
15.01
15.29
10.65
435,600
Oct 1, 2025
15.01
15.47
15.01
15.38
10.41
597,100
Sep 30, 2025
15.30
15.30
15.03
15.20
10.29
308,100
Sep 29, 2025
15.33
15.39
15.12
15.19
10.28
366,200
Sep 26, 2025
15.10
15.16
14.92
15.09
10.22
162,600
Sep 25, 2025
14.85
15.18
14.70
14.89
10.08
89,500
Sep 24, 2025
15.19
15.20
14.90
15.00
10.16
84,900
Sep 23, 2025
15.31
15.39
14.97
15.02
10.17
104,000
Sep 22, 2025
15.35
15.37
15.07
15.27
10.34
334,300
Sep 19, 2025
15.00
15.40
15.00
15.35
10.39
212,700
Sep 18, 2025
14.82
14.97
14.79
14.95
10.12
73,300
Sep 17, 2025
14.62
14.73
14.48
14.65
9.92
97,100
Sep 16, 2025
14.99
14.99
14.56
14.59
9.88
149,600
Sep 15, 2025
14.83
15.24
14.83
15.08
10.21
62,700
Sep 12, 2025
15.10
15.10
14.81
14.81
10.03
87,800
Sep 11, 2025
15.06
15.23
14.93
15.05
10.19
110,200
Sep 10, 2025
15.22
15.35
14.94
15.06
10.20
146,300
Sep 9, 2025
14.85
15.06
14.85
15.00
10.16
198,600
Sep 8, 2025
15.00
15.24
15.00
15.06
10.20
265,000
Sep 5, 2025
14.90
15.09
14.76
15.00
10.16
195,700
Sep 4, 2025
1.129 Dividend 

Sep 4, 2025
14.88
14.93
14.37
14.84
10.05
247,500
Sep 3, 2025
16.91
16.91
16.30
16.44
10.37
774,500
Sep 2, 2025
16.52
16.75
16.31
16.64
10.49
119,800
Aug 29, 2025
17.02
17.05
16.68
17.00
10.72
207,800
Aug 28, 2025
15.93
17.35
15.93
17.10
10.78
547,900
Aug 27, 2025
15.07
15.16
14.87
15.05
9.49
148,900
Aug 26, 2025
14.69
14.85
14.61
14.68
9.26
56,400
Aug 25, 2025
14.91
15.02
14.68
14.68
9.26
79,300
Aug 22, 2025
14.64
15.02
14.60
14.81
9.34
59,200
Aug 21, 2025
14.50
14.73
14.40
14.71
9.28
38,600
Aug 20, 2025
14.72
14.78
14.36
14.64
9.23
153,500
Aug 19, 2025
14.89
14.93
14.42
14.52
9.16
93,400
Aug 18, 2025
14.76
14.89
14.71
14.88
9.38
84,100
Aug 15, 2025
14.62
14.95
14.62
14.91
9.40
99,800
Aug 14, 2025
14.65
14.75
14.54
14.67
9.25
64,400
Aug 13, 2025
14.60
14.81
14.49
14.72
9.28
120,900
Aug 12, 2025
14.39
14.54
14.11
14.48
9.13
118,400
Aug 11, 2025
14.37
14.72
14.34
14.34
9.04
159,800
Aug 8, 2025
15.30
15.30
14.35
14.35
9.05
223,000
Aug 7, 2025
0.455 Dividend 

Aug 7, 2025
15.66
15.79
14.98
15.32
9.66
135,400
Aug 6, 2025
15.74
16.05
15.74
16.01
9.81
184,000
Aug 5, 2025
15.96
15.97
15.66
15.75
9.65
118,600
Aug 4, 2025
15.80
15.99
15.67
15.90
9.74
168,600
Aug 1, 2025
16.63
16.63
15.48
15.66
9.59
208,900
Jul 31, 2025
16.81
17.11
16.76
16.90
10.35
185,700
Jul 30, 2025
16.51
16.74
16.51
16.68
10.22
158,200
Jul 29, 2025
16.60
16.65
16.48
16.54
10.13
87,900
Jul 28, 2025
16.51
16.71
16.43
16.50
10.11
142,600
Jul 25, 2025
16.28
16.62
16.28
16.53
10.13
157,200
Jul 24, 2025
16.20
16.35
16.11
16.33
10.00
77,300
Jul 23, 2025
16.11
16.20
16.00
16.11
9.87
164,200
Jul 22, 2025
16.14
16.34
16.06
16.13
9.88
142,100
Jul 21, 2025
16.33
16.43
16.18
16.32
10.00
396,400
Jul 18, 2025
16.05
16.32
16.05
16.29
9.98
275,600
Jul 17, 2025
16.00
16.19
15.97
16.02
9.81
160,400
Jul 16, 2025
16.06
16.11
15.85
16.00
9.80
394,700
Jul 15, 2025
16.10
16.25
16.05
16.12
9.88
252,800
Jul 14, 2025
15.79
16.20
15.78
16.06
9.84
432,900
Jul 11, 2025
16.03
16.25
15.82
15.89
9.73
644,100
Jul 10, 2025
0.471 Dividend 

Jul 10, 2025
16.51
16.65
16.10
16.15
9.89
769,600
Jul 9, 2025
17.27
17.30
17.06
17.14
10.21
949,600
Jul 8, 2025
17.39
17.39
17.08
17.23
10.27
1,113,500
Jul 7, 2025
17.14
17.31
17.02
17.30
10.31
1,013,000
Jul 3, 2025
16.96
17.14
16.92
17.10
10.19
232,500
Jul 2, 2025
16.81
16.93
16.67
16.86
10.05
289,000
Jul 1, 2025
17.10
17.23
16.64
16.76
9.99
195,800
Jun 30, 2025
17.27
17.30
17.16
17.25
10.28
189,400
Jun 27, 2025
17.18
17.25
16.97
17.15
10.22
137,000
Jun 26, 2025
17.16
17.19
16.65
17.10
10.19
166,000
Jun 25, 2025
17.24
17.30
16.97
17.10
10.19
243,600
Jun 24, 2025
16.96
17.19
16.95
17.16
10.22
236,800
Jun 23, 2025
16.42
16.73
16.25
16.59
9.88
441,500
Jun 20, 2025
16.46
16.72
16.43
16.46
9.81
113,900
Jun 18, 2025
16.38
16.45
16.26
16.45
9.80
240,500
Jun 17, 2025
16.15
16.30
16.07
16.26
9.69
188,900
Jun 16, 2025
16.20
16.28
16.07
16.19
9.65
372,100
Jun 13, 2025
16.10
16.37
16.09
16.17
9.63
445,800
Jun 12, 2025
1.276 Dividend 

Jun 12, 2025
16.17
16.45
16.10
16.30
9.71
435,000
Jun 11, 2025
17.51
17.59
17.23
17.47
9.65
1,682,000
Jun 10, 2025
17.62
17.74
17.30
17.45
9.64
368,500
Jun 9, 2025
17.75
17.75
17.44
17.65
9.75
407,200
Jun 6, 2025
17.78
17.78
17.50
17.63
9.74
222,500
Jun 5, 2025
17.66
17.80
17.45
17.54
9.69
93,500
Jun 4, 2025
17.81
17.81
17.29
17.49
9.66
126,800
Jun 3, 2025
17.60
17.60
17.40
17.53
9.68
107,600
Jun 2, 2025
17.30
17.57
17.29
17.55
9.69
80,400
May 30, 2025
17.02
17.30
16.92
17.21
9.50
53,000
May 29, 2025
17.23
17.30
16.93
17.09
9.44
38,800
May 28, 2025
17.32
17.43
17.17
17.22
9.51
49,200
May 27, 2025
17.14
17.42
17.03
17.31
9.56
90,700
May 23, 2025
16.75
17.15
16.60
16.85
9.31
72,000
May 22, 2025
16.40
17.00
16.40
16.95
9.36
226,700
May 21, 2025
15.50
15.69
15.32
15.32
8.46
159,200
May 20, 2025
15.53
15.65
15.52
15.62
8.63
95,400
May 19, 2025
15.50
15.60
15.36
15.50
8.56
256,200
May 16, 2025
15.46
15.63
15.44
15.57
8.60
176,000
May 15, 2025
1.307 Dividend 

May 15, 2025
15.23
15.59
15.23
15.52
8.57
182,900
May 14, 2025
16.84
16.95
16.62
16.81
8.56
678,700
May 13, 2025
16.89
16.99
16.71
16.71
8.51
114,300
May 12, 2025
16.91
16.92
16.59
16.78
8.55
134,400
May 9, 2025
16.50
16.50
16.19
16.34
8.32
53,000
May 8, 2025
16.17
16.37
16.07
16.29
8.30
34,300
May 7, 2025
15.77
15.97
15.68
15.88
8.09
26,100
May 6, 2025
15.53
15.77
15.48
15.75
8.02
12,400
May 5, 2025
15.60
15.78
15.48
15.61
7.95
31,400
May 2, 2025
15.60
15.78
15.58
15.59
7.94
54,900
May 1, 2025
15.46
15.67
15.46
15.56
7.93
21,300
Apr 30, 2025
14.97
15.12
14.74
15.12
7.70
18,200
Apr 29, 2025
15.09
15.23
15.07
15.18
7.73
27,600
Apr 28, 2025
15.11
15.11
14.86
15.00
7.64
28,100
Apr 25, 2025
14.94
15.10
14.77
14.98
7.63
36,600
Apr 24, 2025
14.33
14.95
14.33
14.93
7.60
39,800
Apr 23, 2025
14.35
14.61
14.34
14.34
7.30
52,900
Apr 22, 2025
13.62
13.85
13.56
13.79
7.02
45,600
Apr 21, 2025
13.77
13.96
13.37
13.54
6.90
199,800
Apr 17, 2025
0.686 Dividend 

Apr 17, 2025
14.38
14.38
13.95
14.07
7.17
72,000
Apr 16, 2025
14.91
15.12
14.73
14.94
7.26
214,200
Apr 15, 2025
14.63
14.96
14.63
14.96
7.27
99,600
Apr 14, 2025
15.10
15.15
14.67
14.75
7.17
114,100
Apr 11, 2025
14.73
14.77
14.34
14.69
7.14
58,300
Apr 10, 2025
15.13
15.13
14.24
14.69
7.14
23,500
Apr 9, 2025
13.81
15.27
13.76
15.27
7.42
53,600
Apr 8, 2025
14.45
14.55
13.74
13.92
6.76
20,000
Apr 7, 2025
12.93
14.19
12.77
13.70
6.66
32,100
Apr 4, 2025
14.58
14.58
13.20
13.72
6.67
68,900
Apr 3, 2025
15.31
15.31
14.46
14.71
7.15
59,300
Apr 2, 2025
15.13
16.07
15.13
15.89
7.72
21,900
Apr 1, 2025
15.56
15.63
15.15
15.61
7.59
25,200
Mar 31, 2025
15.19
15.29
14.83
15.29
7.43
40,700
Mar 28, 2025
16.07
16.14
15.44
15.65
7.61
33,900
Mar 27, 2025
16.41
16.46
16.09
16.32
7.93
16,100
Mar 26, 2025
16.62
16.65
16.39
16.50
8.02
32,100
Mar 25, 2025
16.60
16.78
16.56
16.60
8.07
68,100
Mar 24, 2025
16.39
16.79
16.39
16.60
8.07
353,400
Mar 21, 2025
15.80
16.25
15.80
16.21
7.88
164,800
Mar 20, 2025
0.812 Dividend 

Mar 20, 2025
15.99
16.18
15.65
16.06
7.80
156,800
Mar 19, 2025
16.77
16.92
16.60
16.82
7.78
314,500
Mar 18, 2025
16.68
16.74
16.25
16.59
7.67
175,100
Mar 17, 2025
16.81
16.84
16.55
16.70
7.72
121,000
Mar 14, 2025
16.17
16.70
16.17
16.63
7.69
79,600
Mar 13, 2025
16.49
16.49
15.86
16.13
7.46
22,700
Mar 12, 2025
16.58
16.60
16.25
16.39
7.58
10,000
Mar 11, 2025
15.70
16.59
15.70
16.04
7.42
31,500
Mar 10, 2025
16.18
16.27
15.73
15.77
7.29
59,300
Mar 7, 2025
16.67
17.01
16.00
16.95
7.84
37,300
Mar 6, 2025
17.78
18.02
16.71
16.71
7.73
97,300
Mar 5, 2025
18.31
18.64
18.01
18.64
8.62
38,100
Mar 4, 2025
17.95
18.44
17.57
18.31
8.47
46,500
Mar 3, 2025
18.48
18.83
18.23
18.29
8.46
42,400
Feb 28, 2025
18.07
18.57
17.89
18.57
8.59
45,700
Feb 27, 2025
18.81
18.90
18.17
18.24
8.44
66,700
Feb 26, 2025
17.29
17.55
17.13
17.25
7.98
67,100
Feb 25, 2025
17.50
17.50
16.68
16.98
7.85
83,300
Feb 24, 2025
18.36
18.36
17.34
17.69
8.18
112,600
Feb 21, 2025
18.75
18.87
18.10
18.19
8.41
100,000
Feb 20, 2025
0.921 Dividend 

Feb 20, 2025
19.07
19.09
18.27
18.95
8.76
76,400
Feb 19, 2025
20.43
20.48
19.90
20.00
8.82
323,100
Feb 18, 2025
20.67
20.67
20.13
20.44
9.02
123,400
Feb 14, 2025
20.34
20.34
19.65
20.02
8.83
55,700
Feb 13, 2025
19.85
20.39
19.75
20.33
8.97
43,600
Feb 12, 2025
19.38
19.90
19.15
19.78
8.73
33,200
Feb 11, 2025
19.67
19.73
19.38
19.42
8.57
12,300
Feb 10, 2025
19.51
19.90
19.51
19.66
8.67
33,000
Feb 7, 2025
19.61
19.80
19.49
19.54
8.62
88,300
Feb 6, 2025
19.66
19.75
19.53
19.61
8.65
21,300
Feb 5, 2025
19.75
19.75
19.34
19.71
8.70
20,400
Feb 4, 2025
19.61
19.79
19.43
19.70
8.69
66,600
Feb 3, 2025
18.70
19.33
18.70
19.21
8.48
94,000
Jan 31, 2025
19.09
19.49
19.09
19.20
8.47
12,500
Jan 30, 2025
19.14
19.14
18.70
19.06
8.41
11,400
Jan 29, 2025
19.52
19.52
19.21
19.21
8.48
204,300
Jan 28, 2025
19.03
19.75
18.95
19.70
8.69
48,300
Jan 27, 2025
18.29
19.22
18.29
18.67
8.24
43,200
Jan 24, 2025
18.83
18.83
18.50
18.56
8.19
34,700
Jan 23, 2025
0.739 Dividend 

Jan 23, 2025
18.71
18.95
18.60
18.70
8.25
33,300
Jan 22, 2025
19.50
19.66
19.40
19.63
8.33
54,200
Jan 21, 2025
19.46
19.55
19.25
19.26
8.18
171,100
Jan 17, 2025
19.19
19.22
19.03
19.16
8.13
57,800
Jan 16, 2025
18.88
19.11
18.73
18.85
8.00
22,700
Jan 15, 2025
18.87
19.07
18.82
18.82
7.99
25,100
Jan 14, 2025
18.54
19.08
18.46
18.53
7.87
31,100
Jan 13, 2025
18.11
18.59
18.03
18.41
7.82
15,700
Jan 10, 2025
18.34
18.64
18.25
18.37
7.80
18,400
Jan 8, 2025
18.03
18.31
17.78
18.20
7.73
17,700
Jan 7, 2025
18.59
18.72
17.80
17.99
7.64
23,000
Jan 6, 2025
18.60
18.68
18.38
18.44
7.83
41,600
Jan 3, 2025
18.23
18.40
18.09
18.34
7.79
29,400
Jan 2, 2025
17.80
18.22
17.80
18.05
7.66
39,000
Dec 31, 2024
17.91
17.91
17.64
17.79
7.55
57,700
Dec 30, 2024
17.67
17.89
17.57
17.81
7.56
82,800
Dec 27, 2024
0.568 Dividend 

Dec 27, 2024
18.43
18.52
17.98
18.13
7.70
70,800
Dec 26, 2024
19.20
19.34
19.04
19.17
7.90
174,800
Dec 24, 2024
19.19
19.25
19.04
19.24
7.93
244,900
Dec 23, 2024
19.57
19.57
18.89
18.89
7.78
463,500
Dec 20, 2024
19.13
19.79
19.06
19.56
8.06
74,600
Dec 19, 2024
20.14
20.14
18.90
19.31
7.96
58,900
Dec 18, 2024
20.19
20.19
18.91
19.08
7.86
50,300
Dec 17, 2024
20.10
20.10
19.81
20.00
8.24
30,800
Dec 16, 2024
19.63
20.20
19.63
20.20
8.32
61,600
Dec 13, 2024
19.91
19.91
19.43
19.56
8.06
103,400
Dec 12, 2024
20.09
20.09
19.75
19.86
8.18
27,100
Dec 11, 2024
20.31
20.42
19.93
20.02
8.25
30,700
Dec 10, 2024
20.75
20.98
19.70
19.89
8.19
45,900
Dec 9, 2024
21.27
21.32
20.72
20.95
8.63
40,400
Dec 6, 2024
21.49
21.49
21.05
21.22
8.74
37,900
Dec 5, 2024
21.42
21.44
21.00
21.16
8.72
36,200
Dec 4, 2024
21.00
21.42
21.00
21.42
8.83
84,200
Dec 3, 2024
20.26
20.58
20.05
20.54
8.46
69,900
Dec 2, 2024
20.56
20.74
20.06
20.18
8.31
273,800
Nov 29, 2024
1.708 Dividend 

Nov 29, 2024
20.55
20.76
20.27
20.50
8.45
65,600
Nov 27, 2024
22.06
22.17
21.40
22.12
8.41
424,700
Nov 26, 2024
22.23
22.46
21.77
21.80
8.29
70,200
Nov 25, 2024
22.46
22.61
21.80
21.91
8.33
80,500
Nov 22, 2024
22.00
22.50
21.38
21.56
8.19
45,400
Nov 21, 2024
21.09
22.42
20.91
22.00
8.36
63,100
Nov 20, 2024
17.93
17.93
17.45
17.56
6.68
20,100
Nov 19, 2024
17.40
17.63
17.28
17.63
6.70
10,100
Nov 18, 2024
17.34
17.36
17.16
17.25
6.56
83,600
Nov 15, 2024
17.25
17.25
16.90
17.19
6.54
9,200
Nov 14, 2024
17.73
17.77
17.46
17.52
6.66
6,400
Nov 13, 2024
17.42
18.07
17.38
17.70
6.73
51,800
Nov 12, 2024
17.00
17.17
16.92
17.16
6.52
13,800
Nov 11, 2024
16.80
16.90
16.77
16.89
6.42
10,900
Nov 8, 2024
16.65
16.70
16.49
16.60
6.31
7,300
Nov 7, 2024
16.86
17.03
16.85
16.90
6.42
16,600
Nov 6, 2024
16.70
16.72
16.48
16.72
6.36
12,300
Nov 5, 2024
15.86
16.30
15.86
16.17
6.15
10,500
Nov 4, 2024
16.04
16.12
15.85
15.93
6.05
12,900
Nov 1, 2024
16.20
16.32
15.81
16.15
6.14
14,400
Oct 31, 2024
0.559 Dividend 

Oct 31, 2024
16.28
16.28
15.86
15.96
6.07
42,300
Oct 30, 2024
16.96
17.11
16.85
16.94
6.23
29,300
Oct 29, 2024
17.00
17.00
16.71
16.85
6.19
25,200
Oct 28, 2024
16.89
16.90
16.68
16.76
6.16
19,100
Oct 25, 2024
16.50
16.67
16.50
16.57
6.09
7,100
Oct 24, 2024
16.44
16.49
16.24
16.38
6.02
3,100
Oct 23, 2024
16.30
16.40
16.18
16.19
5.95
6,100
Oct 22, 2024
16.65
16.65
16.19
16.39
6.03
10,400
Oct 21, 2024
16.65
17.06
16.65
16.82
6.18
34,300
Oct 18, 2024
16.80
16.86
16.75
16.85
6.20
6,800
Oct 17, 2024
16.69
16.76
16.59
16.76
6.16
1,700
Oct 16, 2024
17.31
17.31
16.75
16.75
6.16
5,600
Oct 15, 2024
17.11
17.30
17.10
17.21
6.33
5,400
Oct 14, 2024
17.59
17.59
17.25
17.26
6.35
7,000
Oct 11, 2024
17.39
17.75
17.39
17.50
6.43
6,100
Oct 10, 2024
17.02
17.42
17.02
17.42
6.40
7,600
Oct 9, 2024
16.49
16.89
16.49
16.89
6.21
10,000
Oct 8, 2024
16.41
16.53
16.41
16.43
6.04
6,100
Oct 7, 2024
16.35
16.54
16.35
16.36
6.01
20,000
Oct 4, 2024
16.13
16.50
16.08
16.46
6.05
23,900
Oct 3, 2024
0.513 Dividend 

Oct 3, 2024
15.97
16.07
15.85
16.07
5.91
10,800
Oct 2, 2024
16.41
16.59
16.36
16.38
5.83
16,700
Oct 1, 2024
17.08
17.08
16.43
16.49
5.87
12,100
Sep 30, 2024
16.99
17.15
16.94
17.08
6.08
11,600
Sep 27, 2024
16.93
17.01
16.92
16.93
6.03
37,600
Sep 26, 2024
16.82
16.87
16.55
16.84
6.00
5,700
Sep 25, 2024
16.85
17.12
16.81
16.81
5.99
10,900
Sep 24, 2024
16.83
16.83
16.51
16.74
5.96
7,500
Sep 23, 2024
16.67
16.89
16.51
16.83
5.99
40,300
Sep 20, 2024
17.01
17.01
16.36
16.49
5.87
21,100
Sep 19, 2024
16.69
17.05
16.66
16.95
6.04
6,700
Sep 18, 2024
16.50
16.67
16.50
16.51
5.88
4,700
Sep 17, 2024
16.83
16.83
16.58
16.58
5.91
7,400
Sep 16, 2024
16.82
16.82
16.62
16.70
5.95
8,700
Sep 13, 2024
16.70
16.88
16.70
16.77
5.97
8,400
Sep 12, 2024
16.50
16.75
16.45
16.65
5.93
5,000
Sep 11, 2024
16.22
16.52
16.13
16.48
5.87
8,400
Sep 10, 2024
16.13
16.22
15.96
16.22
5.78
11,600
Sep 9, 2024
16.11
16.27
16.02
16.15
5.75
11,500
Sep 6, 2024
0.863 Dividend 

Sep 6, 2024
16.32
16.38
15.69
15.87
5.65
59,500
Sep 5, 2024
17.24
17.41
17.16
17.19
5.82
19,800
Sep 4, 2024
17.03
17.27
17.03
17.07
5.77
6,800
Sep 3, 2024
17.18
17.35
16.85
16.92
5.72
6,400
Aug 30, 2024
17.51
17.51
17.18
17.35
5.87
5,600
Aug 29, 2024
17.28
17.46
17.28
17.28
5.85
4,600
Aug 28, 2024
17.60
17.60
16.90
17.02
5.76
7,500
Aug 27, 2024
18.03
18.05
17.60
17.60
5.95
3,100
Aug 26, 2024
17.55
18.18
17.55
17.93
6.07
9,800
Aug 23, 2024
17.41
17.62
17.25
17.62
5.96
15,900
Aug 22, 2024
18.51
18.53
17.36
17.36
5.87
71,100
Aug 21, 2024
19.19
19.40
19.17
19.40
6.56
12,400
Aug 20, 2024
19.34
19.34
19.07
19.18
6.49
12,800
Aug 19, 2024
18.75
19.24
18.75
19.11
6.46
68,700
Aug 16, 2024
18.48
18.70
18.48
18.68
6.32
5,000
Aug 15, 2024
18.37
18.57
18.37
18.52
6.27
8,500
Aug 14, 2024
18.39
18.48
18.38
18.48
6.25
2,300
Aug 13, 2024
18.14
18.43
18.14
18.39
6.22
6,300
Aug 12, 2024
18.17
18.23
17.91
17.97
6.08
31,600
Aug 9, 2024
17.82
18.15
17.76
18.15
6.14
5,200
Aug 8, 2024
17.19
17.77
17.19
17.72
5.99
16,200
Aug 7, 2024
0.783 Dividend 

Aug 7, 2024
17.28
17.38
16.82
16.82
5.69
5,600
Aug 6, 2024
17.43
17.83
17.32
17.52
5.66
21,200
Aug 5, 2024
16.79
17.53
16.73
17.16
5.55
12,000
Aug 2, 2024
18.42
18.42
17.70
18.08
5.84
9,700
Aug 1, 2024
19.56
19.56
18.42
18.70
6.04
18,100
Jul 31, 2024
19.43
19.75
19.43
19.57
6.32
4,900
Jul 30, 2024
19.29
19.56
19.11
19.26
6.23
8,500
Jul 29, 2024
19.57
19.57
19.28
19.38
6.26
6,900
Jul 26, 2024
19.51
19.56
19.16
19.21
6.21
7,200
Jul 25, 2024
18.98
19.79
18.75
19.30
6.24
12,300
Jul 24, 2024
19.37
19.50
18.77
18.77
6.07
16,700
Jul 23, 2024
19.50
19.79
19.49
19.65
6.35
3,800
Jul 22, 2024
19.36
19.62
19.29
19.45
6.29
11,500
Jul 19, 2024
19.43
19.43
19.20
19.31
6.24
708,800
Jul 18, 2024
19.93
20.08
19.20
19.20
6.21
16,000
Jul 17, 2024
19.75
20.27
19.73
19.96
6.45
20,500
Jul 16, 2024
19.75
20.10
19.75
20.10
6.50
6,800
Jul 15, 2024
19.87
20.06
19.68
19.73
6.38
13,500
Jul 12, 2024
19.81
20.04
19.55
19.93
6.44
23,600
Jul 11, 2024
20.58
20.58
20.09
20.20
6.53
9,100
Jul 10, 2024
20.10
20.16
19.52
20.10
6.50
18,200
Jul 9, 2024
21.27
21.27
19.95
20.14
6.51
33,900
Jul 8, 2024
21.84
21.84
20.54
20.66
6.68
28,200
Jul 5, 2024
0.933 Dividend 

Jul 5, 2024
21.19
21.19
20.66
20.76
6.71
28,000
Jul 3, 2024
23.76
23.76
21.62
21.69
6.71
35,200
Jul 2, 2024
21.64
21.64
21.49
21.60
6.68
8,300
Jul 1, 2024
21.39
21.59
21.10
21.59
6.68
14,000
Jun 28, 2024
21.03
21.13
20.96
21.08
6.52
9,000
Jun 27, 2024
20.71
21.04
20.71
21.00
6.50
9,400
Jun 26, 2024
19.98
20.77
19.98
20.67
6.39
8,300
Jun 25, 2024
20.15
20.19
19.90
20.00
6.18
3,600
Jun 24, 2024
20.41
20.41
20.08
20.08
6.21
5,200
Jun 21, 2024
20.01
20.37
20.01
20.37
6.30
10,500
Jun 20, 2024
20.17
20.30
20.10
20.22
6.25
6,900
Jun 18, 2024
20.58
20.58
20.18
20.32
6.28
10,800
Jun 17, 2024
20.10
20.69
20.09
20.59
6.37
6,600
Jun 14, 2024
20.05
20.41
19.87
20.22
6.25
12,200
Jun 13, 2024
20.47
20.47
19.99
19.99
6.18
21,700
Jun 12, 2024
20.51
20.64
20.44
20.45
6.32
8,800
Jun 11, 2024
20.14
20.26
20.10
20.18
6.24
8,100
