Date
Open
High
Low
Close 

Adj Close 

Volume
Jun 5, 2026
102.46
102.46
95.70
96.34
96.34
24,500
Jun 4, 2026
103.45
107.04
101.83
106.38
106.38
22,500
Jun 3, 2026
1.021 Dividend 

Jun 3, 2026
107.95
108.20
104.37
107.29
107.29
27,300
Jun 2, 2026
104.86
107.40
103.87
107.38
106.36
22,900
Jun 1, 2026
100.01
102.83
99.84
101.70
100.73
28,900
May 29, 2026
101.84
102.61
99.78
100.53
99.57
10,500
May 28, 2026
98.90
101.96
98.28
101.28
100.32
13,000
May 27, 2026
103.29
103.29
98.18
99.80
98.85
19,900
May 26, 2026
98.91
101.01
98.91
101.01
100.05
25,200
May 22, 2026
94.34
96.00
94.06
95.10
94.20
14,700
May 21, 2026
91.91
93.05
91.50
93.00
92.11
20,600
May 20, 2026
89.91
91.77
89.36
91.19
90.32
9,700
May 19, 2026
86.12
88.82
84.89
87.22
86.39
24,200
May 18, 2026
90.15
90.68
86.19
87.27
86.44
18,800
May 15, 2026
89.87
90.19
88.50
89.09
88.25
13,500
May 14, 2026
91.44
92.68
91.44
92.41
91.53
10,100
May 13, 2026
90.53
92.00
90.00
91.21
90.34
15,300
May 12, 2026
89.50
90.72
86.74
89.37
88.52
25,000
May 11, 2026
91.01
91.80
90.49
91.69
90.82
13,900
May 8, 2026
87.46
90.01
87.46
90.00
89.14
12,800
May 7, 2026
88.01
88.12
86.00
86.49
85.67
32,300
May 6, 2026
0.83 Dividend 

May 6, 2026
86.95
89.22
86.05
89.22
88.37
26,500
May 5, 2026
84.33
86.10
84.20
85.87
84.23
23,600
May 4, 2026
84.15
84.27
82.33
83.20
81.61
25,800
May 1, 2026
82.10
83.67
82.10
83.33
81.74
25,300
Apr 30, 2026
81.51
82.93
81.11
82.93
81.34
10,500
Apr 29, 2026
79.94
80.96
79.94
80.64
79.10
10,500
Apr 28, 2026
79.06
79.90
78.38
79.26
77.75
17,200
Apr 27, 2026
83.01
83.01
80.67
81.51
79.95
14,600
Apr 24, 2026
82.42
83.12
81.58
82.83
81.25
15,400
Apr 23, 2026
79.16
80.25
78.30
79.01
77.50
20,900
Apr 22, 2026
76.65
77.97
76.65
77.82
76.34
13,000
Apr 21, 2026
76.33
76.67
75.51
75.52
74.08
26,200
Apr 20, 2026
75.87
75.88
75.01
75.88
74.43
13,300
Apr 17, 2026
74.15
75.50
74.15
75.04
73.61
9,100
Apr 16, 2026
73.10
73.72
72.23
73.42
72.01
8,500
Apr 15, 2026
72.51
72.81
71.15
72.77
71.39
14,400
Apr 14, 2026
73.04
73.04
72.00
72.81
71.42
16,300
Apr 13, 2026
70.52
71.86
70.52
71.66
70.30
13,400
Apr 10, 2026
71.00
71.39
70.45
70.68
69.33
12,400
Apr 9, 2026
68.95
69.86
68.83
69.83
68.50
10,600
Apr 8, 2026
0.654 Dividend 

Apr 8, 2026
68.15
68.80
67.58
68.74
67.42
13,700
Apr 7, 2026
65.15
65.89
64.78
65.88
63.98
7,200
Apr 6, 2026
65.36
65.50
64.72
65.39
63.51
10,900
Apr 2, 2026
62.88
64.71
62.60
64.71
62.85
10,200
Apr 1, 2026
63.87
65.63
63.87
64.93
63.06
15,600
Mar 31, 2026
61.07
63.39
61.07
63.21
61.39
18,000
Mar 30, 2026
63.01
63.01
59.62
60.18
58.45
20,100
Mar 27, 2026
62.78
62.91
61.96
62.03
60.25
11,200
Mar 26, 2026
65.03
65.03
63.30
63.30
61.48
7,500
Mar 25, 2026
65.97
66.20
65.50
65.88
63.98
7,000
Mar 24, 2026
63.89
65.35
63.89
64.84
62.97
6,000
Mar 23, 2026
64.35
65.49
64.04
64.04
62.19
16,900
Mar 20, 2026
64.14
64.20
62.69
63.04
61.22
7,800
Mar 19, 2026
62.93
64.86
62.50
64.37
62.51
12,100
Mar 18, 2026
64.71
65.12
64.17
64.17
62.32
7,300
Mar 17, 2026
64.56
64.73
64.31
64.47
62.61
100,000
Mar 16, 2026
64.12
64.59
63.95
64.00
62.16
6,700
Mar 13, 2026
63.44
63.71
62.71
62.79
60.98
5,700
Mar 12, 2026
64.37
64.37
62.74
62.88
61.07
19,200
Mar 11, 2026
65.74
65.74
64.69
64.99
63.12
10,500
Mar 10, 2026
66.10
66.10
64.38
64.68
62.82
6,100
Mar 9, 2026
61.00
63.95
61.00
63.95
62.11
11,800
Mar 6, 2026
62.50
63.87
62.00
62.06
60.27
7,100
Mar 5, 2026
64.22
65.35
63.00
64.03
62.18
13,800
Mar 4, 2026
0.673 Dividend 

Mar 4, 2026
65.00
65.39
64.37
64.87
63.00
13,400
Mar 3, 2026
65.22
65.45
63.91
64.85
62.33
31,400
Mar 2, 2026
66.16
67.60
65.76
67.40
64.78
13,100
Feb 27, 2026
67.00
67.66
66.77
67.50
64.87
106,400
Feb 26, 2026
70.15
70.15
66.93
68.28
65.62
11,200
Feb 25, 2026
70.18
70.55
69.97
70.45
67.71
13,700
Feb 24, 2026
69.08
69.65
69.08
69.33
66.63
13,800
Feb 23, 2026
68.60
68.86
67.51
68.26
65.60
12,900
Feb 20, 2026
67.40
69.12
67.40
68.91
66.23
13,000
Feb 19, 2026
68.21
68.21
67.43
67.93
65.29
6,300
Feb 18, 2026
68.01
69.06
68.01
68.62
65.95
8,100
Feb 17, 2026
67.44
68.04
66.50
67.56
64.93
16,100
Feb 13, 2026
67.92
68.31
66.80
68.04
65.39
25,100
Feb 12, 2026
69.38
69.38
67.17
67.55
64.92
29,900
Feb 11, 2026
68.13
69.15
67.34
69.15
66.46
15,700
Feb 10, 2026
67.30
67.50
66.72
67.17
64.56
10,300
Feb 9, 2026
63.21
67.46
63.21
67.11
64.49
10,000
Feb 6, 2026
64.86
66.40
64.86
66.40
63.82
6,000
Feb 5, 2026
62.92
63.76
62.19
63.20
60.74
10,500
Feb 4, 2026
0.671 Dividend 

Feb 4, 2026
65.00
65.27
62.30
63.49
61.02
19,800
Feb 3, 2026
67.13
67.61
64.54
66.06
62.85
23,300
Feb 2, 2026
65.70
67.57
65.70
67.26
63.99
28,500
Jan 30, 2026
67.64
67.64
65.71
66.08
62.87
10,200
Jan 29, 2026
68.05
68.50
66.34
68.31
64.99
7,800
Jan 28, 2026
68.64
68.69
68.17
68.58
65.24
8,900
Jan 27, 2026
66.72
67.93
66.72
67.56
64.28
15,000
Jan 26, 2026
65.80
66.36
65.76
66.22
63.00
17,200
Jan 23, 2026
66.50
66.74
65.98
66.30
63.07
8,100
Jan 22, 2026
68.09
68.09
66.61
66.89
63.64
13,200
Jan 21, 2026
65.34
66.85
65.34
66.59
63.35
9,600
Jan 20, 2026
65.12
65.63
64.50
64.70
61.55
14,400
Jan 16, 2026
66.39
66.50
65.79
65.94
62.73
8,000
Jan 15, 2026
65.69
66.05
65.25
65.25
62.07
8,000
Jan 14, 2026
63.38
63.91
63.38
63.91
60.80
4,000
Jan 13, 2026
64.41
64.74
64.23
64.66
61.51
6,800
Jan 12, 2026
63.92
64.59
63.78
64.59
61.45
9,200
Jan 9, 2026
63.40
64.31
63.20
64.31
61.18
5,500
Jan 8, 2026
63.63
63.63
61.70
62.61
59.56
6,100
Jan 7, 2026
63.27
63.67
63.25
63.63
60.53
4,100
Jan 6, 2026
63.30
63.75
62.80
63.74
60.64
7,900
Jan 5, 2026
62.94
63.08
62.10
62.39
59.35
13,600
Jan 2, 2026
60.78
61.79
60.78
61.66
58.66
10,600
Dec 31, 2025
0.605 Dividend 

Dec 31, 2025
60.36
60.36
59.46
59.46
56.56
18,400
Dec 30, 2025
60.37
60.85
60.29
60.45
56.93
17,800
Dec 29, 2025
59.90
60.70
59.90
60.44
56.93
5,400
Dec 26, 2025
60.36
60.83
60.36
60.61
57.08
3,800
Dec 24, 2025
60.15
60.46
60.15
60.37
56.85
3,100
Dec 23, 2025
59.96
60.32
59.53
60.16
56.66
15,000
Dec 22, 2025
59.91
59.91
59.49
59.53
56.07
5,400
Dec 19, 2025
59.13
59.41
59.08
59.14
55.70
2,000
Dec 18, 2025
58.16
58.30
57.85
57.97
54.59
3,500
Dec 17, 2025
58.29
58.29
56.64
56.64
53.34
4,200
Dec 16, 2025
58.85
58.85
58.21
58.64
55.23
5,200
Dec 15, 2025
59.88
59.88
58.63
58.69
55.28
3,800
Dec 12, 2025
59.20
59.70
59.00
59.00
55.57
2,800
Dec 11, 2025
60.73
61.42
60.53
61.33
57.76
3,200
Dec 10, 2025
61.26
61.99
60.95
61.96
58.36
5,400
Dec 9, 2025
60.78
61.42
60.78
61.31
57.75
4,100
Dec 8, 2025
61.30
61.31
60.70
61.25
57.69
4,900
Dec 5, 2025
60.77
61.02
60.50
60.52
57.00
4,900
Dec 4, 2025
60.70
60.70
59.85
60.08
56.58
5,800
Dec 3, 2025
0.595 Dividend 

Dec 3, 2025
59.67
60.65
59.38
60.47
56.95
8,000
Dec 2, 2025
60.61
60.81
59.92
60.69
56.60
9,100
Dec 1, 2025
59.11
59.96
58.73
59.82
55.79
5,600
Nov 28, 2025
59.28
59.44
58.76
59.43
55.43
6,200
Nov 26, 2025
58.18
59.05
58.10
58.83
54.86
3,100
Nov 25, 2025
56.69
57.56
56.13
57.56
53.68
18,000
Nov 24, 2025
56.08
57.73
56.08
57.58
53.70
4,600
Nov 21, 2025
55.16
56.18
54.28
55.54
51.79
5,000
Nov 20, 2025
58.95
59.18
55.37
55.37
51.64
7,100
Nov 19, 2025
57.74
58.12
57.16
57.72
53.83
6,600
Nov 18, 2025
56.86
57.02
56.21
56.67
52.85
3,100
Nov 17, 2025
58.60
58.79
57.34
57.68
53.79
7,200
Nov 14, 2025
56.92
58.88
56.92
58.29
54.36
5,400
Nov 13, 2025
59.45
59.45
57.71
58.18
54.26
9,600
Nov 12, 2025
60.13
60.13
59.55
59.84
55.81
3,900
Nov 11, 2025
59.40
59.58
59.31
59.36
55.36
4,200
Nov 10, 2025
60.09
60.48
59.68
60.47
56.40
6,900
Nov 7, 2025
58.78
58.78
57.04
58.68
54.72
10,900
Nov 6, 2025
60.33
60.33
59.00
59.24
55.25
9,700
Nov 5, 2025
0.621 Dividend 

Nov 5, 2025
59.40
61.28
59.40
60.59
56.51
10,600
Nov 4, 2025
61.05
61.57
60.10
60.10
55.47
7,000
Nov 3, 2025
62.45
62.60
62.03
62.17
57.38
11,500
Oct 31, 2025
62.21
62.47
61.33
62.10
57.32
7,400
Oct 30, 2025
62.38
62.52
61.80
61.80
57.04
4,800
Oct 29, 2025
62.36
62.95
62.30
62.46
57.65
8,500
Oct 28, 2025
61.25
61.71
61.02
61.71
56.96
3,200
Oct 27, 2025
60.62
61.45
60.62
61.31
56.58
8,500
Oct 24, 2025
60.00
60.23
59.78
60.04
55.41
13,300
Oct 23, 2025
57.61
59.26
57.61
59.04
54.49
5,700
Oct 22, 2025
59.08
59.08
57.58
58.04
53.57
3,600
Oct 21, 2025
59.69
59.69
59.00
59.16
54.60
3,200
Oct 20, 2025
59.54
59.92
59.50
59.60
55.01
3,300
Oct 17, 2025
58.90
58.90
58.58
58.76
54.23
1,000
Oct 16, 2025
59.07
59.37
58.38
58.77
54.25
1,900
Oct 15, 2025
58.15
58.51
58.15
58.40
53.90
1,800
Oct 14, 2025
57.15
58.10
57.15
57.22
52.81
72,000
Oct 13, 2025
57.91
58.32
57.41
58.32
53.82
3,300
Oct 10, 2025
59.04
59.04
55.93
55.93
51.62
5,400
Oct 9, 2025
58.98
58.98
58.55
58.85
54.31
2,500
Oct 8, 2025
0.59 Dividend 

Oct 8, 2025
57.79
59.18
57.53
59.18
54.62
5,800
Oct 7, 2025
59.73
59.73
58.09
58.16
53.14
7,500
Oct 6, 2025
59.86
59.86
59.08
59.08
53.98
1,800
Oct 3, 2025
58.45
58.58
58.13
58.17
53.15
1,800
Oct 2, 2025
58.29
58.30
58.29
58.30
53.26
600
Oct 1, 2025
57.52
57.63
57.30
57.63
52.65
1,600
Sep 30, 2025
56.09
56.43
56.09
56.43
51.55
1,000
Sep 29, 2025
56.30
56.30
56.01
56.01
51.17
900
Sep 26, 2025
55.65
55.83
55.47
55.83
51.01
1,400
Sep 25, 2025
54.89
55.92
54.78
55.72
50.90
2,000
Sep 24, 2025
55.63
55.79
55.63
55.76
50.94
2,400
Sep 23, 2025
55.94
56.27
55.68
55.85
51.02
2,100
Sep 22, 2025
55.16
55.85
55.10
55.85
51.02
6,100
Sep 19, 2025
54.76
55.03
54.76
54.93
50.19
1,200
Sep 18, 2025
54.70
55.40
54.70
55.24
50.47
5,800
Sep 17, 2025
53.88
54.20
53.75
53.90
49.25
1,900
Sep 16, 2025
54.41
54.41
53.98
54.19
49.51
2,400
Sep 15, 2025
53.63
54.08
53.53
54.05
49.38
3,300
Sep 12, 2025
53.55
53.60
53.55
53.60
48.96
400
Sep 11, 2025
53.50
53.55
53.50
53.55
48.92
400
Sep 10, 2025
53.08
53.30
53.03
53.16
48.57
1,900
Sep 9, 2025
52.60
52.75
52.60
52.75
48.20
500
Sep 8, 2025
52.70
52.70
52.50
52.51
47.97
2,800
Sep 5, 2025
52.18
52.28
51.46
52.03
47.54
1,500
Sep 4, 2025
50.83
51.55
50.70
51.55
47.09
2,600
Sep 3, 2025
0.521 Dividend 

Sep 3, 2025
50.99
50.99
50.53
50.95
46.55
3,000
Sep 2, 2025
51.12
51.49
50.91
51.49
46.56
10,200
Aug 29, 2025
51.99
52.07
51.98
52.06
47.08
1,800
Aug 28, 2025
53.43
53.51
53.43
53.51
48.39
600
Aug 27, 2025
52.99
53.19
52.99
53.19
48.10
1,400
Aug 26, 2025
53.11
53.11
53.01
53.01
47.94
800
Aug 25, 2025
52.53
52.83
52.53
52.61
47.57
800
Aug 22, 2025
51.98
52.72
51.98
52.51
47.48
1,500
Aug 21, 2025
51.47
51.47
51.47
51.47
46.55
600
Aug 20, 2025
51.75
51.75
50.88
51.72
46.77
1,200
Aug 19, 2025
52.93
52.93
51.99
51.99
47.02
3,700
Aug 18, 2025
52.81
52.96
52.73
52.96
47.89
1,200
Aug 15, 2025
52.97
52.97
52.44
52.67
47.63
1,200
Aug 14, 2025
53.16
53.60
53.16
53.60
48.47
2,500
Aug 13, 2025
53.51
53.79
53.51
53.54
48.42
2,800
Aug 12, 2025
52.68
53.43
52.68
53.37
48.26
2,700
Aug 11, 2025
53.00
53.00
52.47
52.47
47.45
2,300
Aug 8, 2025
52.23
52.44
52.23
52.44
47.42
1,000
Aug 7, 2025
52.50
52.50
51.83
52.05
47.07
3,500
Aug 6, 2025
0.525 Dividend 

Aug 6, 2025
51.11
51.48
50.95
51.40
46.48
6,100
Aug 5, 2025
52.26
52.26
51.86
52.12
46.66
9,300
Aug 4, 2025
52.21
52.48
52.17
52.48
46.98
3,600
Aug 1, 2025
51.00
51.87
51.00
51.67
46.26
7,100
Jul 31, 2025
53.37
53.37
52.33
52.33
46.85
2,400
Jul 30, 2025
53.68
54.05
53.68
53.82
48.18
1,700
Jul 29, 2025
53.92
53.93
53.36
53.43
47.83
2,600
Jul 28, 2025
53.32
53.44
53.20
53.41
47.81
2,000
Jul 25, 2025
52.66
52.85
52.66
52.85
47.31
600
Jul 24, 2025
52.82
52.83
52.82
52.83
47.30
1,200
Jul 23, 2025
52.09
52.47
52.09
52.47
46.97
800
Jul 22, 2025
52.04
52.42
51.80
52.32
46.83
2,500
Jul 21, 2025
52.98
53.52
52.98
53.19
47.62
5,100
Jul 18, 2025
53.18
53.18
53.04
53.08
47.52
1,300
Jul 17, 2025
53.01
53.44
53.01
53.34
47.75
2,900
Jul 16, 2025
52.71
53.03
52.24
53.03
47.47
2,100
Jul 15, 2025
53.47
53.56
53.37
53.37
47.78
2,700
Jul 14, 2025
52.62
52.78
52.50
52.69
47.17
2,800
Jul 11, 2025
52.57
53.15
52.57
52.92
47.38
1,600
Jul 10, 2025
52.80
52.90
52.74
52.90
47.36
2,500
Jul 9, 2025
52.72
52.75
52.51
52.65
47.13
5,300
Jul 8, 2025
52.08
52.59
52.08
52.40
46.91
2,800
Jul 7, 2025
52.04
52.26
51.82
51.96
46.52
5,200
Jul 3, 2025
52.17
52.64
52.17
52.44
46.95
2,100
Jul 2, 2025
0.525 Dividend 

Jul 2, 2025
51.56
52.15
51.25
52.15
46.69
4,300
Jul 1, 2025
52.43
52.43
51.74
52.12
46.19
2,900
Jun 30, 2025
52.23
52.63
52.23
52.55
46.57
3,200
Jun 27, 2025
52.66
52.66
52.07
52.40
46.44
1,600
Jun 26, 2025
52.15
52.25
52.15
52.20
46.26
700
Jun 25, 2025
51.88
51.92
51.88
51.92
46.01
1,100
Jun 24, 2025
51.48
51.49
51.48
51.49
45.63
800
Jun 23, 2025
49.97
50.07
49.97
50.07
44.38
1,200
Jun 20, 2025
50.13
50.17
49.27
49.62
43.97
3,400
Jun 18, 2025
50.08
50.11
49.92
49.92
44.24
2,900
Jun 17, 2025
50.12
50.19
49.76
49.76
44.10
1,900
Jun 16, 2025
49.21
50.14
49.21
49.99
44.30
2,500
Jun 13, 2025
49.47
49.47
48.88
48.88
43.32
600
Jun 12, 2025
49.63
49.88
49.63
49.88
44.20
1,100
Jun 11, 2025
49.66
49.66
49.48
49.63
43.99
1,400
Jun 10, 2025
48.92
49.56
48.92
49.56
43.92
2,200
Jun 9, 2025
48.71
49.03
48.71
48.85
43.29
4,500
Jun 6, 2025
48.41
48.44
48.21
48.21
42.72
1,200
Jun 5, 2025
48.36
48.76
48.02
48.02
42.55
3,700
Jun 4, 2025
0.472 Dividend 

Jun 4, 2025
48.06
48.17
48.00
48.12
42.64
4,900
Jun 3, 2025
47.38
48.15
47.22
48.13
42.24
6,300
Jun 2, 2025
46.75
47.17
46.75
47.17
41.39
2,700
May 30, 2025
46.20
46.64
46.16
46.64
40.93
1,500
May 29, 2025
47.86
47.86
47.19
47.29
41.50
2,700
May 28, 2025
47.62
47.62
47.08
47.08
41.32
800
May 27, 2025
47.33
47.52
47.25
47.32
41.53
1,500
May 23, 2025
45.84
46.07
45.80
46.07
40.43
2,300
May 22, 2025
46.60
46.69
46.59
46.69
40.97
600
May 21, 2025
46.94
46.94
46.53
46.72
41.00
1,400
May 20, 2025
47.17
47.28
46.99
47.28
41.48
1,300
May 19, 2025
46.72
47.32
46.72
47.32
41.53
1,900
May 16, 2025
47.36
47.38
47.27
47.38
41.57
1,200
May 15, 2025
47.49
47.62
47.28
47.40
41.59
3,000
May 14, 2025
47.41
47.58
47.41
47.51
41.69
1,600
May 13, 2025
46.35
47.07
46.35
47.07
41.31
3,800
May 12, 2025
46.14
46.15
45.64
46.13
40.48
6,000
May 9, 2025
44.20
44.38
44.20
44.38
38.94
1,600
May 8, 2025
43.96
44.51
43.94
44.17
38.76
4,600
May 7, 2025
0.438 Dividend 

May 7, 2025
42.97
43.85
42.97
43.85
38.48
2,200
May 6, 2025
43.60
43.90
43.53
43.65
37.92
3,800
May 5, 2025
43.88
44.14
43.88
43.92
38.15
6,200
May 2, 2025
43.67
44.28
43.67
44.09
38.30
3,800
May 1, 2025
43.26
43.39
42.97
42.97
37.33
2,500
Apr 30, 2025
41.49
42.77
41.49
42.74
37.13
1,800
Apr 29, 2025
42.38
42.51
42.38
42.51
36.93
800
Apr 28, 2025
42.46
42.59
41.97
42.46
36.88
4,200
Apr 25, 2025
42.20
42.78
41.99
42.70
37.10
2,900
Apr 24, 2025
41.85
42.17
41.82
42.17
36.64
4,900
Apr 23, 2025
40.72
41.13
40.36
40.56
35.24
1,900
Apr 22, 2025
39.11
39.19
39.11
39.16
34.02
700
Apr 21, 2025
38.22
38.41
37.81
38.41
33.36
3,700
Apr 17, 2025
39.32
39.32
39.32
39.32
34.16
300
Apr 16, 2025
39.90
39.90
38.91
39.53
34.34
2,900
Apr 15, 2025
41.06
41.20
41.06
41.17
35.77
900
Apr 14, 2025
41.80
41.80
40.35
40.84
35.48
2,100
Apr 11, 2025
39.83
40.84
39.83
40.84
35.48
1,600
Apr 10, 2025
39.88
40.03
38.76
39.73
34.52
1,900
Apr 9, 2025
37.10
42.40
37.10
42.40
36.83
6,300
Apr 8, 2025
38.94
39.28
36.33
36.33
31.56
3,100
Apr 7, 2025
35.02
37.37
35.02
37.30
32.40
2,300
Apr 4, 2025
38.24
38.24
36.62
36.62
31.81
2,100
Apr 3, 2025
40.93
41.17
39.42
39.42
34.24
2,800
Apr 2, 2025
0.427 Dividend 

Apr 2, 2025
41.81
42.93
41.80
42.85
37.23
5,200
Apr 1, 2025
42.59
42.99
42.24
42.97
36.96
3,600
Mar 31, 2025
41.85
42.71
41.85
42.71
36.73
2,600
Mar 28, 2025
43.65
43.65
42.85
42.90
36.89
2,700
Mar 27, 2025
44.06
44.24
43.88
43.88
37.74
800
Mar 26, 2025
45.90
45.90
44.42
44.60
38.36
2,900
Mar 25, 2025
46.10
46.23
46.04
46.04
39.60
1,400
Mar 24, 2025
46.08
46.37
46.06
46.28
39.80
2,300
Mar 21, 2025
44.82
45.26
44.82
45.26
38.93
1,300
Mar 20, 2025
45.31
45.72
45.31
45.67
39.28
2,200
Mar 19, 2025
45.43
45.92
45.43
45.67
39.28
2,700
Mar 18, 2025
45.34
45.34
45.22
45.22
38.90
500
Mar 17, 2025
45.50
46.12
45.33
45.92
39.50
4,900
Mar 14, 2025
45.00
45.46
44.90
45.46
39.10
4,900
Mar 13, 2025
44.24
44.24
44.05
44.05
37.88
1,700
Mar 12, 2025
44.44
44.70
44.00
44.31
38.11
2,000
Mar 11, 2025
43.60
44.01
42.75
43.26
37.21
4,700
Mar 10, 2025
44.01
44.01
42.85
43.14
37.10
3,100
Mar 7, 2025
44.23
45.23
44.21
45.23
38.91
2,500
Mar 6, 2025
44.16
44.67
44.00
44.11
37.94
5,600
Mar 5, 2025
0.488 Dividend 

Mar 5, 2025
45.09
46.00
45.09
45.97
39.54
5,700
Mar 4, 2025
44.88
46.11
44.69
45.48
38.70
8,900
Mar 3, 2025
47.05
47.05
44.93
45.10
38.37
5,800
Feb 28, 2025
46.52
47.17
46.52
47.04
40.03
4,200
Feb 27, 2025
49.38
49.38
46.44
46.44
39.51
3,000
Feb 26, 2025
49.03
49.23
48.66
49.15
41.82
1,600
Feb 25, 2025
48.77
48.78
47.86
48.03
40.87
6,000
Feb 24, 2025
49.40
50.03
49.08
49.08
41.76
4,500
Feb 21, 2025
51.12
51.12
50.07
50.20
42.71
1,700
Feb 20, 2025
51.14
51.49
51.08
51.49
43.81
1,500
Feb 19, 2025
51.55
51.59
51.49
51.59
43.90
1,200
Feb 18, 2025
51.87
51.87
51.45
51.53
43.84
2,400
Feb 14, 2025
50.85
51.27
50.85
51.27
43.62
2,600
Feb 13, 2025
50.80
51.15
50.76
51.15
43.52
2,800
Feb 12, 2025
50.12
50.54
50.12
50.54
43.00
1,800
Feb 11, 2025
50.54
50.91
50.54
50.72
43.15
1,700
Feb 10, 2025
50.05
50.72
50.05
50.72
43.15
5,000
Feb 7, 2025
50.50
50.50
49.72
49.87
42.43
4,900
Feb 6, 2025
50.00
50.42
50.00
50.42
42.90
3,500
Feb 5, 2025
0.488 Dividend 

Feb 5, 2025
49.19
50.09
49.19
50.09
42.62
2,600
Feb 4, 2025
48.88
49.60
48.88
49.51
41.71
15,400
Feb 3, 2025
48.21
49.29
48.21
48.86
41.16
8,600
Jan 31, 2025
50.50
51.00
49.69
49.74
41.91
7,900
Jan 30, 2025
49.47
49.99
49.30
49.84
41.99
15,500
Jan 29, 2025
49.40
49.40
48.19
48.69
41.02
2,600
Jan 28, 2025
47.98
48.84
47.78
48.84
41.14
2,500
Jan 27, 2025
49.53
49.54
47.27
47.75
40.23
19,500
Jan 24, 2025
53.38
53.38
52.60
52.64
44.35
2,900
Jan 23, 2025
52.74
53.38
52.74
53.38
44.97
1,700
Jan 22, 2025
53.67
53.81
53.61
53.69
45.23
1,900
Jan 21, 2025
52.20
52.88
51.97
52.64
44.35
3,400
Jan 17, 2025
51.81
51.90
51.59
51.90
43.72
1,800
Jan 16, 2025
51.50
51.58
51.15
51.16
43.10
3,400
Jan 15, 2025
50.30
50.82
50.30
50.77
42.77
2,500
Jan 14, 2025
50.05
50.05
49.46
49.81
41.96
3,400
Jan 13, 2025
48.95
49.73
48.95
49.73
41.90
3,300
Jan 10, 2025
50.36
50.36
49.71
50.04
42.16
6,000
Jan 8, 2025
0.526 Dividend 

Jan 8, 2025
50.88
51.05
50.59
50.97
42.94
4,300
Jan 7, 2025
52.68
52.68
51.56
51.56
42.99
7,500
Jan 6, 2025
52.60
53.00
52.44
52.58
43.85
10,200
Jan 3, 2025
50.64
51.43
50.64
51.30
42.78
5,800
Jan 2, 2025
49.83
50.34
49.62
50.04
41.73
2,500
Dec 31, 2024
50.19
50.19
49.50
49.51
41.28
3,300
Dec 30, 2024
49.99
50.41
49.61
50.04
41.73
3,200
Dec 27, 2024
50.66
50.66
50.06
50.56
42.16
3,500
Dec 26, 2024
50.94
51.23
50.82
51.05
42.57
8,900
Dec 24, 2024
50.89
50.99
50.89
50.95
42.49
1,500
Dec 23, 2024
50.05
50.56
49.80
50.56
42.16
3,500
Dec 20, 2024
48.41
49.66
48.41
49.24
41.06
2,400
Dec 19, 2024
49.03
49.08
48.63
48.63
40.55
2,600
Dec 18, 2024
50.77
51.19
49.19
49.35
41.16
7,200
Dec 17, 2024
51.15
51.15
50.06
50.51
42.12
4,600
Dec 16, 2024
50.84
51.22
50.50
51.06
42.58
4,800
Dec 13, 2024
50.72
50.93
50.07
50.50
42.11
4,900
Dec 12, 2024
49.60
49.60
49.36
49.51
41.29
1,900
Dec 11, 2024
49.48
49.93
49.48
49.82
41.54
4,400
Dec 10, 2024
49.70
49.70
48.76
48.81
40.70
4,700
Dec 9, 2024
50.27
50.33
49.73
49.80
41.53
7,900
Dec 6, 2024
50.02
50.35
49.99
50.16
41.83
11,900
Dec 5, 2024
50.82
50.82
50.00
50.02
41.71
8,000
Dec 4, 2024
50.87
50.87
50.40
50.75
42.32
7,800
Dec 3, 2024
50.00
50.14
49.92
50.10
41.78
8,800
