Date
Open
High
Low
Close 

Adj Close 

Volume
May 26, 2026
56.48
56.62
56.50
56.60
56.60
14,116
May 22, 2026
56.44
56.51
56.34
56.36
56.36
12,600
May 21, 2026
56.10
56.29
56.06
56.24
56.24
6,100
May 20, 2026
56.03
56.14
55.93
56.14
56.14
8,000
May 19, 2026
55.88
55.96
55.76
55.82
55.82
5,200
May 18, 2026
55.95
56.17
55.84
55.99
55.99
7,600
May 15, 2026
56.14
56.19
55.99
56.01
56.01
5,300
May 14, 2026
56.25
56.36
56.22
56.33
56.33
12,800
May 13, 2026
55.87
56.10
55.87
56.07
56.07
13,700
May 12, 2026
55.80
55.91
55.67
55.91
55.91
5,000
May 11, 2026
55.85
55.99
55.81
55.90
55.90
13,900
May 8, 2026
55.79
55.86
55.77
55.85
55.85
3,700
May 7, 2026
55.78
55.78
55.55
55.59
55.59
6,200
May 6, 2026
55.47
55.68
55.46
55.68
55.68
11,500
May 5, 2026
55.11
55.33
55.11
55.25
55.25
8,300
May 4, 2026
55.02
55.15
54.83
54.94
54.94
17,200
May 1, 2026
55.19
55.34
55.16
55.16
55.16
7,900
Apr 30, 2026
54.88
55.07
54.87
55.03
55.03
13,800
Apr 29, 2026
0.359 Dividend 

Apr 29, 2026
54.86
54.87
54.72
54.80
54.80
5,200
Apr 28, 2026
55.15
55.21
55.12
55.17
54.82
8,800
Apr 27, 2026
55.18
55.27
55.18
55.25
54.89
6,700
Apr 24, 2026
55.10
55.24
55.10
55.24
54.88
5,700
Apr 23, 2026
55.13
55.16
54.85
55.03
54.67
7,200
Apr 22, 2026
54.99
55.12
54.99
55.12
54.76
4,200
Apr 21, 2026
55.08
55.09
54.84
54.84
54.48
8,600
Apr 20, 2026
54.98
55.03
54.91
54.95
54.59
6,600
Apr 17, 2026
54.95
55.11
54.95
55.03
54.67
10,600
Apr 16, 2026
54.75
54.81
54.69
54.78
54.43
7,700
Apr 15, 2026
54.71
54.74
54.59
54.73
54.37
5,100
Apr 14, 2026
54.32
54.58
54.32
54.54
54.18
15,900
Apr 13, 2026
54.00
54.26
53.95
54.26
53.91
12,300
Apr 10, 2026
54.08
54.12
53.97
53.97
53.62
7,500
Apr 9, 2026
53.87
54.06
53.76
54.05
53.70
7,900
Apr 8, 2026
53.83
53.88
53.68
53.79
53.44
18,000
Apr 7, 2026
53.01
53.06
52.70
53.06
52.71
21,400
Apr 6, 2026
52.93
53.06
52.88
53.03
52.69
9,600
Apr 2, 2026
52.50
52.91
52.41
52.90
52.56
5,000
Apr 1, 2026
52.88
52.99
52.71
52.90
52.56
5,700
Mar 31, 2026
52.00
52.63
52.00
52.61
52.26
7,500
Mar 30, 2026
52.03
52.03
51.56
51.70
51.36
14,200
Mar 27, 2026
52.30
52.30
51.86
51.86
51.52
15,600
Mar 26, 2026
52.88
52.97
52.45
52.45
52.11
18,000
Mar 25, 2026
0.347 Dividend 

Mar 25, 2026
53.24
53.24
53.09
53.09
52.75
13,800
Mar 24, 2026
53.16
53.43
53.10
53.24
52.55
16,900
Mar 23, 2026
53.43
53.72
53.35
53.35
52.66
18,700
Mar 20, 2026
53.50
53.50
52.83
53.00
52.31
5,800
Mar 19, 2026
53.42
53.58
53.34
53.56
52.86
9,600
Mar 18, 2026
54.12
54.29
53.67
53.67
52.97
9,400
Mar 17, 2026
54.36
54.36
54.14
54.19
53.49
5,800
Mar 16, 2026
54.07
54.19
54.03
54.07
53.37
6,000
Mar 13, 2026
54.07
54.21
53.70
53.72
53.02
6,000
Mar 12, 2026
54.17
54.17
53.91
53.91
53.21
17,000
Mar 11, 2026
54.76
54.76
54.35
54.50
53.79
14,200
Mar 10, 2026
54.54
54.82
54.46
54.55
53.84
5,700
Mar 9, 2026
53.82
54.59
53.74
54.59
53.88
16,200
Mar 6, 2026
54.35
54.46
54.17
54.24
53.54
8,900
Mar 5, 2026
54.80
54.95
54.46
54.76
54.05
39,300
Mar 4, 2026
54.84
55.05
54.70
54.99
54.28
38,100
Mar 3, 2026
54.33
54.79
54.08
54.67
53.96
8,600
Mar 2, 2026
54.53
55.03
54.53
54.98
54.27
12,200
Feb 27, 2026
54.78
54.95
54.67
54.95
54.23
13,500
Feb 26, 2026
55.43
55.43
54.85
55.10
54.38
15,500
Feb 25, 2026
0.358 Dividend 

Feb 25, 2026
55.23
55.39
55.20
55.37
54.66
12,900
Feb 24, 2026
54.94
55.44
54.94
55.43
54.36
15,600
Feb 23, 2026
55.46
55.46
55.02
55.12
54.05
16,100
Feb 20, 2026
55.01
55.50
55.01
55.45
54.38
7,700
Feb 19, 2026
55.08
55.31
55.08
55.26
54.19
5,700
Feb 18, 2026
55.14
55.48
55.14
55.40
54.33
9,400
Feb 17, 2026
55.01
55.24
54.72
55.11
54.04
9,300
Feb 13, 2026
55.08
55.28
54.90
55.08
54.01
11,500
Feb 12, 2026
55.76
55.76
55.02
55.05
53.98
8,300
Feb 11, 2026
55.83
55.83
55.53
55.67
54.59
10,100
Feb 10, 2026
55.66
55.80
55.58
55.61
54.53
6,800
Feb 9, 2026
55.47
55.81
55.43
55.71
54.63
7,900
Feb 6, 2026
55.15
55.54
55.15
55.54
54.46
4,200
Feb 5, 2026
54.92
54.99
54.69
54.82
53.76
6,500
Feb 4, 2026
55.36
55.43
55.06
55.22
54.15
8,400
Feb 3, 2026
55.69
55.69
55.11
55.38
54.31
27,100
Feb 2, 2026
55.36
55.75
55.36
55.69
54.61
11,900
Jan 30, 2026
55.47
55.57
55.26
55.41
54.34
13,000
Jan 29, 2026
55.68
55.68
55.00
55.61
54.53
11,200
Jan 28, 2026
0.363 Dividend 

Jan 28, 2026
55.73
55.73
55.56
55.57
54.49
8,100
Jan 27, 2026
55.92
56.04
55.92
55.99
54.55
9,200
Jan 26, 2026
55.70
55.90
55.70
55.80
54.37
27,000
Jan 23, 2026
55.54
55.68
55.41
55.64
54.21
12,900
Jan 22, 2026
55.61
55.69
55.48
55.60
54.17
7,800
Jan 21, 2026
55.03
55.55
54.94
55.35
53.92
32,500
Jan 20, 2026
55.18
55.29
54.85
54.86
53.45
13,300
Jan 16, 2026
55.78
55.79
55.61
55.69
54.26
6,600
Jan 15, 2026
55.75
55.84
55.63
55.63
54.20
7,500
Jan 14, 2026
55.68
55.68
55.35
55.53
54.10
17,700
Jan 13, 2026
55.84
55.84
55.65
55.76
54.33
22,200
Jan 12, 2026
55.62
55.82
55.62
55.82
54.38
8,700
Jan 9, 2026
55.59
55.78
55.53
55.78
54.34
6,000
Jan 8, 2026
55.50
55.54
55.43
55.54
54.11
13,200
Jan 7, 2026
55.66
55.72
55.51
55.51
54.08
17,000
Jan 6, 2026
55.48
55.66
55.48
55.64
54.21
11,000
Jan 5, 2026
55.30
55.47
55.30
55.37
53.95
16,000
Jan 2, 2026
55.25
55.38
55.05
55.21
53.79
12,800
Dec 31, 2025
55.45
55.45
55.10
55.10
53.68
22,000
Dec 30, 2025
55.49
55.54
55.38
55.42
53.99
7,200
Dec 29, 2025
55.45
55.57
55.39
55.49
54.06
7,700
Dec 26, 2025
55.63
55.67
55.55
55.62
54.19
12,600
Dec 24, 2025
0.361 Dividend 

Dec 24, 2025
55.35
55.60
55.35
55.58
54.16
3,300
Dec 23, 2025
55.57
55.82
55.57
55.82
54.03
14,300
Dec 22, 2025
55.57
55.60
55.45
55.58
53.80
4,000
Dec 19, 2025
55.07
55.32
55.07
55.25
53.48
10,000
Dec 18, 2025
54.89
55.12
54.78
54.86
53.10
10,100
Dec 17, 2025
55.13
55.15
54.58
54.58
52.83
5,700
Dec 16, 2025
55.00
55.14
54.77
55.10
53.34
6,400
Dec 15, 2025
56.04
56.04
55.10
55.17
53.40
16,600
Dec 12, 2025
55.50
55.61
55.09
55.22
53.45
6,900
Dec 11, 2025
55.39
55.60
55.29
55.58
53.80
35,300
Dec 10, 2025
55.23
55.51
55.18
55.49
53.71
11,900
Dec 9, 2025
55.20
55.37
55.20
55.24
53.48
10,000
Dec 8, 2025
55.36
55.36
55.17
55.26
53.49
20,000
Dec 5, 2025
55.40
55.46
55.30
55.34
53.56
2,600
Dec 4, 2025
55.24
55.28
55.16
55.24
53.47
7,200
Dec 3, 2025
55.07
55.26
55.04
55.24
53.47
5,500
Dec 2, 2025
55.13
55.22
55.04
55.13
53.37
7,600
Dec 1, 2025
54.85
55.14
54.85
55.01
53.25
12,900
Nov 28, 2025
55.06
55.17
55.06
55.17
53.40
5,000
Nov 26, 2025
0.355 Dividend 

Nov 26, 2025
54.87
55.08
54.77
55.00
53.24
4,900
Nov 25, 2025
54.40
55.03
54.40
55.03
52.93
5,100
Nov 24, 2025
54.16
54.65
54.16
54.59
52.50
18,100
Nov 21, 2025
53.75
54.26
53.59
53.99
51.92
13,800
Nov 20, 2025
54.94
55.00
53.66
53.66
51.61
22,800
Nov 19, 2025
54.19
54.48
54.03
54.26
52.18
28,400
Nov 18, 2025
54.11
54.36
53.81
54.13
52.06
6,500
Nov 17, 2025
54.84
54.89
54.28
54.39
52.31
4,600
Nov 14, 2025
54.19
54.95
54.19
54.74
52.65
9,400
Nov 13, 2025
55.28
55.28
54.70
54.73
52.64
3,900
Nov 12, 2025
55.44
55.44
55.30
55.40
53.28
2,900
Nov 11, 2025
55.19
55.40
55.19
55.37
53.25
2,300
Nov 10, 2025
55.13
55.31
55.00
55.29
53.18
3,800
Nov 7, 2025
54.44
54.64
54.18
54.64
52.55
4,700
Nov 6, 2025
54.77
54.92
54.60
54.62
52.53
4,400
Nov 5, 2025
54.82
55.23
54.82
55.12
53.01
3,400
Nov 4, 2025
54.98
55.15
54.88
54.88
52.78
12,100
Nov 3, 2025
55.30
55.40
55.15
55.29
53.17
6,300
Oct 31, 2025
55.55
55.55
55.17
55.28
53.16
2,300
Oct 30, 2025
55.32
55.37
55.16
55.16
53.05
2,400
Oct 29, 2025
55.65
55.65
55.39
55.42
53.29
3,300
Oct 28, 2025
55.49
55.51
55.35
55.48
53.36
4,100
Oct 27, 2025
55.35
55.38
55.28
55.38
53.27
3,800
Oct 24, 2025
54.93
55.08
54.93
55.02
52.92
4,700
Oct 23, 2025
54.62
54.80
54.51
54.74
52.64
1,700
Oct 22, 2025
0.358 Dividend 

Oct 22, 2025
54.66
54.70
54.34
54.51
52.42
15,000
Oct 21, 2025
55.07
55.13
55.01
55.06
52.61
2,700
Oct 20, 2025
54.76
55.07
54.76
55.05
52.60
3,500
Oct 17, 2025
54.37
54.68
54.24
54.63
52.20
3,400
Oct 16, 2025
54.70
54.74
54.35
54.38
51.95
5,200
Oct 15, 2025
54.75
54.87
54.41
54.61
52.18
3,100
Oct 14, 2025
54.03
54.65
54.00
54.46
52.04
2,600
Oct 13, 2025
54.46
54.59
54.37
54.55
52.12
7,400
Oct 10, 2025
55.04
55.06
53.95
53.95
51.54
7,300
Oct 9, 2025
55.01
55.28
54.87
54.91
52.47
43,300
Oct 8, 2025
54.96
55.02
54.94
55.02
52.57
1,900
Oct 7, 2025
54.95
54.98
54.75
54.82
52.38
1,900
Oct 6, 2025
54.81
55.01
54.81
54.94
52.50
5,500
Oct 3, 2025
54.87
54.93
54.78
54.84
52.40
37,500
Oct 2, 2025
54.92
54.92
54.70
54.80
52.36
10,200
Oct 1, 2025
54.63
54.82
54.60
54.79
52.35
2,400
Sep 30, 2025
54.64
54.67
54.50
54.67
52.24
9,600
Sep 29, 2025
54.69
54.69
54.49
54.54
52.12
6,700
Sep 26, 2025
54.37
54.47
54.31
54.45
52.03
6,900
Sep 25, 2025
54.34
54.34
54.10
54.23
51.82
3,600
Sep 24, 2025
0.357 Dividend 

Sep 24, 2025
54.43
54.51
54.34
54.39
51.97
3,400
Sep 23, 2025
55.00
55.00
54.74
54.79
52.01
4,700
Sep 22, 2025
54.81
54.99
54.81
54.96
52.17
5,400
Sep 19, 2025
54.78
54.83
54.71
54.83
52.04
5,000
Sep 18, 2025
54.81
54.81
54.64
54.72
51.94
5,600
Sep 17, 2025
54.61
54.61
54.48
54.57
51.80
7,500
Sep 16, 2025
54.64
54.64
54.51
54.56
51.79
8,600
Sep 15, 2025
54.68
54.68
54.56
54.56
51.80
13,100
Sep 12, 2025
54.57
54.57
54.40
54.47
51.70
4,000
Sep 11, 2025
54.31
54.46
54.31
54.45
51.69
4,000
Sep 10, 2025
54.22
54.26
54.16
54.16
51.41
2,900
Sep 9, 2025
53.98
54.07
53.96
54.06
51.32
3,200
Sep 8, 2025
53.87
54.04
53.87
54.03
51.29
8,100
Sep 5, 2025
54.07
54.07
53.71
53.88
51.14
4,700
Sep 4, 2025
53.79
53.96
53.73
53.96
51.22
2,700
Sep 3, 2025
53.60
53.65
53.55
53.65
50.93
5,400
Sep 2, 2025
53.40
53.47
53.24
53.47
50.76
2,800
Aug 29, 2025
53.72
53.75
53.61
53.71
50.98
2,200
Aug 28, 2025
53.81
53.94
53.81
53.90
51.17
1,200
Aug 27, 2025
53.77
53.79
53.70
53.78
51.06
4,400
Aug 26, 2025
53.64
53.67
53.47
53.67
50.95
12,500
Aug 25, 2025
53.57
53.67
53.57
53.58
50.86
2,200
Aug 22, 2025
53.27
53.74
53.27
53.65
50.93
8,400
Aug 21, 2025
53.13
53.18
53.04
53.07
50.38
6,100
Aug 20, 2025
0.35 Dividend 

Aug 20, 2025
53.41
53.41
53.00
53.25
50.55
10,500
Aug 19, 2025
53.97
53.97
53.62
53.65
50.59
4,400
Aug 18, 2025
53.87
53.89
53.80
53.85
50.78
6,700
Aug 15, 2025
53.86
53.92
53.83
53.83
50.76
4,300
Aug 14, 2025
53.83
53.91
53.79
53.91
50.84
3,000
Aug 13, 2025
53.73
53.92
53.73
53.92
50.85
4,200
Aug 12, 2025
53.62
53.78
53.57
53.78
50.72
2,500
Aug 11, 2025
53.39
53.47
53.34
53.35
50.31
16,900
Aug 8, 2025
53.37
53.50
53.37
53.45
50.40
1,800
Aug 7, 2025
53.30
53.30
52.98
53.13
50.11
3,800
Aug 6, 2025
52.91
53.16
52.91
53.16
50.13
2,000
Aug 5, 2025
53.08
53.21
52.86
52.92
49.91
10,300
Aug 4, 2025
52.77
53.06
52.77
53.06
50.04
4,300
Aug 1, 2025
52.88
52.88
52.51
52.51
49.52
3,500
Jul 31, 2025
53.71
53.71
53.07
53.07
50.05
3,900
Jul 30, 2025
53.43
53.59
53.18
53.18
50.15
5,400
Jul 29, 2025
53.48
53.48
53.24
53.24
50.21
3,400
Jul 28, 2025
53.48
53.48
53.29
53.29
50.26
1,700
Jul 25, 2025
53.16
53.34
53.16
53.28
50.25
3,200
Jul 24, 2025
53.21
53.25
53.16
53.18
50.16
4,600
Jul 23, 2025
0.345 Dividend 

Jul 23, 2025
52.96
53.08
52.95
53.08
50.06
3,800
Jul 22, 2025
53.16
53.25
53.09
53.24
49.88
7,400
Jul 21, 2025
53.22
53.34
53.16
53.16
49.81
8,400
Jul 18, 2025
53.37
53.42
53.06
53.06
49.71
3,900
Jul 17, 2025
53.01
53.14
53.01
53.08
49.74
3,500
Jul 16, 2025
52.94
52.95
52.74
52.87
49.53
1,900
Jul 15, 2025
53.05
53.05
52.78
52.78
49.45
5,200
Jul 14, 2025
52.74
52.90
52.69
52.87
49.53
4,900
Jul 11, 2025
52.96
52.96
52.69
52.83
49.50
1,700
Jul 10, 2025
52.84
52.96
52.81
52.90
49.57
5,100
Jul 9, 2025
52.81
52.87
52.69
52.87
49.54
4,700
Jul 8, 2025
52.73
52.73
52.54
52.59
49.27
3,300
Jul 7, 2025
52.84
52.84
52.52
52.57
49.25
1,800
Jul 3, 2025
52.96
52.96
52.78
52.80
49.47
6,600
Jul 2, 2025
52.51
52.56
52.39
52.56
49.25
1,800
Jul 1, 2025
52.36
52.46
52.29
52.44
49.13
2,800
Jun 30, 2025
52.63
52.63
52.30
52.47
49.16
5,300
Jun 27, 2025
52.37
52.37
52.11
52.33
49.03
1,800
Jun 26, 2025
52.10
52.17
52.09
52.13
48.84
1,700
Jun 25, 2025
0.337 Dividend 

Jun 25, 2025
52.08
52.08
51.86
51.88
48.60
3,800
Jun 24, 2025
52.10
52.21
52.10
52.21
48.60
400
Jun 23, 2025
51.35
51.81
51.35
51.81
48.23
3,500
Jun 20, 2025
51.59
51.59
51.34
51.45
47.89
1,100
Jun 18, 2025
51.67
51.72
51.52
51.52
47.96
4,600
Jun 17, 2025
51.78
51.78
51.55
51.55
47.99
2,000
Jun 16, 2025
51.88
51.92
51.82
51.84
48.26
1,500
Jun 13, 2025
51.64
51.68
51.38
51.48
47.92
2,300
Jun 12, 2025
51.82
51.84
51.81
51.83
48.25
1,600
Jun 11, 2025
51.85
51.85
51.71
51.71
48.14
400
Jun 10, 2025
51.65
51.85
51.65
51.79
48.21
1,800
Jun 9, 2025
51.79
51.79
51.56
51.62
48.05
5,100
Jun 6, 2025
51.61
51.64
51.53
51.58
48.02
3,800
Jun 5, 2025
51.28
51.54
51.19
51.19
47.65
7,400
Jun 4, 2025
51.51
51.51
51.31
51.34
47.79
1,500
Jun 3, 2025
51.14
51.41
51.14
51.33
47.79
1,400
Jun 2, 2025
50.94
51.09
50.94
51.09
47.56
600
May 30, 2025
50.97
50.99
50.80
50.99
47.47
3,200
May 29, 2025
50.95
50.97
50.90
50.94
47.43
900
May 28, 2025
50.95
51.01
50.83
50.83
47.32
1,300
May 27, 2025
50.68
50.95
50.68
50.95
47.43
1,600
