Date
Open
High
Low
Close 

Adj Close 

Volume
Jun 5, 2026
53.76
53.76
52.65
52.77
52.77
4,768,900
Jun 4, 2026
53.69
54.04
53.64
53.98
53.98
2,741,900
Jun 3, 2026
54.05
54.05
53.76
53.80
53.80
2,582,900
Jun 2, 2026
53.95
54.11
53.92
54.07
54.07
2,115,800
Jun 1, 2026
53.90
54.09
53.79
53.99
53.99
3,943,200
May 29, 2026
53.88
53.96
53.83
53.89
53.89
2,122,900
May 28, 2026
53.64
53.84
53.60
53.82
53.82
2,748,100
May 27, 2026
53.62
53.66
53.54
53.65
53.65
2,756,500
May 26, 2026
53.61
53.68
53.52
53.61
53.61
2,716,300
May 22, 2026
53.38
53.53
53.33
53.38
53.38
3,424,400
May 21, 2026
53.01
53.33
52.98
53.26
53.26
3,126,100
May 20, 2026
0.535 Dividend 

May 20, 2026
52.90
53.16
52.79
53.16
53.16
2,619,100
May 19, 2026
53.38
53.50
53.21
53.33
52.80
3,226,200
May 18, 2026
53.57
53.66
53.28
53.54
53.00
4,023,400
May 15, 2026
53.63
53.73
53.47
53.53
52.99
3,144,900
May 14, 2026
53.69
53.96
53.69
53.92
53.38
2,263,700
May 13, 2026
53.48
53.71
53.32
53.65
53.11
2,018,000
May 12, 2026
53.38
53.49
53.12
53.46
52.92
2,445,100
May 11, 2026
53.35
53.56
53.35
53.49
52.95
3,030,400
May 8, 2026
53.30
53.42
53.27
53.41
52.87
2,878,800
May 7, 2026
53.28
53.33
53.01
53.13
52.60
2,597,000
May 6, 2026
52.94
53.25
52.94
53.20
52.67
2,747,400
May 5, 2026
52.62
52.78
52.61
52.70
52.17
2,660,800
May 4, 2026
52.50
52.63
52.21
52.40
51.87
2,841,600
May 1, 2026
52.56
52.76
52.51
52.51
51.99
2,213,400
Apr 30, 2026
52.27
52.46
52.10
52.40
51.87
2,225,100
Apr 29, 2026
52.15
52.17
52.01
52.14
51.62
2,584,000
Apr 28, 2026
52.13
52.18
52.03
52.15
51.63
2,137,800
Apr 27, 2026
52.18
52.29
52.15
52.28
51.75
2,783,300
Apr 24, 2026
52.10
52.22
51.99
52.20
51.68
3,006,300
Apr 23, 2026
52.00
52.13
51.67
51.97
51.45
4,114,700
Apr 22, 2026
0.525 Dividend 

Apr 22, 2026
52.00
52.10
51.95
52.08
51.56
2,491,400
Apr 21, 2026
52.61
52.62
52.21
52.29
51.25
4,104,200
Apr 20, 2026
52.50
52.55
52.37
52.49
51.44
3,160,800
Apr 17, 2026
52.36
52.64
52.36
52.55
51.50
3,855,500
Apr 16, 2026
52.13
52.22
52.02
52.20
51.16
2,964,500
Apr 15, 2026
51.94
52.12
51.86
52.10
51.06
5,408,800
Apr 14, 2026
51.58
51.86
51.56
51.86
50.82
3,690,700
Apr 13, 2026
51.01
51.48
50.97
51.47
50.44
5,004,600
Apr 10, 2026
51.21
51.24
51.06
51.11
50.09
3,736,900
Apr 9, 2026
50.82
51.18
50.78
51.13
50.10
4,850,800
Apr 8, 2026
50.93
51.01
50.64
50.87
49.85
5,814,500
Apr 7, 2026
49.83
49.93
49.41
49.93
48.93
5,560,800
Apr 6, 2026
49.77
49.96
49.71
49.93
48.93
3,650,800
Apr 2, 2026
49.09
49.81
49.01
49.72
48.73
5,750,100
Apr 1, 2026
49.61
49.87
49.51
49.65
48.65
4,313,300
Mar 31, 2026
48.50
49.43
48.44
49.37
48.38
5,845,800
Mar 30, 2026
48.54
48.59
47.77
47.97
47.02
4,209,100
Mar 27, 2026
48.74
48.76
48.06
48.14
47.18
6,071,700
Mar 26, 2026
49.45
49.68
48.94
48.97
47.99
4,528,600
Mar 25, 2026
49.95
50.12
49.64
49.81
48.82
4,347,300
Mar 24, 2026
49.41
49.83
49.31
49.56
48.57
4,808,600
Mar 23, 2026
49.83
50.23
49.60
49.71
48.72
7,358,700
Mar 20, 2026
49.84
49.84
48.92
49.27
48.29
7,429,700
Mar 19, 2026
49.71
50.13
49.53
49.90
48.91
6,157,100
Mar 18, 2026
0.51 Dividend 

Mar 18, 2026
50.53
50.60
50.00
50.03
49.03
4,810,500
Mar 17, 2026
51.28
51.43
51.13
51.20
49.68
3,515,100
Mar 16, 2026
51.00
51.25
50.91
51.05
49.53
4,421,000
Mar 13, 2026
51.00
51.23
50.47
50.53
49.03
7,282,400
Mar 12, 2026
51.14
51.16
50.77
50.79
49.28
4,837,500
Mar 11, 2026
51.53
51.73
51.28
51.48
49.95
4,677,800
Mar 10, 2026
51.55
51.94
51.37
51.51
49.98
5,950,900
Mar 9, 2026
50.80
51.69
50.50
51.60
50.07
9,026,100
Mar 6, 2026
51.21
51.42
50.99
51.15
49.63
5,198,100
Mar 5, 2026
51.82
52.04
51.38
51.78
50.24
5,812,400
Mar 4, 2026
51.78
52.13
51.65
52.02
50.47
3,898,300
Mar 3, 2026
51.41
51.85
50.97
51.69
50.15
10,743,800
Mar 2, 2026
51.60
52.21
51.56
52.07
50.52
8,085,700
Feb 27, 2026
51.88
52.12
51.75
52.09
50.54
3,420,600
Feb 26, 2026
52.55
52.55
51.94
52.29
50.74
3,557,100
Feb 25, 2026
52.29
52.54
52.29
52.51
50.95
3,464,000
Feb 24, 2026
51.73
52.19
51.60
52.13
50.58
3,678,000
Feb 23, 2026
52.14
52.26
51.61
51.77
50.23
5,577,800
Feb 20, 2026
51.79
52.26
51.72
52.23
50.68
9,007,000
Feb 19, 2026
51.84
51.99
51.69
51.91
50.37
4,998,600
Feb 18, 2026
0.522 Dividend 

Feb 18, 2026
51.84
52.19
51.77
52.00
50.45
3,723,800
Feb 17, 2026
52.08
52.43
51.78
52.29
50.23
5,506,100
Feb 13, 2026
52.25
52.50
51.88
52.19
50.13
4,859,200
Feb 12, 2026
52.99
53.05
52.09
52.16
50.10
3,767,500
Feb 11, 2026
53.10
53.13
52.65
52.83
50.75
3,899,200
Feb 10, 2026
53.02
53.08
52.80
52.83
50.75
2,598,700
Feb 9, 2026
52.64
53.04
52.57
52.93
50.84
3,156,600
Feb 6, 2026
52.10
52.81
52.08
52.71
50.63
3,689,600
Feb 5, 2026
52.12
52.23
51.70
51.83
49.79
6,496,100
Feb 4, 2026
52.69
52.74
52.11
52.40
50.33
5,938,900
Feb 3, 2026
53.05
53.06
52.26
52.62
50.55
5,621,800
Feb 2, 2026
52.60
53.05
52.58
52.97
50.88
4,969,300
Jan 30, 2026
52.77
52.85
52.44
52.71
50.63
4,577,500
Jan 29, 2026
52.90
52.93
52.25
52.82
50.74
4,246,200
Jan 28, 2026
52.94
52.98
52.78
52.86
50.78
3,316,500
Jan 27, 2026
52.80
52.93
52.77
52.87
50.79
2,655,900
Jan 26, 2026
52.58
52.80
52.56
52.71
50.63
3,653,500
Jan 23, 2026
52.44
52.61
52.38
52.52
50.45
4,245,100
Jan 22, 2026
52.52
52.58
52.34
52.47
50.41
4,204,300
Jan 21, 2026
0.531 Dividend 

Jan 21, 2026
51.92
52.42
51.77
52.24
50.18
5,332,300
Jan 20, 2026
52.50
52.71
52.18
52.26
49.69
7,114,200
Jan 16, 2026
53.23
53.26
53.01
53.10
50.49
4,054,600
Jan 15, 2026
53.30
53.30
53.06
53.12
50.51
2,946,500
Jan 14, 2026
53.00
53.05
52.74
53.01
50.40
4,449,400
Jan 13, 2026
53.27
53.29
53.05
53.17
50.56
3,563,500
Jan 12, 2026
53.00
53.29
53.00
53.25
50.63
3,020,700
Jan 9, 2026
53.02
53.25
52.94
53.19
50.57
2,859,900
Jan 8, 2026
52.89
53.00
52.81
52.94
50.34
2,604,900
Jan 7, 2026
53.07
53.15
52.91
52.93
50.33
2,483,000
Jan 6, 2026
52.89
53.06
52.85
53.04
50.43
3,452,800
Jan 5, 2026
52.79
52.92
52.76
52.83
50.24
3,620,300
Jan 2, 2026
52.74
52.78
52.40
52.59
50.00
3,096,300
Dec 31, 2025
52.86
52.86
52.47
52.53
49.95
2,106,400
Dec 30, 2025
52.82
52.92
52.79
52.82
50.22
1,520,500
Dec 29, 2025
52.85
52.93
52.74
52.87
50.27
1,984,800
Dec 26, 2025
52.98
53.06
52.93
53.00
50.39
2,694,800
Dec 24, 2025
0.532 Dividend 

Dec 24, 2025
52.85
53.01
52.81
52.98
50.37
1,268,100
Dec 23, 2025
53.10
53.38
53.09
53.37
50.24
2,744,700
Dec 22, 2025
53.07
53.18
53.00
53.16
50.04
2,683,900
Dec 19, 2025
52.57
52.88
52.57
52.85
49.75
2,622,500
Dec 18, 2025
52.50
52.70
52.29
52.42
49.35
1,886,300
Dec 17, 2025
52.66
52.67
52.03
52.04
48.99
2,707,700
Dec 16, 2025
52.63
52.69
52.28
52.57
49.49
2,413,400
Dec 15, 2025
52.98
53.03
52.56
52.68
49.59
2,074,200
Dec 12, 2025
53.16
53.16
52.52
52.73
49.64
2,861,700
Dec 11, 2025
52.91
53.15
52.71
53.15
50.03
1,826,700
Dec 10, 2025
52.71
53.12
52.62
53.04
49.93
2,384,400
Dec 9, 2025
52.73
52.88
52.71
52.74
49.65
2,152,600
Dec 8, 2025
52.96
52.96
52.63
52.77
49.67
2,912,200
Dec 5, 2025
52.87
53.02
52.81
52.89
49.79
2,289,200
Dec 4, 2025
52.84
52.84
52.60
52.80
49.70
1,895,100
Dec 3, 2025
52.54
52.80
52.47
52.74
49.65
2,151,700
Dec 2, 2025
52.60
52.72
52.44
52.58
49.50
1,965,300
Dec 1, 2025
52.39
52.66
52.37
52.49
49.41
2,315,200
Nov 28, 2025
52.49
52.68
52.46
52.67
49.58
1,468,500
Nov 26, 2025
0.522 Dividend 

Nov 26, 2025
52.26
52.53
52.20
52.40
49.33
2,006,100
Nov 25, 2025
52.14
52.67
51.83
52.59
49.01
2,330,600
Nov 24, 2025
51.71
52.24
51.61
52.15
48.60
2,428,200
Nov 21, 2025
51.10
51.80
50.78
51.42
47.92
3,757,300
Nov 20, 2025
52.43
52.60
50.88
50.92
47.46
5,899,000
Nov 19, 2025
51.52
52.02
51.38
51.67
48.15
3,170,800
Nov 18, 2025
51.61
51.83
51.15
51.48
47.98
3,680,500
Nov 17, 2025
52.17
52.42
51.62
51.88
48.35
2,566,700
Nov 14, 2025
51.84
52.54
51.67
52.29
48.73
3,138,300
Nov 13, 2025
52.81
52.86
52.17
52.28
48.72
3,530,200
Nov 12, 2025
53.10
53.10
52.86
53.02
49.41
2,208,800
Nov 11, 2025
52.80
53.01
52.72
52.98
49.38
1,654,200
Nov 10, 2025
52.64
52.91
52.48
52.87
49.27
2,822,900
Nov 7, 2025
51.94
52.17
51.47
52.17
48.62
2,547,200
Nov 6, 2025
52.56
52.57
52.00
52.10
48.56
3,200,600
Nov 5, 2025
52.39
52.80
52.35
52.59
49.01
1,855,100
Nov 4, 2025
52.45
52.69
52.35
52.42
48.86
2,874,100
Nov 3, 2025
53.06
53.07
52.65
52.89
49.29
1,908,000
Oct 31, 2025
52.98
52.98
52.65
52.81
49.22
2,000,200
Oct 30, 2025
52.87
52.96
52.69
52.70
49.12
2,780,900
Oct 29, 2025
53.05
53.08
52.79
52.99
49.39
4,462,800
Oct 28, 2025
53.00
53.05
52.90
52.98
49.38
2,002,900
Oct 27, 2025
52.82
52.93
52.79
52.91
49.31
2,272,800
Oct 24, 2025
52.51
52.60
52.47
52.54
48.97
2,330,400
Oct 23, 2025
52.02
52.30
52.01
52.24
48.69
2,523,400
Oct 22, 2025
0.527 Dividend 

Oct 22, 2025
52.21
52.21
51.69
52.00
48.46
4,179,800
Oct 21, 2025
52.72
52.79
52.61
52.71
48.63
2,314,300
Oct 20, 2025
52.40
52.72
52.40
52.68
48.61
2,413,800
Oct 17, 2025
51.85
52.28
51.76
52.21
48.17
3,172,400
Oct 16, 2025
52.39
52.43
51.69
51.92
47.90
4,268,900
Oct 15, 2025
52.36
52.54
51.85
52.25
48.21
2,876,600
Oct 14, 2025
51.73
52.29
51.46
52.07
48.04
4,736,800
Oct 13, 2025
51.97
52.21
51.89
52.15
48.12
3,147,300
Oct 10, 2025
52.65
52.73
51.42
51.45
47.47
6,456,100
Oct 9, 2025
52.70
52.72
52.46
52.59
48.52
3,252,600
Oct 8, 2025
52.51
52.67
52.46
52.67
48.60
1,962,600
Oct 7, 2025
52.64
52.65
52.35
52.45
48.39
2,860,300
Oct 6, 2025
52.55
52.61
52.45
52.58
48.51
2,974,600
Oct 3, 2025
52.45
52.60
52.36
52.43
48.38
2,585,400
Oct 2, 2025
52.52
52.56
52.28
52.41
48.36
2,270,000
Oct 1, 2025
52.10
52.44
52.09
52.40
48.35
1,672,200
Sep 30, 2025
52.16
52.30
52.10
52.30
48.26
2,039,800
Sep 29, 2025
52.20
52.24
52.12
52.19
48.15
1,906,800
Sep 26, 2025
52.01
52.10
51.89
52.10
48.07
1,887,700
Sep 25, 2025
51.87
51.96
51.70
51.88
47.87
3,176,100
Sep 24, 2025
0.527 Dividend 

Sep 24, 2025
52.12
52.13
51.91
52.00
47.98
1,954,700
Sep 23, 2025
52.71
52.73
52.52
52.58
48.03
2,991,600
Sep 22, 2025
52.65
52.72
52.54
52.71
48.15
2,879,400
Sep 19, 2025
52.53
52.61
52.44
52.59
48.04
2,141,700
Sep 18, 2025
52.46
52.54
52.36
52.45
47.91
2,678,500
Sep 17, 2025
52.35
52.40
52.06
52.32
47.79
2,772,700
Sep 16, 2025
52.40
52.40
52.28
52.32
47.79
1,906,600
Sep 15, 2025
52.32
52.37
52.29
52.36
47.83
2,361,800
Sep 12, 2025
52.22
52.29
52.19
52.22
47.69
1,865,800
Sep 11, 2025
52.07
52.22
52.02
52.20
47.68
1,816,400
Sep 10, 2025
52.00
52.05
51.86
51.96
47.46
2,511,000
Sep 9, 2025
51.74
51.85
51.65
51.83
47.34
1,668,200
Sep 8, 2025
51.69
51.78
51.64
51.72
47.24
1,911,200
Sep 5, 2025
51.85
51.90
51.37
51.63
47.16
2,209,700
Sep 4, 2025
51.45
51.71
51.40
51.71
47.23
1,668,700
Sep 3, 2025
51.34
51.41
51.19
51.40
46.95
2,004,200
Sep 2, 2025
50.97
51.18
50.79
51.16
46.73
2,293,900
Aug 29, 2025
51.62
51.62
51.33
51.44
46.99
1,506,900
Aug 28, 2025
51.57
51.66
51.44
51.64
47.17
1,417,300
Aug 27, 2025
51.42
51.53
51.39
51.50
47.04
1,147,300
Aug 26, 2025
51.25
51.44
51.21
51.42
46.97
1,311,100
Aug 25, 2025
51.34
51.43
51.26
51.27
46.83
1,425,100
Aug 22, 2025
50.97
51.44
50.90
51.39
46.94
2,260,400
Aug 21, 2025
50.84
50.94
50.67
50.79
46.39
2,091,600
Aug 20, 2025
0.518 Dividend 

Aug 20, 2025
51.02
51.04
50.62
50.96
46.55
2,369,600
Aug 19, 2025
51.76
51.81
51.47
51.57
46.63
2,404,300
Aug 18, 2025
51.76
51.79
51.69
51.76
46.80
2,313,600
Aug 15, 2025
51.88
51.93
51.69
51.75
46.80
1,791,100
Aug 14, 2025
51.66
51.84
51.64
51.81
46.85
1,458,900
Aug 13, 2025
51.79
51.84
51.66
51.79
46.83
1,705,700
Aug 12, 2025
51.43
51.67
51.33
51.66
46.71
1,589,800
Aug 11, 2025
51.35
51.44
51.17
51.25
46.34
1,550,300
Aug 8, 2025
51.18
51.35
51.09
51.33
46.42
1,341,800
Aug 7, 2025
51.20
51.26
50.78
50.99
46.11
1,950,400
Aug 6, 2025
50.77
51.06
50.70
51.01
46.13
1,755,500
Aug 5, 2025
50.98
50.98
50.61
50.69
45.84
1,754,800
Aug 4, 2025
50.50
50.88
50.49
50.88
46.01
2,118,300
Aug 1, 2025
50.52
50.54
50.05
50.24
45.43
3,155,600
Jul 31, 2025
51.23
51.26
50.84
50.92
46.04
2,277,300
Jul 30, 2025
51.07
51.15
50.86
51.03
46.14
1,641,000
Jul 29, 2025
51.15
51.19
51.00
51.04
46.15
1,739,100
Jul 28, 2025
51.12
51.15
51.04
51.12
46.23
1,808,700
Jul 25, 2025
51.04
51.10
50.99
51.08
46.19
1,388,100
Jul 24, 2025
50.96
51.03
50.94
50.96
46.08
1,487,700
Jul 23, 2025
0.511 Dividend 

Jul 23, 2025
50.82
50.94
50.71
50.94
46.06
1,664,600
Jul 22, 2025
51.20
51.22
50.99
51.16
45.80
2,953,700
Jul 21, 2025
51.16
51.28
51.12
51.15
45.79
2,123,100
Jul 18, 2025
51.13
51.13
50.98
51.05
45.70
1,577,400
Jul 17, 2025
50.85
51.07
50.83
51.06
45.71
1,387,400
Jul 16, 2025
50.79
50.86
50.43
50.84
45.51
1,907,000
Jul 15, 2025
51.00
51.02
50.69
50.71
45.40
1,642,700
Jul 14, 2025
50.74
50.86
50.67
50.84
45.51
1,592,900
Jul 11, 2025
50.73
50.84
50.62
50.78
45.46
1,283,800
Jul 10, 2025
50.78
50.93
50.71
50.89
45.56
1,399,200
Jul 9, 2025
50.67
50.78
50.57
50.76
45.44
1,454,600
Jul 8, 2025
50.58
50.63
50.48
50.53
45.24
1,308,400
Jul 7, 2025
50.65
50.69
50.32
50.51
45.22
1,893,400
Jul 3, 2025
50.63
50.79
50.61
50.75
45.43
1,123,100
Jul 2, 2025
50.28
50.49
50.25
50.49
45.20
1,314,700
Jul 1, 2025
50.24
50.38
50.17
50.31
45.04
1,555,500
Jun 30, 2025
50.35
50.40
50.24
50.32
45.05
1,668,200
Jun 27, 2025
50.14
50.28
50.05
50.23
44.97
1,988,200
Jun 26, 2025
49.97
50.10
49.93
50.09
44.84
1,440,900
Jun 25, 2025
0.505 Dividend 

Jun 25, 2025
49.92
49.94
49.75
49.87
44.64
1,384,800
Jun 24, 2025
50.22
50.39
50.17
50.34
44.61
1,805,500
Jun 23, 2025
49.69
49.99
49.46
49.97
44.29
2,303,900
Jun 20, 2025
49.88
49.90
49.50
49.61
43.97
2,077,400
Jun 18, 2025
49.73
49.87
49.58
49.67
44.02
1,720,900
Jun 17, 2025
49.81
49.89
49.57
49.62
43.98
1,721,500
Jun 16, 2025
49.87
50.03
49.80
49.95
44.27
1,552,800
Jun 13, 2025
49.64
49.87
49.48
49.58
43.94
2,326,900
Jun 12, 2025
49.77
49.97
49.73
49.97
44.29
1,100,000
Jun 11, 2025
50.00
50.03
49.72
49.84
44.17
1,623,200
Jun 10, 2025
49.77
49.94
49.69
49.93
44.25
1,456,700
Jun 9, 2025
49.74
49.81
49.63
49.72
44.06
1,494,500
Jun 6, 2025
49.63
49.74
49.53
49.67
44.02
1,245,700
Jun 5, 2025
49.55
49.63
49.16
49.26
43.66
2,109,600
Jun 4, 2025
49.54
49.55
49.40
49.44
43.82
1,515,700
Jun 3, 2025
49.25
49.49
49.20
49.45
43.82
1,485,500
Jun 2, 2025
49.02
49.24
48.76
49.23
43.63
1,574,800
May 30, 2025
48.97
49.10
48.73
49.02
43.44
1,707,600
May 29, 2025
49.16
49.17
48.84
49.02
43.44
1,128,400
May 28, 2025
49.08
49.13
48.87
48.92
43.36
961,200
May 27, 2025
48.80
49.05
48.70
49.04
43.46
1,279,600
May 23, 2025
48.31
48.54
48.03
48.40
42.89
1,516,600
May 22, 2025
48.59
48.78
48.50
48.61
43.08
1,274,400
May 21, 2025
0.506 Dividend 

May 21, 2025
48.85
49.06
48.51
48.59
43.06
1,775,200
May 20, 2025
49.58
49.62
49.41
49.56
43.47
1,680,900
May 19, 2025
49.32
49.65
49.20
49.64
43.54
1,472,600
May 16, 2025
49.49
49.61
49.37
49.61
43.52
1,087,100
May 15, 2025
49.21
49.45
49.15
49.42
43.35
1,202,600
May 14, 2025
49.30
49.35
49.17
49.29
43.24
1,421,400
May 13, 2025
49.12
49.36
49.08
49.26
43.21
1,228,800
May 12, 2025
48.99
49.06
48.72
49.04
43.02
1,330,600
May 9, 2025
48.18
48.18
47.85
47.95
42.06
837,000
May 8, 2025
48.14
48.28
47.77
47.98
42.09
956,900
May 7, 2025
47.71
47.89
47.40
47.74
41.88
1,014,500
May 6, 2025
47.52
47.83
47.45
47.58
41.74
679,400
May 5, 2025
47.81
48.04
47.73
47.86
41.98
784,300
May 2, 2025
47.88
48.13
47.76
48.04
42.14
903,000
May 1, 2025
47.59
47.85
47.46
47.50
41.67
890,400
Apr 30, 2025
46.68
47.38
46.22
47.22
41.42
1,405,700
Apr 29, 2025
46.90
47.31
46.80
47.23
41.43
769,800
Apr 28, 2025
46.98
47.15
46.49
46.97
41.20
916,900
Apr 25, 2025
46.57
46.95
46.37
46.92
41.16
933,500
Apr 24, 2025
45.83
46.63
45.70
46.57
40.85
1,201,800
Apr 23, 2025
0.462 Dividend 

Apr 23, 2025
46.05
46.45
45.54
45.69
40.08
1,328,900
Apr 22, 2025
44.89
45.62
44.81
45.47
39.48
1,405,100
Apr 21, 2025
44.99
45.03
43.91
44.37
38.53
1,873,100
Apr 17, 2025
45.55
45.79
45.20
45.44
39.45
968,700
Apr 16, 2025
45.89
46.09
44.89
45.33
39.36
908,200
Apr 15, 2025
46.52
46.74
46.25
46.33
40.23
996,200
Apr 14, 2025
46.85
46.86
45.97
46.40
40.29
1,214,100
Apr 11, 2025
45.16
46.06
44.80
45.94
39.89
988,100
Apr 10, 2025
45.97
45.97
43.95
45.16
39.21
1,406,500
Apr 9, 2025
42.52
46.91
42.52
46.70
40.55
2,115,900
Apr 8, 2025
44.99
45.22
42.30
42.92
37.27
2,165,000
Apr 7, 2025
42.10
45.09
41.60
43.49
37.76
2,745,400
Apr 4, 2025
45.09
45.36
43.57
43.59
37.85
3,139,600
Apr 3, 2025
46.89
47.10
46.22
46.34
40.24
2,312,600
Apr 2, 2025
47.57
48.40
47.55
48.24
41.88
959,500
Apr 1, 2025
47.77
48.11
47.51
47.99
41.67
895,900
Mar 31, 2025
47.08
47.99
46.83
47.89
41.58
1,637,700
Mar 28, 2025
48.47
48.49
47.54
47.61
41.34
1,270,500
Mar 27, 2025
48.60
48.87
48.38
48.55
42.16
760,900
Mar 26, 2025
0.506 Dividend 

Mar 26, 2025
49.23
49.29
48.57
48.71
42.29
1,144,300
Mar 25, 2025
49.82
49.82
49.62
49.74
42.75
1,204,500
Mar 24, 2025
49.46
49.71
49.33
49.65
42.67
1,319,200
Mar 21, 2025
48.48
48.88
48.33
48.85
41.98
997,200
Mar 20, 2025
48.66
49.20
48.53
48.82
41.96
1,669,800
Mar 19, 2025
48.59
49.21
48.45
48.90
42.03
842,500
Mar 18, 2025
48.68
48.78
48.26
48.41
41.61
734,400
Mar 17, 2025
48.57
49.11
48.52
48.88
42.01
1,022,800
Mar 14, 2025
47.99
48.62
47.90
48.57
41.74
921,000
Mar 13, 2025
48.25
48.25
47.46
47.58
40.89
1,082,400
Mar 12, 2025
48.39
48.56
47.80
48.22
41.44
847,000
Mar 11, 2025
48.20
48.48
47.62
47.97
41.23
1,454,900
Mar 10, 2025
48.85
48.99
47.90
48.30
41.51
1,983,000
Mar 7, 2025
49.10
49.58
48.69
49.51
42.55
1,267,300
Mar 6, 2025
49.50
49.74
49.01
49.22
42.30
1,333,700
Mar 5, 2025
49.56
50.09
49.25
49.98
42.96
1,047,200
Mar 4, 2025
49.63
50.12
49.16
49.51
42.55
1,534,800
Mar 3, 2025
50.81
50.83
49.71
49.99
42.96
1,838,100
Feb 28, 2025
50.02
50.73
49.75
50.72
43.59
1,281,400
Feb 27, 2025
50.89
50.99
49.92
49.95
42.93
1,091,300
Feb 26, 2025
0.514 Dividend 

Feb 26, 2025
50.91
51.09
50.50
50.69
43.57
1,126,300
Feb 25, 2025
51.47
51.52
50.85
51.22
43.58
1,410,900
Feb 24, 2025
51.86
51.89
51.37
51.45
43.78
1,314,100
Feb 21, 2025
52.40
52.41
51.62
51.65
43.95
1,659,600
Feb 20, 2025
52.41
52.41
52.08
52.33
44.52
954,500
Feb 19, 2025
52.36
52.45
52.23
52.44
44.62
906,800
Feb 18, 2025
52.33
52.40
52.15
52.33
44.52
1,334,300
Feb 14, 2025
52.27
52.28
52.16
52.21
44.42
749,300
Feb 13, 2025
51.85
52.18
51.77
52.17
44.39
917,900
Feb 12, 2025
51.54
51.83
51.44
51.77
44.05
960,200
Feb 11, 2025
51.71
51.90
51.70
51.87
44.13
860,600
Feb 10, 2025
51.76
51.86
51.66
51.82
44.09
739,800
Feb 7, 2025
51.88
51.97
51.47
51.53
43.84
896,600
Feb 6, 2025
51.86
51.88
51.64
51.88
44.14
767,300
Feb 5, 2025
51.54
51.72
51.33
51.72
44.00
589,500
Feb 4, 2025
51.27
51.55
51.21
51.51
43.83
834,800
Feb 3, 2025
50.83
51.39
50.70
51.22
43.58
1,071,300
Jan 31, 2025
51.78
51.88
51.45
51.52
43.83
972,400
Jan 30, 2025
51.52
51.74
51.45
51.67
43.96
834,600
Jan 29, 2025
51.54
51.60
51.34
51.51
43.83
586,000
Jan 28, 2025
51.35
51.63
51.22
51.61
43.91
654,000
Jan 27, 2025
50.98
51.33
50.90
51.32
43.66
1,209,800
Jan 24, 2025
51.79
51.84
51.68
51.75
44.03
786,500
Jan 23, 2025
51.58
51.80
51.58
51.80
44.07
673,600
Jan 22, 2025
0.517 Dividend 

Jan 22, 2025
51.68
51.72
51.60
51.65
43.95
844,900
Jan 21, 2025
51.89
52.00
51.76
52.00
43.80
1,277,700
Jan 17, 2025
51.60
51.77
51.58
51.68
43.53
777,400
Jan 16, 2025
51.47
51.49
51.28
51.37
43.27
1,019,700
Jan 15, 2025
51.11
51.46
51.11
51.40
43.30
723,200
Jan 14, 2025
50.76
50.85
50.37
50.65
42.67
794,100
Jan 13, 2025
50.22
50.61
50.14
50.61
42.63
785,200
Jan 10, 2025
50.96
50.97
50.38
50.54
42.57
1,266,300
Jan 8, 2025
51.05
51.15
50.79
51.10
43.04
698,500
Jan 7, 2025
51.60
51.61
50.91
51.04
42.99
790,100
Jan 6, 2025
51.44
51.65
51.32
51.42
43.31
1,089,600
Jan 3, 2025
50.97
51.25
50.87
51.23
43.15
765,600
Jan 2, 2025
51.09
51.12
50.46
50.76
42.76
1,022,300
Dec 31, 2024
51.15
51.20
50.70
50.82
42.81
747,400
Dec 30, 2024
51.07
51.28
50.68
51.01
42.97
954,300
Dec 27, 2024
51.90
51.90
51.21
51.55
43.42
758,300
Dec 26, 2024
51.90
52.10
51.80
52.03
43.83
798,100
Dec 24, 2024
0.516 Dividend 

Dec 24, 2024
51.62
52.04
51.56
52.04
43.84
347,900
Dec 23, 2024
51.70
52.05
51.44
52.03
43.39
991,900
Dec 20, 2024
50.99
52.04
50.82
51.68
43.10
995,100
Dec 19, 2024
51.67
51.67
51.11
51.15
42.66
1,192,100
Dec 18, 2024
52.59
52.63
51.10
51.14
42.65
1,291,100
Dec 17, 2024
52.58
52.58
52.39
52.50
43.79
551,700
Dec 16, 2024
52.71
52.71
52.56
52.64
43.90
746,500
Dec 13, 2024
52.75
52.75
52.40
52.53
43.81
540,000
Dec 12, 2024
52.65
52.67
52.48
52.49
43.78
565,600
Dec 11, 2024
52.61
52.72
52.56
52.67
43.93
707,900
Dec 10, 2024
52.55
52.55
52.32
52.38
43.69
514,100
Dec 9, 2024
52.78
52.78
52.42
52.47
43.76
675,300
Dec 6, 2024
52.77
52.77
52.60
52.68
43.94
616,000
Dec 5, 2024
52.66
52.66
52.55
52.58
43.85
769,200
Dec 4, 2024
52.60
52.61
52.46
52.60
43.87
908,500
Dec 3, 2024
52.36
52.41
52.29
52.40
43.70
504,200
Dec 2, 2024
52.35
52.40
52.29
52.37
43.68
630,300
Nov 29, 2024
52.30
52.32
52.17
52.28
43.60
294,500
Nov 27, 2024
52.23
52.25
52.09
52.15
43.49
499,000
Nov 26, 2024
52.15
52.23
52.09
52.21
43.54
661,600
Nov 25, 2024
52.10
52.20
51.95
52.04
43.40
866,600
Nov 22, 2024
51.86
51.96
51.80
51.96
43.34
676,200
Nov 21, 2024
51.80
51.87
51.49
51.77
43.18
858,800
Nov 20, 2024
0.521 Dividend 

Nov 20, 2024
51.79
51.79
51.34
51.65
43.08
971,300
Nov 19, 2024
51.94
52.22
51.85
52.19
43.09
774,800
Nov 18, 2024
51.99
52.14
51.92
52.07
42.99
1,147,300
Nov 15, 2024
52.25
52.25
51.80
51.91
42.86
950,700
Nov 14, 2024
52.48
52.49
52.27
52.30
43.18
774,200
Nov 13, 2024
52.46
52.50
52.31
52.42
43.28
638,200
Nov 12, 2024
52.48
52.48
52.26
52.37
43.24
602,600
Nov 11, 2024
52.54
52.54
52.36
52.44
43.30
607,200
Nov 8, 2024
52.45
52.45
52.32
52.41
43.27
699,600
Nov 7, 2024
52.10
52.31
52.08
52.27
43.16
707,300
Nov 6, 2024
51.85
52.06
51.73
52.02
42.95
1,139,700
Nov 5, 2024
50.79
51.18
50.77
51.18
42.26
391,100
Nov 4, 2024
50.83
50.86
50.56
50.69
41.85
402,300
Nov 1, 2024
50.86
51.05
50.73
50.77
41.92
457,000
Oct 31, 2024
51.10
51.10
50.58
50.59
41.77
645,300
Oct 30, 2024
51.43
51.49
51.26
51.30
42.36
431,800
Oct 29, 2024
51.39
51.47
51.21
51.40
42.44
364,900
Oct 28, 2024
51.39
51.46
51.32
51.33
42.38
387,600
Oct 25, 2024
51.40
51.54
51.18
51.23
42.30
489,800
Oct 24, 2024
51.41
51.41
51.07
51.25
42.32
605,200
Oct 23, 2024
0.52 Dividend 

Oct 23, 2024
51.44
51.44
50.94
51.17
42.25
666,000
Oct 22, 2024
51.90
52.03
51.80
51.98
42.49
706,800
Oct 21, 2024
52.01
52.03
51.80
51.97
42.48
785,300
Oct 18, 2024
52.00
52.05
51.90
52.02
42.52
640,400
Oct 17, 2024
52.00
52.01
51.83
51.86
42.39
497,400
Oct 16, 2024
51.78
51.85
51.61
51.83
42.37
529,200
Oct 15, 2024
51.96
51.96
51.58
51.65
42.22
590,000
Oct 14, 2024
51.69
51.93
51.69
51.88
42.41
622,800
Oct 11, 2024
51.42
51.66
51.33
51.63
42.20
503,500
Oct 10, 2024
51.47
51.49
51.31
51.42
42.03
400,800
Oct 9, 2024
51.19
51.47
51.18
51.46
42.06
380,200
Oct 8, 2024
50.96
51.24
50.96
51.21
41.86
464,800
Oct 7, 2024
51.17
51.17
50.76
50.81
41.53
644,100
Oct 4, 2024
51.03
51.20
50.88
51.20
41.85
562,700
Oct 3, 2024
50.84
50.97
50.67
50.83
41.55
428,900
Oct 2, 2024
50.83
50.96
50.63
50.90
41.61
378,800
Oct 1, 2024
51.20
51.20
50.67
50.89
41.60
520,800
Sep 30, 2024
51.01
51.23
50.90
51.23
41.88
496,400
Sep 27, 2024
51.20
51.21
51.02
51.08
41.75
433,500
Sep 26, 2024
51.31
51.34
50.99
51.10
41.77
691,200
Sep 25, 2024
0.515 Dividend 

Sep 25, 2024
51.16
51.16
50.94
51.02
41.71
532,800
Sep 24, 2024
51.68
51.68
51.37
51.59
41.75
690,000
Sep 23, 2024
51.45
51.50
51.40
51.48
41.66
747,800
Sep 20, 2024
51.33
51.44
51.20
51.36
41.56
525,800
Sep 19, 2024
51.30
51.46
51.20
51.37
41.57
830,900
Sep 18, 2024
50.89
51.15
50.76
50.80
41.11
606,600
Sep 17, 2024
51.00
51.08
50.75
50.89
41.18
464,700
Sep 16, 2024
50.78
50.88
50.66
50.88
41.18
442,100
Sep 13, 2024
50.65
50.87
50.65
50.81
41.12
365,900
Sep 12, 2024
50.30
50.63
50.16
50.60
40.95
485,100
Sep 11, 2024
49.82
50.35
49.13
50.30
40.71
457,700
Sep 10, 2024
49.80
49.86
49.40
49.85
40.34
339,200
Sep 9, 2024
49.52
49.75
49.34
49.66
40.19
440,600
Sep 6, 2024
49.86
50.06
49.07
49.11
39.74
647,600
Sep 5, 2024
49.97
50.19
49.69
49.92
40.40
448,500
Sep 4, 2024
49.85
50.24
49.85
49.97
40.44
444,900
Sep 3, 2024
50.67
50.67
49.84
50.04
40.50
619,200
Aug 30, 2024
50.72
50.89
50.43
50.89
41.18
434,900
Aug 29, 2024
50.64
50.79
50.40
50.49
40.86
421,000
Aug 28, 2024
50.68
50.68
50.20
50.40
40.79
386,700
Aug 27, 2024
50.50
50.69
50.45
50.67
41.01
438,200
Aug 26, 2024
50.67
50.75
50.47
50.59
40.94
558,900
Aug 23, 2024
50.47
50.70
50.34
50.67
41.01
538,600
Aug 22, 2024
50.72
50.72
50.15
50.23
40.65
531,500
Aug 21, 2024
0.556 Dividend 

Aug 21, 2024
50.54
50.61
50.35
50.54
40.90
409,200
Aug 20, 2024
51.08
51.12
50.89
50.97
40.80
601,700
Aug 19, 2024
50.76
51.05
50.66
51.05
40.86
665,600
Aug 16, 2024
50.48
50.72
50.46
50.69
40.57
391,300
Aug 15, 2024
50.33
50.58
50.28
50.56
40.47
461,600
Aug 14, 2024
49.85
49.94
49.55
49.87
39.92
449,800
Aug 13, 2024
49.18
49.71
49.18
49.70
39.78
483,000
Aug 12, 2024
49.08
49.15
48.75
48.94
39.17
500,400
Aug 9, 2024
48.69
49.01
48.51
48.91
39.15
365,400
Aug 8, 2024
48.18
48.72
47.92
48.67
38.96
525,900
Aug 7, 2024
48.60
48.76
47.57
47.60
38.10
698,100
Aug 6, 2024
47.76
48.57
47.52
47.94
38.37
882,100
Aug 5, 2024
46.49
48.02
46.38
47.41
37.95
1,656,800
Aug 2, 2024
49.12
49.17
48.41
48.83
39.09
1,399,900
Aug 1, 2024
50.44
50.49
49.35
49.65
39.74
514,100
Jul 31, 2024
49.99
50.36
49.98
50.22
40.20
463,900
Jul 30, 2024
49.82
49.97
49.31
49.57
39.68
488,000
Jul 29, 2024
49.98
49.98
49.65
49.81
39.87
479,600
Jul 26, 2024
49.66
49.94
49.51
49.78
39.85
446,500
Jul 25, 2024
49.59
49.94
49.22
49.30
39.46
852,400
Jul 24, 2024
0.509 Dividend 

Jul 24, 2024
50.14
50.16
49.47
49.57
39.68
949,300
Jul 23, 2024
50.94
51.01
50.83
50.86
40.30
706,800
Jul 22, 2024
50.92
50.93
50.69
50.91
40.34
905,300
Jul 19, 2024
50.85
50.85
50.46
50.63
40.12
454,900
Jul 18, 2024
51.16
51.16
50.62
50.75
40.22
581,800
Jul 17, 2024
51.14
51.15
50.94
50.97
40.39
739,600
Jul 16, 2024
51.26
51.28
51.17
51.28
40.64
520,600
Jul 15, 2024
51.22
51.28
51.08
51.15
40.53
820,700
Jul 12, 2024
51.00
51.24
50.97
51.06
40.46
1,908,100
Jul 11, 2024
51.21
51.22
50.88
50.94
40.37
724,400
Jul 10, 2024
50.98
51.15
50.96
51.15
40.53
667,300
Jul 9, 2024
50.97
51.04
50.90
50.92
40.35
693,000
Jul 8, 2024
50.97
50.97
50.83
50.88
40.32
623,100
Jul 5, 2024
50.72
50.84
50.65
50.83
40.28
611,800
Jul 3, 2024
50.54
50.68
50.51
50.65
40.14
354,400
Jul 2, 2024
50.28
50.51
50.21
50.51
40.03
536,300
Jul 1, 2024
50.22
50.29
50.06
50.28
39.84
508,800
Jun 28, 2024
50.26
50.31
50.13
50.15
39.74
634,100
Jun 27, 2024
50.22
50.22
50.10
50.19
39.77
582,100
Jun 26, 2024
0.505 Dividend 

Jun 26, 2024
50.19
50.21
50.08
50.16
39.75
570,800
Jun 25, 2024
50.61
50.63
50.53
50.63
39.72
622,000
Jun 24, 2024
50.67
50.67
50.51
50.52
39.63
580,200
Jun 21, 2024
50.61
50.61
50.51
50.57
39.67
532,400
Jun 20, 2024
50.68
50.68
50.50
50.58
39.68
516,500
Jun 18, 2024
50.71
50.71
50.54
50.57
39.67
564,600
Jun 17, 2024
50.43
50.59
50.38
50.58
39.68
562,000
Jun 14, 2024
50.41
50.42
50.30
50.42
39.56
538,700
Jun 13, 2024
50.44
50.46
50.28
50.43
39.56
793,100
Jun 12, 2024
50.32
50.41
50.27
50.33
39.49
559,100
Jun 11, 2024
50.04
50.13
49.88
50.13
39.33
342,600
Jun 10, 2024
50.07
50.07
49.93
50.06
39.27
434,600
Jun 7, 2024
49.97
50.10
49.90
50.00
39.23
342,900
Jun 6, 2024
49.97
50.00
49.90
49.97
39.20
417,800
Jun 5, 2024
49.72
49.94
49.67
49.92
39.16
417,400
Jun 4, 2024
49.51
49.67
49.42
49.64
38.94
292,400
Jun 3, 2024
49.60
49.69
49.25
49.56
38.88
548,900
May 31, 2024
49.43
49.58
49.10
49.58
38.90
393,300
May 30, 2024
49.42
49.43
49.22
49.31
38.68
504,700
May 29, 2024
49.45
49.50
49.38
49.44
38.79
350,200
May 28, 2024
49.67
49.67
49.47
49.58
38.90
463,200
May 24, 2024
49.56
49.59
49.46
49.55
38.87
469,200
May 23, 2024
49.66
49.66
49.35
49.41
38.76
511,600
May 22, 2024
0.5 Dividend 

May 22, 2024
49.60
49.60
49.43
49.52
38.85
740,000
May 21, 2024
50.02
50.07
49.97
50.06
38.88
579,000
May 20, 2024
50.04
50.07
49.97
50.02
38.85
773,900
May 17, 2024
50.06
50.06
49.90
49.98
38.82
459,900
May 16, 2024
50.00
50.04
49.92
49.97
38.81
528,700
May 15, 2024
49.84
50.00
49.70
49.94
38.79
681,400
May 14, 2024
49.60
49.69
49.50
49.69
38.59
363,300
May 13, 2024
49.61
49.62
49.47
49.53
38.47
374,300
May 10, 2024
49.50
49.59
49.41
49.49
38.44
382,500
May 9, 2024
49.38
49.47
49.28
49.47
38.42
289,500
May 8, 2024
49.27
49.32
49.16
49.32
38.31
318,400
May 7, 2024
49.34
49.34
49.24
49.29
38.28
310,600
May 6, 2024
49.11
49.24
49.01
49.24
38.24
414,500
May 3, 2024
48.98
48.99
48.70
48.88
37.96
322,300
May 2, 2024
48.54
48.54
48.05
48.47
37.65
403,700
May 1, 2024
48.07
48.64
48.04
48.11
37.37
480,000
Apr 30, 2024
48.88
48.89
48.18
48.18
37.42
433,800
Apr 29, 2024
48.87
48.98
48.67
48.94
38.01
398,100
Apr 26, 2024
48.65
48.91
48.51
48.80
37.90
439,700
Apr 25, 2024
47.93
48.36
47.75
48.30
37.51
539,300
Apr 24, 2024
0.489 Dividend 

Apr 24, 2024
48.69
48.70
48.29
48.54
37.70
397,500
Apr 23, 2024
48.66
49.04
48.61
49.00
37.68
456,100
Apr 22, 2024
48.30
48.70
48.05
48.41
37.22
540,300
Apr 19, 2024
48.43
48.50
47.89
48.02
36.92
705,300
Apr 18, 2024
48.61
48.86
48.35
48.44
37.25
505,600
Apr 17, 2024
49.07
49.07
48.39
48.55
37.33
455,500
Apr 16, 2024
48.90
49.05
48.69
48.82
37.54
383,500
Apr 15, 2024
49.75
49.83
48.80
48.88
37.59
657,400
Apr 12, 2024
49.85
49.88
49.30
49.45
38.02
626,200
Apr 11, 2024
49.95
50.15
49.54
50.08
38.51
380,000
Apr 10, 2024
49.76
49.87
49.54
49.74
38.25
507,100
Apr 9, 2024
50.15
50.20
49.68
50.10
38.52
616,400
Apr 8, 2024
50.13
50.15
49.98
50.06
38.49
373,800
Apr 5, 2024
49.83
50.14
49.66
50.02
38.46
385,000
Apr 4, 2024
50.38
50.44
49.54
49.56
38.11
579,800
Apr 3, 2024
50.00
50.20
49.97
50.09
38.52
407,100
Apr 2, 2024
50.13
50.18
49.82
50.01
38.45
568,100
Apr 1, 2024
50.45
50.47
50.17
50.30
38.68
523,500
Mar 28, 2024
50.35
50.39
50.31
50.36
38.72
413,800
Mar 27, 2024
50.25
50.34
50.17
50.34
38.71
416,200
Mar 26, 2024
50.25
50.25
50.10
50.15
38.56
571,300
Mar 25, 2024
50.12
50.21
50.11
50.16
38.57
472,200
Mar 22, 2024
50.21
50.25
50.16
50.22
38.62
730,300
Mar 21, 2024
50.20
50.29
50.18
50.20
38.60
502,100
Mar 20, 2024
0.501 Dividend 

Mar 20, 2024
49.90
50.11
49.80
50.11
38.53
547,100
Mar 19, 2024
50.16
50.35
50.01
50.34
38.32
473,100
Mar 18, 2024
50.33
50.38
50.13
50.15
38.18
576,600
Mar 15, 2024
50.14
50.14
49.81
49.93
38.01
364,200
Mar 14, 2024
50.29
50.31
49.97
50.16
38.19
446,600
Mar 13, 2024
50.35
50.35
50.08
50.20
38.22
386,500
Mar 12, 2024
50.08
50.25
49.85
50.23
38.24
341,500
Mar 11, 2024
49.94
50.01
49.61
49.85
37.95
665,700
Mar 8, 2024
50.22
50.23
49.77
49.99
38.06
426,200
Mar 7, 2024
49.98
50.09
49.88
50.06
38.11
343,700
Mar 6, 2024
49.88
49.88
49.63
49.74
37.87
366,400
Mar 5, 2024
49.91
49.91
49.38
49.58
37.74
426,700
Mar 4, 2024
49.98
50.00
49.87
49.90
37.99
415,800
Mar 1, 2024
49.83
49.95
49.66
49.95
38.03
392,200
Feb 29, 2024
49.70
49.71
49.57
49.71
37.84
370,000
Feb 28, 2024
49.62
49.62
49.51
49.54
37.71
339,900
Feb 27, 2024
49.60
49.62
49.08
49.62
37.77
306,700
Feb 26, 2024
49.64
49.65
49.53
49.55
37.72
398,600
Feb 23, 2024
49.62
49.65
49.56
49.56
37.73
469,600
Feb 22, 2024
49.48
49.57
49.38
49.56
37.73
638,100
Feb 21, 2024
0.497 Dividend 

Feb 21, 2024
49.01
49.12
48.82
48.82
37.17
557,200
Feb 20, 2024
49.75
49.75
49.43
49.58
37.37
608,300
Feb 16, 2024
49.83
49.84
49.62
49.79
37.52
350,600
Feb 15, 2024
49.76
49.78
49.61
49.74
37.49
253,600
Feb 14, 2024
49.65
49.65
49.40
49.65
37.42
366,900
Feb 13, 2024
49.49
49.52
49.13
49.40
37.23
393,500
Feb 12, 2024
49.86
49.86
49.66
49.70
37.46
324,300
Feb 9, 2024
49.74
49.75
49.60
49.73
37.48
307,300
Feb 8, 2024
49.61
49.62
49.51
49.55
37.34
280,400
Feb 7, 2024
49.35
49.57
49.32
49.57
37.36
254,200
Feb 6, 2024
49.37
49.37
49.21
49.31
37.16
402,400
Feb 5, 2024
49.31
49.32
49.08
49.25
37.12
315,300
Feb 2, 2024
49.16
49.37
49.00
49.25
37.12
381,300
Feb 1, 2024
48.81
49.00
48.61
49.00
36.93
262,800
Jan 31, 2024
48.88
48.90
48.53
48.56
36.60
223,100
Jan 30, 2024
48.97
48.97
48.85
48.93
36.88
181,900
Jan 29, 2024
48.87
48.92
48.72
48.92
36.87
344,900
Jan 26, 2024
48.73
48.80
48.68
48.76
36.75
335,500
Jan 25, 2024
48.72
48.78
48.62
48.74
36.73
199,200
Jan 24, 2024
0.49 Dividend 

Jan 24, 2024
48.89
48.89
48.60
48.60
36.63
330,000
Jan 23, 2024
49.11
49.11
48.95
49.09
36.63
346,000
Jan 22, 2024
49.08
49.08
48.92
48.98
36.55
333,000
Jan 19, 2024
48.68
48.90
48.51
48.90
36.49
323,000
Jan 18, 2024
48.36
48.50
48.17
48.49
36.18
275,200
Jan 17, 2024
48.23
48.23
47.92
48.11
35.90
355,400
Jan 16, 2024
48.50
48.50
48.21
48.36
36.08
337,900
Jan 12, 2024
48.52
48.60
48.37
48.49
36.18
225,000
Jan 11, 2024
48.39
48.55
48.13
48.45
36.15
296,100
Jan 10, 2024
48.30
48.48
48.21
48.44
36.14
256,900
Jan 9, 2024
48.17
48.30
48.03
48.25
36.00
235,400
Jan 8, 2024
47.78
48.28
47.76
48.27
36.02
347,600
Jan 5, 2024
47.69
47.93
47.61
47.75
35.63
278,700
Jan 4, 2024
47.79
47.95
47.63
47.67
35.57
353,500
Jan 3, 2024
47.86
47.96
47.72
47.78
35.65
273,800
Jan 2, 2024
48.12
48.12
47.90
48.02
35.83
376,100
Dec 29, 2023
48.29
48.29
48.17
48.20
35.96
236,000
Dec 28, 2023
48.25
48.28
48.21
48.24
35.99
215,000
Dec 27, 2023
48.20
48.21
48.12
48.20
35.96
222,800
Dec 26, 2023
48.14
48.19
48.07
48.17
35.94
311,200
Dec 22, 2023
48.10
48.13
48.01
48.08
35.87
335,600
Dec 21, 2023
48.05
48.08
47.90
48.07
35.87
296,900
Dec 20, 2023
0.485 Dividend 

Dec 20, 2023
48.13
48.17
47.86
47.89
35.73
325,800
Dec 19, 2023
48.55
48.60
48.52
48.60
35.90
460,700
Dec 18, 2023
48.52
48.57
48.47
48.51
35.83
392,200
Dec 15, 2023
48.46
48.47
48.34
48.43
35.77
285,000
Dec 14, 2023
48.46
48.48
48.32
48.42
35.77
327,300
Dec 13, 2023
48.13
48.35
48.06
48.35
35.72
277,500
Dec 12, 2023
47.95
48.07
47.86
48.07
35.51
198,400
Dec 11, 2023
47.82
47.94
47.77
47.94
35.41
199,600
Dec 8, 2023
47.64
47.84
47.61
47.82
35.32
168,900
Dec 7, 2023
47.57
47.71
47.52
47.67
35.21
134,500
Dec 6, 2023
47.69
47.70
47.39
47.44
35.04
176,800
Dec 5, 2023
47.48
47.59
47.41
47.56
35.13
118,200
Dec 4, 2023
47.50
47.56
47.36
47.54
35.12
238,800
Dec 1, 2023
47.52
47.71
47.46
47.71
35.24
237,000
Nov 30, 2023
47.55
47.57
47.43
47.57
35.14
185,800
Nov 29, 2023
47.52
47.56
47.45
47.49
35.08
162,100
Nov 28, 2023
47.45
47.49
47.35
47.49
35.08
267,600
Nov 27, 2023
47.47
47.49
47.39
47.45
35.05
295,100
Nov 24, 2023
47.47
47.49
47.40
47.46
35.06
162,300
Nov 22, 2023
0.478 Dividend 

Nov 22, 2023
47.54
47.57
47.35
47.47
35.07
406,700
Nov 21, 2023
47.86
47.90
47.79
47.86
35.00
248,300
Nov 20, 2023
47.88
47.90
47.76
47.84
34.99
423,400
Nov 17, 2023
47.86
47.86
47.69
47.79
34.95
198,100
Nov 16, 2023
47.73
47.75
47.64
47.74
34.91
216,200
Nov 15, 2023
47.71
47.75
47.64
47.70
34.88
267,000
Nov 14, 2023
47.69
47.69
47.55
47.67
34.86
261,800
Nov 13, 2023
47.37
47.40
47.21
47.35
34.63
193,800
Nov 10, 2023
47.10
47.35
47.02
47.34
34.62
206,500
Nov 9, 2023
47.23
47.25
46.97
47.02
34.39
186,600
Nov 8, 2023
47.24
47.27
47.05
47.19
34.51
217,700
Nov 7, 2023
47.05
47.17
47.00
47.13
34.47
141,200
Nov 6, 2023
47.14
47.14
46.95
47.08
34.43
152,400
Nov 3, 2023
46.88
47.06
46.88
47.02
34.39
173,800
Nov 2, 2023
46.51
46.80
46.51
46.80
34.23
234,800
Nov 1, 2023
46.03
46.30
45.92
46.26
33.83
379,100
Oct 31, 2023
45.50
45.90
45.45
45.88
33.55
127,700
Oct 30, 2023
45.48
45.69
45.25
45.60
33.35
185,700
Oct 27, 2023
45.27
45.45
44.90
45.08
32.97
317,000
Oct 26, 2023
45.80
45.80
45.17
45.29
33.12
256,100
Oct 25, 2023
0.465 Dividend 

Oct 25, 2023
46.34
46.34
45.71
45.80
33.49
205,100
Oct 24, 2023
46.87
46.95
46.56
46.85
33.92
203,000
Oct 23, 2023
46.44
46.88
46.23
46.54
33.70
160,900
Oct 20, 2023
46.88
47.05
46.53
46.61
33.75
127,400
Oct 19, 2023
47.52
47.56
46.94
47.05
34.07
181,200
Oct 18, 2023
47.73
47.73
47.21
47.31
34.25
133,000
Oct 17, 2023
47.63
47.89
47.47
47.75
34.57
215,700
Oct 16, 2023
47.63
47.80
47.50
47.76
34.58
127,800
Oct 13, 2023
47.78
47.78
47.21
47.39
34.31
163,800
Oct 12, 2023
47.81
47.82
47.35
47.56
34.44
145,300
Oct 11, 2023
47.77
47.77
47.46
47.71
34.54
115,400
Oct 10, 2023
47.54
47.72
47.36
47.57
34.44
130,000
Oct 9, 2023
47.11
47.41
46.92
47.32
34.26
78,400
Oct 6, 2023
46.49
47.27
46.38
47.17
34.15
127,600
Oct 5, 2023
46.80
46.80
46.44
46.78
33.87
83,600
Oct 4, 2023
46.63
46.78
46.34
46.74
33.84
94,000
Oct 3, 2023
46.66
46.87
46.29
46.37
33.58
123,100
Oct 2, 2023
46.78
47.00
46.64
46.94
33.99
134,200
Sep 29, 2023
47.52
47.52
46.77
46.95
33.99
136,900
Sep 28, 2023
46.50
47.22
46.50
47.04
34.06
97,300
Sep 27, 2023
46.96
46.98
46.38
46.77
33.86
131,600
Sep 26, 2023
47.14
47.25
46.65
46.75
33.85
168,500
Sep 25, 2023
47.22
47.43
47.02
47.43
34.34
204,000
Sep 22, 2023
47.53
47.65
47.20
47.28
34.23
179,800
Sep 21, 2023
47.78
47.88
47.30
47.38
34.31
242,800
Sep 20, 2023
0.49 Dividend 

Sep 20, 2023
48.76
48.79
48.07
48.07
34.81
179,300
Sep 19, 2023
49.13
49.14
48.77
49.04
35.15
228,400
Sep 18, 2023
49.22
49.25
49.05
49.16
35.24
210,300
Sep 15, 2023
49.68
49.68
49.04
49.13
35.22
183,800
Sep 14, 2023
49.53
49.65
49.34
49.61
35.56
199,300
Sep 13, 2023
49.25
49.33
49.07
49.23
35.29
164,500
Sep 12, 2023
49.41
49.63
49.10
49.20
35.27
162,200
Sep 11, 2023
49.48
49.60
49.18
49.35
35.37
212,200
Sep 8, 2023
49.22
49.22
48.99
49.10
35.20
146,000
Sep 7, 2023
48.95
49.04
48.75
49.00
35.12
187,600
Sep 6, 2023
49.36
49.40
48.88
49.10
35.20
153,500
Sep 5, 2023
49.67
49.67
49.31
49.39
35.40
301,700
Sep 1, 2023
49.76
49.76
49.33
49.48
35.47
153,600
Aug 31, 2023
49.44
49.59
49.36
49.38
35.40
195,100
Aug 30, 2023
49.31
49.49
49.23
49.44
35.44
233,300
Aug 29, 2023
48.58
49.25
48.56
49.25
35.30
235,300
Aug 28, 2023
48.42
48.60
48.32
48.56
34.81
261,100
Aug 25, 2023
48.25
48.39
47.71
48.27
34.60
172,800
Aug 24, 2023
48.86
48.86
47.94
47.97
34.39
137,700
Aug 23, 2023
0.486 Dividend 

Aug 23, 2023
48.17
48.63
48.16
48.58
34.82
156,500
Aug 22, 2023
48.82
48.85
48.49
48.57
34.47
249,500
Aug 21, 2023
48.56
48.77
48.25
48.71
34.57
250,900
Aug 18, 2023
48.00
48.45
48.00
48.34
34.30
207,400
Aug 17, 2023
48.77
48.95
48.29
48.35
34.31
231,900
Aug 16, 2023
49.10
49.19
48.69
48.71
34.57
216,100
Aug 15, 2023
49.44
49.50
49.00
49.02
34.79
212,900
Aug 14, 2023
49.29
49.58
49.21
49.58
35.18
210,600
Aug 11, 2023
49.22
49.41
49.12
49.31
34.99
148,300
Aug 10, 2023
49.58
49.88
49.22
49.33
35.01
162,000
Aug 9, 2023
49.70
49.70
49.20
49.32
35.00
173,700
Aug 8, 2023
49.60
49.63
49.20
49.62
35.21
193,600
Aug 7, 2023
49.60
49.79
49.50
49.79
35.33
286,000
Aug 4, 2023
49.81
49.98
49.34
49.39
35.05
120,500
Aug 3, 2023
49.72
49.77
49.41
49.61
35.21
95,800
Aug 2, 2023
49.98
50.03
49.61
49.69
35.26
233,100
Aug 1, 2023
50.20
50.27
50.11
50.25
35.66
105,500
Jul 31, 2023
50.28
50.32
50.20
50.22
35.64
168,600
Jul 28, 2023
50.10
50.27
50.05
50.25
35.66
191,700
Jul 27, 2023
50.32
50.35
49.89
49.96
35.45
161,400
Jul 26, 2023
0.505 Dividend 

Jul 26, 2023
50.09
50.14
49.99
50.01
35.49
195,100
Jul 25, 2023
50.49
50.62
50.46
50.54
35.51
115,500
Jul 24, 2023
50.46
50.55
50.40
50.49
35.47
168,800
Jul 21, 2023
50.53
50.53
50.34
50.37
35.39
92,000
Jul 20, 2023
50.45
50.53
50.27
50.35
35.37
115,500
Jul 19, 2023
50.50
50.58
50.43
50.47
35.46
194,200
Jul 18, 2023
50.27
50.46
50.16
50.41
35.42
210,100
Jul 17, 2023
50.16
50.30
50.05
50.19
35.26
239,000
Jul 14, 2023
50.14
50.26
50.03
50.11
35.20
162,000
Jul 13, 2023
50.04
50.17
49.99
50.14
35.23
209,800
Jul 12, 2023
49.87
49.95
49.76
49.84
35.02
194,700
Jul 11, 2023
49.41
49.55
49.25
49.55
34.81
122,500
Jul 10, 2023
49.31
49.33
49.10
49.31
34.64
181,400
Jul 7, 2023
49.38
49.55
49.15
49.20
34.57
117,800
Jul 6, 2023
49.60
49.60
49.03
49.29
34.63
220,800
Jul 5, 2023
49.64
49.65
49.51
49.60
34.84
108,600
Jul 3, 2023
49.77
49.77
49.57
49.64
34.87
136,700
Jun 30, 2023
49.38
49.68
49.38
49.64
34.87
137,700
Jun 29, 2023
49.33
49.40
49.28
49.37
34.68
166,500
Jun 28, 2023
49.31
49.37
49.21
49.33
34.66
104,900
Jun 27, 2023
49.22
49.30
49.06
49.28
34.62
203,800
Jun 26, 2023
49.14
49.19
49.02
49.05
34.46
130,200
Jun 23, 2023
49.14
49.20
49.06
49.14
34.52
106,600
Jun 22, 2023
0.497 Dividend 

Jun 22, 2023
49.17
49.28
49.10
49.26
34.61
112,100
Jun 21, 2023
49.75
49.80
49.60
49.68
34.55
175,300
Jun 20, 2023
49.83
49.87
49.60
49.75
34.60
205,300
Jun 16, 2023
49.87
49.88
49.75
49.79
34.63
161,700
Jun 15, 2023
49.70
49.87
49.61
49.81
34.64
148,400
Jun 14, 2023
49.65
49.67
49.46
49.56
34.47
146,800
Jun 13, 2023
49.79
49.79
49.48
49.57
34.48
229,000
Jun 12, 2023
49.43
49.50
49.27
49.46
34.40
217,600
Jun 9, 2023
49.47
49.50
49.20
49.26
34.26
116,300
Jun 8, 2023
49.35
49.35
49.02
49.23
34.24
161,900
Jun 7, 2023
49.36
49.36
49.00
49.02
34.09
124,300
Jun 6, 2023
49.16
49.16
48.95
49.10
34.15
121,600
Jun 5, 2023
49.43
50.09
48.94
48.99
34.07
126,200
Jun 2, 2023
48.74
49.08
48.74
49.03
34.10
94,600
Jun 1, 2023
48.71
48.72
48.26
48.62
33.82
51,200
May 31, 2023
48.59
48.59
48.15
48.32
33.61
47,000
May 30, 2023
49.01
49.01
48.35
48.47
33.71
36,400
May 26, 2023
48.29
48.46
48.05
48.40
33.66
119,800
May 25, 2023
48.33
48.33
47.74
47.95
33.35
64,300
May 24, 2023
0.487 Dividend 

May 24, 2023
48.06
48.06
47.40
47.53
33.06
11,300
May 23, 2023
49.14
49.14
48.34
48.37
33.30
14,100
May 22, 2023
48.65
48.80
48.61
48.67
33.51
6,300
May 19, 2023
49.04
49.04
48.62
48.66
33.50
13,500
May 18, 2023
48.38
48.72
48.38
48.72
33.54
9,400
May 17, 2023
48.13
48.37
48.08
48.37
33.30
900
May 16, 2023
48.03
48.06
47.96
47.96
33.02
2,700
May 15, 2023
48.10
48.22
48.04
48.12
33.13
4,500
May 12, 2023
48.09
48.11
47.85
48.00
33.05
1,500
May 11, 2023
47.98
48.03
47.86
48.03
33.07
800
May 10, 2023
48.00
48.12
47.72
48.12
33.13
15,400
May 9, 2023
48.06
48.38
47.90
47.90
32.98
5,200
May 8, 2023
48.00
48.09
48.00
48.07
33.10
1,200
May 5, 2023
47.83
48.33
47.83
48.00
33.05
6,800
May 4, 2023
47.29
47.37
47.21
47.35
32.60
7,000
May 3, 2023
47.92
47.94
47.56
47.56
32.75
3,700
May 2, 2023
48.10
48.10
47.60
47.87
32.96
15,300
May 1, 2023
48.65
48.65
48.22
48.22
33.20
4,300
Apr 28, 2023
47.83
48.18
47.83
48.18
33.17
5,300
Apr 27, 2023
47.31
47.92
47.31
47.85
32.94
7,900
Apr 26, 2023
0.482 Dividend 

Apr 26, 2023
46.69
47.39
46.69
47.10
32.43
86,700
Apr 25, 2023
48.74
48.74
47.71
47.71
32.52
4,700
Apr 24, 2023
48.67
48.67
48.15
48.27
32.90
3,600
Apr 21, 2023
48.01
48.24
48.01
48.24
32.88
15,600
Apr 20, 2023
48.10
48.21
48.06
48.08
32.77
15,700
Apr 19, 2023
48.40
48.40
48.18
48.27
32.90
11,600
Apr 18, 2023
48.29
48.39
48.29
48.39
32.98
29,000
Apr 17, 2023
48.22
48.26
48.22
48.26
32.89
600
Apr 14, 2023
48.29
48.29
48.00
48.12
32.79
11,900
Apr 13, 2023
47.87
48.14
47.87
48.14
32.81
700
Apr 12, 2023
47.75
47.75
47.66
47.66
32.49
2,700
Apr 11, 2023
47.80
47.93
47.78
47.78
32.57
5,600
Apr 10, 2023
47.63
47.80
47.62
47.76
32.55
2,300
Apr 6, 2023
47.42
47.73
47.42
47.73
32.53
500
Apr 5, 2023
47.56
47.56
47.56
47.56
32.42
100
Apr 4, 2023
47.66
47.66
47.60
47.60
32.45
11,800
Apr 3, 2023
48.00
48.00
47.63
47.81
32.59
800
Mar 31, 2023
47.44
47.60
47.44
47.60
32.44
700
Mar 30, 2023
47.23
47.23
47.21
47.22
32.18
700
Mar 29, 2023
46.93
46.99
46.65
46.99
32.02
2,700
Mar 28, 2023
46.46
46.48
46.46
46.47
31.67
700
Mar 27, 2023
45.91
46.69
45.91
46.50
31.69
2,500
Mar 24, 2023
46.08
46.38
46.08
46.38
31.61
1,500
Mar 23, 2023
46.28
46.28
46.28
46.28
31.54
400
Mar 22, 2023
0.466 Dividend 

Mar 22, 2023
46.64
46.72
46.18
46.18
31.48
2,800
Mar 21, 2023
47.01
47.15
46.94
47.06
31.75
4,100
Mar 20, 2023
46.60
46.65
46.54
46.63
31.47
17,200
Mar 17, 2023
46.22
46.31
46.22
46.28
31.23
2,400
Mar 16, 2023
46.09
46.72
46.09
46.72
31.53
400
Mar 15, 2023
45.93
45.93
45.93
45.93
31.00
100
Mar 14, 2023
46.23
46.23
46.22
46.22
31.19
400
Mar 13, 2023
45.57
46.32
45.57
45.66
30.81
13,900
Mar 10, 2023
46.00
46.04
45.52
45.62
30.78
3,200
Mar 9, 2023
46.19
46.19
46.19
46.19
31.17
200
Mar 8, 2023
46.97
46.97
46.79
46.86
31.62
13,000
Mar 7, 2023
47.02
47.02
46.82
46.82
31.59
1,000
Mar 6, 2023
49.51
49.51
47.27
47.27
31.90
1,700
Mar 3, 2023
46.89
47.15
46.89
47.15
31.82
700
Mar 2, 2023
46.29
46.67
46.27
46.67
31.49
2,100
Mar 1, 2023
46.99
46.99
46.27
46.33
31.26
2,400
Feb 28, 2023
46.66
46.88
46.62
46.62
31.46
700
Feb 27, 2023
46.67
47.21
46.66
46.68
31.50
14,300
Feb 24, 2023
46.55
46.55
46.55
46.55
31.41
100
Feb 23, 2023
0.472 Dividend 

Feb 23, 2023
46.96
46.99
46.69
46.99
31.71
1,300
Feb 22, 2023
47.42
49.38
47.13
47.16
31.51
8,100
Feb 21, 2023
47.70
47.70
47.26
47.26
31.58
600
Feb 17, 2023
48.00
48.00
47.74
47.96
32.04
1,900
Feb 16, 2023
48.35
48.78
48.04
48.04
32.10
800
Feb 15, 2023
48.32
48.43
48.32
48.39
32.33
400
Feb 14, 2023
48.35
48.35
48.05
48.34
32.29
2,200
Feb 13, 2023
48.09
48.18
48.09
48.18
32.18
5,400
Feb 10, 2023
47.83
47.83
47.83
47.83
31.96
100
Feb 9, 2023
48.32
48.32
47.76
47.76
31.91
800
Feb 8, 2023
48.75
48.75
48.00
48.03
32.09
15,000
Feb 7, 2023
47.97
48.40
47.97
48.40
32.34
5,400
Feb 6, 2023
47.97
49.08
47.97
49.03
32.76
1,900
Feb 3, 2023
48.35
48.49
48.16
48.16
32.17
900
Feb 2, 2023
48.45
48.53
48.42
48.42
32.35
13,200
Feb 1, 2023
47.55
47.89
47.48
47.80
31.94
800
Jan 31, 2023
47.33
47.54
47.33
47.47
31.71
4,000
Jan 30, 2023
47.38
47.38
47.29
47.29
31.59
800
Jan 27, 2023
47.54
47.54
47.54
47.54
31.76
100
Jan 26, 2023
46.71
47.43
46.71
47.43
31.69
500
Jan 25, 2023
47.09
47.21
47.09
47.21
31.54
200
Jan 24, 2023
47.71
47.71
47.68
47.68
31.85
2,200
Jan 23, 2023
47.66
47.69
47.64
47.67
31.85
1,400
Jan 20, 2023
47.10
47.37
47.10
47.37
31.64
2,400
Jan 19, 2023
46.88
46.88
46.88
46.88
31.32
100
Jan 18, 2023
47.06
47.06
47.06
47.06
31.44
100
Jan 17, 2023
47.34
47.44
47.34
47.43
31.69
300
Jan 13, 2023
47.27
47.47
47.27
47.47
31.71
2,900
Jan 12, 2023
47.04
47.31
47.04
47.31
31.60
700
Jan 11, 2023
46.92
47.09
46.92
47.09
31.46
600
Jan 10, 2023
46.73
46.78
46.73
46.78
31.25
200
Jan 9, 2023
46.81
46.81
46.59
46.59
31.12
1,700
Jan 6, 2023
46.34
46.64
46.34
46.64
31.16
100
Jan 5, 2023
46.00
46.04
45.86
45.92
30.68
900
Jan 4, 2023
46.15
46.32
46.15
46.21
30.87
1,000
Jan 3, 2023
46.26
46.27
45.85
46.02
30.74
2,300
Dec 30, 2022
46.03
46.04
46.03
46.04
30.76
200
Dec 29, 2022
46.08
46.08
46.08
46.08
30.78
300
Dec 28, 2022
45.54
46.66
45.54
46.66
31.17
1,900
Dec 27, 2022
45.81
45.81
45.81
45.81
30.61
100
Dec 23, 2022
0.461 Dividend 

Dec 23, 2022
46.00
46.00
45.84
45.99
30.72
8,800
Dec 22, 2022
45.99
46.14
45.61
46.14
30.52
400
Dec 21, 2022
46.51
46.94
46.46
46.78
30.94
1,600
Dec 20, 2022
46.18
46.18
46.16
46.16
30.53
100
Dec 19, 2022
46.00
46.11
45.99
46.11
30.49
700
Dec 16, 2022
46.54
46.54
46.54
46.54
30.78
100
Dec 15, 2022
47.19
47.19
46.94
46.94
31.05
400
Dec 14, 2022
48.01
48.01
48.01
48.01
31.75
100
Dec 13, 2022
48.14
48.14
48.14
48.14
31.84
100
Dec 12, 2022
47.74
47.74
47.74
47.74
31.58
100
Dec 9, 2022
47.25
47.25
47.25
47.25
31.25
100
Dec 8, 2022
47.67
47.67
47.52
47.52
31.43
100
Dec 7, 2022
47.22
47.22
47.22
47.22
31.23
300
Dec 6, 2022
47.27
47.27
47.27
47.27
31.27
100
Dec 5, 2022
48.10
48.10
47.88
47.88
31.67
300
Dec 2, 2022
48.11
48.53
48.10
48.53
32.09
500
Dec 1, 2022
48.53
48.53
48.53
48.53
32.10
100
Nov 30, 2022
48.39
48.46
48.38
48.46
32.05
1,900
Nov 29, 2022
47.50
47.50
47.50
47.50
31.41
100
Nov 28, 2022
47.53
47.54
47.38
47.54
31.44
2,200
Nov 25, 2022
48.08
48.08
48.08
48.08
31.80
100
Nov 23, 2022
0.478 Dividend 

Nov 23, 2022
48.35
48.35
48.07
48.07
31.79
6,300
Nov 22, 2022
48.40
48.40
48.40
48.40
31.69
100
Nov 21, 2022
47.94
47.94
47.89
47.89
31.36
300
Nov 18, 2022
47.85
48.03
47.85
47.99
31.43
1,200
Nov 17, 2022
47.73
47.74
47.73
47.74
31.26
200
Nov 16, 2022
47.92
47.92
47.92
47.92
31.38
100
Nov 15, 2022
48.37
48.46
48.16
48.16
31.54
2,300
Nov 14, 2022
47.87
47.87
47.83
47.83
31.32
100
Nov 11, 2022
48.09
48.09
48.09
48.09
31.49
100
Nov 10, 2022
47.30
47.79
47.30
47.69
31.23
400
Nov 9, 2022
45.62
45.63
45.62
45.62
29.87
300
Nov 8, 2022
46.39
46.39
46.39
46.39
30.38
100
Nov 7, 2022
46.14
46.14
46.14
46.14
30.22
100
Nov 4, 2022
45.60
45.71
45.52
45.71
29.93
800
Nov 3, 2022
45.47
45.47
45.20
45.20
29.60
200
Nov 2, 2022
45.65
45.65
45.65
45.65
29.90
100
Nov 1, 2022
46.64
46.64
46.60
46.60
30.51
11,000
Oct 31, 2022
46.73
46.85
46.73
46.73
30.60
15,900
Oct 28, 2022
46.86
46.86
46.86
46.86
30.69
100
Oct 27, 2022
46.21
46.51
46.18
46.42
30.40
1,000
Oct 26, 2022
0.465 Dividend 

Oct 26, 2022
46.53
46.73
46.41
46.41
30.39
15,800
Oct 25, 2022
46.91
46.91
46.91
46.91
30.41
100
Oct 24, 2022
46.43
46.43
46.40
46.41
30.09
2,100
Oct 21, 2022
45.85
46.51
45.83
46.51
30.16
10,800
Oct 20, 2022
45.60
45.60
45.60
45.60
29.56
100
Oct 19, 2022
45.00
45.76
44.74
45.72
29.64
20,600
Oct 18, 2022
46.20
46.20
45.84
45.84
29.72
9,100
Oct 17, 2022
45.10
45.58
45.10
45.58
29.55
200
Oct 14, 2022
44.76
44.76
44.76
44.76
29.02
100
Oct 13, 2022
45.46
45.46
45.46
45.46
29.47
300
Oct 12, 2022
44.87
44.87
44.66
44.66
28.96
300
Oct 11, 2022
44.74
44.74
44.74
44.74
29.00
100
Oct 10, 2022
44.76
44.97
44.76
44.97
29.16
500
Oct 7, 2022
45.39
45.39
45.17
45.17
29.29
200
Oct 6, 2022
45.96
45.96
45.96
45.96
29.80
100
Oct 5, 2022
46.21
46.21
46.21
46.21
29.96
300
Oct 4, 2022
46.23
46.23
46.23
46.23
29.97
100
Oct 3, 2022
45.54
45.54
45.42
45.42
29.45
300
Sep 30, 2022
45.21
45.21
44.61
44.61
28.93
2,300
Sep 29, 2022
45.25
45.25
45.25
45.25
29.34
100
Sep 28, 2022
46.32
46.40
46.23
46.23
29.98
4,000
Sep 27, 2022
45.31
45.40
45.31
45.31
29.38
2,000
Sep 26, 2022
45.40
45.48
45.40
45.48
29.49
400
Sep 23, 2022
45.96
45.96
45.78
45.78
29.68
300
Sep 22, 2022
46.71
46.71
46.56
46.67
30.26
10,700
Sep 21, 2022
0.485 Dividend 

Sep 21, 2022
48.27
48.29
47.02
47.02
30.49
21,200
Sep 20, 2022
48.09
48.09
48.09
48.09
30.86
100
Sep 19, 2022
48.52
48.52
48.52
48.52
31.14
100
Sep 16, 2022
48.27
48.27
48.27
48.27
30.98
-
Sep 15, 2022
48.55
48.55
48.55
48.55
31.16
100
Sep 14, 2022
48.97
48.97
48.90
48.90
31.39
300
Sep 13, 2022
48.79
48.79
48.79
48.79
31.31
100
Sep 12, 2022
50.18
50.18
50.18
50.18
32.21
100
Sep 9, 2022
49.94
49.94
49.94
49.94
32.05
100
Sep 8, 2022
49.26
49.26
49.26
49.26
31.62
200
Sep 7, 2022
49.33
49.33
49.15
49.15
31.55
1,100
Sep 6, 2022
48.46
48.47
48.44
48.44
31.09
2,300
Sep 2, 2022
48.62
48.67
48.60
48.60
31.19
3,100
Sep 1, 2022
48.73
48.89
48.73
48.89
31.38
1,000
Aug 31, 2022
49.11
49.11
48.87
48.87
31.37
200
Aug 30, 2022
49.90
49.90
48.98
49.13
31.53
5,500
