Date
Open
High
Low
Close 

Adj Close 

Volume
May 26, 2026
17.86
17.97
17.86
17.91
17.91
179,959
May 22, 2026
17.90
17.90
17.82
17.83
17.83
84,200
May 21, 2026
17.74
17.82
17.67
17.79
17.79
141,500
May 20, 2026
17.66
17.76
17.59
17.75
17.75
44,800
May 19, 2026
17.67
17.67
17.55
17.57
17.57
54,900
May 18, 2026
17.70
17.73
17.56
17.66
17.66
116,800
May 15, 2026
17.75
17.78
17.67
17.67
17.67
80,600
May 14, 2026
17.76
17.92
17.76
17.89
17.89
113,400
May 13, 2026
17.64
17.80
17.64
17.76
17.76
64,900
May 12, 2026
17.69
17.69
17.54
17.67
17.67
100,000
May 11, 2026
17.67
17.73
17.67
17.72
17.72
118,500
May 8, 2026
17.60
17.68
17.58
17.66
17.66
90,600
May 7, 2026
17.60
17.63
17.51
17.53
17.53
204,800
May 6, 2026
17.40
17.60
17.39
17.56
17.56
221,100
May 5, 2026
17.30
17.40
17.30
17.38
17.38
160,800
May 4, 2026
17.30
17.33
17.18
17.29
17.29
209,600
May 1, 2026
0.29 Dividend 

May 1, 2026
17.41
17.41
17.31
17.31
17.31
197,000
Apr 30, 2026
17.47
17.59
17.39
17.57
17.28
291,400
Apr 29, 2026
17.39
17.41
17.33
17.41
17.12
172,900
Apr 28, 2026
17.41
17.42
17.33
17.40
17.11
109,000
Apr 27, 2026
17.44
17.47
17.40
17.47
17.18
142,400
Apr 24, 2026
17.40
17.44
17.33
17.44
17.15
142,700
Apr 23, 2026
17.32
17.39
17.17
17.33
17.04
113,300
Apr 22, 2026
17.32
17.37
17.31
17.35
17.06
54,600
Apr 21, 2026
17.30
17.35
17.17
17.22
16.94
120,100
Apr 20, 2026
17.33
17.33
17.25
17.29
17.00
87,200
Apr 17, 2026
17.24
17.37
17.24
17.34
17.05
183,500
Apr 16, 2026
17.13
17.17
17.10
17.13
16.85
150,700
Apr 15, 2026
17.00
17.12
17.00
17.11
16.83
67,900
Apr 14, 2026
16.83
17.01
16.83
16.98
16.70
143,900
Apr 13, 2026
16.58
16.81
16.58
16.81
16.53
105,800
Apr 10, 2026
16.70
16.70
16.64
16.65
16.38
73,600
Apr 9, 2026
16.59
16.69
16.54
16.68
16.40
87,900
Apr 8, 2026
16.54
16.60
16.48
16.57
16.30
146,200
Apr 7, 2026
16.13
16.20
16.01
16.20
15.93
169,200
Apr 6, 2026
16.15
16.20
16.11
16.18
15.91
209,200
Apr 2, 2026
15.86
16.17
15.86
16.13
15.86
263,800
Apr 1, 2026
0.264 Dividend 

Apr 1, 2026
16.11
16.19
16.07
16.12
15.85
94,700
Mar 31, 2026
16.00
16.38
15.97
16.30
15.77
140,600
Mar 30, 2026
15.99
16.00
15.77
15.83
15.32
143,200
Mar 27, 2026
16.05
16.07
15.85
15.86
15.35
103,700
Mar 26, 2026
16.35
16.36
16.12
16.12
15.60
136,500
Mar 25, 2026
16.44
16.50
16.35
16.41
15.88
182,700
Mar 24, 2026
16.27
16.41
16.24
16.31
15.78
173,800
Mar 23, 2026
16.40
16.55
16.34
16.38
15.85
135,300
Mar 20, 2026
16.34
16.40
16.14
16.21
15.68
105,200
Mar 19, 2026
16.36
16.48
16.31
16.43
15.90
198,300
Mar 18, 2026
16.64
16.66
16.45
16.45
15.92
84,100
Mar 17, 2026
16.82
16.82
16.69
16.69
16.15
56,000
Mar 16, 2026
16.61
16.75
16.61
16.70
16.16
89,200
Mar 13, 2026
16.62
16.72
16.47
16.48
15.95
166,200
Mar 12, 2026
16.80
16.80
16.56
16.56
16.02
228,600
Mar 11, 2026
16.87
16.88
16.75
16.82
16.27
139,500
Mar 10, 2026
16.87
16.95
16.75
16.84
16.29
217,900
Mar 9, 2026
16.53
16.88
16.47
16.84
16.29
172,600
Mar 6, 2026
16.75
16.80
16.65
16.73
16.19
206,800
Mar 5, 2026
16.91
17.00
16.78
16.90
16.35
114,600
Mar 4, 2026
16.98
17.05
16.88
17.01
16.46
146,400
Mar 3, 2026
16.75
16.94
16.63
16.85
16.30
384,900
Mar 2, 2026
0.291 Dividend 

Mar 2, 2026
16.90
17.07
16.85
17.04
16.49
273,500
Feb 27, 2026
17.33
17.34
17.20
17.33
16.49
212,300
Feb 26, 2026
17.44
17.44
17.25
17.35
16.51
252,900
Feb 25, 2026
17.40
17.47
17.39
17.46
16.61
218,700
Feb 24, 2026
17.22
17.34
17.17
17.34
16.50
165,200
Feb 23, 2026
17.39
17.39
17.17
17.20
16.36
223,500
Feb 20, 2026
17.20
17.38
17.20
17.36
16.51
167,500
Feb 19, 2026
17.26
17.29
17.19
17.28
16.44
97,600
Feb 18, 2026
17.23
17.36
17.23
17.29
16.45
177,500
Feb 17, 2026
17.16
17.27
17.06
17.23
16.39
157,500
Feb 13, 2026
17.16
17.29
17.09
17.18
16.34
126,500
Feb 12, 2026
17.50
17.50
17.17
17.19
16.35
135,600
Feb 11, 2026
17.51
17.52
17.36
17.42
16.57
128,100
Feb 10, 2026
17.49
17.50
17.41
17.41
16.56
101,400
Feb 9, 2026
17.28
17.50
17.28
17.46
16.61
263,500
Feb 6, 2026
17.19
17.43
17.14
17.40
16.55
165,700
Feb 5, 2026
17.15
17.20
17.03
17.09
16.26
189,500
Feb 4, 2026
17.40
17.40
17.17
17.28
16.44
291,900
Feb 3, 2026
17.56
17.56
17.22
17.37
16.52
316,100
Feb 2, 2026
0.296 Dividend 

Feb 2, 2026
17.36
17.51
17.36
17.50
16.65
185,500
Jan 30, 2026
17.70
17.73
17.60
17.72
16.58
170,900
Jan 29, 2026
17.79
17.79
17.51
17.75
16.60
182,200
Jan 28, 2026
17.79
17.80
17.72
17.76
16.61
137,100
Jan 27, 2026
17.75
17.77
17.72
17.77
16.62
241,200
Jan 26, 2026
17.65
17.74
17.65
17.71
16.57
136,500
Jan 23, 2026
17.61
17.64
17.57
17.64
16.50
149,700
Jan 22, 2026
17.61
17.67
17.57
17.61
16.47
128,200
Jan 21, 2026
17.38
17.60
17.37
17.53
16.40
157,300
Jan 20, 2026
17.48
17.54
17.33
17.34
16.22
244,700
Jan 16, 2026
17.70
17.74
17.65
17.69
16.55
64,900
Jan 15, 2026
17.73
17.77
17.68
17.70
16.56
157,800
Jan 14, 2026
17.69
17.69
17.56
17.66
16.52
95,700
Jan 13, 2026
17.75
17.76
17.68
17.72
16.58
124,400
Jan 12, 2026
17.67
17.76
17.67
17.76
16.61
135,100
Jan 9, 2026
17.64
17.76
17.63
17.74
16.59
204,700
Jan 8, 2026
17.65
17.65
17.59
17.64
16.50
166,100
Jan 7, 2026
17.68
17.72
17.62
17.65
16.51
156,700
Jan 6, 2026
17.57
17.69
17.57
17.68
16.54
115,100
Jan 5, 2026
17.63
17.63
17.56
17.57
16.44
246,300
Jan 2, 2026
17.60
17.60
17.45
17.53
16.40
311,800
Dec 31, 2025
0.312 Dividend 

Dec 31, 2025
17.64
17.64
17.49
17.49
16.36
244,300
Dec 30, 2025
17.93
17.95
17.89
17.95
16.50
352,000
Dec 29, 2025
17.94
17.94
17.87
17.94
16.49
191,100
Dec 26, 2025
17.97
17.97
17.93
17.97
16.52
162,400
Dec 24, 2025
17.93
17.96
17.88
17.96
16.51
85,400
Dec 23, 2025
17.87
17.91
17.83
17.91
16.46
167,000
Dec 22, 2025
17.78
17.86
17.78
17.85
16.41
253,100
Dec 19, 2025
17.70
17.77
17.69
17.77
16.33
174,600
Dec 18, 2025
17.67
17.72
17.58
17.63
16.20
210,300
Dec 17, 2025
17.71
17.72
17.51
17.51
16.09
131,600
Dec 16, 2025
17.70
17.72
17.58
17.68
16.25
80,700
Dec 15, 2025
17.80
17.80
17.66
17.71
16.28
118,700
Dec 12, 2025
17.95
17.95
17.65
17.73
16.30
122,100
Dec 11, 2025
17.91
17.91
17.75
17.90
16.45
122,900
Dec 10, 2025
17.81
17.92
17.74
17.89
16.44
148,900
Dec 9, 2025
17.83
17.83
17.77
17.79
16.35
173,500
Dec 8, 2025
17.84
17.84
17.73
17.80
16.36
204,300
Dec 5, 2025
17.82
17.88
17.81
17.84
16.40
107,300
Dec 4, 2025
17.81
17.82
17.75
17.81
16.37
117,200
Dec 3, 2025
17.75
17.83
17.72
17.83
16.39
147,600
Dec 2, 2025
17.81
17.82
17.73
17.75
16.32
122,200
Dec 1, 2025
0.314 Dividend 

Dec 1, 2025
17.76
17.87
17.68
17.76
16.32
136,600
Nov 28, 2025
18.09
18.15
18.06
18.15
16.39
102,800
Nov 26, 2025
18.10
18.10
18.00
18.06
16.31
75,500
Nov 25, 2025
17.88
17.96
17.70
17.96
16.22
73,700
Nov 24, 2025
17.69
17.83
17.63
17.81
16.09
86,300
Nov 21, 2025
17.43
17.70
17.36
17.57
15.87
84,900
Nov 20, 2025
17.94
17.97
17.40
17.42
15.73
212,900
Nov 19, 2025
17.65
17.77
17.59
17.67
15.96
119,400
Nov 18, 2025
17.70
17.73
17.50
17.69
15.98
133,100
Nov 17, 2025
17.91
17.93
17.66
17.74
16.02
92,600
Nov 14, 2025
17.80
17.96
17.65
17.89
16.16
98,300
Nov 13, 2025
18.11
18.12
17.85
17.89
16.16
179,700
Nov 12, 2025
18.18
18.18
18.11
18.13
16.38
41,000
Nov 11, 2025
18.06
18.17
18.06
18.12
16.37
52,600
Nov 10, 2025
18.10
18.14
17.96
18.14
16.39
145,900
Nov 7, 2025
17.82
17.89
17.64
17.89
16.16
161,200
Nov 6, 2025
18.02
18.03
17.82
17.87
16.14
167,400
Nov 5, 2025
17.98
18.12
17.96
18.06
16.31
126,300
Nov 4, 2025
18.15
18.19
17.98
18.01
16.27
166,300
Nov 3, 2025
0.321 Dividend 

Nov 3, 2025
18.23
18.25
18.13
18.18
16.42
125,600
Oct 31, 2025
18.55
18.58
18.45
18.50
16.42
132,100
Oct 30, 2025
18.64
18.64
18.47
18.48
16.40
108,400
Oct 29, 2025
18.68
18.68
18.51
18.63
16.54
92,900
Oct 28, 2025
18.65
18.66
18.58
18.63
16.54
83,000
Oct 27, 2025
18.49
18.60
18.49
18.60
16.51
148,300
Oct 24, 2025
18.40
18.42
18.36
18.39
16.32
107,800
Oct 23, 2025
18.18
18.29
18.18
18.25
16.20
104,400
Oct 22, 2025
18.35
18.35
18.07
18.20
16.15
68,700
Oct 21, 2025
18.21
18.35
18.20
18.22
16.17
151,300
Oct 20, 2025
18.12
18.25
18.12
18.22
16.17
137,200
Oct 17, 2025
17.95
18.09
17.93
18.09
16.06
42,900
Oct 16, 2025
18.11
18.16
17.90
17.98
15.96
59,000
Oct 15, 2025
18.12
18.23
17.99
18.06
16.03
71,000
Oct 14, 2025
17.87
18.09
17.80
18.01
15.99
137,800
Oct 13, 2025
18.00
18.07
17.94
18.05
16.02
150,800
Oct 10, 2025
18.28
18.32
17.77
17.77
15.77
152,100
Oct 9, 2025
18.33
18.33
18.21
18.27
16.22
64,700
Oct 8, 2025
18.23
18.30
18.23
18.28
16.23
51,200
Oct 7, 2025
18.25
18.27
18.16
18.22
16.17
87,700
Oct 6, 2025
18.24
18.28
18.21
18.26
16.21
168,400
Oct 3, 2025
18.21
18.30
18.19
18.25
16.20
59,400
Oct 2, 2025
18.23
18.23
18.15
18.21
16.16
145,400
Oct 1, 2025
0.322 Dividend 

Oct 1, 2025
18.11
18.21
18.05
18.16
16.12
135,900
Sep 30, 2025
18.44
18.48
18.38
18.47
16.11
76,500
Sep 29, 2025
18.50
18.50
18.40
18.44
16.08
97,600
Sep 26, 2025
18.41
18.41
18.30
18.39
16.04
48,500
Sep 25, 2025
18.40
18.40
18.20
18.29
15.95
112,100
Sep 24, 2025
18.41
18.43
18.33
18.35
16.00
31,100
Sep 23, 2025
18.47
18.49
18.38
18.40
16.05
46,300
Sep 22, 2025
18.44
18.50
18.40
18.49
16.13
74,700
Sep 19, 2025
18.44
18.44
18.36
18.44
16.08
47,800
Sep 18, 2025
18.39
18.43
18.33
18.37
16.02
88,400
Sep 17, 2025
18.33
18.33
18.20
18.30
15.96
57,100
Sep 16, 2025
18.30
18.32
18.27
18.32
15.98
34,800
Sep 15, 2025
18.30
18.32
18.27
18.29
15.95
77,300
Sep 12, 2025
18.25
18.26
18.21
18.26
15.92
83,700
Sep 11, 2025
18.19
18.24
18.13
18.24
15.91
71,400
Sep 10, 2025
18.13
18.17
18.08
18.10
15.78
74,800
Sep 9, 2025
18.03
18.08
18.03
18.08
15.77
94,300
Sep 8, 2025
18.08
18.08
18.03
18.07
15.76
76,000
Sep 5, 2025
18.10
18.13
17.93
18.04
15.73
53,800
Sep 4, 2025
17.93
18.06
17.93
18.06
15.75
62,400
Sep 3, 2025
17.96
17.98
17.87
17.92
15.63
153,200
Sep 2, 2025
0.322 Dividend 

Sep 2, 2025
17.89
17.89
17.71
17.87
15.58
111,700
Aug 29, 2025
18.41
18.41
18.26
18.30
15.68
139,700
Aug 28, 2025
18.40
18.42
18.34
18.41
15.77
68,300
Aug 27, 2025
18.40
18.40
18.33
18.37
15.74
60,600
Aug 26, 2025
18.33
18.35
18.28
18.34
15.71
55,900
Aug 25, 2025
18.32
18.36
18.30
18.30
15.68
102,900
Aug 22, 2025
18.16
18.38
18.16
18.36
15.73
72,600
Aug 21, 2025
18.12
18.13
18.05
18.10
15.51
84,300
Aug 20, 2025
18.14
18.17
18.00
18.15
15.55
55,500
Aug 19, 2025
18.23
18.29
18.14
18.19
15.58
65,800
Aug 18, 2025
18.26
18.27
18.22
18.27
15.65
79,700
Aug 15, 2025
18.27
18.30
18.21
18.24
15.63
43,900
Aug 14, 2025
18.19
18.28
18.19
18.28
15.66
49,000
Aug 13, 2025
18.25
18.29
18.22
18.24
15.63
63,400
Aug 12, 2025
18.09
18.23
18.06
18.23
15.62
64,300
Aug 11, 2025
18.05
18.09
18.01
18.03
15.45
56,500
Aug 8, 2025
17.97
18.07
17.97
18.03
15.45
76,700
Aug 7, 2025
18.00
18.04
17.86
17.93
15.36
51,400
Aug 6, 2025
17.80
17.96
17.80
17.93
15.36
54,700
Aug 5, 2025
17.90
17.93
17.80
17.82
15.27
80,100
Aug 4, 2025
17.80
17.90
17.77
17.89
15.33
158,500
Aug 1, 2025
0.32 Dividend 

Aug 1, 2025
17.85
17.85
17.60
17.66
15.13
178,000
Jul 31, 2025
18.45
18.45
18.22
18.27
15.38
48,000
Jul 30, 2025
18.35
18.35
18.23
18.32
15.42
38,700
Jul 29, 2025
18.41
18.41
18.30
18.33
15.43
107,500
Jul 28, 2025
18.36
18.38
18.30
18.35
15.45
128,400
Jul 25, 2025
18.29
18.35
18.29
18.33
15.43
43,600
Jul 24, 2025
18.21
18.30
18.21
18.28
15.39
82,100
Jul 23, 2025
18.15
18.28
18.15
18.28
15.39
70,100
Jul 22, 2025
18.11
18.15
18.07
18.12
15.25
56,900
Jul 21, 2025
18.10
18.20
18.10
18.12
15.25
59,800
Jul 18, 2025
18.09
18.12
18.06
18.08
15.22
83,400
Jul 17, 2025
17.99
18.10
17.99
18.08
15.22
49,200
Jul 16, 2025
17.99
18.03
17.88
17.99
15.14
47,500
Jul 15, 2025
18.10
18.10
17.99
17.99
15.14
45,500
Jul 14, 2025
18.00
18.05
17.98
18.05
15.19
46,100
Jul 11, 2025
18.02
18.05
17.97
18.03
15.18
73,000
Jul 10, 2025
18.02
18.09
18.01
18.05
15.19
115,600
Jul 9, 2025
17.97
18.05
17.96
18.03
15.18
39,000
Jul 8, 2025
17.99
17.99
17.92
17.97
15.13
70,400
Jul 7, 2025
18.05
18.05
17.86
17.95
15.11
118,200
Jul 3, 2025
18.03
18.08
18.00
18.08
15.22
102,900
Jul 2, 2025
17.90
17.98
17.86
17.98
15.13
120,900
Jul 1, 2025
0.308 Dividend 

Jul 1, 2025
17.88
17.92
17.82
17.86
15.03
137,600
Jun 30, 2025
18.17
18.22
18.13
18.17
15.04
95,500
Jun 27, 2025
18.06
18.17
18.04
18.14
15.01
157,900
Jun 26, 2025
17.93
18.07
17.93
18.07
14.95
68,400
Jun 25, 2025
17.96
17.96
17.90
17.91
14.82
46,500
Jun 24, 2025
17.80
17.94
17.80
17.94
14.85
79,100
Jun 23, 2025
17.55
17.74
17.52
17.72
14.66
90,600
Jun 20, 2025
17.65
17.68
17.55
17.56
14.53
34,600
Jun 18, 2025
17.59
17.68
17.57
17.58
14.55
47,700
Jun 17, 2025
17.69
17.71
17.58
17.61
14.57
57,100
Jun 16, 2025
17.64
17.76
17.64
17.74
14.68
65,700
Jun 13, 2025
17.60
17.72
17.53
17.56
14.53
86,200
Jun 12, 2025
17.70
17.79
17.66
17.79
14.72
54,400
Jun 11, 2025
17.78
17.79
17.66
17.73
14.67
145,600
Jun 10, 2025
17.71
17.74
17.67
17.74
14.68
87,900
Jun 9, 2025
17.65
17.70
17.64
17.70
14.65
129,500
Jun 6, 2025
17.55
17.70
17.55
17.56
14.53
57,400
Jun 5, 2025
17.61
17.64
17.43
17.55
14.52
56,900
Jun 4, 2025
17.61
17.61
17.55
17.58
14.55
67,000
Jun 3, 2025
17.52
17.59
17.46
17.59
14.56
129,600
Jun 2, 2025
0.3 Dividend 

Jun 2, 2025
17.38
17.49
17.28
17.49
14.47
74,300
May 30, 2025
17.70
17.73
17.52
17.68
14.38
84,600
May 29, 2025
17.80
17.80
17.63
17.74
14.43
50,600
May 28, 2025
17.76
17.79
17.67
17.67
14.37
66,400
May 27, 2025
17.63
17.76
17.56
17.76
14.45
56,200
