Date
Open
High
Low
Close 

Adj Close 

Volume
Jun 5, 2026
22.01
22.19
21.98
22.11
22.11
26,600
Jun 4, 2026
21.95
22.10
21.91
21.99
21.99
27,400
Jun 3, 2026
0.153 Dividend 

Jun 3, 2026
22.05
22.05
21.83
21.83
21.83
42,500
Jun 2, 2026
22.25
22.30
22.17
22.22
22.07
55,100
Jun 1, 2026
22.35
22.35
22.13
22.18
22.03
40,700
May 29, 2026
22.53
22.56
22.40
22.50
22.35
30,100
May 28, 2026
22.50
22.63
22.46
22.55
22.39
14,900
May 27, 2026
22.56
22.70
22.56
22.62
22.46
35,700
May 26, 2026
22.45
22.58
22.44
22.55
22.39
49,300
May 22, 2026
22.60
22.60
22.40
22.49
22.34
40,400
May 21, 2026
22.45
22.58
22.20
22.52
22.37
57,300
May 20, 2026
22.31
22.49
22.21
22.45
22.30
25,300
May 19, 2026
22.21
22.34
22.13
22.17
22.02
76,500
May 18, 2026
22.28
22.34
22.23
22.32
22.17
46,500
May 15, 2026
22.37
22.37
22.10
22.17
22.02
24,300
May 14, 2026
22.49
22.60
22.37
22.40
22.25
51,400
May 13, 2026
22.43
22.53
22.36
22.45
22.30
34,500
May 12, 2026
22.66
22.68
22.45
22.61
22.45
43,800
May 11, 2026
22.82
22.82
22.61
22.65
22.49
42,400
May 8, 2026
22.68
22.83
22.68
22.79
22.63
28,100
May 7, 2026
22.70
22.75
22.61
22.69
22.53
18,000
May 6, 2026
22.63
22.75
22.61
22.73
22.57
38,800
May 5, 2026
0.153 Dividend 

May 5, 2026
22.43
22.57
22.32
22.57
22.41
21,300
May 4, 2026
22.69
22.83
22.49
22.54
22.23
137,800
May 1, 2026
22.75
22.84
22.68
22.78
22.47
29,100
Apr 30, 2026
22.53
22.79
22.53
22.70
22.39
46,000
Apr 29, 2026
22.68
22.68
22.39
22.49
22.18
31,300
Apr 28, 2026
22.87
22.88
22.67
22.87
22.56
47,700
Apr 27, 2026
22.70
22.86
22.62
22.76
22.45
46,600
Apr 24, 2026
22.63
22.74
22.57
22.72
22.41
44,000
Apr 23, 2026
22.52
22.64
22.48
22.57
22.26
26,100
Apr 22, 2026
22.65
22.75
22.48
22.53
22.22
28,500
Apr 21, 2026
22.72
22.86
22.60
22.64
22.33
28,900
Apr 20, 2026
22.79
22.79
22.71
22.78
22.47
69,900
Apr 17, 2026
22.62
22.79
22.56
22.79
22.48
55,800
Apr 16, 2026
22.50
22.55
22.37
22.39
22.08
50,200
Apr 15, 2026
22.29
22.49
22.28
22.49
22.18
70,200
Apr 14, 2026
22.19
22.36
22.12
22.30
22.00
244,700
Apr 13, 2026
21.99
22.11
21.90
22.07
21.77
52,100
Apr 10, 2026
22.09
22.19
22.00
22.03
21.73
45,600
Apr 9, 2026
21.70
22.19
21.70
21.94
21.64
137,600
Apr 8, 2026
21.65
21.83
21.65
21.71
21.41
25,100
Apr 7, 2026
21.29
21.49
21.27
21.39
21.10
108,500
Apr 6, 2026
0.152 Dividend 

Apr 6, 2026
21.17
21.38
21.17
21.30
21.01
36,900
Apr 2, 2026
21.22
21.46
21.10
21.46
21.02
17,200
Apr 1, 2026
21.32
21.33
21.18
21.27
20.83
29,500
Mar 31, 2026
21.10
21.23
20.98
21.20
20.76
41,800
Mar 30, 2026
20.80
21.12
20.75
20.82
20.39
52,700
Mar 27, 2026
20.87
20.99
20.72
20.72
20.29
27,100
Mar 26, 2026
21.08
21.14
20.95
20.97
20.54
19,400
Mar 25, 2026
21.20
21.23
21.06
21.14
20.70
12,700
Mar 24, 2026
20.90
21.18
20.90
21.05
20.62
24,900
Mar 23, 2026
20.98
21.32
20.91
21.08
20.65
43,700
Mar 20, 2026
21.60
21.60
20.77
20.81
20.38
88,700
Mar 19, 2026
21.58
21.73
21.51
21.63
21.18
51,200
Mar 18, 2026
21.86
21.92
21.55
21.77
21.32
57,900
Mar 17, 2026
21.92
22.12
21.92
21.94
21.49
34,800
Mar 16, 2026
21.82
22.10
21.82
21.91
21.46
27,100
Mar 13, 2026
22.04
22.14
21.66
21.67
21.23
54,900
Mar 12, 2026
21.90
22.10
21.89
21.92
21.47
53,800
Mar 11, 2026
22.15
22.15
21.90
22.01
21.56
34,700
Mar 10, 2026
22.17
22.43
22.01
22.22
21.76
48,400
Mar 9, 2026
21.98
22.14
21.52
22.08
21.62
79,100
Mar 6, 2026
22.15
22.24
21.94
22.18
21.72
48,400
Mar 5, 2026
22.47
22.47
22.14
22.32
21.86
55,900
Mar 4, 2026
0.152 Dividend 

Mar 4, 2026
22.59
22.60
22.45
22.54
22.08
44,200
Mar 3, 2026
22.68
22.87
22.41
22.61
22.00
75,300
Mar 2, 2026
22.63
22.98
22.50
22.92
22.29
47,700
Feb 27, 2026
22.97
23.09
22.86
22.92
22.29
65,000
Feb 26, 2026
22.85
23.09
22.85
23.04
22.41
86,600
Feb 25, 2026
22.69
22.84
22.66
22.82
22.19
79,800
Feb 24, 2026
22.67
22.84
22.60
22.77
22.15
68,700
Feb 23, 2026
22.78
22.87
22.67
22.72
22.10
51,800
Feb 20, 2026
22.58
22.73
22.55
22.70
22.09
27,100
Feb 19, 2026
22.65
22.69
22.53
22.58
21.97
24,500
Feb 18, 2026
22.95
22.95
22.66
22.66
22.04
40,800
Feb 17, 2026
22.92
22.99
22.68
22.96
22.33
48,100
Feb 13, 2026
22.74
22.92
22.61
22.81
22.19
36,300
Feb 12, 2026
22.75
22.80
22.50
22.61
22.00
41,500
Feb 11, 2026
22.73
22.80
22.66
22.74
22.12
43,000
Feb 10, 2026
22.55
22.69
22.55
22.64
22.02
32,500
Feb 9, 2026
22.51
22.57
22.31
22.48
21.87
41,000
Feb 6, 2026
22.55
22.70
22.50
22.63
22.02
34,500
Feb 5, 2026
22.41
22.64
22.41
22.54
21.93
29,400
Feb 4, 2026
0.15 Dividend 

Feb 4, 2026
22.50
22.58
22.33
22.51
21.90
30,000
Feb 3, 2026
22.45
22.56
22.32
22.52
21.77
39,800
Feb 2, 2026
22.40
22.54
22.38
22.41
21.66
61,000
Jan 30, 2026
22.87
22.87
22.34
22.45
21.70
80,600
Jan 29, 2026
22.79
22.92
22.71
22.89
22.12
38,700
Jan 28, 2026
22.85
22.93
22.71
22.72
21.95
35,500
Jan 27, 2026
22.72
22.82
22.66
22.81
22.04
241,500
Jan 26, 2026
22.80
22.80
22.67
22.70
21.94
32,000
Jan 23, 2026
22.68
22.82
22.67
22.77
22.00
32,600
Jan 22, 2026
22.79
22.95
22.73
22.76
21.99
56,000
Jan 21, 2026
22.79
22.85
22.59
22.78
22.01
56,800
Jan 20, 2026
22.93
22.93
22.77
22.82
22.05
208,700
Jan 16, 2026
22.63
22.94
22.63
22.94
22.17
30,200
Jan 15, 2026
22.49
22.73
22.49
22.69
21.93
28,300
Jan 14, 2026
22.38
22.50
22.32
22.49
21.73
40,000
Jan 13, 2026
22.38
22.48
22.32
22.38
21.63
44,800
Jan 12, 2026
22.28
22.43
22.22
22.38
21.62
43,200
Jan 9, 2026
22.28
22.44
22.28
22.28
21.53
31,200
Jan 8, 2026
22.10
22.38
22.10
22.25
21.50
41,200
Jan 7, 2026
22.19
22.20
22.11
22.14
21.39
69,600
Jan 6, 2026
22.09
22.13
21.92
22.11
21.37
75,900
Jan 5, 2026
21.90
22.03
21.76
22.00
21.26
83,800
Jan 2, 2026
21.77
22.04
21.69
21.96
21.22
41,600
Dec 31, 2025
21.85
21.85
21.73
21.78
21.04
31,100
Dec 30, 2025
0.145 Dividend 

Dec 30, 2025
21.82
21.85
21.71
21.81
21.07
20,200
Dec 29, 2025
21.87
21.90
21.80
21.82
20.95
46,600
Dec 26, 2025
21.89
21.90
21.82
21.89
21.01
38,600
Dec 24, 2025
21.72
21.86
21.70
21.85
20.97
281,800
Dec 23, 2025
21.81
21.85
21.71
21.73
20.86
51,600
Dec 22, 2025
21.80
21.88
21.75
21.84
20.96
35,900
Dec 19, 2025
21.86
21.91
21.80
21.80
20.93
54,500
Dec 18, 2025
21.75
21.93
21.75
21.86
20.98
39,600
Dec 17, 2025
21.56
21.76
21.56
21.72
20.85
57,300
Dec 16, 2025
21.77
21.78
21.62
21.65
20.78
40,900
Dec 15, 2025
21.63
21.74
21.60
21.68
20.81
52,900
Dec 12, 2025
21.50
21.67
21.49
21.60
20.73
53,800
Dec 11, 2025
21.53
21.62
21.49
21.51
20.65
46,300
Dec 10, 2025
21.51
21.60
21.44
21.55
20.69
31,800
Dec 9, 2025
21.50
21.61
21.44
21.45
20.59
38,400
Dec 8, 2025
21.61
21.68
21.51
21.54
20.68
35,700
Dec 5, 2025
21.79
21.83
21.71
21.73
20.85
27,400
Dec 4, 2025
21.80
21.93
21.75
21.77
20.90
36,100
Dec 3, 2025
0.145 Dividend 

Dec 3, 2025
21.87
21.92
21.81
21.85
20.97
40,100
Dec 2, 2025
21.93
22.00
21.88
22.00
20.98
48,300
Dec 1, 2025
21.90
22.05
21.88
21.93
20.91
26,800
Nov 28, 2025
22.12
22.12
22.02
22.08
21.05
21,700
Nov 26, 2025
21.87
22.13
21.83
22.12
21.09
43,200
Nov 25, 2025
21.70
21.95
21.70
21.90
20.88
38,500
Nov 24, 2025
21.65
21.70
21.60
21.68
20.68
26,900
Nov 21, 2025
21.46
21.67
21.32
21.67
20.66
23,600
Nov 20, 2025
21.58
21.70
21.45
21.47
20.47
28,000
Nov 19, 2025
21.70
21.77
21.50
21.58
20.58
27,000
Nov 18, 2025
21.53
21.70
21.53
21.68
20.67
22,800
Nov 17, 2025
21.67
21.81
21.53
21.58
20.58
35,400
Nov 14, 2025
21.65
21.76
21.60
21.75
20.74
33,800
Nov 13, 2025
21.81
21.85
21.67
21.70
20.69
67,400
Nov 12, 2025
21.82
21.95
21.79
21.81
20.80
51,000
Nov 11, 2025
21.75
21.94
21.75
21.93
20.91
54,200
Nov 10, 2025
21.82
21.82
21.65
21.74
20.73
20,800
Nov 7, 2025
21.48
21.72
21.48
21.72
20.71
23,300
Nov 6, 2025
21.63
21.64
21.50
21.56
20.55
22,000
Nov 5, 2025
0.145 Dividend 

Nov 5, 2025
21.57
21.73
21.52
21.63
20.62
30,400
Nov 4, 2025
21.70
21.70
21.54
21.64
20.50
17,900
Nov 3, 2025
21.64
21.71
21.45
21.70
20.55
40,500
Oct 31, 2025
21.42
21.63
21.37
21.63
20.49
10,300
Oct 30, 2025
21.49
21.63
21.45
21.47
20.34
21,200
Oct 29, 2025
21.82
21.89
21.60
21.67
20.53
33,800
Oct 28, 2025
21.92
21.92
21.82
21.88
20.72
37,800
Oct 27, 2025
21.88
21.98
21.84
21.96
20.80
31,600
Oct 24, 2025
21.93
21.99
21.90
21.92
20.76
49,000
Oct 23, 2025
21.87
21.99
21.84
21.97
20.81
30,600
Oct 22, 2025
21.73
21.96
21.73
21.90
20.74
48,400
Oct 21, 2025
21.73
21.84
21.65
21.67
20.53
45,000
Oct 20, 2025
21.64
21.85
21.59
21.83
20.68
31,800
Oct 17, 2025
21.40
21.61
21.39
21.58
20.45
42,900
Oct 16, 2025
21.52
21.61
21.39
21.43
20.30
31,000
Oct 15, 2025
21.56
21.57
21.43
21.55
20.41
42,800
Oct 14, 2025
21.29
21.54
21.21
21.50
20.36
22,900
Oct 13, 2025
21.19
21.35
21.07
21.26
20.14
37,900
Oct 10, 2025
21.30
21.47
21.14
21.17
20.05
45,400
Oct 9, 2025
21.42
21.47
21.25
21.28
20.16
62,400
Oct 8, 2025
21.56
21.56
21.43
21.49
20.35
34,600
Oct 7, 2025
21.50
21.55
21.43
21.52
20.38
26,600
Oct 6, 2025
21.71
21.71
21.49
21.49
20.36
36,500
Oct 3, 2025
0.145 Dividend 

Oct 3, 2025
21.75
21.85
21.70
21.73
20.58
40,100
Oct 2, 2025
21.86
21.88
21.71
21.84
20.55
29,500
Oct 1, 2025
21.66
21.88
21.56
21.85
20.56
32,600
Sep 30, 2025
21.48
21.66
21.46
21.64
20.36
87,900
Sep 29, 2025
21.51
21.57
21.42
21.48
20.21
33,800
Sep 26, 2025
21.35
21.58
21.35
21.51
20.24
22,300
Sep 25, 2025
21.40
21.47
21.29
21.33
20.07
26,400
Sep 24, 2025
21.58
21.58
21.42
21.42
20.16
34,400
Sep 23, 2025
21.41
21.61
21.41
21.59
20.31
22,400
Sep 22, 2025
21.54
21.66
21.33
21.41
20.14
44,600
Sep 19, 2025
21.67
21.71
21.56
21.56
20.29
55,700
Sep 18, 2025
21.86
21.86
21.63
21.71
20.43
48,400
Sep 17, 2025
21.82
22.08
21.81
21.87
20.58
64,900
Sep 16, 2025
22.03
22.04
21.80
21.81
20.52
57,000
Sep 15, 2025
22.13
22.13
21.95
22.00
20.70
58,400
Sep 12, 2025
22.11
22.12
21.97
22.05
20.75
47,300
Sep 11, 2025
22.01
22.12
21.97
22.05
20.74
40,500
Sep 10, 2025
22.01
22.05
21.91
21.94
20.64
76,900
Sep 9, 2025
21.95
21.99
21.90
21.97
20.67
71,200
Sep 8, 2025
21.96
22.00
21.90
21.98
20.68
56,500
Sep 5, 2025
21.87
21.99
21.83
21.99
20.69
60,700
Sep 4, 2025
0.145 Dividend 

Sep 4, 2025
21.65
21.73
21.60
21.71
20.43
16,400
Sep 3, 2025
21.53
21.75
21.51
21.73
20.31
35,100
Sep 2, 2025
21.76
21.80
21.53
21.65
20.24
59,600
Aug 29, 2025
21.76
21.88
21.67
21.87
20.44
30,800
Aug 28, 2025
21.72
21.73
21.63
21.71
20.29
34,600
Aug 27, 2025
21.74
21.79
21.57
21.76
20.34
41,300
Aug 26, 2025
21.72
21.74
21.60
21.72
20.30
40,000
Aug 25, 2025
21.82
21.88
21.71
21.75
20.33
27,000
Aug 22, 2025
21.61
21.88
21.58
21.81
20.39
64,100
Aug 21, 2025
21.57
21.58
21.40
21.47
20.07
37,300
Aug 20, 2025
21.44
21.60
21.44
21.58
20.17
38,500
Aug 19, 2025
21.24
21.44
21.24
21.36
19.96
26,600
Aug 18, 2025
21.26
21.39
21.22
21.26
19.87
123,100
Aug 15, 2025
21.38
21.38
21.28
21.33
19.94
13,200
Aug 14, 2025
21.37
21.38
21.20
21.34
19.94
29,900
Aug 13, 2025
21.29
21.43
21.23
21.40
20.00
31,800
Aug 12, 2025
21.29
21.30
21.15
21.28
19.89
71,700
Aug 11, 2025
21.32
21.32
21.15
21.15
19.76
30,300
Aug 8, 2025
21.26
21.34
21.20
21.27
19.88
17,900
Aug 7, 2025
21.24
21.24
21.08
21.23
19.84
15,100
Aug 6, 2025
21.20
21.21
21.10
21.11
19.73
20,400
Aug 5, 2025
0.144 Dividend 

Aug 5, 2025
21.31
21.31
21.14
21.19
19.80
20,100
Aug 4, 2025
21.13
21.45
21.13
21.41
19.87
23,800
Aug 1, 2025
20.99
21.10
20.94
21.06
19.55
24,000
Jul 31, 2025
21.14
21.17
20.96
20.99
19.49
62,400
Jul 30, 2025
21.43
21.45
21.08
21.18
19.66
28,200
Jul 29, 2025
21.27
21.45
21.26
21.41
19.88
31,000
Jul 28, 2025
21.44
21.46
21.30
21.32
19.79
63,700
Jul 25, 2025
21.41
21.50
21.30
21.45
19.92
22,000
Jul 24, 2025
21.51
21.57
21.41
21.51
19.97
14,600
Jul 23, 2025
21.49
21.57
21.37
21.53
19.99
17,500
Jul 22, 2025
21.26
21.49
21.26
21.48
19.94
54,500
Jul 21, 2025
21.20
21.29
21.17
21.22
19.69
14,300
Jul 18, 2025
21.25
21.25
21.05
21.13
19.61
22,900
Jul 17, 2025
21.23
21.25
21.12
21.15
19.63
19,900
Jul 16, 2025
21.17
21.28
21.11
21.24
19.72
22,400
Jul 15, 2025
21.31
21.40
21.05
21.05
19.54
36,100
Jul 14, 2025
21.26
21.34
21.23
21.32
19.79
15,200
Jul 11, 2025
21.22
21.23
21.00
21.23
19.71
27,600
Jul 10, 2025
21.00
21.29
21.00
21.21
19.69
96,600
Jul 9, 2025
21.14
21.27
21.09
21.17
19.65
48,500
Jul 8, 2025
21.16
21.22
21.06
21.11
19.60
35,200
Jul 7, 2025
21.36
21.44
21.16
21.23
19.71
27,700
Jul 3, 2025
0.144 Dividend 

Jul 3, 2025
21.60
21.60
21.37
21.41
19.88
37,300
Jul 2, 2025
21.36
21.49
21.22
21.48
19.81
23,800
Jul 1, 2025
21.09
21.40
21.09
21.40
19.73
21,100
Jun 30, 2025
21.07
21.18
21.00
21.16
19.51
47,200
Jun 27, 2025
21.15
21.17
20.93
21.07
19.43
18,500
Jun 26, 2025
21.06
21.09
20.92
21.08
19.44
24,900
Jun 25, 2025
21.03
21.03
20.89
20.93
19.30
22,400
Jun 24, 2025
21.00
21.14
21.00
21.06
19.42
23,800
Jun 23, 2025
20.77
21.08
20.77
21.00
19.36
59,400
Jun 20, 2025
20.83
21.00
20.82
20.82
19.20
16,000
Jun 18, 2025
20.85
20.97
20.73
20.94
19.31
49,500
Jun 17, 2025
20.72
20.82
20.70
20.70
19.09
13,200
Jun 16, 2025
20.85
20.95
20.72
20.79
19.17
22,700
Jun 13, 2025
20.83
20.93
20.72
20.76
19.14
29,400
Jun 12, 2025
20.85
21.03
20.83
21.03
19.39
25,100
Jun 11, 2025
20.85
21.03
20.85
20.89
19.26
38,100
Jun 10, 2025
20.89
21.00
20.87
20.95
19.32
16,200
Jun 9, 2025
20.75
20.86
20.72
20.86
19.24
24,100
Jun 6, 2025
20.73
20.78
20.65
20.75
19.13
20,300
