Date
Open
High
Low
Close 

Adj Close 

Volume
May 26, 2026
28.35
28.65
28.29
28.62
28.62
142,471
May 22, 2026
28.10
28.26
28.01
28.13
28.13
94,800
May 21, 2026
27.78
28.04
27.65
28.00
28.00
157,900
May 20, 2026
27.47
27.87
27.47
27.81
27.81
160,900
May 19, 2026
0.382 Dividend 

May 19, 2026
27.22
27.66
27.15
27.39
27.39
148,000
May 18, 2026
28.11
28.26
27.68
27.89
27.51
197,500
May 15, 2026
28.16
28.26
27.95
28.01
27.63
264,100
May 14, 2026
28.28
28.59
28.28
28.46
28.07
106,900
May 13, 2026
28.24
28.43
28.00
28.28
27.89
359,300
May 12, 2026
28.25
28.25
27.64
28.04
27.66
438,600
May 11, 2026
28.27
28.36
28.12
28.36
27.97
228,200
May 8, 2026
27.82
28.22
27.75
28.15
27.76
190,000
May 7, 2026
27.69
27.85
27.45
27.54
27.16
456,500
May 6, 2026
27.58
27.66
27.27
27.63
27.25
195,400
May 5, 2026
27.00
27.14
26.94
27.10
26.73
168,200
May 4, 2026
26.88
26.90
26.60
26.75
26.38
211,600
May 1, 2026
26.63
26.93
26.62
26.79
26.42
162,600
Apr 30, 2026
26.45
26.60
26.17
26.54
26.18
100,000
Apr 29, 2026
26.21
26.33
26.14
26.33
25.97
96,400
Apr 28, 2026
26.24
26.28
26.00
26.14
25.78
159,100
Apr 27, 2026
26.30
26.46
26.27
26.45
26.09
307,600
Apr 24, 2026
26.20
26.50
26.18
26.39
26.03
152,200
Apr 23, 2026
26.07
26.14
25.69
26.00
25.64
282,400
Apr 22, 2026
25.89
26.11
25.84
26.04
25.68
119,200
Apr 21, 2026
26.06
26.06
25.61
25.77
25.42
190,700
Apr 20, 2026
25.71
25.92
25.61
25.69
25.34
118,300
Apr 17, 2026
25.71
25.90
25.66
25.80
25.45
191,600
Apr 16, 2026
25.34
25.58
25.26
25.43
25.08
95,100
Apr 15, 2026
25.01
25.38
25.01
25.31
24.96
366,800
Apr 14, 2026
0.35 Dividend 

Apr 14, 2026
24.88
25.15
24.80
25.01
24.67
143,800
Apr 13, 2026
24.68
25.16
24.68
25.16
24.47
450,300
Apr 10, 2026
24.90
24.99
24.79
24.86
24.18
87,000
Apr 9, 2026
24.66
24.85
24.49
24.85
24.17
144,100
Apr 8, 2026
24.59
24.70
24.45
24.56
23.89
140,500
Apr 7, 2026
23.80
24.01
23.53
24.01
23.35
176,700
Apr 6, 2026
23.94
24.05
23.80
23.98
23.32
104,900
Apr 2, 2026
23.31
23.88
23.31
23.83
23.18
90,100
Apr 1, 2026
23.83
24.05
23.75
23.94
23.28
122,100
Mar 31, 2026
23.08
23.71
23.08
23.53
22.88
80,000
Mar 30, 2026
23.23
23.24
22.70
22.74
22.12
115,800
Mar 27, 2026
23.38
23.55
22.97
23.06
22.43
119,100
Mar 26, 2026
23.78
23.95
23.45
23.45
22.81
67,800
Mar 25, 2026
23.98
24.18
23.95
23.95
23.29
57,500
Mar 24, 2026
23.79
24.04
23.78
23.78
23.13
73,100
Mar 23, 2026
24.08
24.30
23.97
24.06
23.40
70,200
Mar 20, 2026
24.15
24.15
23.60
23.77
23.12
75,700
Mar 19, 2026
24.05
24.30
23.90
23.99
23.33
77,000
Mar 18, 2026
24.48
24.59
24.05
24.05
23.39
191,200
Mar 17, 2026
0.354 Dividend 

Mar 17, 2026
24.43
24.73
24.43
24.58
23.91
86,700
Mar 16, 2026
24.78
25.02
24.64
24.64
23.62
137,300
Mar 13, 2026
24.83
24.96
24.48
24.57
23.55
196,000
Mar 12, 2026
24.93
24.97
24.65
24.65
23.63
98,300
Mar 11, 2026
25.02
25.28
24.93
25.01
23.97
103,400
Mar 10, 2026
25.12
25.28
24.96
25.06
24.02
126,600
Mar 9, 2026
24.55
25.19
24.46
24.92
23.89
213,400
Mar 6, 2026
24.89
25.08
24.74
24.74
23.72
123,700
Mar 5, 2026
25.20
25.37
24.90
25.14
24.10
125,000
Mar 4, 2026
24.95
25.42
24.95
25.29
24.24
86,300
Mar 3, 2026
24.74
24.96
24.50
24.94
23.91
113,900
Mar 2, 2026
24.75
25.24
24.75
25.19
24.15
331,000
Feb 27, 2026
25.00
25.20
24.93
25.18
24.14
77,700
Feb 26, 2026
25.53
25.59
25.00
25.07
24.03
71,500
Feb 25, 2026
25.16
25.50
25.14
25.40
24.35
116,600
Feb 24, 2026
24.81
25.18
24.69
25.04
24.00
187,600
Feb 23, 2026
25.10
25.10
24.69
24.80
23.77
399,900
Feb 20, 2026
24.83
25.16
24.83
25.10
24.06
82,400
Feb 19, 2026
24.78
25.01
24.78
24.78
23.75
113,500
Feb 18, 2026
24.70
25.16
24.70
24.84
23.81
94,900
Feb 17, 2026
0.357 Dividend 

Feb 17, 2026
24.67
24.90
24.45
24.78
23.75
165,400
Feb 13, 2026
25.00
25.36
24.90
25.01
23.63
103,500
Feb 12, 2026
25.68
25.68
25.00
25.00
23.62
144,900
Feb 11, 2026
25.82
25.82
25.36
25.58
24.17
110,100
Feb 10, 2026
25.68
25.72
25.34
25.47
24.07
213,900
Feb 9, 2026
25.41
25.68
25.22
25.54
24.13
215,800
Feb 6, 2026
25.12
25.50
24.95
25.45
24.05
190,600
Feb 5, 2026
25.00
25.23
24.80
24.84
23.47
329,600
Feb 4, 2026
25.60
25.60
25.02
25.18
23.79
253,500
Feb 3, 2026
26.23
26.23
25.41
25.49
24.09
269,800
Feb 2, 2026
25.79
26.19
25.79
26.10
24.66
134,500
Jan 30, 2026
25.98
26.19
25.80
25.83
24.41
328,700
Jan 29, 2026
26.25
26.38
25.76
26.18
24.74
144,700
Jan 28, 2026
26.33
26.50
26.24
26.39
24.94
143,500
Jan 27, 2026
26.13
26.34
26.12
26.17
24.73
129,800
Jan 26, 2026
26.00
26.14
25.97
26.07
24.63
163,200
Jan 23, 2026
25.88
26.03
25.83
26.03
24.60
168,600
Jan 22, 2026
26.01
26.01
25.80
25.90
24.47
151,800
Jan 21, 2026
25.60
25.95
25.47
25.73
24.31
244,200
Jan 20, 2026
0.376 Dividend 

Jan 20, 2026
25.54
25.75
25.38
25.38
23.98
499,500
Jan 16, 2026
26.43
26.60
26.28
26.32
24.52
230,400
Jan 15, 2026
26.67
26.67
26.32
26.32
24.52
220,100
Jan 14, 2026
26.48
26.48
26.07
26.29
24.49
119,900
Jan 13, 2026
26.55
26.66
26.43
26.48
24.66
195,500
Jan 12, 2026
26.37
26.64
26.25
26.58
24.75
153,700
Jan 9, 2026
26.40
26.58
26.24
26.51
24.69
277,200
Jan 8, 2026
26.40
26.41
26.17
26.31
24.51
265,200
Jan 7, 2026
26.48
26.63
26.38
26.43
24.62
199,100
Jan 6, 2026
26.35
26.50
26.26
26.50
24.68
487,100
Jan 5, 2026
26.20
26.35
26.19
26.20
24.40
282,100
Jan 2, 2026
26.40
26.40
25.90
26.04
24.25
208,400
Dec 31, 2025
26.38
26.38
26.00
26.07
24.28
154,500
Dec 30, 2025
26.35
26.38
26.25
26.27
24.47
114,800
Dec 29, 2025
26.37
26.42
26.24
26.34
24.53
121,500
Dec 26, 2025
26.57
26.57
26.42
26.48
24.66
89,700
Dec 24, 2025
26.39
26.46
26.36
26.45
24.64
62,300
Dec 23, 2025
26.24
26.39
26.19
26.39
24.58
63,700
Dec 22, 2025
26.25
26.34
26.16
26.24
24.44
133,600
Dec 19, 2025
25.75
26.11
25.75
26.11
24.32
54,800
Dec 18, 2025
25.76
25.90
25.62
25.77
24.00
167,600
Dec 17, 2025
26.00
26.00
25.35
25.38
23.64
181,300
Dec 16, 2025
0.374 Dividend 

Dec 16, 2025
25.82
25.94
25.65
25.88
24.11
107,700
Dec 15, 2025
26.60
26.60
26.15
26.19
24.05
218,400
Dec 12, 2025
26.81
26.84
26.24
26.37
24.21
155,900
Dec 11, 2025
26.77
26.82
26.49
26.82
24.62
136,200
Dec 10, 2025
26.79
26.97
26.65
26.89
24.69
161,600
Dec 9, 2025
26.70
26.82
26.62
26.80
24.61
64,400
Dec 8, 2025
26.94
26.94
26.64
26.74
24.55
169,100
Dec 5, 2025
26.79
26.90
26.69
26.76
24.57
69,400
Dec 4, 2025
26.75
26.75
26.55
26.63
24.45
60,200
Dec 3, 2025
26.58
26.71
26.45
26.68
24.50
64,300
Dec 2, 2025
26.57
26.66
26.44
26.60
24.42
95,000
Dec 1, 2025
26.16
26.47
26.16
26.35
24.19
60,800
Nov 28, 2025
26.40
26.44
26.27
26.44
24.28
60,700
Nov 26, 2025
26.00
26.31
26.00
26.22
24.07
60,100
Nov 25, 2025
25.79
25.98
25.45
25.96
23.83
50,800
Nov 24, 2025
25.42
25.87
25.37
25.84
23.72
58,800
Nov 21, 2025
25.11
25.42
24.75
25.16
23.10
91,500
Nov 20, 2025
25.78
26.22
24.90
24.90
22.86
110,100
Nov 19, 2025
25.50
25.82
25.34
25.55
23.46
161,700
Nov 18, 2025
0.37 Dividend 

Nov 18, 2025
25.63
25.63
25.23
25.41
23.33
121,100
Nov 17, 2025
26.21
26.43
25.91
26.08
23.61
150,800
Nov 14, 2025
25.97
26.47
25.80
26.29
23.80
75,200
Nov 13, 2025
26.66
26.66
26.15
26.27
23.78
79,900
Nov 12, 2025
27.00
27.08
26.63
26.75
24.22
60,400
Nov 11, 2025
26.75
26.85
26.60
26.78
24.24
66,000
Nov 10, 2025
26.74
26.89
26.60
26.87
24.32
79,800
Nov 7, 2025
26.32
26.37
25.87
26.34
23.84
107,900
Nov 6, 2025
26.90
26.90
26.35
26.36
23.86
108,900
Nov 5, 2025
26.84
27.11
26.69
26.95
24.39
53,500
Nov 4, 2025
27.00
27.10
26.73
26.75
24.21
80,100
Nov 3, 2025
27.63
27.63
27.23
27.30
24.71
84,000
Oct 31, 2025
27.43
27.43
27.03
27.14
24.56
46,100
Oct 30, 2025
27.31
27.31
27.00
27.02
24.46
69,100
Oct 29, 2025
27.48
27.53
27.21
27.47
24.86
53,100
Oct 28, 2025
27.17
27.38
27.08
27.24
24.65
95,400
Oct 27, 2025
26.94
27.15
26.88
27.08
24.51
72,300
Oct 24, 2025
26.40
26.63
26.40
26.57
24.05
47,300
Oct 23, 2025
26.11
26.38
26.05
26.35
23.85
45,100
Oct 22, 2025
26.33
26.34
25.88
26.08
23.61
67,400
Oct 21, 2025
0.381 Dividend 

Oct 21, 2025
26.38
26.38
26.24
26.33
23.84
44,900
Oct 20, 2025
26.60
26.79
26.54
26.74
23.86
61,200
Oct 17, 2025
26.05
26.45
26.05
26.32
23.48
18,400
Oct 16, 2025
26.48
26.50
26.00
26.22
23.39
28,600
Oct 15, 2025
26.32
26.48
26.08
26.20
23.38
16,200
Oct 14, 2025
26.03
26.28
25.70
26.11
23.30
44,700
Oct 13, 2025
26.12
26.32
25.97
26.27
23.44
34,100
Oct 10, 2025
26.65
26.73
25.70
25.70
22.93
107,900
Oct 9, 2025
26.70
26.70
26.45
26.65
23.78
51,700
Oct 8, 2025
26.45
26.69
26.41
26.69
23.81
33,300
Oct 7, 2025
26.51
26.60
26.30
26.38
23.54
45,500
Oct 6, 2025
26.60
26.71
26.39
26.50
23.65
53,800
Oct 3, 2025
26.60
26.60
26.16
26.28
23.45
59,200
Oct 2, 2025
26.66
26.66
26.26
26.39
23.55
75,700
Oct 1, 2025
26.09
26.32
26.00
26.28
23.45
26,900
Sep 30, 2025
26.17
26.19
26.00
26.19
23.37
37,100
Sep 29, 2025
26.32
26.32
26.04
26.10
23.29
42,000
Sep 26, 2025
26.10
26.10
25.77
25.99
23.19
20,900
Sep 25, 2025
25.90
25.95
25.67
25.87
23.08
17,600
Sep 24, 2025
26.06
26.14
25.90
25.94
23.14
20,000
Sep 23, 2025
26.23
26.30
25.95
26.05
23.24
27,600
Sep 22, 2025
26.00
26.25
26.00
26.23
23.40
37,300
Sep 19, 2025
26.18
26.18
25.92
26.07
23.26
17,200
Sep 18, 2025
25.93
25.99
25.82
25.90
23.11
32,700
Sep 17, 2025
25.90
25.90
25.42
25.61
22.85
26,900
Sep 16, 2025
25.89
26.02
25.68
25.68
22.92
34,800
Sep 15, 2025
25.45
25.70
25.45
25.68
22.91
36,500
Sep 12, 2025
25.65
25.65
25.40
25.52
22.77
36,000
Sep 11, 2025
25.42
25.42
25.30
25.39
22.65
22,000
Sep 10, 2025
25.20
25.36
25.16
25.24
22.51
45,400
Sep 9, 2025
25.15
25.26
25.11
25.24
22.51
27,900
Sep 8, 2025
25.20
25.26
25.12
25.16
22.45
44,300
Sep 5, 2025
25.31
25.33
24.87
25.00
22.31
52,200
Sep 4, 2025
24.83
25.00
24.78
24.99
22.30
54,400
