Date
Open
High
Low
Close 

Adj Close 

Volume
Jun 5, 2026
26.21
26.66
24.90
24.97
24.97
80,500
Jun 4, 2026
26.45
26.73
26.19
26.55
26.55
32,700
Jun 3, 2026
0.111 Dividend 

Jun 3, 2026
26.99
26.99
26.60
26.72
26.72
20,200
Jun 2, 2026
26.87
26.95
26.55
26.85
26.74
41,800
Jun 1, 2026
26.36
26.93
26.36
26.82
26.71
64,000
May 29, 2026
26.58
27.02
26.32
26.66
26.55
62,300
May 28, 2026
26.12
26.40
25.90
26.26
26.15
49,900
May 27, 2026
0.111 Dividend 

May 27, 2026
26.21
26.42
25.84
25.98
25.87
24,100
May 26, 2026
26.36
26.54
25.95
26.44
26.22
63,400
May 22, 2026
25.74
25.96
25.57
25.96
25.74
33,400
May 21, 2026
25.39
25.64
25.06
25.48
25.27
41,600
May 20, 2026
0.111 Dividend 

May 20, 2026
24.85
25.35
24.85
25.27
25.06
18,000
May 19, 2026
24.90
26.68
24.57
24.95
24.63
27,800
May 18, 2026
25.55
25.81
24.81
25.09
24.77
37,400
May 15, 2026
25.28
25.50
25.17
25.23
24.91
23,900
May 14, 2026
25.75
25.91
25.59
25.80
25.47
22,100
May 13, 2026
0.079 Dividend 

May 13, 2026
25.58
25.70
25.18
25.60
25.27
16,100
May 12, 2026
25.33
25.47
24.91
25.27
24.87
30,300
May 11, 2026
25.58
25.69
25.48
25.62
25.21
18,300
May 8, 2026
25.03
25.52
24.96
25.52
25.12
26,100
May 7, 2026
24.94
25.34
24.67
24.80
24.40
36,900
May 6, 2026
0.079 Dividend 

May 6, 2026
24.45
25.07
24.32
25.03
24.63
26,000
May 5, 2026
24.26
24.41
24.19
24.34
23.88
34,500
May 4, 2026
24.00
24.22
23.76
23.93
23.48
52,200
May 1, 2026
23.95
24.05
23.76
24.02
23.56
32,300
Apr 30, 2026
23.68
23.77
23.24
23.76
23.31
27,600
Apr 29, 2026
0.079 Dividend 

Apr 29, 2026
23.29
23.42
23.20
23.40
22.96
12,100
Apr 28, 2026
23.51
23.51
23.14
23.33
22.81
26,900
Apr 27, 2026
23.75
23.75
23.50
23.64
23.11
52,800
Apr 24, 2026
23.38
23.69
23.36
23.66
23.13
37,300
Apr 23, 2026
23.19
23.32
23.09
23.15
22.63
11,900
Apr 22, 2026
0.079 Dividend 

Apr 22, 2026
23.04
23.27
23.03
23.27
22.76
23,300
Apr 21, 2026
23.24
23.24
22.76
22.91
22.32
39,100
Apr 20, 2026
22.90
23.13
22.87
23.06
22.47
21,100
Apr 17, 2026
23.00
23.13
22.78
23.10
22.51
34,700
Apr 16, 2026
22.56
22.75
22.41
22.67
22.08
22,400
Apr 15, 2026
0.079 Dividend 

Apr 15, 2026
22.32
22.57
22.13
22.57
21.99
32,800
Apr 14, 2026
22.07
22.33
21.98
22.26
21.61
45,100
Apr 13, 2026
21.74
21.95
21.48
21.84
21.20
86,000
Apr 10, 2026
21.83
21.84
21.59
21.66
21.03
20,800
Apr 9, 2026
21.26
21.65
21.26
21.65
21.02
10,700
Apr 8, 2026
0.1 Dividend 

Apr 8, 2026
22.00
22.10
21.25
21.35
20.73
17,600
Apr 7, 2026
20.71
20.76
20.32
20.76
20.06
29,300
Apr 6, 2026
20.86
20.86
20.57
20.70
20.00
24,700
Apr 2, 2026
20.50
20.68
20.06
20.68
19.98
15,600
Apr 1, 2026
0.1 Dividend 

Apr 1, 2026
20.74
20.93
20.53
20.79
20.09
18,800
Mar 31, 2026
20.01
20.42
19.93
20.38
19.59
9,100
Mar 30, 2026
20.53
20.53
19.45
19.68
18.92
17,300
Mar 27, 2026
20.37
20.37
19.77
19.77
19.01
16,000
Mar 26, 2026
20.74
20.85
20.39
20.39
19.60
12,000
Mar 25, 2026
0.1 Dividend 

Mar 25, 2026
21.02
21.15
20.90
21.00
20.19
3,800
Mar 24, 2026
20.91
21.13
20.83
20.83
19.93
8,100
Mar 23, 2026
21.23
21.42
21.03
21.03
20.12
8,800
Mar 20, 2026
21.23
21.23
20.69
20.77
19.87
18,700
Mar 19, 2026
21.31
21.34
20.97
21.29
20.37
21,100
Mar 18, 2026
0.1 Dividend 

Mar 18, 2026
21.84
21.84
21.35
21.38
20.46
15,600
Mar 17, 2026
21.63
21.98
21.63
21.80
20.76
12,500
Mar 16, 2026
21.86
21.86
21.66
21.73
20.70
18,200
Mar 13, 2026
21.86
21.86
21.30
21.40
20.38
66,900
Mar 12, 2026
21.93
21.93
21.55
21.70
20.67
22,500
Mar 11, 2026
0.102 Dividend 

Mar 11, 2026
22.03
22.18
21.93
21.97
20.92
20,000
Mar 10, 2026
22.31
22.40
22.05
22.05
20.90
26,500
Mar 9, 2026
21.65
22.23
21.48
22.17
21.02
19,500
Mar 6, 2026
22.00
22.10
21.74
21.88
20.74
23,900
Mar 5, 2026
22.42
22.44
21.98
22.22
21.06
12,500
Mar 4, 2026
0.102 Dividend 

Mar 4, 2026
22.29
22.64
22.25
22.49
21.32
18,200
Mar 3, 2026
21.97
22.20
21.63
22.13
20.88
18,400
Mar 2, 2026
22.10
22.52
21.95
22.43
21.17
30,200
Feb 27, 2026
22.14
22.43
22.14
22.35
21.09
9,700
Feb 26, 2026
22.71
22.71
22.25
22.31
21.05
13,400
Feb 25, 2026
0.102 Dividend 

Feb 25, 2026
22.45
22.81
22.45
22.65
21.37
36,700
Feb 24, 2026
22.17
22.50
22.04
22.45
21.09
13,700
Feb 23, 2026
22.22
22.54
22.04
22.07
20.73
22,100
Feb 20, 2026
22.19
22.55
22.18
22.49
21.13
13,500
Feb 19, 2026
22.32
22.35
22.06
22.25
20.90
18,100
Feb 18, 2026
0.102 Dividend 

Feb 18, 2026
22.28
22.50
22.12
22.37
21.01
9,100
Feb 17, 2026
22.16
22.32
21.81
22.24
20.80
25,400
Feb 13, 2026
22.16
22.43
22.00
22.07
20.64
15,100
Feb 12, 2026
22.95
22.95
22.05
22.05
20.62
29,000
Feb 11, 2026
0.107 Dividend 

Feb 11, 2026
22.97
22.98
22.48
22.74
21.26
20,700
Feb 10, 2026
22.99
23.05
22.75
22.75
21.17
48,400
Feb 9, 2026
22.70
22.97
22.42
22.86
21.28
60,600
Feb 6, 2026
21.96
22.69
21.96
22.68
21.11
26,400
Feb 5, 2026
22.00
22.46
21.92
21.99
20.47
36,600
Feb 4, 2026
0.107 Dividend 

Feb 4, 2026
22.75
22.92
22.20
22.48
20.92
63,600
Feb 3, 2026
24.00
24.00
22.80
23.10
21.40
48,900
Feb 2, 2026
23.69
23.73
23.34
23.59
21.85
41,300
Jan 30, 2026
23.58
26.14
23.25
23.34
21.62
25,700
Jan 29, 2026
23.97
24.39
23.24
23.76
22.01
31,800
Jan 28, 2026
0.107 Dividend 

Jan 28, 2026
24.02
24.06
23.66
23.94
22.18
39,700
Jan 27, 2026
23.96
24.00
23.75
23.95
22.09
37,300
Jan 26, 2026
23.61
23.79
23.61
23.76
21.91
49,800
Jan 23, 2026
23.51
23.67
23.46
23.61
21.77
44,000
Jan 22, 2026
23.80
23.80
23.46
23.59
21.75
55,500
Jan 21, 2026
0.122 Dividend 

Jan 21, 2026
23.25
23.57
23.04
23.38
21.56
35,100
Jan 20, 2026
23.77
23.77
23.11
23.11
21.20
99,700
Jan 16, 2026
24.00
24.07
23.56
23.78
21.81
28,000
Jan 15, 2026
24.19
24.19
23.75
23.81
21.84
33,400
Jan 14, 2026
23.85
23.90
23.34
23.60
21.65
27,100
Jan 13, 2026
24.24
24.24
23.86
23.88
21.90
18,700
Jan 12, 2026
23.90
24.11
23.77
24.01
22.03
32,200
Jan 9, 2026
23.73
24.04
23.69
24.02
22.03
53,900
Jan 8, 2026
24.03
24.03
23.55
23.73
21.76
36,700
Jan 7, 2026
23.94
24.24
23.91
23.97
21.99
35,200
