Date
Open
High
Low
Close 

Adj Close 

Volume
Jun 5, 2026
45.13
45.23
45.08
45.08
45.08
7,800
Jun 4, 2026
45.44
45.51
45.29
45.41
45.41
28,200
Jun 3, 2026
45.20
45.33
45.20
45.31
45.31
4,200
Jun 2, 2026
45.59
45.59
45.49
45.49
45.49
4,000
Jun 1, 2026
45.08
45.36
45.06
45.36
45.36
7,000
May 29, 2026
45.40
45.44
45.28
45.28
45.28
14,900
May 28, 2026
45.13
45.47
45.13
45.36
45.36
13,600
May 27, 2026
45.18
45.20
45.08
45.10
45.10
3,600
May 26, 2026
44.89
45.15
44.89
44.99
44.99
13,400
May 22, 2026
44.73
44.74
44.58
44.74
44.74
6,700
May 21, 2026
44.20
44.53
44.20
44.50
44.50
20,600
May 20, 2026
44.41
44.41
44.36
44.40
44.40
1,600
May 19, 2026
44.00
44.00
43.80
43.94
43.94
14,700
May 18, 2026
44.26
44.39
44.06
44.25
44.25
10,200
May 15, 2026
44.39
44.39
44.19
44.28
44.28
19,200
May 14, 2026
45.06
45.12
44.96
44.96
44.96
8,600
May 13, 2026
0.227 Dividend 

May 13, 2026
44.93
44.93
44.77
44.84
44.84
19,700
May 12, 2026
45.30
45.30
45.15
45.19
44.96
30,800
May 11, 2026
45.58
45.67
45.45
45.45
45.22
11,700
May 8, 2026
45.78
45.82
45.65
45.71
45.48
5,100
May 7, 2026
45.76
45.79
45.44
45.48
45.25
9,800
May 6, 2026
45.70
45.72
45.63
45.72
45.49
9,100
May 5, 2026
45.24
45.41
45.24
45.36
45.13
14,400
May 4, 2026
45.35
45.35
45.05
45.13
44.90
6,000
May 1, 2026
45.39
45.64
45.37
45.42
45.19
2,400
Apr 30, 2026
45.38
45.39
45.17
45.17
44.94
10,000
Apr 29, 2026
45.39
45.39
45.29
45.32
45.09
6,400
Apr 28, 2026
45.58
45.64
45.45
45.64
45.41
3,800
Apr 27, 2026
45.71
45.74
45.60
45.63
45.40
3,500
Apr 24, 2026
45.66
45.81
45.66
45.80
45.57
4,600
Apr 23, 2026
45.81
45.91
44.66
45.74
45.51
12,300
Apr 22, 2026
45.96
45.97
45.80
45.80
45.57
2,500
Apr 21, 2026
45.96
45.96
45.70
45.73
45.50
10,200
Apr 20, 2026
45.95
46.00
45.84
45.91
45.68
4,600
Apr 17, 2026
45.91
46.01
45.82
45.92
45.69
15,200
Apr 16, 2026
45.85
45.85
45.52
45.57
45.34
10,200
Apr 15, 2026
0.23 Dividend 

Apr 15, 2026
45.91
45.91
45.78
45.82
45.59
3,000
Apr 14, 2026
45.99
46.25
45.99
46.25
45.79
6,100
Apr 13, 2026
45.81
46.03
45.78
46.03
45.57
13,100
Apr 10, 2026
45.90
45.91
45.79
45.85
45.39
4,400
Apr 9, 2026
46.02
46.13
45.88
45.94
45.49
3,200
Apr 8, 2026
46.31
46.31
45.88
46.03
45.57
11,800
Apr 7, 2026
45.74
45.91
45.56
45.87
45.41
4,400
Apr 6, 2026
45.85
45.96
45.77
45.93
45.47
10,900
Apr 2, 2026
45.70
45.95
45.70
45.92
45.46
4,100
Apr 1, 2026
45.78
45.86
45.67
45.67
45.21
7,700
Mar 31, 2026
45.76
45.84
45.64
45.82
45.37
1,900
Mar 30, 2026
45.56
45.74
45.56
45.63
45.17
10,500
Mar 27, 2026
45.13
45.24
45.02
45.04
44.59
8,200
Mar 26, 2026
45.49
45.65
45.36
45.36
44.91
2,700
Mar 25, 2026
45.72
45.75
45.67
45.75
45.29
2,200
Mar 24, 2026
45.18
45.41
45.09
45.31
44.86
5,300
Mar 23, 2026
45.41
45.72
45.38
45.50
45.05
8,600
Mar 20, 2026
45.71
45.73
45.14
45.16
44.71
26,200
Mar 19, 2026
45.80
46.16
45.79
46.04
45.58
4,100
Mar 18, 2026
45.97
46.05
45.75
45.75
45.29
6,000
Mar 17, 2026
45.99
46.06
45.98
46.05
45.59
10,200
Mar 16, 2026
45.85
45.97
45.80
45.86
45.40
5,800
Mar 13, 2026
45.78
45.82
45.45
45.47
45.02
5,200
Mar 12, 2026
45.70
45.84
45.69
45.70
45.24
21,000
Mar 11, 2026
0.236 Dividend 

Mar 11, 2026
46.18
46.18
45.85
45.89
45.43
15,200
Mar 10, 2026
46.85
47.00
46.63
46.63
45.93
5,300
Mar 9, 2026
46.55
47.11
46.55
47.11
46.40
13,200
Mar 6, 2026
46.66
46.92
46.44
46.76
46.06
20,000
Mar 5, 2026
46.85
46.96
46.80
46.92
46.22
4,900
Mar 4, 2026
47.10
47.18
47.08
47.08
46.37
4,400
Mar 3, 2026
46.90
47.25
46.90
47.19
46.48
11,200
Mar 2, 2026
47.51
47.51
47.24
47.26
46.55
14,100
Feb 27, 2026
47.69
47.76
47.66
47.76
47.04
11,500
Feb 26, 2026
47.40
47.50
47.39
47.49
46.78
2,700
Feb 25, 2026
47.26
47.40
47.26
47.30
46.59
4,500
Feb 24, 2026
47.18
47.32
47.18
47.23
46.53
2,900
Feb 23, 2026
47.06
47.30
47.06
47.17
46.47
16,100
Feb 20, 2026
47.10
47.16
46.81
47.06
46.35
19,900
Feb 19, 2026
47.02
47.11
47.01
47.05
46.35
10,600
Feb 18, 2026
47.12
47.22
47.04
47.09
46.38
6,900
Feb 17, 2026
47.20
47.25
47.16
47.24
46.53
16,900
Feb 13, 2026
47.05
47.21
47.02
47.10
46.40
9,600
Feb 12, 2026
46.38
46.92
46.37
46.85
46.15
6,600
Feb 11, 2026
0.231 Dividend 

Feb 11, 2026
46.24
46.47
46.19
46.22
45.53
9,600
Feb 10, 2026
46.50
46.70
46.50
46.70
45.77
12,500
Feb 9, 2026
45.95
46.23
45.92
46.23
45.31
10,500
Feb 6, 2026
46.11
46.18
46.05
46.18
45.27
4,800
Feb 5, 2026
45.83
46.15
45.79
46.10
45.18
5,900
Feb 4, 2026
45.78
45.78
45.63
45.69
44.78
4,600
Feb 3, 2026
45.71
45.79
45.70
45.79
44.88
2,800
Feb 2, 2026
45.98
45.98
45.73
45.73
44.82
4,300
Jan 30, 2026
45.95
45.98
45.89
45.89
44.98
1,500
Jan 29, 2026
45.83
46.13
45.83
46.08
45.16
2,700
Jan 28, 2026
46.00
46.10
45.94
46.05
45.14
5,100
Jan 27, 2026
46.31
46.35
46.15
46.15
45.23
20,200
Jan 26, 2026
46.46
46.53
46.41
46.46
45.53
9,700
Jan 23, 2026
46.20
46.27
46.02
46.27
45.35
7,000
Jan 22, 2026
45.89
46.16
45.89
46.10
45.18
8,100
Jan 21, 2026
45.60
45.94
45.60
45.90
44.99
3,100
Jan 20, 2026
45.54
45.78
45.46
45.55
44.65
17,700
Jan 16, 2026
46.31
46.40
46.16
46.19
45.27
3,400
Jan 15, 2026
46.57
46.57
46.38
46.41
45.49
9,000
Jan 14, 2026
0.231 Dividend 

Jan 14, 2026
46.28
46.44
46.24
46.41
45.49
6,200
Jan 13, 2026
46.35
46.43
46.21
46.38
45.24
12,200
Jan 12, 2026
46.26
46.44
46.18
46.34
45.19
16,300
Jan 9, 2026
46.09
46.48
46.08
46.48
45.33
12,900
Jan 8, 2026
46.14
46.31
46.14
46.15
45.01
11,400
Jan 7, 2026
46.22
46.42
46.22
46.38
45.23
2,400
Jan 6, 2026
46.08
46.15
45.99
46.15
45.01
6,400
Jan 5, 2026
46.10
46.22
46.08
46.22
45.08
3,200
Jan 2, 2026
46.16
46.18
45.95
46.04
44.90
9,900
Dec 31, 2025
46.40
46.41
46.07
46.07
44.93
7,900
Dec 30, 2025
46.33
46.49
46.33
46.47
45.32
5,900
Dec 29, 2025
46.44
46.51
46.42
46.51
45.35
8,700
Dec 26, 2025
46.52
46.57
46.33
46.36
45.21
4,300
Dec 24, 2025
0.232 Dividend 

Dec 24, 2025
46.37
46.52
46.36
46.52
45.37
1,300
Dec 23, 2025
46.27
46.51
46.27
46.50
45.12
3,700
Dec 22, 2025
46.40
46.46
46.36
46.36
44.99
3,200
Dec 19, 2025
46.53
46.56
46.45
46.49
45.11
2,900
Dec 18, 2025
46.67
46.70
46.55
46.65
45.26
3,800
Dec 17, 2025
46.35
46.49
46.23
46.40
45.03
6,200
Dec 16, 2025
46.35
46.51
46.33
46.51
45.13
6,200
Dec 15, 2025
46.44
46.44
46.25
46.27
44.90
5,700
Dec 12, 2025
46.29
46.29
46.16
46.22
44.85
13,600
Dec 11, 2025
46.90
46.90
46.65
46.65
45.27
3,800
Dec 10, 2025
46.61
46.75
46.61
46.72
45.34
1,900
Dec 9, 2025
46.67
46.67
46.48
46.52
45.14
4,300
Dec 8, 2025
46.48
46.49
46.35
46.49
45.12
3,600
Dec 5, 2025
46.79
46.81
46.61
46.65
45.27
8,200
Dec 4, 2025
46.93
46.93
46.81
46.82
45.43
5,400
Dec 3, 2025
47.05
47.15
46.98
47.15
45.75
1,700
Dec 2, 2025
46.81
46.96
46.74
46.96
45.57
2,200
Dec 1, 2025
47.10
47.10
46.92
46.94
45.55
6,400
Nov 28, 2025
47.56
47.56
47.35
47.49
46.09
3,400
Nov 26, 2025
0.238 Dividend 

Nov 26, 2025
47.63
47.64
47.58
47.64
46.23
2,500
Nov 25, 2025
47.76
47.85
47.71
47.72
46.07
2,100
Nov 24, 2025
47.53
47.62
47.49
47.57
45.93
4,100
Nov 21, 2025
47.29
47.29
47.23
47.27
45.65
5,600
Nov 20, 2025
47.04
47.26
47.04
47.15
45.53
3,200
Nov 19, 2025
47.15
47.15
47.01
47.02
45.40
1,600
Nov 18, 2025
47.17
47.17
46.99
47.04
45.42
6,200
Nov 17, 2025
47.08
47.19
47.02
47.08
45.45
6,700
Nov 14, 2025
47.30
47.30
47.05
47.05
45.43
2,800
Nov 13, 2025
47.46
47.54
47.27
47.27
45.64
6,500
Nov 12, 2025
47.51
47.72
47.51
47.64
46.00
3,700
Nov 11, 2025
47.57
47.73
47.55
47.58
45.94
6,700
Nov 10, 2025
47.35
47.40
47.27
47.33
45.70
3,100
Nov 7, 2025
47.16
47.45
47.16
47.33
45.70
2,800
Nov 6, 2025
47.35
47.45
47.35
47.44
45.80
1,900
Nov 5, 2025
47.45
47.45
47.04
47.04
45.42
1,000
Nov 4, 2025
47.56
47.56
47.51
47.52
45.89
4,100
Nov 3, 2025
47.35
47.42
47.35
47.41
45.78
3,900
Oct 31, 2025
47.62
47.62
47.49
47.55
45.91
9,900
Oct 30, 2025
47.62
47.80
47.62
47.72
46.07
3,900
Oct 29, 2025
48.37
48.37
47.94
47.94
46.29
2,700
Oct 28, 2025
48.33
48.47
48.33
48.42
46.75
8,500
Oct 27, 2025
48.08
48.29
47.98
48.29
46.62
4,600
Oct 24, 2025
48.16
48.19
48.00
48.11
46.45
4,300
Oct 23, 2025
48.21
48.25
47.95
48.07
46.41
11,000
Oct 22, 2025
0.242 Dividend 

Oct 22, 2025
48.41
48.47
48.30
48.43
46.76
4,200
Oct 21, 2025
48.65
48.70
48.65
48.67
46.76
4,800
Oct 20, 2025
48.35
48.40
48.34
48.40
46.50
2,200
Oct 17, 2025
48.21
48.21
48.09
48.20
46.31
7,600
Oct 16, 2025
47.85
48.27
47.85
48.24
46.34
4,800
Oct 15, 2025
48.12
48.16
47.81
47.90
46.02
8,700
Oct 14, 2025
47.75
47.96
47.75
47.96
46.08
800
Oct 13, 2025
47.61
47.79
47.56
47.79
45.91
1,800
Oct 10, 2025
47.53
47.79
47.53
47.79
45.91
2,000
Oct 9, 2025
47.19
47.19
47.13
47.14
45.29
1,300
Oct 8, 2025
47.33
47.33
47.15
47.15
45.30
4,500
Oct 7, 2025
47.05
47.19
47.04
47.11
45.26
2,300
Oct 6, 2025
47.05
47.05
46.86
46.87
45.03
8,600
Oct 3, 2025
47.53
47.53
47.19
47.19
45.33
2,400
Oct 2, 2025
47.17
47.38
47.17
47.31
45.45
4,600
Oct 1, 2025
47.27
47.34
47.12
47.17
45.32
6,800
Sep 30, 2025
47.20
47.25
47.05
47.05
45.20
4,700
Sep 29, 2025
47.10
47.22
47.10
47.18
45.33
2,000
Sep 26, 2025
46.90
46.90
46.79
46.81
44.97
2,000
Sep 25, 2025
46.85
46.86
46.85
46.86
45.02
500
Sep 24, 2025
0.249 Dividend 

Sep 24, 2025
46.90
46.95
46.84
46.85
45.01
10,100
Sep 23, 2025
47.04
47.27
47.04
47.27
45.17
200
Sep 22, 2025
47.05
47.07
46.95
46.97
44.89
2,200
Sep 19, 2025
47.13
47.18
47.01
47.18
45.09
1,900
Sep 18, 2025
47.16
47.32
47.16
47.21
45.12
3,400
Sep 17, 2025
47.94
47.95
47.68
47.68
45.56
6,000
Sep 16, 2025
47.87
47.87
47.73
47.79
45.67
1,900
Sep 15, 2025
47.66
47.83
47.66
47.68
45.57
2,400
Sep 12, 2025
47.43
47.59
47.43
47.59
45.49
3,200
Sep 11, 2025
47.74
47.82
47.68
47.76
45.64
1,700
Sep 10, 2025
47.66
47.66
47.35
47.51
45.41
3,800
Sep 9, 2025
47.25
47.27
47.16
47.24
45.15
4,400
Sep 8, 2025
47.30
47.51
47.22
47.50
45.39
2,200
Sep 5, 2025
46.72
46.92
46.72
46.89
44.81
4,800
Sep 4, 2025
45.97
46.17
45.91
46.17
44.12
2,600
Sep 3, 2025
45.55
45.92
45.47
45.85
43.82
12,400
Sep 2, 2025
45.31
45.43
45.31
45.35
43.34
2,600
Aug 29, 2025
45.79
45.79
45.76
45.77
43.74
1,700
Aug 28, 2025
46.00
46.02
45.94
46.00
43.96
2,200
Aug 27, 2025
45.42
45.71
45.42
45.71
43.69
2,800
Aug 26, 2025
45.54
45.77
45.54
45.77
43.74
800
Aug 25, 2025
45.77
45.96
45.74
45.82
43.79
2,900
Aug 22, 2025
45.78
46.03
45.78
45.92
43.89
3,900
Aug 21, 2025
45.55
45.70
45.50
45.60
43.58
4,900
Aug 20, 2025
0.247 Dividend 

Aug 20, 2025
45.78
45.81
45.78
45.81
43.78
800
Aug 19, 2025
45.86
45.97
45.86
45.96
43.69
3,200
Aug 18, 2025
45.82
45.83
45.61
45.72
43.46
5,400
Aug 15, 2025
45.99
45.99
45.80
45.80
43.54
2,500
Aug 14, 2025
46.38
46.38
46.14
46.15
43.86
2,400
Aug 13, 2025
46.54
46.54
46.44
46.48
44.18
1,200
Aug 12, 2025
45.98
46.11
45.96
46.11
43.83
5,200
Aug 11, 2025
46.42
46.45
46.33
46.33
44.04
2,200
Aug 8, 2025
46.33
46.33
46.27
46.29
44.00
6,800
Aug 7, 2025
46.71
46.71
46.49
46.50
44.20
2,100
Aug 6, 2025
46.67
46.67
46.44
46.54
44.24
6,400
Aug 5, 2025
46.74
46.83
46.73
46.80
44.49
2,000
Aug 4, 2025
46.47
46.65
46.47
46.63
44.33
2,400
Aug 1, 2025
46.39
46.53
46.32
46.46
44.16
4,400
Jul 31, 2025
46.00
46.00
45.91
45.91
43.64
200
Jul 30, 2025
45.83
45.83
45.79
45.82
43.55
500
Jul 29, 2025
45.56
46.09
45.56
46.09
43.81
1,500
Jul 28, 2025
45.60
45.60
45.36
45.39
43.14
5,500
Jul 25, 2025
45.39
45.60
45.39
45.60
43.35
5,300
Jul 24, 2025
45.35
45.35
45.35
45.35
43.11
200
Jul 23, 2025
0.247 Dividend 

Jul 23, 2025
45.60
45.60
45.34
45.42
43.17
5,900
Jul 22, 2025
45.70
45.98
45.70
45.96
43.45
4,000
Jul 21, 2025
45.79
45.79
45.65
45.65
43.16
300
Jul 18, 2025
45.33
45.33
45.26
45.26
42.79
1,500
Jul 17, 2025
45.32
45.32
45.20
45.20
42.73
1,500
Jul 16, 2025
45.30
45.42
44.85
45.17
42.71
3,000
Jul 15, 2025
45.29
45.29
45.13
45.15
42.69
1,200
Jul 14, 2025
45.47
45.47
45.30
45.47
42.99
4,300
Jul 11, 2025
45.66
45.70
45.47
45.54
43.06
1,600
Jul 10, 2025
45.97
46.14
45.81
46.14
43.62
6,700
Jul 9, 2025
45.79
46.08
45.62
46.08
43.57
8,300
Jul 8, 2025
45.49
45.63
45.32
45.63
43.14
2,800
Jul 7, 2025
45.95
45.95
45.70
45.71
43.21
1,000
Jul 3, 2025
46.09
46.17
46.09
46.17
43.66
1,200
Jul 2, 2025
46.13
46.45
46.13
46.45
43.92
400
Jul 1, 2025
46.58
46.72
46.52
46.72
44.17
1,400
Jun 30, 2025
46.38
46.80
46.38
46.80
44.25
1,600
Jun 27, 2025
46.31
46.50
46.16
46.18
43.66
6,600
Jun 26, 2025
46.18
46.45
46.18
46.45
43.92
400
Jun 25, 2025
0.249 Dividend 

Jun 25, 2025
46.06
46.31
45.90
46.27
43.75
11,800
Jun 24, 2025
46.44
46.46
46.41
46.46
43.69
1,500
Jun 23, 2025
46.30
46.40
46.13
46.13
43.38
8,000
Jun 20, 2025
45.81
45.93
45.75
45.93
43.19
3,100
Jun 18, 2025
46.02
46.02
46.02
46.02
43.27
100
Jun 17, 2025
45.62
45.97
45.62
45.94
43.20
300
Jun 16, 2025
45.81
45.81
45.46
45.46
42.75
200
Jun 13, 2025
45.73
45.84
45.73
45.79
43.06
4,000
Jun 12, 2025
46.06
46.29
46.04
46.29
43.53
5,600
Jun 11, 2025
45.67
45.98
45.67
45.82
43.09
13,000
Jun 10, 2025
45.54
45.60
45.54
45.60
42.89
400
Jun 9, 2025
45.34
45.41
45.34
45.41
42.70
200
Jun 6, 2025
45.54
45.54
45.36
45.36
42.65
700
Jun 5, 2025
46.00
46.00
45.88
45.92
43.18
900
Jun 4, 2025
45.90
45.90
45.90
45.90
43.17
200
Jun 3, 2025
45.38
45.42
45.14
45.16
42.47
2,100
Jun 2, 2025
45.26
45.26
45.07
45.22
42.53
600
May 30, 2025
45.59
45.66
45.57
45.57
42.85
1,100
May 29, 2025
45.51
45.56
45.51
45.56
42.85
100
May 28, 2025
45.06
45.27
45.06
45.17
42.48
3,700
May 27, 2025
45.24
45.48
45.18
45.40
42.69
1,800
May 23, 2025
44.70
44.79
44.70
44.74
42.07
700
May 22, 2025
44.11
44.66
44.10
44.64
41.98
3,600
May 21, 2025
0.238 Dividend 

May 21, 2025
44.78
44.95
44.40
44.46
41.81
9,800
May 20, 2025
45.42
45.48
45.39
45.39
42.46
1,900
May 19, 2025
45.13
45.78
45.13
45.78
42.83
4,300
May 16, 2025
46.06
46.06
45.94
45.94
42.97
200
May 15, 2025
45.53
45.83
45.53
45.75
42.80
900
May 14, 2025
45.51
45.51
45.21
45.28
42.35
10,900
May 13, 2025
45.80
45.80
45.53
45.64
42.69
4,700
May 12, 2025
46.06
46.06
45.80
45.80
42.84
5,700
May 9, 2025
46.20
46.25
46.18
46.18
43.20
1,200
May 8, 2025
46.72
46.72
46.18
46.18
43.20
1,200
May 7, 2025
46.59
46.72
46.56
46.58
43.57
3,100
May 6, 2025
46.00
46.42
45.98
46.40
43.41
6,100
May 5, 2025
46.27
46.34
46.15
46.28
43.29
3,700
May 2, 2025
46.50
46.70
46.50
46.59
43.58
3,700
May 1, 2025
46.96
47.02
46.96
46.96
43.93
400
Apr 30, 2025
47.42
47.42
47.24
47.35
44.30
500
Apr 29, 2025
47.33
47.58
47.33
47.58
44.51
200
Apr 28, 2025
47.00
47.18
46.98
47.18
44.13
2,300
Apr 25, 2025
46.88
46.88
46.85
46.86
43.84
1,700
Apr 24, 2025
46.38
46.56
46.38
46.56
43.55
1,400
Apr 23, 2025
0.228 Dividend 

Apr 23, 2025
46.85
46.97
46.08
46.08
43.10
2,400
Apr 22, 2025
45.97
46.13
45.87
45.87
42.70
900
Apr 21, 2025
45.92
46.11
45.64
45.68
42.52
2,000
Apr 17, 2025
46.68
46.68
46.38
46.38
43.18
200
Apr 16, 2025
46.40
46.78
46.40
46.78
43.54
2,100
Apr 15, 2025
46.20
46.56
46.14
46.56
43.34
1,000
Apr 14, 2025
46.11
46.36
46.11
46.36
43.15
3,200
Apr 11, 2025
45.52
46.05
44.92
46.02
42.83
1,100
Apr 10, 2025
46.24
46.32
45.78
45.78
42.62
3,900
Apr 9, 2025
45.57
47.81
45.06
47.15
43.89
7,200
Apr 8, 2025
47.70
47.82
46.50
46.50
43.28
5,500
Apr 7, 2025
49.21
49.21
47.35
47.76
44.46
6,000
Apr 4, 2025
51.01
51.01
48.96
49.20
45.80
3,500
Apr 3, 2025
48.72
49.16
48.65
48.65
45.28
2,700
Apr 2, 2025
48.70
48.70
48.29
48.53
45.17
1,700
Apr 1, 2025
48.55
48.55
48.54
48.54
45.18
200
Mar 31, 2025
48.17
48.17
47.88
48.08
44.75
1,800
Mar 28, 2025
47.64
47.72
47.51
47.64
44.34
3,000
Mar 27, 2025
47.07
47.07
46.91
47.04
43.79
6,200
Mar 26, 2025
0.239 Dividend 

Mar 26, 2025
47.28
47.38
47.21
47.21
43.95
6,200
Mar 25, 2025
47.67
47.77
47.64
47.77
44.24
600
Mar 24, 2025
48.15
48.15
47.74
47.74
44.21
6,400
Mar 21, 2025
48.47
48.47
48.21
48.22
44.66
1,100
Mar 20, 2025
48.90
48.90
48.47
48.50
44.92
1,900
Mar 19, 2025
48.12
48.45
48.12
48.45
44.87
800
Mar 18, 2025
47.90
48.23
47.90
48.23
44.67
800
Mar 17, 2025
48.29
48.40
48.09
48.12
44.57
7,700
Mar 14, 2025
47.82
48.03
47.82
47.96
44.42
9,400
Mar 13, 2025
47.72
48.12
47.72
48.12
44.57
1,200
Mar 12, 2025
47.84
47.87
47.76
47.76
44.24
500
Mar 11, 2025
48.27
48.40
48.00
48.00
44.46
5,300
Mar 10, 2025
48.49
48.58
48.36
48.39
44.81
1,900
Mar 7, 2025
48.45
48.47
47.95
47.97
44.43
1,200
Mar 6, 2025
48.03
48.24
47.96
48.15
44.59
1,600
Mar 5, 2025
48.87
48.88
48.33
48.39
44.82
2,100
Mar 4, 2025
49.26
49.31
48.76
48.77
45.17
6,400
Mar 3, 2025
48.90
49.31
48.78
49.29
45.65
2,700
Feb 28, 2025
48.75
48.95
48.70
48.95
45.33
3,200
Feb 27, 2025
48.65
48.70
48.44
48.44
44.86
400
Feb 26, 2025
0.245 Dividend 

Feb 26, 2025
48.70
48.91
48.70
48.91
45.30
900
Feb 25, 2025
48.77
48.94
48.76
48.87
45.03
900
Feb 24, 2025
47.85
48.16
47.85
48.12
44.34
2,100
Feb 21, 2025
47.87
48.20
47.87
48.06
44.29
15,500
Feb 20, 2025
47.50
47.59
47.48
47.48
43.75
1,200
Feb 19, 2025
47.28
47.35
47.20
47.35
43.64
2,200
Feb 18, 2025
47.48
47.59
47.24
47.24
43.53
3,100
Feb 14, 2025
47.90
47.90
47.79
47.79
44.04
300
Feb 13, 2025
46.81
46.81
46.81
46.81
43.14
-
Feb 12, 2025
46.72
46.81
46.72
46.81
43.14
600
Feb 11, 2025
47.47
47.47
47.42
47.42
43.70
600
Feb 10, 2025
47.85
47.89
47.66
47.66
43.92
800
Feb 7, 2025
47.83
47.83
47.73
47.83
44.08
700
Feb 6, 2025
48.22
48.30
48.13
48.16
44.38
900
Feb 5, 2025
47.98
48.28
47.98
48.13
44.35
2,800
Feb 4, 2025
47.04
47.40
46.99
47.37
43.65
1,800
Feb 3, 2025
47.56
47.56
47.11
47.19
43.48
1,100
Jan 31, 2025
47.19
47.34
46.81
46.81
43.13
3,200
Jan 30, 2025
47.32
47.32
47.16
47.16
43.46
400
Jan 29, 2025
47.21
47.21
46.82
47.02
43.33
1,600
Jan 28, 2025
46.90
47.08
46.67
47.08
43.39
5,600
Jan 27, 2025
47.01
47.10
46.95
47.10
43.40
900
Jan 24, 2025
46.33
46.59
46.33
46.59
42.93
400
Jan 23, 2025
46.41
46.43
46.28
46.40
42.75
1,300
Jan 22, 2025
0.267 Dividend 

Jan 22, 2025
46.79
46.79
46.76
46.76
43.09
600
Jan 21, 2025
47.15
47.24
47.15
47.24
43.28
700
Jan 17, 2025
46.89
46.90
46.84
46.84
42.92
1,000
Jan 16, 2025
46.81
46.81
46.77
46.77
42.86
200
Jan 15, 2025
45.82
45.82
45.82
45.82
41.98
-
Jan 14, 2025
45.78
45.82
45.78
45.82
41.98
100
Jan 13, 2025
45.89
45.91
45.79
45.89
42.05
900
Jan 10, 2025
45.95
46.04
45.92
45.92
42.07
800
Jan 8, 2025
46.19
46.19
46.19
46.19
42.32
-
Jan 7, 2025
46.31
46.31
46.19
46.19
42.32
300
Jan 6, 2025
46.66
46.67
46.66
46.67
42.76
100
Jan 3, 2025
46.92
46.92
46.85
46.85
42.93
200
Jan 2, 2025
47.05
47.06
46.96
46.96
43.02
400
Dec 31, 2024
47.06
47.06
47.01
47.01
43.07
500
Dec 30, 2024
47.14
47.14
47.14
47.14
43.19
200
Dec 27, 2024
47.70
47.70
47.70
47.70
43.71
-
Dec 26, 2024
47.70
47.70
47.70
47.70
43.71
-
Dec 24, 2024
0.267 Dividend 

Dec 24, 2024
47.70
47.70
47.70
47.70
43.71
-
Dec 23, 2024
47.70
47.70
47.70
47.70
43.46
-
Dec 20, 2024
47.87
47.90
47.70
47.70
43.46
800
Dec 19, 2024
47.60
47.60
47.32
47.51
43.28
400
Dec 18, 2024
48.62
48.64
48.13
48.13
43.86
400
Dec 17, 2024
48.54
48.54
48.54
48.54
44.23
-
Dec 16, 2024
48.54
48.54
48.54
48.54
44.23
-
Dec 13, 2024
48.79
48.79
48.45
48.54
44.23
1,200
Dec 12, 2024
49.13
49.13
48.95
48.95
44.61
200
Dec 11, 2024
50.00
50.00
49.56
49.56
45.15
300
