Date
Open
High
Low
Close 

Adj Close 

Volume
May 26, 2026
38.80
38.97
38.55
38.71
38.71
76,332
May 22, 2026
39.07
39.07
38.60
38.62
38.62
69,400
May 21, 2026
38.70
39.02
38.46
38.83
38.83
47,500
May 20, 2026
38.46
38.93
38.38
38.85
38.85
72,900
May 19, 2026
0.31 Dividend 

May 19, 2026
38.76
38.83
38.25
38.47
38.47
82,300
May 18, 2026
39.60
39.61
38.96
39.32
39.01
86,100
May 15, 2026
39.48
39.82
39.18
39.38
39.07
53,100
May 14, 2026
39.50
40.13
39.50
39.97
39.65
52,600
May 13, 2026
38.85
39.61
38.63
39.42
39.11
62,500
May 12, 2026
0.242 Dividend 

May 12, 2026
38.85
38.94
38.38
38.78
38.47
68,300
May 11, 2026
39.03
39.39
38.78
39.11
38.56
108,600
May 8, 2026
39.03
39.34
38.91
39.28
38.73
84,500
May 7, 2026
38.70
39.15
38.69
38.85
38.31
57,900
May 6, 2026
37.91
38.62
37.91
38.61
38.07
67,000
May 5, 2026
0.277 Dividend 

May 5, 2026
38.01
38.17
37.86
37.93
37.40
76,500
May 4, 2026
38.00
38.27
37.74
38.09
37.28
85,700
May 1, 2026
37.95
38.48
37.95
38.19
37.38
50,700
Apr 30, 2026
38.23
38.23
37.03
37.86
37.06
72,500
Apr 29, 2026
37.85
38.01
37.51
38.00
37.19
93,400
Apr 28, 2026
0.319 Dividend 

Apr 28, 2026
37.92
38.06
37.65
37.98
37.18
73,600
Apr 27, 2026
38.10
38.64
38.10
38.54
37.41
96,500
Apr 24, 2026
37.89
38.48
37.72
38.36
37.24
77,200
Apr 23, 2026
37.96
38.18
37.40
37.75
36.64
83,700
Apr 22, 2026
37.58
38.21
37.54
38.15
37.03
78,200
Apr 21, 2026
0.287 Dividend 

Apr 21, 2026
37.66
37.85
37.33
37.33
36.24
75,000
Apr 20, 2026
38.00
38.20
37.63
37.89
36.50
107,200
Apr 17, 2026
37.95
38.50
37.95
38.34
36.93
76,500
Apr 16, 2026
37.84
37.96
37.48
37.85
36.46
61,600
Apr 15, 2026
37.13
37.84
36.86
37.82
36.43
58,100
Apr 14, 2026
0.301 Dividend 

Apr 14, 2026
36.02
36.85
36.02
36.79
35.44
69,200
Apr 13, 2026
35.67
36.16
35.48
36.10
34.49
66,000
Apr 10, 2026
35.50
35.96
35.50
35.75
34.15
67,400
Apr 9, 2026
34.98
35.49
34.83
35.46
33.88
57,300
Apr 8, 2026
35.20
35.32
34.70
34.83
33.27
63,000
Apr 7, 2026
0.184 Dividend 

Apr 7, 2026
33.60
33.85
33.05
33.85
32.34
96,900
Apr 6, 2026
33.82
34.00
33.65
33.86
32.17
103,200
Apr 2, 2026
33.26
33.82
33.00
33.82
32.13
63,000
Apr 1, 2026
33.72
34.03
33.65
33.79
32.10
54,800
Mar 31, 2026
0.196 Dividend 

Mar 31, 2026
32.34
33.51
32.34
33.23
31.57
94,200
Mar 30, 2026
32.47
32.55
31.88
31.88
30.10
124,300
Mar 27, 2026
32.84
32.90
32.14
32.20
30.41
133,300
Mar 26, 2026
33.70
33.94
33.14
33.15
31.31
64,000
Mar 25, 2026
34.30
34.49
34.04
34.09
32.19
57,600
Mar 24, 2026
0.229 Dividend 

Mar 24, 2026
34.06
34.20
33.85
33.92
32.03
83,100
Mar 23, 2026
34.55
34.98
34.40
34.40
32.27
94,500
Mar 20, 2026
34.91
34.91
33.83
34.16
32.04
62,100
Mar 19, 2026
34.58
35.00
34.32
34.71
32.56
68,900
Mar 18, 2026
35.59
35.83
35.06
35.06
32.89
54,500
Mar 17, 2026
0.331 Dividend 

Mar 17, 2026
35.57
36.00
35.40
35.76
33.54
55,900
Mar 16, 2026
35.55
36.00
35.54
35.73
33.20
98,200
Mar 13, 2026
35.66
35.86
34.84
34.84
32.38
89,900
Mar 12, 2026
35.72
35.90
35.29
35.44
32.93
71,000
Mar 11, 2026
36.08
36.46
35.77
36.01
33.46
56,600
Mar 10, 2026
0.333 Dividend 

Mar 10, 2026
36.30
36.44
35.83
35.98
33.44
61,400
Mar 9, 2026
35.46
36.62
35.31
36.39
33.51
112,400
Mar 6, 2026
35.98
36.33
35.84
35.95
33.10
63,600
Mar 5, 2026
36.78
37.13
36.17
36.69
33.78
57,300
Mar 4, 2026
36.06
37.09
36.06
36.80
33.89
88,700
Mar 3, 2026
0.33 Dividend 

Mar 3, 2026
34.99
35.86
34.64
35.67
32.85
85,800
Mar 2, 2026
35.29
36.53
35.29
36.36
33.18
124,300
Feb 27, 2026
35.70
36.22
35.69
36.22
33.05
95,600
Feb 26, 2026
36.26
36.48
35.74
36.16
32.99
60,400
Feb 25, 2026
35.85
36.62
35.84
36.50
33.30
103,700
Feb 24, 2026
0.274 Dividend 

Feb 24, 2026
34.76
35.44
34.54
35.29
32.20
115,000
Feb 23, 2026
35.60
35.82
34.99
35.15
31.82
129,800
Feb 20, 2026
35.49
36.46
35.49
36.12
32.70
106,900
Feb 19, 2026
35.66
35.95
35.54
35.78
32.39
102,700
Feb 18, 2026
0.236 Dividend 

Feb 18, 2026
35.74
36.40
35.70
35.98
32.57
108,900
Feb 17, 2026
35.66
36.24
35.21
35.93
32.32
155,200
Feb 13, 2026
35.50
36.34
35.43
36.02
32.40
112,600
Feb 12, 2026
36.78
36.81
35.49
35.53
31.96
174,000
Feb 11, 2026
37.39
37.39
36.36
36.59
32.91
198,700
Feb 10, 2026
0.26 Dividend 

Feb 10, 2026
37.54
37.90
37.18
37.18
33.44
96,900
Feb 9, 2026
37.06
38.06
36.94
37.61
33.59
213,100
Feb 6, 2026
35.92
37.41
35.92
37.23
33.25
287,800
Feb 5, 2026
36.04
36.44
35.42
35.48
31.69
529,200
Feb 4, 2026
37.62
37.62
36.20
36.53
32.63
470,300
Feb 3, 2026
0.338 Dividend 

Feb 3, 2026
39.09
39.18
37.56
38.18
34.10
412,600
Feb 2, 2026
39.08
39.55
38.99
39.04
34.57
383,100
Jan 30, 2026
39.50
39.86
39.16
39.33
34.82
305,300
Jan 29, 2026
40.59
40.64
39.05
39.86
35.29
444,300
Jan 28, 2026
40.98
41.15
40.40
40.42
35.79
436,300
Jan 27, 2026
0.323 Dividend 

Jan 27, 2026
41.00
41.08
40.66
40.74
36.07
262,800
Jan 26, 2026
41.55
41.83
41.47
41.50
36.46
279,000
Jan 23, 2026
41.56
42.08
41.42
41.73
36.66
177,200
Jan 22, 2026
41.61
41.78
41.49
41.52
36.48
208,900
Jan 21, 2026
0.339 Dividend 

Jan 21, 2026
40.52
41.53
40.39
41.03
36.05
413,900
Jan 20, 2026
40.77
41.43
40.65
40.65
35.42
578,900
Jan 16, 2026
42.16
42.23
41.62
41.77
36.39
288,400
Jan 15, 2026
42.64
42.69
41.97
41.97
36.57
227,100
Jan 14, 2026
42.62
42.74
42.03
42.32
36.87
218,500
Jan 13, 2026
0.309 Dividend 

Jan 13, 2026
42.42
42.76
42.19
42.62
37.13
332,400
Jan 12, 2026
41.94
42.87
41.94
42.70
36.93
362,000
Jan 9, 2026
42.30
42.35
41.68
42.11
36.42
340,100
Jan 8, 2026
42.19
42.52
41.90
42.50
36.76
311,600
Jan 7, 2026
42.45
42.70
42.21
42.21
36.51
245,200
Jan 6, 2026
0.408 Dividend 

Jan 6, 2026
42.76
42.80
42.28
42.47
36.74
288,100
Jan 5, 2026
42.91
43.23
42.83
42.91
36.76
283,100
Jan 2, 2026
42.56
42.84
42.05
42.21
36.16
374,500
Dec 31, 2025
42.30
42.53
41.86
41.86
35.86
592,200
Dec 30, 2025
0.38 Dividend 

Dec 30, 2025
42.53
42.82
42.41
42.41
36.33
633,500
Dec 29, 2025
42.86
43.25
42.79
42.86
36.39
426,000
Dec 26, 2025
43.42
43.51
43.21
43.24
36.72
361,900
Dec 24, 2025
43.33
43.51
43.24
43.40
36.85
240,500
Dec 23, 2025
0.385 Dividend 

Dec 23, 2025
43.10
43.40
42.94
43.33
36.79
440,000
Dec 22, 2025
44.14
44.17
43.75
43.76
36.83
316,600
Dec 19, 2025
43.26
43.72
43.10
43.65
36.74
226,900
Dec 18, 2025
43.19
43.53
42.73
42.75
35.98
339,800
Dec 17, 2025
43.83
43.95
42.21
42.21
35.53
542,700
Dec 16, 2025
0.486 Dividend 

Dec 16, 2025
43.12
43.79
43.07
43.70
36.78
366,600
Dec 15, 2025
44.96
45.01
43.71
43.71
36.38
513,900
Dec 12, 2025
45.66
46.07
44.44
45.08
37.52
352,200
Dec 11, 2025
46.07
46.07
45.12
46.00
38.28
375,600
Dec 10, 2025
46.67
46.90
46.25
46.51
38.71
286,000
Dec 9, 2025
0.531 Dividend 

Dec 9, 2025
46.49
47.15
46.26
46.73
38.89
331,000
Dec 8, 2025
47.45
47.59
46.99
47.43
39.03
533,400
Dec 5, 2025
47.18
47.71
46.54
47.13
38.79
263,100
Dec 4, 2025
47.36
47.46
46.89
47.32
38.94
271,100
Dec 3, 2025
46.59
47.38
46.49
47.25
38.88
223,100
Dec 2, 2025
0.349 Dividend 

Dec 2, 2025
46.68
47.22
46.40
46.74
38.46
338,700
Dec 1, 2025
46.47
46.80
46.03
46.70
38.14
450,700
Nov 28, 2025
46.87
47.25
46.84
47.25
38.59
201,400
Nov 26, 2025
45.99
46.77
45.89
46.69
38.14
371,500
Nov 25, 2025
0.447 Dividend 

Nov 25, 2025
45.42
45.64
44.42
45.64
37.28
405,300
Nov 24, 2025
44.87
46.25
44.77
46.25
37.41
425,300
Nov 21, 2025
44.31
45.03
43.19
44.16
35.72
678,500
Nov 20, 2025
47.53
47.61
44.13
44.20
35.75
1,001,900
Nov 19, 2025
46.10
47.04
45.37
46.05
37.25
727,100
Nov 18, 2025
0.399 Dividend 

Nov 18, 2025
46.25
46.95
45.60
46.29
37.44
738,800
Nov 17, 2025
47.52
48.40
46.67
47.30
37.94
1,053,600
Nov 14, 2025
46.75
48.81
46.45
48.01
38.51
864,700
Nov 13, 2025
49.75
49.86
47.92
48.34
38.77
1,041,000
Nov 12, 2025
0.573 Dividend 

Nov 12, 2025
51.00
51.01
49.80
50.49
40.50
480,800
Nov 11, 2025
51.05
51.33
50.69
50.95
40.41
582,400
Nov 10, 2025
51.30
51.78
51.00
51.68
40.99
845,600
Nov 7, 2025
49.25
49.95
48.16
49.92
39.59
1,038,200
Nov 6, 2025
51.99
52.00
49.75
50.00
39.65
1,266,200
Nov 5, 2025
51.47
52.40
51.01
52.23
41.42
723,400
Nov 4, 2025
0.568 Dividend 

Nov 4, 2025
52.12
52.70
51.30
51.41
40.77
1,251,800
Nov 3, 2025
54.50
54.50
53.74
54.02
42.39
1,334,900
Oct 31, 2025
54.29
54.64
53.61
53.86
42.27
690,700
Oct 30, 2025
53.93
53.93
52.63
52.73
41.38
1,000,300
Oct 29, 2025
54.63
54.84
53.90
54.70
42.92
710,600
Oct 28, 2025
0.626 Dividend 

Oct 28, 2025
54.39
54.54
54.01
54.20
42.53
643,900
Oct 27, 2025
54.44
54.81
54.12
54.65
42.39
1,067,600
Oct 24, 2025
52.86
53.35
52.62
53.28
41.33
674,100
Oct 23, 2025
51.30
52.21
51.04
52.10
40.42
846,900
Oct 22, 2025
52.32
52.35
50.25
51.21
39.73
1,293,100
Oct 21, 2025
0.734 Dividend 

Oct 21, 2025
53.15
53.20
52.53
52.80
40.96
815,100
Oct 20, 2025
53.27
54.15
53.20
53.87
41.22
1,058,100
Oct 17, 2025
52.00
52.82
51.47
52.66
40.29
837,900
Oct 16, 2025
53.19
53.60
51.93
52.25
39.98
633,200
Oct 15, 2025
53.26
53.60
52.17
52.95
40.52
557,200
Oct 14, 2025
0.857 Dividend 

Oct 14, 2025
52.10
53.23
51.44
52.44
40.13
634,200
Oct 13, 2025
54.07
54.17
53.27
54.10
40.74
856,000
Oct 10, 2025
55.98
56.21
52.74
52.76
39.73
1,309,900
Oct 9, 2025
56.04
56.11
55.33
55.96
42.14
512,800
Oct 8, 2025
54.80
56.00
54.75
56.00
42.17
480,400
Oct 7, 2025
0.734 Dividend 

Oct 7, 2025
55.45
55.52
54.08
54.57
41.09
628,200
Oct 6, 2025
56.45
56.50
55.44
55.70
41.39
809,500
Oct 3, 2025
54.75
54.80
53.55
54.11
40.21
523,100
Oct 2, 2025
54.69
54.75
53.91
54.62
40.59
351,700
Oct 1, 2025
53.28
53.81
53.08
53.80
39.98
351,700
Sep 30, 2025
0.881 Dividend 

Sep 30, 2025
52.95
53.47
52.65
53.45
39.72
417,000
Sep 29, 2025
53.34
54.13
53.25
54.01
39.48
629,500
Sep 26, 2025
53.20
53.20
52.11
52.92
38.68
194,000
Sep 25, 2025
52.73
53.14
51.91
52.59
38.44
249,200
Sep 24, 2025
54.02
54.02
53.24
53.55
39.15
210,600
Sep 23, 2025
0.514 Dividend 

Sep 23, 2025
54.50
54.50
53.41
53.65
39.22
249,700
Sep 22, 2025
54.84
54.92
54.42
54.75
39.65
343,100
Sep 19, 2025
54.48
54.85
54.26
54.82
39.70
260,700
Sep 18, 2025
53.87
54.60
53.55
54.19
39.24
236,200
Sep 17, 2025
54.11
54.11
52.50
53.45
38.71
236,100
Sep 16, 2025
0.544 Dividend 

Sep 16, 2025
53.44
53.88
53.44
53.87
39.01
175,300
Sep 15, 2025
53.95
54.20
53.70
54.20
38.85
355,500
Sep 12, 2025
53.10
53.56
52.80
53.45
38.32
136,800
Sep 11, 2025
53.07
53.07
52.60
52.84
37.88
146,600
Sep 10, 2025
53.34
53.49
52.50
52.75
37.81
179,600
Sep 9, 2025
52.18
52.52
51.78
52.50
37.64
175,900
Sep 8, 2025
51.99
52.22
51.68
51.87
37.18
182,800
Sep 5, 2025
52.60
52.60
50.27
51.10
36.63
172,600
Sep 4, 2025
50.70
51.31
50.53
51.29
36.77
247,000
