Date
Open
High
Low
Close 

Adj Close 

Volume
May 26, 2026
54.33
54.28
54.28
54.28
54.28
659
May 22, 2026
53.92
53.92
53.92
53.92
53.92
400
May 21, 2026
53.70
53.70
53.70
53.70
53.70
100
May 20, 2026
53.48
53.58
53.48
53.58
53.58
200
May 19, 2026
52.93
53.29
52.93
53.01
53.01
1,100
May 18, 2026
53.49
53.49
53.08
53.38
53.38
700
May 15, 2026
53.75
53.75
53.44
53.44
53.44
1,000
May 14, 2026
54.18
54.22
54.12
54.12
54.12
4,900
May 13, 2026
0.422 Dividend 

May 13, 2026
53.20
53.73
53.20
53.70
53.70
1,100
May 12, 2026
53.71
53.82
53.52
53.82
53.40
1,200
May 11, 2026
53.90
53.90
53.86
53.87
53.45
1,000
May 8, 2026
53.74
53.74
53.74
53.74
53.32
400
May 7, 2026
53.61
53.61
53.29
53.29
52.87
800
May 6, 2026
53.35
53.53
53.35
53.53
53.11
900
May 5, 2026
52.75
52.80
52.74
52.74
52.33
700
May 4, 2026
52.39
52.39
52.32
52.32
51.91
1,100
May 1, 2026
52.57
52.57
52.57
52.57
52.16
100
Apr 30, 2026
52.40
52.40
52.40
52.40
51.99
200
Apr 29, 2026
51.85
51.85
51.71
51.82
51.41
400
Apr 28, 2026
51.83
51.90
51.73
51.90
51.49
1,300
Apr 27, 2026
52.10
52.13
51.96
52.13
51.72
1,000
Apr 24, 2026
51.71
52.05
51.71
52.05
51.64
200
Apr 23, 2026
51.66
51.66
51.66
51.66
51.25
100
Apr 22, 2026
51.80
51.87
51.70
51.85
51.44
3,300
Apr 21, 2026
50.95
51.36
50.95
51.36
50.96
200
Apr 20, 2026
51.65
51.65
51.65
51.65
51.25
100
Apr 17, 2026
51.80
51.80
51.80
51.80
51.39
100
Apr 16, 2026
51.10
51.18
51.10
51.18
50.78
200
Apr 15, 2026
50.74
51.07
50.74
51.07
50.67
800
Apr 14, 2026
50.08
50.63
50.08
50.63
50.23
1,900
Apr 13, 2026
49.58
50.05
49.58
50.05
49.66
2,300
Apr 10, 2026
49.62
49.62
49.59
49.59
49.20
700
Apr 9, 2026
49.52
49.62
49.51
49.62
49.23
600
Apr 8, 2026
0.422 Dividend 

Apr 8, 2026
49.20
49.27
49.20
49.27
48.88
400
Apr 7, 2026
48.69
48.69
48.05
48.46
47.66
2,500
Apr 6, 2026
48.15
48.65
48.15
48.44
47.64
500
Apr 2, 2026
48.22
48.23
48.22
48.23
47.44
200
Apr 1, 2026
48.21
48.21
48.21
48.21
47.42
100
Mar 31, 2026
47.82
47.82
47.82
47.82
47.03
200
Mar 30, 2026
47.11
47.11
46.50
46.50
45.73
3,500
Mar 27, 2026
47.27
47.27
46.68
46.68
45.91
500
Mar 26, 2026
47.91
48.15
47.47
47.47
46.69
500
Mar 25, 2026
48.34
48.45
48.27
48.31
47.51
3,000
Mar 24, 2026
47.91
48.27
47.91
48.05
47.26
3,400
Mar 23, 2026
48.30
48.30
48.30
48.30
47.50
800
Mar 20, 2026
47.97
47.98
47.71
47.71
46.92
700
Mar 19, 2026
48.32
48.44
48.14
48.44
47.64
800
Mar 18, 2026
48.95
48.95
48.56
48.56
47.76
1,400
Mar 17, 2026
49.49
49.49
49.24
49.24
48.43
500
Mar 16, 2026
48.99
49.20
48.99
49.10
48.29
1,700
Mar 13, 2026
49.07
49.07
48.60
48.60
47.80
1,900
Mar 12, 2026
49.26
49.26
48.89
48.89
48.08
1,200
Mar 11, 2026
0.422 Dividend 

Mar 11, 2026
49.61
49.61
49.61
49.61
48.79
300
Mar 10, 2026
50.13
50.40
50.00
50.03
48.79
1,500
Mar 9, 2026
49.73
50.13
49.18
50.13
48.89
7,000
Mar 6, 2026
49.96
49.96
49.73
49.73
48.50
500
Mar 5, 2026
50.66
50.66
50.08
50.37
49.12
2,700
Mar 4, 2026
50.64
50.83
50.33
50.73
49.47
6,200
Mar 3, 2026
50.26
50.26
50.26
50.26
49.01
300
Mar 2, 2026
50.65
50.98
50.65
50.82
49.56
1,300
Feb 27, 2026
50.73
50.77
50.65
50.74
49.48
400
Feb 26, 2026
51.06
51.06
50.78
50.99
49.73
500
Feb 25, 2026
51.20
51.31
51.15
51.31
50.04
3,400
Feb 24, 2026
50.88
50.88
50.88
50.88
49.62
100
Feb 23, 2026
50.84
50.84
50.43
50.43
49.18
100
Feb 20, 2026
51.00
51.00
51.00
51.00
49.74
100
Feb 19, 2026
50.59
50.64
50.59
50.64
49.39
600
Feb 18, 2026
50.90
50.91
50.76
50.84
49.58
1,900
