Date
Open
High
Low
Close 

Adj Close 

Volume
May 26, 2026
19.42
19.64
19.40
19.61
19.61
37,169
May 22, 2026
19.07
19.46
19.01
19.32
19.32
55,200
May 21, 2026
19.09
19.30
18.63
18.94
18.94
31,800
May 20, 2026
18.27
18.82
18.27
18.82
18.82
34,200
May 19, 2026
0.201 Dividend 

May 19, 2026
18.01
18.10
17.59
18.08
18.08
33,800
May 18, 2026
19.19
19.20
18.37
18.61
18.41
61,100
May 15, 2026
19.81
19.81
19.25
19.31
19.10
69,700
May 14, 2026
20.45
20.57
20.26
20.29
20.07
33,000
May 13, 2026
20.01
20.59
19.89
20.36
20.14
43,700
May 12, 2026
0.177 Dividend 

May 12, 2026
20.17
20.35
19.47
19.89
19.68
56,300
May 11, 2026
19.61
20.60
19.44
20.46
20.06
54,400
May 8, 2026
19.32
19.92
19.32
19.89
19.50
50,900
May 7, 2026
19.07
19.24
18.89
19.12
18.75
50,300
May 6, 2026
18.23
18.80
18.15
18.69
18.33
49,900
May 5, 2026
0.195 Dividend 

May 5, 2026
18.56
18.78
18.29
18.29
17.94
54,400
May 4, 2026
18.48
18.69
18.29
18.59
18.04
51,800
May 1, 2026
18.09
18.76
18.01
18.48
17.93
49,100
Apr 30, 2026
17.68
18.19
17.42
18.12
17.58
87,900
Apr 29, 2026
17.78
17.78
17.50
17.68
17.16
55,900
Apr 28, 2026
0.3 Dividend 

Apr 28, 2026
17.71
18.02
17.61
17.73
17.20
65,800
Apr 27, 2026
17.82
18.21
17.45
18.12
17.29
104,600
Apr 24, 2026
17.94
18.25
17.84
18.01
17.19
42,600
Apr 23, 2026
18.34
18.45
17.56
17.83
17.01
99,200
Apr 22, 2026
18.56
18.73
18.44
18.46
17.62
59,300
Apr 21, 2026
0.184 Dividend 

Apr 21, 2026
18.75
18.79
18.35
18.39
17.55
63,100
Apr 20, 2026
19.29
19.41
18.70
18.92
17.88
55,200
Apr 17, 2026
18.98
19.56
18.91
19.21
18.15
36,500
Apr 16, 2026
18.83
18.91
18.49
18.73
17.70
43,900
Apr 15, 2026
17.95
18.88
17.88
18.78
17.75
65,700
Apr 14, 2026
0.198 Dividend 

Apr 14, 2026
17.65
17.97
17.63
17.95
16.96
55,300
Apr 13, 2026
17.39
17.63
17.37
17.59
16.44
54,500
Apr 10, 2026
17.15
17.32
17.04
17.32
16.18
36,000
Apr 9, 2026
16.97
17.35
16.64
17.20
16.07
54,900
Apr 8, 2026
18.37
18.37
16.80
17.07
15.95
101,400
Apr 7, 2026
0.19 Dividend 

Apr 7, 2026
17.25
17.25
16.65
17.18
16.05
85,200
Apr 6, 2026
18.38
18.76
17.42
17.85
16.50
103,300
Apr 2, 2026
18.52
18.83
18.20
18.33
16.94
72,700
Apr 1, 2026
19.27
19.49
19.07
19.46
17.99
33,300
Mar 31, 2026
0.179 Dividend 

Mar 31, 2026
18.35
19.00
18.35
18.98
17.55
49,900
Mar 30, 2026
18.70
18.73
17.95
18.14
16.60
69,700
Mar 27, 2026
18.88
18.88
18.33
18.45
16.89
96,600
Mar 26, 2026
19.64
19.74
19.02
19.07
17.45
22,000
Mar 25, 2026
19.93
20.22
19.74
19.77
18.10
26,900
Mar 24, 2026
0.215 Dividend 

Mar 24, 2026
19.20
19.78
19.20
19.67
18.00
25,400
Mar 23, 2026
19.19
19.88
19.19
19.73
17.86
50,100
Mar 20, 2026
19.56
19.56
18.73
18.94
17.15
69,500
Mar 19, 2026
20.07
20.07
19.60
19.64
17.78
45,400
Mar 18, 2026
20.72
20.94
20.40
20.48
18.54
37,600
Mar 17, 2026
0.219 Dividend 

Mar 17, 2026
20.57
20.75
20.53
20.72
18.76
31,700
Mar 16, 2026
20.67
21.10
20.67
20.71
18.55
44,500
Mar 13, 2026
20.90
20.90
20.39
20.45
18.32
27,300
Mar 12, 2026
21.21
21.21
20.60
20.67
18.52
36,000
Mar 11, 2026
20.99
21.60
20.99
21.35
19.12
36,800
Mar 10, 2026
0.179 Dividend 

Mar 10, 2026
21.00
21.27
20.83
20.83
18.66
40,800
Mar 9, 2026
20.40
21.07
19.95
20.96
18.61
74,400
Mar 6, 2026
20.97
21.12
20.68
20.84
18.51
37,300
Mar 5, 2026
21.13
21.35
21.00
21.26
18.88
31,100
Mar 4, 2026
20.75
21.39
20.60
21.28
18.90
48,300
Mar 3, 2026
0.204 Dividend 

Mar 3, 2026
20.66
20.66
20.01
20.48
18.19
55,900
Mar 2, 2026
20.48
21.37
20.45
21.27
18.71
59,500
Feb 27, 2026
21.37
21.42
21.00
21.26
18.70
43,800
Feb 26, 2026
21.96
22.00
21.25
21.58
18.98
33,400
Feb 25, 2026
21.64
22.10
21.64
22.05
19.39
52,800
Feb 24, 2026
0.217 Dividend 

Feb 24, 2026
20.92
21.61
20.90
21.60
19.00
41,300
Feb 23, 2026
21.64
21.64
20.82
21.13
18.39
65,300
Feb 20, 2026
21.68
22.00
21.49
21.85
19.02
56,700
Feb 19, 2026
21.59
22.04
21.39
21.81
18.99
45,400
Feb 18, 2026
0.278 Dividend 

Feb 18, 2026
21.82
22.11
21.71
21.77
18.95
57,600
Feb 17, 2026
22.13
22.13
21.38
22.02
18.93
77,500
Feb 13, 2026
22.22
22.70
21.99
22.39
19.25
60,200
Feb 12, 2026
22.85
22.98
22.20
22.30
19.17
63,300
Feb 11, 2026
22.72
23.00
22.40
22.74
19.55
50,300
Feb 10, 2026
0.259 Dividend 

Feb 10, 2026
22.35
22.66
22.35
22.55
19.38
57,300
Feb 9, 2026
22.24
22.68
22.08
22.54
19.15
72,300
Feb 6, 2026
21.64
22.31
21.54
22.20
18.86
42,700
Feb 5, 2026
21.41
21.70
20.75
21.41
18.19
147,800
Feb 4, 2026
22.86
23.05
21.58
22.02
18.71
100,600
Feb 3, 2026
0.382 Dividend 

Feb 3, 2026
23.00
23.16
22.42
22.93
19.48
93,700
Feb 2, 2026
23.13
23.50
22.82
23.21
19.40
107,500
Jan 30, 2026
23.31
24.02
23.27
23.72
19.82
87,300
Jan 29, 2026
24.25
24.42
22.79
22.90
19.14
138,200
Jan 28, 2026
23.78
24.16
23.74
23.84
19.92
74,200
Jan 27, 2026
0.184 Dividend 

Jan 27, 2026
24.10
24.10
23.73
23.80
19.89
74,400
Jan 26, 2026
24.72
24.72
24.14
24.16
20.04
65,200
Jan 23, 2026
24.84
25.17
24.70
24.99
20.73
64,200
Jan 22, 2026
24.14
24.97
24.00
24.97
20.71
76,200
Jan 21, 2026
0.216 Dividend 

Jan 21, 2026
23.22
24.32
23.17
23.97
19.88
99,800
Jan 20, 2026
23.96
24.01
23.23
23.35
19.19
69,500
Jan 16, 2026
24.58
24.90
24.27
24.52
20.15
64,700
Jan 15, 2026
24.71
24.82
24.47
24.59
20.20
90,500
Jan 14, 2026
24.81
24.81
24.20
24.51
20.14
106,900
Jan 13, 2026
0.246 Dividend 

Jan 13, 2026
25.15
25.15
24.72
24.95
20.50
82,800
Jan 12, 2026
24.80
25.50
24.69
25.25
20.55
152,500
Jan 9, 2026
24.58
25.17
24.15
24.92
20.28
54,400
Jan 8, 2026
24.01
24.50
23.62
24.50
19.93
58,000
Jan 7, 2026
24.50
24.59
24.06
24.20
19.69
98,500
Jan 6, 2026
0.265 Dividend 

Jan 6, 2026
25.17
25.22
23.95
24.28
19.76
145,800
Jan 5, 2026
25.28
26.03
25.20
25.77
20.75
152,600
Jan 2, 2026
25.79
26.00
24.61
24.82
19.99
172,100
Dec 31, 2025
25.99
26.01
25.41
25.50
20.54
77,000
Dec 30, 2025
0.308 Dividend 

Dec 30, 2025
26.29
26.40
25.77
25.84
20.81
94,700
Dec 29, 2025
27.11
27.15
26.49
26.50
21.09
93,100
Dec 26, 2025
28.12
28.27
27.44
27.52
21.90
68,900
Dec 24, 2025
28.28
28.28
27.50
28.12
22.38
55,500
Dec 23, 2025
0.257 Dividend 

Dec 23, 2025
28.26
28.29
27.88
28.09
22.36
66,500
Dec 22, 2025
28.44
28.92
28.24
28.49
22.47
94,300
Dec 19, 2025
28.31
28.32
27.55
28.00
22.09
107,600
Dec 18, 2025
27.85
28.26
27.62
28.06
22.13
63,700
Dec 17, 2025
28.17
28.39
27.25
27.26
21.50
88,700
Dec 16, 2025
0.285 Dividend 

Dec 16, 2025
27.52
28.22
27.13
28.22
22.26
79,700
Dec 15, 2025
27.64
28.12
27.53
27.80
21.70
130,000
Dec 12, 2025
26.42
27.24
26.11
27.00
21.08
72,800
Dec 11, 2025
26.64
26.64
26.00
26.56
20.73
50,400
Dec 10, 2025
26.34
27.07
26.14
26.82
20.94
72,400
Dec 9, 2025
0.273 Dividend 

Dec 9, 2025
25.76
26.80
25.63
26.39
20.60
69,500
Dec 8, 2025
26.75
26.79
25.84
26.27
20.30
134,200
Dec 5, 2025
27.05
27.29
26.89
27.20
21.01
50,200
Dec 4, 2025
26.86
27.13
26.69
27.13
20.96
54,400
Dec 3, 2025
26.13
26.75
25.88
26.75
20.67
60,400
Dec 2, 2025
0.334 Dividend 

Dec 2, 2025
26.13
26.19
25.35
25.93
20.03
96,500
Dec 1, 2025
25.87
26.29
25.84
26.21
19.99
108,500
Nov 28, 2025
25.93
26.15
25.84
26.15
19.94
53,200
Nov 26, 2025
25.78
25.85
25.38
25.85
19.72
68,600
Nov 25, 2025
0.365 Dividend 

Nov 25, 2025
25.29
25.54
24.80
25.54
19.48
85,600
Nov 24, 2025
24.90
25.93
24.79
25.80
19.40
181,900
Nov 21, 2025
24.81
24.81
23.65
24.08
18.11
110,200
Nov 20, 2025
25.53
26.32
24.32
24.46
18.39
99,600
Nov 19, 2025
25.13
25.34
24.56
25.03
18.82
104,800
Nov 18, 2025
0.533 Dividend 

Nov 18, 2025
24.96
25.14
24.25
24.76
18.62
73,400
Nov 17, 2025
25.32
26.55
25.23
25.80
19.00
159,200
Nov 14, 2025
24.17
25.76
23.95
25.46
18.75
65,600
Nov 13, 2025
26.91
26.93
24.73
25.24
18.59
90,300
Nov 12, 2025
0.419 Dividend 

Nov 12, 2025
28.37
28.37
27.10
27.54
20.28
76,200
Nov 11, 2025
28.49
28.54
27.90
28.36
20.58
79,200
Nov 10, 2025
28.33
29.04
27.96
28.89
20.96
138,200
Nov 7, 2025
28.09
28.14
27.07
27.61
20.03
44,800
Nov 6, 2025
29.42
29.64
27.80
28.57
20.73
55,900
Nov 5, 2025
28.78
29.50
28.25
29.42
21.34
33,300
Nov 4, 2025
0.42 Dividend 

Nov 4, 2025
28.83
29.25
28.40
28.41
20.61
64,400
Nov 3, 2025
29.44
30.24
29.33
30.13
21.55
77,300
Oct 31, 2025
28.87
29.37
28.60
29.31
20.97
30,100
Oct 30, 2025
29.00
29.31
28.35
28.44
20.35
52,600
Oct 29, 2025
29.79
29.91
29.22
29.77
21.30
42,800
Oct 28, 2025
0.361 Dividend 

Oct 28, 2025
29.28
29.96
29.10
29.64
21.20
68,300
Oct 27, 2025
28.62
29.85
28.46
29.47
20.82
45,800
Oct 24, 2025
29.01
29.20
27.90
28.24
19.96
44,500
Oct 23, 2025
27.08
29.11
26.75
29.11
20.57
44,800
Oct 22, 2025
28.50
28.50
27.67
28.24
19.96
35,400
Oct 21, 2025
0.377 Dividend 

Oct 21, 2025
28.62
28.75
28.37
28.46
20.11
42,800
Oct 20, 2025
28.88
29.12
28.73
29.06
20.27
38,200
Oct 17, 2025
27.69
28.59
27.59
28.56
19.92
20,300
Oct 16, 2025
28.29
28.60
27.49
27.92
19.47
25,800
Oct 15, 2025
28.16
28.49
27.81
28.33
19.76
30,200
Oct 14, 2025
0.486 Dividend 

Oct 14, 2025
27.67
28.11
27.00
27.86
19.43
22,000
Oct 13, 2025
27.73
28.78
27.66
28.78
19.73
34,500
Oct 10, 2025
28.72
28.90
27.00
27.08
18.57
43,900
Oct 9, 2025
28.35
28.63
27.86
28.63
19.63
41,800
Oct 8, 2025
28.64
28.79
27.82
28.79
19.74
23,700
Oct 7, 2025
0.401 Dividend 

Oct 7, 2025
29.14
29.46
28.15
28.19
19.33
51,900
Oct 6, 2025
29.19
29.92
28.91
29.90
20.23
63,400
Oct 3, 2025
29.27
29.47
27.56
28.43
19.23
37,800
Oct 2, 2025
30.39
30.39
28.79
28.79
19.48
29,400
Oct 1, 2025
28.97
29.95
28.97
29.87
20.21
22,800
Sep 30, 2025
0.395 Dividend 

Sep 30, 2025
28.90
29.10
28.54
29.09
19.68
35,500
Sep 29, 2025
29.41
29.63
29.16
29.38
19.61
38,800
Sep 26, 2025
28.50
29.07
28.07
29.07
19.40
19,600
Sep 25, 2025
28.71
28.71
27.81
28.05
18.72
31,300
Sep 24, 2025
28.34
29.09
28.34
29.00
19.35
58,300
Sep 23, 2025
0.299 Dividend 

Sep 23, 2025
28.87
28.87
27.97
28.14
18.78
23,400
Sep 22, 2025
28.63
29.34
28.50
28.83
19.04
64,800
Sep 19, 2025
28.20
28.36
27.99
28.32
18.70
12,100
Sep 18, 2025
28.24
28.34
27.71
27.71
18.30
21,200
Sep 17, 2025
27.32
28.13
27.32
28.03
18.52
30,600
Sep 16, 2025
0.244 Dividend 

Sep 16, 2025
27.57
27.91
27.41
27.91
18.43
30,500
Sep 15, 2025
28.18
28.18
27.36
27.62
18.08
40,200
Sep 12, 2025
25.34
26.87
25.34
26.87
17.59
10,600
Sep 11, 2025
24.43
25.22
24.35
25.22
16.51
13,600
Sep 10, 2025
24.29
24.65
24.17
24.24
15.87
10,100
Sep 9, 2025
0.089 Dividend 

Sep 9, 2025
24.12
24.30
23.96
24.16
15.82
10,000
Sep 8, 2025
24.60
24.65
24.05
24.16
15.76
19,300
Sep 5, 2025
24.17
24.57
23.95
24.38
15.90
56,500
Sep 4, 2025
23.38
23.56
23.00
23.56
15.37
7,100
Sep 3, 2025
0.089 Dividend 

Sep 3, 2025
23.25
23.82
22.80
23.23
15.15
8,800
Sep 2, 2025
22.78
23.10
22.55
22.90
14.88
17,100
Aug 29, 2025
24.19
24.19
23.01
23.21
15.08
24,300
Aug 28, 2025
24.40
24.40
23.93
24.09
15.65
27,800
Aug 27, 2025
24.45
24.51
24.25
24.30
15.79
13,600
Aug 26, 2025
0.095 Dividend 

Aug 26, 2025
23.98
24.34
23.98
24.34
15.81
26,600
Aug 25, 2025
23.73
24.32
23.73
24.15
15.63
29,800
Aug 22, 2025
22.73
23.81
22.73
23.79
15.40
22,400
Aug 21, 2025
22.71
22.91
22.44
22.63
14.64
15,300
Aug 20, 2025
23.35
23.39
22.21
22.94
14.84
20,800
Aug 19, 2025
0.111 Dividend 

Aug 19, 2025
23.76
24.05
23.20
23.34
15.10
39,200
Aug 18, 2025
23.44
23.93
23.44
23.88
15.38
26,000
Aug 15, 2025
24.04
24.04
23.23
23.49
15.13
18,600
Aug 14, 2025
23.76
24.11
23.52
23.81
15.34
39,100
Aug 13, 2025
24.12
24.42
23.97
24.00
15.46
22,300
Aug 12, 2025
0.122 Dividend 

Aug 12, 2025
24.28
24.28
23.62
24.03
15.48
27,800
Aug 11, 2025
23.83
24.42
23.83
24.07
15.43
40,000
Aug 8, 2025
23.19
23.71
23.18
23.44
15.02
34,800
Aug 7, 2025
22.76
22.84
22.56
22.84
14.64
13,800
Aug 6, 2025
22.44
22.74
22.32
22.74
14.57
24,700
Aug 5, 2025
0.158 Dividend 

Aug 5, 2025
21.91
22.14
21.76
21.91
14.04
15,200
Aug 4, 2025
22.09
22.25
21.83
22.16
14.10
20,400
Aug 1, 2025
21.87
22.07
21.20
21.58
13.73
28,700
Jul 31, 2025
22.55
22.64
21.87
21.98
13.99
24,600
Jul 30, 2025
22.68
22.75
22.35
22.56
14.35
19,200
Jul 29, 2025
0.121 Dividend 

Jul 29, 2025
22.83
22.83
22.50
22.65
14.41
24,500
Jul 28, 2025
22.60
23.22
22.44
23.05
14.59
23,900
Jul 25, 2025
21.98
22.85
21.98
22.45
14.21
39,200
Jul 24, 2025
22.09
22.09
21.32
21.77
13.78
55,900
Jul 23, 2025
23.34
23.59
23.21
23.40
14.81
29,700
Jul 22, 2025
0.234 Dividend 

Jul 22, 2025
23.23
23.52
22.77
23.44
14.83
24,000
Jul 21, 2025
23.85
23.93
23.38
23.45
14.69
31,000
Jul 18, 2025
22.97
23.50
22.95
23.47
14.71
25,800
Jul 17, 2025
23.01
23.07
22.67
22.79
14.28
41,600
Jul 16, 2025
22.20
22.95
22.20
22.91
14.36
20,300
Jul 15, 2025
0.189 Dividend 

Jul 15, 2025
22.75
22.76
22.08
22.13
13.87
29,700
Jul 14, 2025
22.64
22.97
22.44
22.74
14.13
75,900
Jul 11, 2025
22.03
22.48
21.90
22.42
13.93
22,900
Jul 10, 2025
21.40
22.16
21.40
22.14
13.76
32,700
Jul 9, 2025
21.21
21.30
20.83
21.05
13.08
48,400
Jul 8, 2025
0.288 Dividend 

Jul 8, 2025
21.00
21.57
20.95
21.18
13.16
30,600
Jul 7, 2025
21.07
21.30
20.84
21.18
12.98
83,900
Jul 3, 2025
22.80
23.10
22.70
22.84
14.00
6,000
Jul 2, 2025
22.55
22.83
21.90
22.80
13.98
12,000
Jul 1, 2025
0.251 Dividend 

Jul 1, 2025
21.48
21.85
20.91
21.57
13.22
40,300
Jun 30, 2025
23.54
23.56
23.25
23.33
14.15
28,800
Jun 27, 2025
23.41
23.93
23.10
23.53
14.27
16,900
Jun 26, 2025
23.76
23.86
23.57
23.69
14.36
20,500
Jun 25, 2025
24.42
24.42
23.21
23.67
14.35
15,400
Jun 24, 2025
0.199 Dividend 

Jun 24, 2025
25.24
25.24
24.45
24.46
14.83
13,300
Jun 23, 2025
23.71
25.40
23.71
24.96
15.02
18,700
Jun 20, 2025
23.64
23.82
23.12
23.31
14.02
14,600
Jun 18, 2025
23.20
23.60
23.20
23.29
14.01
10,100
Jun 17, 2025
0.303 Dividend 

Jun 17, 2025
23.50
23.50
22.68
22.79
13.71
13,500
Jun 16, 2025
23.92
24.11
23.84
23.97
14.24
10,300
Jun 13, 2025
22.93
23.94
22.87
23.64
14.04
9,800
Jun 12, 2025
23.45
23.77
23.10
23.16
13.75
6,400
Jun 11, 2025
24.16
24.16
23.51
23.61
14.02
7,400
Jun 10, 2025
22.83
23.56
22.58
23.54
13.98
13,500
Jun 9, 2025
20.62
22.32
20.33
22.27
13.23
15,600
Jun 6, 2025
21.51
22.08
21.02
21.30
12.65
17,600
Jun 5, 2025
23.56
23.62
20.04
20.49
12.17
19,600
Jun 4, 2025
25.00
25.00
23.98
24.25
14.40
10,000
