Date
Open
High
Low
Close 

Adj Close 

Volume
May 26, 2026
19.90
20.15
19.80
20.08
20.08
7,243
May 22, 2026
19.54
20.00
19.51
19.71
19.71
12,400
May 21, 2026
19.57
19.72
19.17
19.31
19.31
6,800
May 20, 2026
19.09
19.20
18.90
19.20
19.20
10,900
May 19, 2026
18.49
18.68
18.21
18.65
18.65
4,800
May 18, 2026
19.31
19.45
18.87
18.88
18.88
17,800
May 15, 2026
20.09
20.09
19.59
19.59
19.59
17,800
May 14, 2026
20.81
21.00
20.58
20.58
20.58
5,200
May 13, 2026
20.26
21.11
20.03
20.73
20.73
33,400
May 12, 2026
20.48
20.57
19.65
20.15
20.15
11,700
May 11, 2026
19.60
20.84
19.30
20.67
20.67
39,900
May 8, 2026
19.41
19.94
19.33
19.78
19.78
24,500
May 7, 2026
18.94
19.31
18.79
19.10
19.10
32,600
May 6, 2026
0.35 Dividend 

May 6, 2026
17.93
18.64
17.80
18.56
18.56
29,800
May 5, 2026
18.64
19.00
18.39
18.46
18.11
42,100
May 4, 2026
18.44
18.64
18.23
18.59
18.24
25,800
May 1, 2026
18.19
18.77
17.92
18.48
18.13
8,500
Apr 30, 2026
17.51
18.03
17.27
17.94
17.60
9,700
Apr 29, 2026
17.42
17.52
17.37
17.51
17.18
11,900
Apr 28, 2026
17.54
17.84
17.53
17.72
17.38
12,300
Apr 27, 2026
17.49
17.90
17.02
17.80
17.46
24,100
Apr 24, 2026
17.58
17.72
17.45
17.70
17.36
11,100
Apr 23, 2026
17.68
18.05
17.33
17.54
17.21
19,200
Apr 22, 2026
18.47
18.49
18.26
18.26
17.92
6,800
Apr 21, 2026
18.64
18.64
18.18
18.26
17.91
29,000
Apr 20, 2026
18.98
19.05
18.51
18.56
18.21
4,900
Apr 17, 2026
18.74
19.33
18.59
18.96
18.60
16,500
Apr 16, 2026
18.60
18.60
18.11
18.40
18.05
13,500
Apr 15, 2026
17.36
18.65
17.30
18.56
18.20
22,600
Apr 14, 2026
16.90
17.38
16.90
17.30
16.97
10,500
Apr 13, 2026
16.46
16.80
16.44
16.69
16.37
12,100
Apr 10, 2026
16.40
16.49
16.17
16.49
16.18
48,900
Apr 9, 2026
16.21
16.49
15.88
16.36
16.05
25,600
Apr 8, 2026
0.4 Dividend 

Apr 8, 2026
16.80
16.80
16.02
16.15
15.84
25,500
Apr 7, 2026
16.83
16.83
16.36
16.81
16.10
18,100
Apr 6, 2026
17.70
17.84
16.84
17.14
16.41
14,200
Apr 2, 2026
17.85
18.06
17.48
17.57
16.83
22,400
Apr 1, 2026
18.37
18.79
18.35
18.73
17.94
22,400
Mar 31, 2026
17.53
18.32
17.53
18.20
17.43
15,300
Mar 30, 2026
17.77
17.77
17.08
17.18
16.45
24,400
Mar 27, 2026
18.03
18.03
17.51
17.61
16.86
60,000
Mar 26, 2026
18.71
18.83
18.23
18.23
17.46
13,500
Mar 25, 2026
19.11
19.38
18.86
18.90
18.10
17,000
Mar 24, 2026
18.80
18.99
18.68
18.78
17.99
6,900
Mar 23, 2026
18.12
18.80
18.12
18.69
17.90
20,900
Mar 20, 2026
18.59
18.59
17.80
17.99
17.23
34,200
Mar 19, 2026
18.95
19.14
18.50
18.65
17.86
12,900
Mar 18, 2026
19.63
19.88
19.40
19.40
18.58
6,200
Mar 17, 2026
19.50
19.76
19.50
19.75
18.91
5,000
Mar 16, 2026
19.48
19.91
19.48
19.57
18.74
11,200
Mar 13, 2026
19.63
19.69
19.29
19.30
18.48
16,700
Mar 12, 2026
20.11
20.11
19.52
19.57
18.74
10,400
Mar 11, 2026
19.79
20.55
19.79
20.24
19.38
10,200
Mar 10, 2026
19.78
20.05
19.78
19.78
18.94
11,200
Mar 9, 2026
19.10
19.77
18.83
19.76
18.92
30,600
Mar 6, 2026
19.80
19.91
19.53
19.68
18.85
30,500
Mar 5, 2026
19.91
20.29
19.87
20.16
19.31
21,900
Mar 4, 2026
0.4 Dividend 

Mar 4, 2026
19.59
20.27
19.55
20.19
19.34
39,900
Mar 3, 2026
20.04
20.04
19.43
19.84
18.62
46,600
Mar 2, 2026
19.85
20.43
19.50
20.41
19.15
15,400
Feb 27, 2026
20.37
20.51
20.07
20.37
19.11
16,100
Feb 26, 2026
21.09
21.09
20.47
20.61
19.34
8,300
Feb 25, 2026
20.78
21.21
20.78
21.21
19.90
12,400
Feb 24, 2026
20.08
20.73
20.08
20.64
19.37
7,600
Feb 23, 2026
20.68
20.68
19.90
20.23
18.98
13,500
Feb 20, 2026
20.49
20.90
20.42
20.80
19.52
14,600
Feb 19, 2026
20.75
21.03
20.57
20.82
19.54
8,300
Feb 18, 2026
20.87
21.15
20.80
20.88
19.59
9,300
Feb 17, 2026
20.76
20.90
20.36
20.79
19.51
12,200
Feb 13, 2026
21.07
21.50
20.87
21.17
19.87
9,800
Feb 12, 2026
21.89
22.04
21.05
21.15
19.85
11,200
Feb 11, 2026
21.80
22.10
21.37
21.80
20.46
25,100
Feb 10, 2026
21.44
21.65
21.30
21.62
20.29
12,900
Feb 9, 2026
20.70
21.34
20.67
21.13
19.83
19,200
Feb 6, 2026
20.15
21.02
20.14
20.85
19.57
20,700
Feb 5, 2026
19.90
20.33
19.52
20.02
18.79
40,700
Feb 4, 2026
0.5 Dividend 

Feb 4, 2026
21.49
21.50
20.18
20.48
19.22
43,400
Feb 3, 2026
22.05
22.21
21.60
21.99
20.17
43,400
Feb 2, 2026
21.95
22.24
21.55
21.97
20.15
20,800
Jan 30, 2026
22.06
22.96
22.03
22.48
20.62
40,900
Jan 29, 2026
23.00
23.00
21.60
21.67
19.87
25,800
Jan 28, 2026
22.50
22.80
22.50
22.51
20.64
8,100
Jan 27, 2026
22.83
22.83
22.50
22.50
20.63
12,700
Jan 26, 2026
23.34
23.34
22.75
22.77
20.88
9,500
Jan 23, 2026
23.33
23.59
23.22
23.53
21.58
11,800
Jan 22, 2026
22.67
23.54
22.54
23.54
21.59
10,100
Jan 21, 2026
21.91
22.78
21.85
22.49
20.62
11,300
Jan 20, 2026
22.34
22.34
21.70
21.82
20.01
22,500
Jan 16, 2026
22.85
23.29
22.69
22.86
20.96
11,800
Jan 15, 2026
22.94
23.21
22.85
22.85
20.95
20,600
Jan 14, 2026
23.20
23.20
22.69
22.83
20.94
32,100
Jan 13, 2026
23.64
23.64
23.25
23.35
21.41
15,200
Jan 12, 2026
23.03
23.67
22.90
23.45
21.50
22,100
Jan 9, 2026
22.86
23.38
22.61
23.23
21.30
29,600
Jan 8, 2026
22.40
22.84
22.31
22.80
20.91
29,800
Jan 7, 2026
0.5 Dividend 

Jan 7, 2026
22.70
22.88
22.54
22.54
20.67
29,000
Jan 6, 2026
23.86
23.86
22.92
23.09
20.72
57,800
Jan 5, 2026
23.87
24.29
23.87
24.04
21.57
40,700
Jan 2, 2026
24.44
24.44
23.22
23.37
20.97
30,500
Dec 31, 2025
24.19
24.29
23.97
23.99
21.52
18,300
Dec 30, 2025
24.70
24.70
24.23
24.24
21.75
18,800
Dec 29, 2025
24.84
24.95
24.46
24.47
21.95
18,000
Dec 26, 2025
25.75
25.92
25.25
25.28
22.68
21,100
Dec 24, 2025
25.86
25.96
25.45
25.75
23.10
7,500
Dec 23, 2025
25.95
25.98
25.67
25.84
23.18
10,100
Dec 22, 2025
25.95
26.32
25.78
25.97
23.30
16,200
Dec 19, 2025
25.78
25.78
25.42
25.53
22.91
10,100
Dec 18, 2025
25.23
25.73
25.23
25.58
22.95
9,100
Dec 17, 2025
25.55
25.77
24.98
24.98
22.41
7,400
Dec 16, 2025
23.56
25.73
23.56
25.72
23.08
17,600
Dec 15, 2025
24.63
25.37
24.63
25.23
22.64
17,700
Dec 12, 2025
24.09
24.54
23.73
24.54
22.02
10,700
Dec 11, 2025
23.78
23.92
23.57
23.92
21.46
6,100
Dec 10, 2025
23.77
24.35
23.70
24.25
21.76
15,700
Dec 9, 2025
23.35
24.02
23.35
23.75
21.31
8,900
Dec 8, 2025
23.92
23.92
23.27
23.46
21.05
24,400
Dec 5, 2025
24.17
24.18
24.12
24.17
21.69
10,700
Dec 4, 2025
24.06
24.12
23.97
24.10
21.62
10,100
Dec 3, 2025
0.5 Dividend 

Dec 3, 2025
23.59
23.98
23.51
23.88
21.42
22,100
Dec 2, 2025
23.90
24.04
23.59
23.82
20.92
31,500
Dec 1, 2025
23.68
23.90
23.36
23.90
20.99
13,300
Nov 28, 2025
23.65
23.85
23.65
23.84
20.94
4,200
Nov 26, 2025
23.35
23.61
23.19
23.61
20.74
12,400
Nov 25, 2025
22.99
23.27
22.68
23.25
20.42
15,200
Nov 24, 2025
22.25
23.22
22.25
23.05
20.25
16,300
Nov 21, 2025
22.45
22.45
21.58
21.88
19.22
14,200
Nov 20, 2025
22.93
23.46
22.19
22.19
19.49
11,100
Nov 19, 2025
22.66
22.81
22.28
22.52
19.78
7,800
Nov 18, 2025
22.42
22.63
22.06
22.38
19.66
10,900
Nov 17, 2025
22.19
22.90
22.19
22.60
19.85
13,800
Nov 14, 2025
21.24
22.80
21.03
22.34
19.62
13,500
Nov 13, 2025
23.41
23.41
21.99
22.21
19.51
29,700
Nov 12, 2025
24.22
24.22
23.68
23.82
20.92
10,300
Nov 11, 2025
24.36
24.36
23.89
24.22
21.27
11,600
Nov 10, 2025
24.10
24.47
23.76
24.36
21.40
13,400
Nov 7, 2025
24.32
24.32
23.34
23.58
20.71
21,100
Nov 6, 2025
25.37
25.56
24.05
24.61
21.62
23,900
Nov 5, 2025
0.5 Dividend 

Nov 5, 2025
24.96
25.63
24.31
25.46
22.36
19,900
Nov 4, 2025
25.74
25.79
24.99
24.99
21.51
22,000
Nov 3, 2025
25.59
26.52
25.59
26.33
22.66
28,600
Oct 31, 2025
25.01
25.70
24.95
25.70
22.12
14,100
Oct 30, 2025
25.26
25.37
24.82
24.82
21.36
10,800
Oct 29, 2025
25.58
25.58
25.34
25.47
21.92
15,700
Oct 28, 2025
25.12
25.50
25.12
25.38
21.85
8,600
Oct 27, 2025
24.44
25.31
24.44
25.04
21.55
16,400
Oct 24, 2025
24.81
24.81
24.10
24.23
20.86
8,000
Oct 23, 2025
23.62
25.01
23.25
25.01
21.53
34,700
Oct 22, 2025
24.54
24.62
24.01
24.42
21.02
11,900
Oct 21, 2025
24.57
24.88
24.54
24.55
21.13
8,500
Oct 20, 2025
24.79
24.86
24.57
24.80
21.34
20,000
Oct 17, 2025
23.65
24.44
23.65
24.44
21.04
7,600
Oct 16, 2025
23.96
24.19
23.55
23.83
20.51
16,800
Oct 15, 2025
24.00
24.12
23.67
24.03
20.68
7,400
Oct 14, 2025
23.53
23.88
23.26
23.74
20.43
6,500
Oct 13, 2025
23.32
23.93
23.32
23.93
20.60
21,200
Oct 10, 2025
24.12
24.46
22.81
22.92
19.73
25,600
Oct 9, 2025
23.99
24.20
23.80
24.14
20.78
77,700
Oct 8, 2025
0.5 Dividend 

Oct 8, 2025
24.21
24.46
23.69
24.40
21.00
17,800
Oct 7, 2025
25.06
25.38
24.56
24.56
20.71
27,200
Oct 6, 2025
25.06
25.44
24.70
25.34
21.37
25,900
Oct 3, 2025
24.78
24.79
23.67
24.30
20.49
18,200
Oct 2, 2025
25.21
25.21
24.41
24.48
20.64
19,800
Oct 1, 2025
24.53
24.93
24.48
24.93
21.02
13,800
Sep 30, 2025
24.42
24.56
24.19
24.56
20.71
23,700
Sep 29, 2025
24.48
24.53
24.25
24.46
20.63
18,400
Sep 26, 2025
23.62
24.30
23.25
24.30
20.49
11,500
Sep 25, 2025
23.80
23.80
23.09
23.22
19.58
13,000
Sep 24, 2025
23.75
24.22
23.64
24.19
20.40
17,000
Sep 23, 2025
24.06
24.06
23.34
23.38
19.72
14,200
Sep 22, 2025
23.40
24.08
23.26
23.63
19.92
21,700
Sep 19, 2025
23.12
23.31
23.12
23.26
19.62
5,900
Sep 18, 2025
23.01
23.18
22.84
22.84
19.26
39,700
Sep 17, 2025
22.51
23.00
22.38
22.99
19.39
19,900
Sep 16, 2025
22.43
22.82
22.43
22.73
19.17
22,500
Sep 15, 2025
22.77
22.77
22.11
22.26
18.77
30,000
Sep 12, 2025
21.39
21.70
21.39
21.60
18.21
19,900
Sep 11, 2025
20.83
21.40
20.83
21.38
18.03
11,400
Sep 10, 2025
20.73
21.07
20.73
20.75
17.50
18,000
Sep 9, 2025
20.80
20.85
20.55
20.69
17.45
20,700
Sep 8, 2025
20.79
21.00
20.56
20.63
17.39
16,800
Sep 5, 2025
20.54
20.96
20.43
20.81
17.55
33,300
Sep 4, 2025
19.95
20.08
19.76
20.08
16.93
15,200
Sep 3, 2025
0.45 Dividend 

Sep 3, 2025
19.69
20.31
19.58
19.82
16.71
15,300
Sep 2, 2025
19.99
20.23
19.86
20.09
16.56
14,400
Aug 29, 2025
20.94
20.94
20.16
20.22
16.67
16,500
Aug 28, 2025
20.96
20.99
20.77
20.83
17.17
14,400
Aug 27, 2025
21.06
21.06
20.96
20.96
17.28
10,800
Aug 26, 2025
20.68
21.00
20.68
21.00
17.31
19,100
Aug 25, 2025
20.62
20.88
20.50
20.84
17.18
16,000
Aug 22, 2025
19.49
20.56
19.49
20.56
16.94
13,300
Aug 21, 2025
19.67
19.76
19.49
19.57
16.13
7,600
Aug 20, 2025
19.89
20.03
19.29
19.75
16.28
12,900
Aug 19, 2025
20.45
20.54
19.95
20.02
16.50
17,200
Aug 18, 2025
20.00
20.35
20.00
20.35
16.78
43,900
Aug 15, 2025
20.28
20.28
19.87
20.02
16.50
5,600
Aug 14, 2025
20.25
20.34
19.71
20.22
16.67
10,800
Aug 13, 2025
20.47
20.81
20.37
20.37
16.79
12,700
Aug 12, 2025
20.69
20.69
20.13
20.54
16.93
11,700
Aug 11, 2025
20.09
20.58
20.09
20.41
16.83
38,700
Aug 8, 2025
19.61
20.00
19.61
19.91
16.41
46,400
Aug 7, 2025
19.52
19.70
19.39
19.62
16.17
50,900
Aug 6, 2025
0.45 Dividend 

Aug 6, 2025
18.92
19.55
18.92
19.51
16.08
20,200
Aug 5, 2025
19.50
19.60
19.34
19.46
15.67
32,500
Aug 4, 2025
19.35
19.62
19.19
19.50
15.70
40,600
Aug 1, 2025
19.16
19.44
18.97
19.16
15.43
21,300
Jul 31, 2025
19.71
19.79
19.29
19.30
15.54
20,200
Jul 30, 2025
19.72
19.92
19.54
19.71
15.87
28,200
Jul 29, 2025
19.83
19.85
19.70
19.79
15.94
13,900
Jul 28, 2025
19.59
20.01
19.49
19.91
16.04
54,000
Jul 25, 2025
19.01
19.99
19.01
19.52
15.72
34,700
Jul 24, 2025
19.54
19.54
18.57
18.83
15.16
59,600
Jul 23, 2025
20.33
20.62
20.31
20.44
16.46
26,500
Jul 22, 2025
20.32
20.55
19.93
20.45
16.47
19,500
Jul 21, 2025
20.53
20.53
20.21
20.30
16.35
17,400
Jul 18, 2025
20.22
20.35
20.20
20.32
16.36
18,100
Jul 17, 2025
20.23
20.23
19.94
20.09
16.18
19,400
Jul 16, 2025
19.51
20.06
19.51
20.05
16.15
27,400
Jul 15, 2025
19.99
19.99
19.45
19.51
15.71
21,800
Jul 14, 2025
19.75
19.80
19.32
19.77
15.92
41,600
Jul 11, 2025
19.33
19.65
19.16
19.65
15.82
57,800
Jul 10, 2025
18.70
19.40
18.70
19.40
15.62
27,100
Jul 9, 2025
18.75
18.75
18.33
18.71
15.07
19,600
Jul 8, 2025
18.71
18.98
18.45
18.66
15.03
45,400
Jul 7, 2025
18.12
18.45
18.10
18.35
14.78
71,500
Jul 3, 2025
19.90
19.92
19.60
19.77
15.92
32,300
Jul 2, 2025
0.45 Dividend 

Jul 2, 2025
19.50
19.82
18.98
19.82
15.96
44,700
Jul 1, 2025
19.20
19.64
18.82
19.24
15.13
44,700
Jun 30, 2025
20.46
20.64
20.29
20.31
15.97
38,900
Jun 27, 2025
20.79
20.83
20.28
20.70
16.28
17,800
Jun 26, 2025
20.87
21.07
20.70
20.89
16.43
32,400
Jun 25, 2025
21.71
21.71
20.58
20.93
16.46
26,100
Jun 24, 2025
22.18
22.18
21.46
21.54
16.94
32,800
Jun 23, 2025
20.83
22.08
20.83
21.85
17.18
18,700
Jun 20, 2025
20.91
21.00
20.29
20.53
16.15
38,700
Jun 18, 2025
20.23
20.88
20.23
20.49
16.12
10,300
Jun 17, 2025
20.63
20.70
20.03
20.16
15.85
22,200
Jun 16, 2025
20.93
21.06
20.75
20.85
16.40
26,800
Jun 13, 2025
19.90
20.86
19.90
20.68
16.26
24,200
Jun 12, 2025
20.39
20.64
20.09
20.15
15.85
25,800
Jun 11, 2025
20.67
20.80
20.27
20.47
16.10
36,500
Jun 10, 2025
19.72
20.36
19.60
20.35
16.00
46,600
Jun 9, 2025
18.13
19.42
17.88
19.37
15.23
56,900
Jun 6, 2025
18.88
19.26
18.60
18.73
14.73
101,200
Jun 5, 2025
20.40
20.40
17.50
18.10
14.24
117,000
Jun 4, 2025
0.5 Dividend 

Jun 4, 2025
21.68
21.68
20.54
20.91
16.45
47,900
Jun 3, 2025
22.25
22.70
22.01
22.10
16.99
38,400
Jun 2, 2025
21.97
22.08
21.59
22.00
16.91
35,700
May 30, 2025
22.34
22.84
22.03
22.10
16.99
22,100
May 29, 2025
22.91
22.91
22.58
22.58
17.36
9,600
May 28, 2025
22.88
22.88
22.49
22.49
17.29
27,300
May 27, 2025
22.05
22.75
22.05
22.61
17.38
22,400
