Date
Open
High
Low
Close 

Adj Close 

Volume
May 26, 2026
25.77
26.06
25.50
25.99
25.99
204,835
May 26, 2026
0.217 Dividend 

May 22, 2026
25.46
26.06
25.30
25.67
25.45
139,900
May 21, 2026
25.42
25.65
24.78
25.14
24.93
69,100
May 20, 2026
24.40
25.11
24.35
25.11
24.90
160,100
May 19, 2026
23.99
24.18
23.38
24.12
23.92
85,300
May 18, 2026
0.313 Dividend 

May 18, 2026
25.21
25.30
24.23
24.58
24.37
198,800
May 15, 2026
26.64
26.66
25.71
25.77
25.24
133,700
May 14, 2026
27.61
27.87
27.17
27.33
26.77
179,900
May 13, 2026
26.77
28.01
26.33
27.41
26.85
386,700
May 12, 2026
27.15
27.53
25.77
26.54
26.00
133,000
May 11, 2026
0.247 Dividend 

May 11, 2026
25.72
27.70
25.36
27.41
26.85
213,900
May 8, 2026
25.53
26.65
25.53
26.44
25.66
147,900
May 7, 2026
24.88
25.50
24.60
25.26
24.51
262,900
May 6, 2026
23.47
24.51
23.30
24.27
23.55
241,600
May 5, 2026
24.11
24.54
23.63
23.66
22.96
101,500
May 4, 2026
0.12 Dividend 

May 4, 2026
23.65
24.04
23.35
23.83
23.12
79,200
May 1, 2026
23.27
24.32
23.07
23.90
23.07
193,500
Apr 30, 2026
22.62
23.39
22.27
23.19
22.39
169,500
Apr 29, 2026
22.75
22.80
22.39
22.60
21.82
216,400
Apr 28, 2026
22.66
23.25
22.64
22.80
22.01
90,000
Apr 27, 2026
0.288 Dividend 

Apr 27, 2026
22.56
23.13
21.97
22.97
22.18
118,300
Apr 24, 2026
22.97
23.58
22.73
23.14
22.06
162,300
Apr 23, 2026
23.05
23.74
22.53
22.88
21.82
224,200
Apr 22, 2026
23.92
24.32
23.80
23.93
22.82
116,000
Apr 21, 2026
24.44
24.44
23.83
23.84
22.73
93,000
Apr 20, 2026
0.15 Dividend 

Apr 20, 2026
25.06
25.29
24.03
24.34
23.21
127,200
Apr 17, 2026
24.71
25.72
24.49
25.09
23.78
151,900
Apr 16, 2026
24.53
24.54
23.76
24.28
23.01
130,000
Apr 15, 2026
22.63
24.65
22.45
24.48
23.20
243,600
Apr 14, 2026
21.93
22.67
21.81
22.46
21.29
74,900
Apr 13, 2026
0.198 Dividend 

Apr 13, 2026
21.36
21.89
21.24
21.63
20.50
162,800
Apr 10, 2026
21.31
21.59
21.07
21.50
20.19
128,500
Apr 9, 2026
21.07
21.52
20.67
21.27
19.97
134,600
Apr 8, 2026
22.63
22.69
20.90
21.09
19.80
104,300
Apr 7, 2026
21.41
21.43
20.68
21.34
20.04
202,700
Apr 6, 2026
0.192 Dividend 

Apr 6, 2026
22.59
22.92
21.37
21.85
20.52
126,500
Apr 2, 2026
22.91
23.29
22.50
22.57
21.01
100,800
Apr 1, 2026
24.00
24.30
23.63
24.19
22.52
152,600
Mar 31, 2026
22.67
23.55
22.65
23.46
21.84
189,300
Mar 30, 2026
0.14 Dividend 

Mar 30, 2026
22.98
23.07
21.98
22.23
20.70
128,600
Mar 27, 2026
23.42
23.42
22.68
22.86
21.15
167,800
Mar 26, 2026
24.41
24.54
23.65
23.70
21.93
125,200
Mar 25, 2026
24.99
25.45
24.64
24.72
22.87
104,200
Mar 24, 2026
24.05
24.80
24.05
24.45
22.62
149,600
Mar 23, 2026
0.219 Dividend 

Mar 23, 2026
23.68
24.66
23.68
24.30
22.49
279,700
Mar 20, 2026
24.55
24.55
23.29
23.57
21.61
437,100
Mar 19, 2026
25.12
25.12
24.40
24.50
22.46
291,800
Mar 18, 2026
26.04
26.30
25.46
25.50
23.38
193,800
Mar 17, 2026
25.78
26.05
25.56
25.97
23.81
166,500
Mar 16, 2026
0.222 Dividend 

Mar 16, 2026
25.71
26.35
25.63
25.70
23.56
173,800
Mar 13, 2026
26.23
26.28
25.53
25.65
23.31
183,700
Mar 12, 2026
26.78
26.80
25.90
25.93
23.57
126,000
Mar 11, 2026
26.48
27.54
26.48
26.94
24.48
86,400
Mar 10, 2026
26.43
26.81
26.18
26.22
23.83
110,000
Mar 9, 2026
0.205 Dividend 

Mar 9, 2026
25.47
26.35
24.87
26.18
23.79
133,900
Mar 6, 2026
26.43
26.66
26.13
26.26
23.68
158,600
Mar 5, 2026
26.68
27.17
26.50
26.97
24.31
85,200
Mar 4, 2026
26.34
27.18
26.12
27.00
24.35
107,600
Mar 3, 2026
26.09
26.22
25.40
25.96
23.41
123,400
Mar 2, 2026
0.229 Dividend 

Mar 2, 2026
25.81
26.88
25.63
26.81
24.18
91,200
Feb 27, 2026
27.08
27.34
26.65
27.02
24.16
77,300
Feb 26, 2026
28.03
28.20
27.15
27.46
24.55
57,000
Feb 25, 2026
27.72
28.33
27.72
28.20
25.21
78,600
Feb 24, 2026
26.72
27.64
26.68
27.56
24.64
106,900
Feb 23, 2026
0.282 Dividend 

Feb 23, 2026
27.39
27.39
26.31
26.72
23.89
154,800
Feb 20, 2026
27.76
28.23
27.59
28.00
24.78
92,500
Feb 19, 2026
27.72
28.30
27.41
28.00
24.78
78,700
Feb 18, 2026
28.00
28.43
27.90
27.98
24.76
73,200
Feb 17, 2026
0.192 Dividend 

Feb 17, 2026
28.16
28.16
27.13
27.91
24.70
94,700
Feb 13, 2026
28.53
29.23
28.19
28.72
25.25
115,300
Feb 12, 2026
29.80
30.23
28.47
28.66
25.20
127,000
Feb 11, 2026
29.66
30.30
29.01
29.59
26.01
118,000
Feb 10, 2026
28.81
29.50
28.77
29.36
25.81
114,700
Feb 9, 2026
0.205 Dividend 

Feb 9, 2026
28.24
29.03
27.95
28.71
25.24
87,400
Feb 6, 2026
27.50
28.74
27.32
28.42
24.81
173,500
Feb 5, 2026
27.28
27.65
26.47
27.21
23.75
328,900
Feb 4, 2026
29.26
29.51
27.45
28.00
24.43
256,000
Feb 3, 2026
29.63
29.90
28.66
29.32
25.59
163,500
Feb 2, 2026
0.338 Dividend 

Feb 2, 2026
29.26
29.77
28.76
29.33
25.60
155,300
Jan 30, 2026
30.00
31.20
29.77
30.43
26.26
267,700
Jan 29, 2026
31.10
31.19
29.09
29.25
25.24
272,700
Jan 28, 2026
30.55
31.08
30.42
30.53
26.35
149,900
Jan 27, 2026
31.12
31.12
30.46
30.48
26.31
179,600
Jan 26, 2026
0.25 Dividend 

Jan 26, 2026
31.77
31.77
30.79
30.84
26.62
121,500
Jan 23, 2026
32.05
32.55
31.89
32.35
27.71
141,000
Jan 22, 2026
31.05
32.31
30.90
32.25
27.62
174,700
Jan 21, 2026
30.01
31.35
29.77
30.82
26.40
156,800
Jan 20, 2026
0.319 Dividend 

Jan 20, 2026
30.71
30.71
29.60
29.75
25.48
227,400
Jan 16, 2026
31.83
32.37
31.49
31.70
26.88
216,900
Jan 15, 2026
32.04
32.31
31.68
31.69
26.87
108,500
Jan 14, 2026
32.21
32.26
31.30
31.85
27.00
189,800
Jan 13, 2026
32.88
32.89
32.21
32.43
27.50
150,100
Jan 12, 2026
0.169 Dividend 

Jan 12, 2026
31.91
33.14
31.75
32.65
27.68
196,800
Jan 9, 2026
31.77
32.83
31.20
32.52
27.43
206,000
Jan 8, 2026
31.02
31.80
30.80
31.69
26.73
209,400
Jan 7, 2026
31.71
31.91
31.35
31.35
26.44
165,700
Jan 6, 2026
32.74
32.79
31.11
31.49
26.56
263,600
Jan 5, 2026
0.394 Dividend 

Jan 5, 2026
32.67
33.60
32.53
33.11
27.93
241,700
Jan 2, 2026
33.99
34.09
32.08
32.34
26.94
381,300
Dec 31, 2025
33.88
33.94
33.36
33.37
27.80
196,700
Dec 30, 2025
34.49
34.57
33.78
33.82
28.18
190,700
Dec 29, 2025
0.504 Dividend 

Dec 29, 2025
35.02
35.13
34.26
34.26
28.54
205,600
Dec 26, 2025
37.20
37.41
36.06
36.21
29.75
273,100
Dec 24, 2025
37.31
37.56
36.36
37.05
30.44
128,000
Dec 23, 2025
37.54
37.60
36.92
37.13
30.50
175,100
Dec 22, 2025
0.449 Dividend 

Dec 22, 2025
37.52
38.36
37.16
37.41
30.73
343,200
Dec 19, 2025
37.95
38.01
36.66
37.15
30.15
530,100
Dec 18, 2025
36.99
38.12
36.53
37.49
30.43
244,600
Dec 17, 2025
37.78
38.50
35.91
35.91
29.15
412,400
Dec 16, 2025
36.31
38.16
35.84
38.01
30.85
266,300
Dec 15, 2025
0.474 Dividend 

Dec 15, 2025
35.93
37.27
35.93
36.71
29.79
361,600
Dec 12, 2025
34.65
36.03
34.08
35.67
28.57
353,600
Dec 11, 2025
34.80
34.81
33.94
34.60
27.71
106,800
Dec 10, 2025
34.48
35.45
34.28
34.98
28.01
198,100
Dec 9, 2025
33.71
35.07
33.60
34.43
27.57
183,700
Dec 8, 2025
0.46 Dividend 

Dec 8, 2025
34.60
34.80
33.54
33.84
27.10
236,400
Dec 5, 2025
35.66
36.19
35.50
35.84
28.33
247,300
Dec 4, 2025
35.37
35.84
34.95
35.81
28.31
164,800
Dec 3, 2025
33.77
35.16
33.77
35.12
27.76
241,300
Dec 2, 2025
33.68
34.10
32.75
33.45
26.44
220,600
Dec 1, 2025
0.352 Dividend 

Dec 1, 2025
33.11
33.72
33.01
33.55
26.52
222,300
Nov 28, 2025
33.64
34.12
33.55
33.90
26.53
189,200
Nov 26, 2025
33.37
33.62
32.63
33.61
26.29
262,100
Nov 25, 2025
32.46
32.97
31.65
32.91
25.75
251,000
Nov 24, 2025
0.317 Dividend 

Nov 24, 2025
31.32
33.09
31.21
32.73
25.61
365,800
Nov 21, 2025
31.52
31.68
29.91
30.50
23.61
808,400
Nov 20, 2025
32.86
34.18
30.94
30.99
23.99
541,600
Nov 19, 2025
31.99
32.53
31.27
31.84
24.65
219,500
Nov 18, 2025
31.99
32.24
30.82
31.57
24.44
360,000
Nov 17, 2025
0.372 Dividend 

Nov 17, 2025
31.32
33.69
31.31
32.25
24.97
613,700
Nov 14, 2025
30.36
32.96
30.15
32.15
24.60
740,000
Nov 13, 2025
34.02
34.13
31.50
31.97
24.47
406,500
Nov 12, 2025
35.95
35.95
34.39
34.79
26.63
252,000
Nov 11, 2025
35.70
35.93
35.00
35.64
27.27
157,700
Nov 10, 2025
0.569 Dividend 

Nov 10, 2025
35.74
36.65
35.10
36.19
27.69
346,100
Nov 7, 2025
36.11
36.11
34.53
35.33
26.60
492,400
Nov 6, 2025
38.61
39.02
35.89
36.99
27.85
317,600
Nov 5, 2025
37.60
38.98
36.49
38.57
29.04
228,500
Nov 4, 2025
37.90
38.33
36.74
36.79
27.70
283,700
Nov 3, 2025
0.435 Dividend 

Nov 3, 2025
38.00
39.69
37.74
39.14
29.47
472,100
Oct 31, 2025
37.52
38.59
37.22
38.43
28.61
445,200
Oct 30, 2025
37.99
38.36
36.80
36.86
27.44
274,100
Oct 29, 2025
39.12
39.33
38.12
39.00
29.03
321,400
Oct 28, 2025
38.19
39.50
37.94
38.93
28.98
436,100
Oct 27, 2025
0.831 Dividend 

Oct 27, 2025
36.86
38.83
36.75
38.08
28.35
410,300
Oct 24, 2025
38.43
38.83
36.70
37.02
26.94
666,600
Oct 23, 2025
35.73
38.68
35.02
38.59
28.08
370,400
Oct 22, 2025
38.07
38.20
36.56
37.56
27.33
288,700
Oct 21, 2025
38.33
38.64
37.97
37.99
27.65
178,700
Oct 20, 2025
0.614 Dividend 

Oct 20, 2025
38.30
38.71
37.82
38.48
28.00
409,200
Oct 17, 2025
36.69
38.46
36.68
38.26
27.40
514,700
Oct 16, 2025
37.79
38.25
36.41
37.13
26.59
315,400
Oct 15, 2025
37.71
38.42
36.93
37.77
27.04
263,200
Oct 14, 2025
0.703 Dividend 

Oct 14, 2025
36.98
37.77
36.10
37.30
26.71
181,600
Oct 13, 2025
37.22
38.72
37.00
38.68
27.19
347,100
Oct 10, 2025
38.89
39.51
36.16
36.38
25.58
463,900
Oct 9, 2025
38.40
38.79
37.75
38.67
27.19
333,100
Oct 8, 2025
38.94
39.34
37.55
39.09
27.48
260,200
Oct 7, 2025
39.98
40.50
38.35
38.40
27.00
393,000
Oct 6, 2025
0.909 Dividend 

Oct 6, 2025
39.06
40.66
38.83
40.62
28.55
479,500
Oct 3, 2025
40.54
40.88
37.60
39.07
26.83
800,300
Oct 2, 2025
43.59
43.59
39.66
39.73
27.28
483,200
Oct 1, 2025
40.54
42.60
40.36
42.30
29.05
243,800
Sep 30, 2025
40.30
40.72
39.45
40.70
27.95
278,600
Sep 29, 2025
0.872 Dividend 

Sep 29, 2025
40.69
41.35
40.13
40.53
27.83
254,200
Sep 26, 2025
39.80
41.25
38.95
41.05
27.59
409,900
Sep 25, 2025
40.53
40.53
38.65
39.26
26.39
403,800
Sep 24, 2025
39.92
41.52
39.88
41.39
27.82
342,100
Sep 23, 2025
40.87
41.15
39.30
39.53
26.57
150,500
Sep 22, 2025
0.535 Dividend 

Sep 22, 2025
40.13
41.62
39.90
40.43
27.17
483,900
Sep 19, 2025
39.71
40.43
39.52
40.01
26.53
502,000
Sep 18, 2025
40.34
40.67
39.01
39.07
25.91
419,600
Sep 17, 2025
38.93
40.28
38.22
40.00
26.52
285,800
Sep 16, 2025
38.61
39.71
38.39
39.55
26.22
285,100
Sep 15, 2025
0.423 Dividend 

Sep 15, 2025
39.68
40.00
37.50
38.32
25.41
501,700
Sep 12, 2025
34.40
37.19
34.31
37.11
24.33
574,200
Sep 11, 2025
32.10
34.14
31.88
34.10
22.35
396,200
Sep 10, 2025
32.06
32.75
31.65
31.86
20.89
210,800
Sep 9, 2025
31.87
32.16
31.48
31.80
20.85
234,600
Sep 8, 2025
0.34 Dividend 

Sep 8, 2025
32.57
33.01
31.54
31.76
20.82
249,800
Sep 5, 2025
32.20
33.04
31.85
32.57
21.13
440,100
Sep 4, 2025
30.95
31.23
30.45
31.18
20.23
184,200
Sep 3, 2025
30.87
31.67
30.15
30.72
19.93
319,900
Sep 2, 2025
1.278 Dividend 

Sep 2, 2025
30.15
30.63
29.82
30.22
19.60
341,500
Aug 29, 2025
33.51
33.90
31.76
32.03
19.95
1,003,300
Aug 28, 2025
33.98
34.15
32.74
33.36
20.78
138,300
Aug 27, 2025
34.03
34.39
33.73
33.81
21.06
99,900
Aug 26, 2025
33.26
34.08
33.12
34.03
21.19
138,300
Aug 25, 2025
0.382 Dividend 

Aug 25, 2025
32.63
33.80
32.16
33.48
20.85
242,900
Aug 22, 2025
30.97
33.23
30.73
33.05
20.35
238,600
Aug 21, 2025
30.98
31.31
30.67
30.81
18.97
99,500
Aug 20, 2025
31.85
32.01
30.19
31.25
19.24
178,800
Aug 19, 2025
32.57
33.14
31.71
31.89
19.63
220,100
Aug 18, 2025
0.852 Dividend 

Aug 18, 2025
31.87
32.65
31.87
32.55
20.04
125,200
Aug 15, 2025
33.60
33.84
32.48
32.98
19.78
150,000
Aug 14, 2025
33.51
33.91
32.87
33.47
20.07
165,600
Aug 13, 2025
34.20
35.06
33.83
33.92
20.34
131,900
Aug 12, 2025
34.65
34.65
33.19
34.10
20.45
102,200
Aug 11, 2025
0.588 Dividend 

Aug 11, 2025
33.48
34.79
33.36
33.94
20.35
184,100
Aug 8, 2025
32.42
33.99
32.42
33.36
19.65
217,700
Aug 7, 2025
32.21
32.53
31.80
32.53
19.16
110,100
Aug 6, 2025
30.80
32.24
30.74
32.24
18.99
89,800
Aug 5, 2025
30.82
31.28
30.51
30.92
18.22
70,900
Aug 4, 2025
0.301 Dividend 

Aug 4, 2025
30.96
31.27
30.25
31.02
18.27
97,500
Aug 1, 2025
30.80
31.24
29.94
30.51
17.80
112,600
Jul 31, 2025
32.62
32.69
30.92
31.20
18.20
124,900
Jul 30, 2025
32.83
33.09
31.61
32.47
18.94
110,700
Jul 29, 2025
33.30
33.31
32.41
32.79
19.13
134,300
Jul 28, 2025
0.463 Dividend 

Jul 28, 2025
32.41
33.87
32.09
33.31
19.43
150,500
Jul 25, 2025
31.68
33.52
31.65
32.51
18.69
195,300
Jul 24, 2025
31.90
31.90
30.80
31.24
17.96
345,400
Jul 23, 2025
34.49
35.08
34.31
34.71
19.96
89,500
Jul 22, 2025
34.35
34.99
33.31
34.67
19.94
127,800
Jul 21, 2025
0.389 Dividend 

Jul 21, 2025
34.92
35.02
34.00
34.26
19.70
88,800
Jul 18, 2025
33.76
34.80
33.70
34.71
19.73
82,400
Jul 17, 2025
33.91
34.02
33.17
33.45
19.02
95,500
Jul 16, 2025
32.62
33.92
32.62
33.74
19.18
80,500
Jul 15, 2025
33.49
33.51
32.36
32.38
18.41
101,300
Jul 14, 2025
0.383 Dividend 

Jul 14, 2025
33.19
33.85
32.65
33.16
18.85
105,900
Jul 11, 2025
32.30
33.16
32.17
33.11
18.61
119,300
Jul 10, 2025
31.42
32.70
31.42
32.66
18.35
155,400
Jul 9, 2025
31.09
31.33
30.60
30.91
17.37
92,000
Jul 8, 2025
30.95
31.86
30.74
31.14
17.50
103,300
Jul 7, 2025
0.469 Dividend 

Jul 7, 2025
30.25
30.88
30.01
30.59
17.19
223,500
Jul 3, 2025
34.16
34.17
33.49
33.82
18.74
61,600
Jul 2, 2025
33.45
33.96
32.41
33.85
18.76
98,100
Jul 1, 2025
31.69
32.57
31.00
31.99
17.73
141,000
Jun 30, 2025
0.487 Dividend 

Jun 30, 2025
34.46
35.17
34.03
34.12
18.91
124,600
Jun 27, 2025
35.54
36.13
34.68
35.37
19.33
125,000
Jun 26, 2025
35.57
36.35
35.47
35.69
19.51
80,500
Jun 25, 2025
37.99
37.99
35.09
35.98
19.66
114,200
Jun 24, 2025
39.65
39.65
37.63
37.63
20.57
76,900
Jun 23, 2025
0.56 Dividend 

Jun 23, 2025
35.93
39.77
35.93
38.74
21.17
86,900
Jun 20, 2025
36.61
37.01
35.26
35.79
19.26
111,300
Jun 18, 2025
35.18
36.65
35.00
35.75
19.23
22,600
Jun 17, 2025
36.38
36.38
34.88
35.09
18.88
53,100
Jun 16, 2025
0.168 Dividend 

Jun 16, 2025
37.12
37.13
36.42
36.75
19.77
36,700
Jun 13, 2025
34.81
37.44
34.81
36.45
19.52
78,400
Jun 12, 2025
36.05
37.30
35.40
35.71
19.12
56,900
Jun 11, 2025
37.71
37.71
36.13
36.61
19.61
58,600
Jun 10, 2025
35.15
36.60
34.51
36.57
19.58
71,200
Jun 9, 2025
0.531 Dividend 

Jun 9, 2025
31.31
34.42
30.81
34.26
18.35
81,900
Jun 6, 2025
33.56
34.31
32.56
33.09
17.44
92,200
Jun 5, 2025
36.80
36.98
30.38
31.56
16.63
159,200
Jun 4, 2025
39.95
39.95
37.50
38.14
20.10
56,300
Jun 3, 2025
40.12
41.24
39.68
39.82
20.98
31,300
Jun 2, 2025
0.445 Dividend 

Jun 2, 2025
39.00
40.50
38.43
39.44
20.78
38,700
May 30, 2025
41.76
42.85
40.48
40.57
21.14
66,700
May 29, 2025
43.18
43.33
42.00
42.33
22.06
16,800
May 28, 2025
43.16
43.16
42.00
42.04
21.91
21,400
May 27, 2025
0.651 Dividend 

May 27, 2025
40.70
43.00
40.70
42.79
22.30
48,900
