Date
Open
High
Low
Close 

Adj Close 

Volume
Jun 5, 2026
29.45
29.67
27.38
27.51
27.51
1,170,500
Jun 4, 2026
0.351 Dividend 

Jun 4, 2026
29.39
29.77
29.20
29.29
29.29
502,800
Jun 3, 2026
29.62
30.52
29.46
29.95
29.60
569,100
Jun 2, 2026
29.56
29.95
29.27
29.92
29.57
471,200
Jun 1, 2026
30.20
30.36
29.37
29.37
29.03
738,900
May 29, 2026
30.86
30.89
30.16
30.63
30.27
654,600
May 28, 2026
0.388 Dividend 

May 28, 2026
30.66
30.98
30.65
30.89
30.53
451,100
May 27, 2026
31.25
31.49
31.00
31.21
30.46
579,400
May 26, 2026
30.64
30.98
30.51
30.90
30.16
502,600
May 22, 2026
30.21
30.76
30.12
30.50
29.77
659,000
May 21, 2026
0.286 Dividend 

May 21, 2026
30.08
30.41
29.60
29.93
29.21
345,200
May 20, 2026
29.55
30.17
29.44
30.17
29.17
610,000
May 19, 2026
29.18
29.33
28.53
29.28
28.31
1,460,000
May 18, 2026
30.15
30.29
29.30
29.62
28.63
781,500
May 15, 2026
31.15
31.15
30.36
30.36
29.35
514,800
May 14, 2026
0.517 Dividend 

May 14, 2026
31.85
32.12
31.53
31.69
30.64
585,700
May 13, 2026
31.67
32.73
31.44
32.25
30.68
1,000,700
May 12, 2026
32.00
32.43
31.00
31.62
30.08
713,300
May 11, 2026
31.03
32.55
30.68
32.29
30.72
1,401,000
May 8, 2026
30.63
31.52
30.63
31.34
29.81
975,200
May 7, 2026
0.338 Dividend 

May 7, 2026
30.21
30.65
29.98
30.42
28.94
1,430,000
May 6, 2026
29.50
30.35
29.36
30.22
28.43
871,700
May 5, 2026
29.98
30.36
29.64
29.67
27.91
798,900
May 4, 2026
29.62
29.92
29.34
29.81
28.04
717,700
May 1, 2026
29.36
30.02
29.25
29.70
27.94
1,841,900
Apr 30, 2026
0.3 Dividend 

Apr 30, 2026
28.77
29.45
28.45
29.33
27.59
596,500
Apr 29, 2026
29.17
29.19
28.83
29.02
27.01
654,900
Apr 28, 2026
29.01
29.48
28.93
29.20
27.18
750,700
Apr 27, 2026
28.91
29.39
28.34
29.28
27.26
877,300
Apr 24, 2026
29.01
29.49
28.74
29.13
27.12
451,800
Apr 23, 2026
0.296 Dividend 

Apr 23, 2026
29.06
29.70
28.52
28.94
26.94
695,700
Apr 22, 2026
30.02
30.38
29.97
30.07
27.72
426,700
Apr 21, 2026
30.39
30.44
29.89
29.94
27.60
437,600
Apr 20, 2026
30.95
31.15
30.11
30.36
27.98
376,800
Apr 17, 2026
30.55
31.40
30.25
30.84
28.43
956,400
Apr 16, 2026
0.267 Dividend 

Apr 16, 2026
30.40
30.40
29.61
30.03
27.68
380,300
Apr 15, 2026
28.94
30.75
28.78
30.56
27.92
859,400
Apr 14, 2026
28.50
29.00
28.36
28.84
26.35
678,000
Apr 13, 2026
28.03
28.42
27.99
28.20
25.77
860,800
Apr 10, 2026
27.80
28.05
27.62
28.00
25.58
478,600
Apr 9, 2026
0.258 Dividend 

Apr 9, 2026
27.57
27.99
27.16
27.76
25.36
977,400
Apr 8, 2026
29.27
29.36
27.58
27.87
25.23
663,300
Apr 7, 2026
28.15
28.20
27.35
28.09
25.43
1,212,500
Apr 6, 2026
29.25
29.55
28.09
28.53
25.83
932,600
Apr 2, 2026
0.259 Dividend 

Apr 2, 2026
29.24
29.70
28.95
29.01
26.26
759,200
Apr 1, 2026
30.35
30.58
30.12
30.51
27.38
623,600
Mar 31, 2026
29.21
30.06
29.21
29.99
26.92
700,900
Mar 30, 2026
29.48
29.59
28.54
28.76
25.81
874,200
Mar 27, 2026
29.80
29.80
29.02
29.20
26.21
728,900
Mar 26, 2026
0.263 Dividend 

Mar 26, 2026
30.52
30.70
29.88
29.88
26.82
565,800
Mar 25, 2026
31.20
31.50
30.98
31.04
27.62
502,800
Mar 24, 2026
30.33
31.04
30.33
30.81
27.42
568,700
Mar 23, 2026
30.09
30.90
30.08
30.63
27.26
1,082,000
Mar 20, 2026
30.55
30.55
29.47
29.74
26.47
805,200
Mar 19, 2026
0.274 Dividend 

Mar 19, 2026
31.05
31.05
30.44
30.50
27.14
662,000
Mar 18, 2026
32.08
32.28
31.71
31.74
28.00
489,100
Mar 17, 2026
31.79
32.12
31.67
32.09
28.31
373,600
Mar 16, 2026
31.80
32.28
31.75
31.80
28.06
459,900
Mar 13, 2026
32.03
32.05
31.36
31.45
27.75
678,200
Mar 12, 2026
0.285 Dividend 

Mar 12, 2026
32.29
32.32
31.62
31.67
27.94
449,800
Mar 11, 2026
32.30
33.10
32.30
32.70
28.60
657,900
Mar 10, 2026
32.26
32.56
32.06
32.13
28.10
458,600
Mar 9, 2026
31.43
32.24
30.84
32.09
28.06
685,100
Mar 6, 2026
31.97
32.26
31.67
31.86
27.86
538,300
Mar 5, 2026
0.296 Dividend 

Mar 5, 2026
32.13
32.59
32.03
32.45
28.38
573,100
Mar 4, 2026
32.13
32.83
31.92
32.69
28.33
754,300
Mar 3, 2026
31.84
31.96
31.17
31.74
27.51
671,400
Mar 2, 2026
31.52
32.51
31.38
32.48
28.15
1,231,000
Feb 27, 2026
32.38
32.70
32.06
32.35
28.04
1,276,700
Feb 26, 2026
0.315 Dividend 

Feb 26, 2026
33.20
33.30
32.46
32.81
28.43
532,100
Feb 25, 2026
33.31
33.75
33.31
33.68
28.92
713,800
Feb 24, 2026
32.36
33.18
32.25
33.10
28.42
949,000
Feb 23, 2026
32.90
32.91
31.97
32.37
27.79
1,130,300
Feb 20, 2026
32.91
33.32
32.72
33.16
28.47
630,900
Feb 19, 2026
0.321 Dividend 

Feb 19, 2026
32.83
33.37
32.58
33.15
28.46
633,400
Feb 18, 2026
33.33
33.78
33.25
33.40
28.40
885,400
Feb 17, 2026
33.35
33.47
32.55
33.31
28.32
909,200
Feb 13, 2026
33.45
34.11
33.26
33.73
28.68
887,500
Feb 12, 2026
0.331 Dividend 

Feb 12, 2026
34.35
34.55
33.45
33.56
28.54
1,213,000
Feb 11, 2026
34.50
34.94
34.17
34.55
29.10
1,378,700
Feb 10, 2026
34.10
34.50
34.04
34.39
28.96
869,000
Feb 9, 2026
33.58
34.22
33.43
34.02
28.65
971,100
Feb 6, 2026
32.84
33.82
32.65
33.62
28.31
837,800
Feb 5, 2026
0.33 Dividend 

Feb 5, 2026
32.56
32.96
31.83
32.61
27.46
1,229,600
Feb 4, 2026
34.74
34.95
33.10
33.67
28.08
810,900
Feb 3, 2026
34.98
35.23
34.21
34.83
29.04
608,700
Feb 2, 2026
34.65
35.13
34.23
34.81
29.03
627,100
Jan 30, 2026
34.88
35.90
34.68
35.27
29.41
1,127,300
Jan 29, 2026
0.324 Dividend 

Jan 29, 2026
35.75
35.93
34.05
34.18
28.50
1,247,600
Jan 28, 2026
35.58
35.97
35.44
35.52
29.35
821,400
Jan 27, 2026
35.92
35.92
35.46
35.55
29.37
854,800
Jan 26, 2026
36.41
36.41
35.69
35.77
29.56
669,700
Jan 23, 2026
36.50
36.79
36.35
36.68
30.31
782,000
Jan 22, 2026
0.287 Dividend 

Jan 22, 2026
35.73
36.62
35.57
36.61
30.25
796,300
Jan 21, 2026
35.00
36.18
34.82
35.77
29.32
1,028,200
Jan 20, 2026
35.54
35.62
34.66
34.81
28.53
1,179,100
Jan 16, 2026
36.11
36.60
35.85
36.06
29.56
635,000
Jan 15, 2026
0.35 Dividend 

Jan 15, 2026
36.18
36.40
35.99
36.05
29.55
542,400
Jan 14, 2026
36.53
36.58
36.01
36.34
29.50
537,300
Jan 13, 2026
36.90
36.97
36.56
36.74
29.82
549,900
Jan 12, 2026
36.31
37.10
36.13
36.80
29.87
803,500
Jan 9, 2026
36.00
36.78
35.62
36.61
29.72
1,029,700
Jan 8, 2026
0.318 Dividend 

Jan 8, 2026
35.37
36.04
35.09
35.97
29.20
749,200
Jan 7, 2026
36.24
36.45
35.92
35.92
28.90
674,500
Jan 6, 2026
37.03
37.10
35.70
36.04
29.00
1,288,900
Jan 5, 2026
37.08
37.75
36.88
37.38
30.07
814,100
Jan 2, 2026
0.366 Dividend 

Jan 2, 2026
37.83
37.86
36.13
36.36
29.25
1,620,200
Dec 31, 2025
38.02
38.05
37.53
37.54
29.91
727,500
Dec 30, 2025
38.42
38.56
37.85
37.91
30.20
951,600
Dec 29, 2025
38.96
38.99
38.26
38.28
30.50
1,434,400
Dec 26, 2025
0.629 Dividend 

Dec 26, 2025
40.10
40.32
39.27
39.38
31.37
880,400
Dec 24, 2025
40.85
41.00
40.06
40.71
31.93
612,500
Dec 23, 2025
40.83
41.00
40.48
40.69
31.92
918,200
Dec 22, 2025
40.75
41.35
40.53
40.78
31.99
1,560,300
Dec 19, 2025
40.66
40.75
39.72
40.16
31.50
1,118,200
Dec 18, 2025
0.42 Dividend 

Dec 18, 2025
39.89
40.76
39.62
40.29
31.60
655,500
Dec 17, 2025
41.05
41.46
39.57
39.65
30.77
1,364,400
Dec 16, 2025
40.07
41.23
39.71
41.15
31.94
805,800
Dec 15, 2025
39.90
40.69
39.80
40.24
31.23
1,390,400
Dec 12, 2025
38.45
39.60
38.06
39.29
30.49
1,136,700
Dec 11, 2025
0.424 Dividend 

Dec 11, 2025
38.59
38.59
37.89
38.44
29.83
1,033,400
Dec 10, 2025
38.69
39.52
38.53
39.14
30.05
944,500
Dec 9, 2025
37.99
39.14
37.89
38.65
29.67
579,900
Dec 8, 2025
38.71
38.83
37.79
38.13
29.27
1,692,700
Dec 5, 2025
39.09
39.42
39.06
39.22
30.11
4,199,500
Dec 4, 2025
0.935 Dividend 

Dec 4, 2025
38.87
39.16
38.64
39.16
30.06
2,274,100
Dec 3, 2025
38.85
39.68
38.79
39.63
29.71
9,662,300
Dec 2, 2025
38.71
39.08
38.15
38.67
28.99
8,864,500
Dec 1, 2025
1:5 Stock Splits 

Dec 1, 2025
38.26
38.84
38.26
38.68
28.99
1,964,200
Nov 28, 2025
0.48 Dividend 

Nov 28, 2025
38.30
38.80
38.26
38.55
28.90
2,785,800
Nov 26, 2025
38.55
38.83
38.20
38.80
28.72
4,235,740
Nov 25, 2025
38.05
38.45
37.53
38.30
28.35
5,049,160
Nov 24, 2025
37.00
38.45
37.00
38.25
28.32
4,995,680
Nov 21, 2025
37.10
37.20
35.55
36.25
26.84
8,321,680
Nov 20, 2025
0.445 Dividend 

Nov 20, 2025
38.05
38.90
36.50
36.55
27.06
11,257,820
Nov 19, 2025
37.90
38.35
37.35
37.85
27.69
5,376,600
Nov 18, 2025
37.85
38.05
36.90
37.50
27.43
6,032,340
Nov 17, 2025
37.15
39.03
37.15
38.00
27.80
6,096,560
Nov 14, 2025
36.10
38.30
35.80
37.65
27.54
6,375,280
Nov 13, 2025
0.48 Dividend 

Nov 13, 2025
39.50
39.50
36.95
37.45
27.40
8,528,620
Nov 12, 2025
41.15
41.20
40.05
40.45
29.24
7,479,560
Nov 11, 2025
40.90
41.10
40.45
41.00
29.64
5,513,940
Nov 10, 2025
40.90
41.45
40.40
41.25
29.82
7,641,560
Nov 7, 2025
40.80
40.80
39.30
39.95
28.88
16,475,460
Nov 6, 2025
0.735 Dividend 

Nov 6, 2025
42.35
42.60
40.35
41.20
29.78
11,924,120
Nov 5, 2025
42.30
43.30
41.50
43.00
30.55
10,340,440
Nov 4, 2025
42.50
42.90
41.70
41.75
29.67
9,071,080
Nov 3, 2025
42.50
43.78
42.45
43.35
30.80
7,970,820
Oct 31, 2025
41.85
42.60
41.65
42.55
30.23
7,333,520
Oct 30, 2025
0.565 Dividend 

Oct 30, 2025
41.85
42.25
41.15
41.20
29.27
6,257,160
Oct 29, 2025
43.25
43.42
42.60
43.20
30.29
7,390,620
Oct 28, 2025
42.80
43.53
42.55
43.10
30.22
9,204,920
Oct 27, 2025
41.85
43.10
41.70
42.60
29.87
9,825,400
Oct 24, 2025
42.20
42.35
41.00
41.30
28.96
7,148,400
Oct 23, 2025
0.825 Dividend 

Oct 23, 2025
39.95
42.20
39.35
42.20
29.59
10,681,080
Oct 22, 2025
42.30
42.45
41.18
42.00
28.87
7,314,440
Oct 21, 2025
42.30
42.70
42.15
42.25
29.05
5,460,160
Oct 20, 2025
42.25
42.75
42.05
42.55
29.25
8,414,120
Oct 17, 2025
40.75
42.08
40.65
41.90
28.81
9,426,080
Oct 16, 2025
0.97 Dividend 

Oct 16, 2025
41.55
41.85
40.35
41.05
28.22
9,310,900
Oct 15, 2025
42.40
42.75
41.65
42.45
28.52
11,272,700
Oct 14, 2025
41.70
42.25
40.90
41.90
28.15
9,611,420
Oct 13, 2025
41.30
42.40
41.05
42.35
28.45
9,810,260
Oct 10, 2025
42.40
42.83
40.20
40.35
27.11
6,235,480
Oct 9, 2025
41.95
42.30
41.40
42.25
28.38
9,806,840
Oct 8, 2025
42.25
42.63
41.25
42.45
28.52
6,513,760
Oct 7, 2025
43.00
43.33
41.80
41.90
28.15
7,144,340
Oct 6, 2025
42.45
43.40
42.20
43.35
29.12
5,126,300
Oct 3, 2025
43.10
43.35
40.53
41.70
28.01
7,567,160
Oct 2, 2025
4.01 Dividend 

Oct 2, 2025
45.10
45.10
42.30
42.30
28.42
6,970,040
Oct 1, 2025
47.15
48.45
46.90
48.25
29.72
5,034,900
Sep 30, 2025
46.95
47.20
46.25
47.15
29.04
3,698,180
Sep 29, 2025
47.15
47.58
46.75
47.00
28.95
3,665,900
Sep 26, 2025
45.80
46.73
45.10
46.70
28.76
5,868,060
Sep 25, 2025
46.10
46.10
44.85
45.30
27.90
4,029,520
Sep 24, 2025
45.65
46.65
45.60
46.55
28.67
2,908,920
Sep 23, 2025
46.40
46.40
45.17
45.35
27.93
4,452,080
Sep 22, 2025
45.60
46.70
45.50
45.90
28.27
5,098,320
Sep 19, 2025
44.80
45.45
44.70
45.25
27.87
4,673,700
Sep 18, 2025
45.15
45.50
44.20
44.20
27.22
5,425,300
Sep 17, 2025
44.00
45.08
43.40
44.85
27.63
5,650,960
Sep 16, 2025
43.75
44.60
43.55
44.50
27.41
5,615,260
Sep 15, 2025
44.50
44.70
42.75
43.40
26.73
7,484,640
Sep 12, 2025
40.30
42.15
40.30
42.10
25.93
7,014,680
Sep 11, 2025
38.75
40.15
38.53
40.15
24.73
4,390,280
Sep 10, 2025
38.75
39.25
38.38
38.50
23.71
3,239,740
Sep 9, 2025
38.55
38.72
38.10
38.40
23.65
2,217,160
Sep 8, 2025
38.90
39.25
38.15
38.30
23.59
2,983,760
Sep 5, 2025
38.63
38.90
38.30
38.65
23.81
6,986,960
Sep 4, 2025
1.965 Dividend 

Sep 4, 2025
37.65
37.90
37.15
37.85
23.31
3,807,920
Sep 3, 2025
39.50
40.20
38.72
39.40
23.06
5,524,360
Sep 2, 2025
38.70
39.15
38.38
38.80
22.71
3,584,220
Aug 29, 2025
40.45
40.58
38.90
39.15
22.91
3,410,600
Aug 28, 2025
40.65
40.90
39.76
40.35
23.61
3,150,300
Aug 27, 2025
40.70
40.97
40.50
40.55
23.73
2,897,340
Aug 26, 2025
40.10
40.68
40.03
40.65
23.79
3,027,280
Aug 25, 2025
39.65
40.45
39.35
40.20
23.53
3,931,740
Aug 22, 2025
37.90
39.70
37.75
39.70
23.23
5,117,260
Aug 21, 2025
38.00
38.35
37.65
37.80
22.12
3,501,820
Aug 20, 2025
38.70
38.97
37.13
38.25
22.39
5,118,220
Aug 19, 2025
39.30
39.70
38.58
38.70
22.65
3,441,100
Aug 18, 2025
38.65
39.35
38.65
39.20
22.94
2,490,640
Aug 15, 2025
39.35
39.53
38.30
38.70
22.65
4,767,420
Aug 14, 2025
39.10
39.60
38.63
39.15
22.91
3,218,760
Aug 13, 2025
39.55
40.13
39.35
39.45
23.09
3,164,620
Aug 12, 2025
39.70
39.75
38.75
39.50
23.12
3,417,520
Aug 11, 2025
38.90
39.80
38.80
39.25
22.97
3,668,600
Aug 8, 2025
38.05
38.70
38.05
38.40
22.47
4,178,040
Aug 7, 2025
1.505 Dividend 

Aug 7, 2025
37.90
38.10
37.60
38.10
22.30
2,790,200
Aug 6, 2025
38.40
39.35
38.30
39.35
22.15
2,880,900
Aug 5, 2025
38.45
38.70
38.00
38.45
21.64
3,696,440
Aug 4, 2025
38.25
38.60
37.75
38.35
21.59
3,953,800
Aug 1, 2025
37.90
38.35
36.95
37.60
21.16
3,935,560
Jul 31, 2025
39.30
39.45
37.90
38.15
21.47
3,112,340
Jul 30, 2025
39.35
39.55
38.47
39.15
22.04
2,313,500
Jul 29, 2025
39.55
39.55
39.00
39.25
22.09
2,772,740
Jul 28, 2025
39.05
39.85
38.80
39.55
22.26
2,242,520
Jul 25, 2025
38.05
39.55
38.00
38.75
21.81
4,144,480
Jul 24, 2025
38.30
38.30
37.05
37.65
21.19
4,930,180
Jul 23, 2025
40.40
40.79
40.08
40.45
22.77
4,014,400
Jul 22, 2025
40.15
40.75
39.30
40.40
22.74
5,791,640
Jul 21, 2025
40.60
40.95
39.90
40.15
22.60
5,211,340
Jul 18, 2025
39.55
40.25
39.55
40.15
22.60
2,582,860
Jul 17, 2025
39.55
39.70
39.15
39.35
22.15
3,258,460
Jul 16, 2025
38.70
39.55
38.70
39.40
22.18
4,841,160
Jul 15, 2025
39.10
39.30
38.45
38.50
21.67
4,680,360
Jul 14, 2025
38.70
39.30
38.55
38.95
21.92
5,366,960
Jul 11, 2025
38.00
38.65
37.75
38.55
21.70
5,078,800
Jul 10, 2025
1.935 Dividend 

Jul 10, 2025
37.20
38.28
37.10
38.20
21.50
5,478,000
Jul 9, 2025
38.85
39.08
38.26
38.60
20.64
8,999,100
Jul 8, 2025
38.70
39.50
38.35
38.80
20.74
5,713,740
Jul 7, 2025
38.03
38.50
37.60
38.30
20.48
8,680,480
Jul 3, 2025
40.85
40.85
40.20
40.55
21.68
8,667,660
Jul 2, 2025
40.00
40.65
39.15
40.50
21.65
13,929,620
Jul 1, 2025
38.55
39.35
37.78
38.75
20.72
15,701,940
Jun 30, 2025
41.15
41.65
40.67
40.85
21.84
28,055,500
Jun 27, 2025
41.55
42.03
40.70
41.45
22.16
13,676,160
Jun 26, 2025
41.50
42.15
41.30
41.65
22.27
13,602,020
Jun 25, 2025
43.55
43.55
40.80
41.75
22.32
13,120,560
Jun 24, 2025
44.70
44.74
43.13
43.15
23.07
24,097,480
Jun 23, 2025
42.15
44.72
42.15
43.90
23.47
19,092,640
Jun 20, 2025
42.05
42.55
41.05
41.60
22.24
6,368,440
Jun 18, 2025
40.80
42.20
40.65
41.45
22.16
5,012,480
Jun 17, 2025
41.65
41.75
40.53
40.70
21.76
2,874,320
Jun 16, 2025
41.85
42.15
41.55
41.90
22.40
2,181,380
Jun 13, 2025
40.35
42.00
40.30
41.40
22.13
2,197,220
Jun 12, 2025
2.015 Dividend 

Jun 12, 2025
41.30
42.00
40.70
40.90
21.87
1,366,620
Jun 11, 2025
44.05
44.10
43.17
43.55
22.21
1,979,740
Jun 10, 2025
42.40
43.50
41.91
43.35
22.10
1,546,580
Jun 9, 2025
38.97
41.70
38.45
41.60
21.21
2,285,340
Jun 6, 2025
40.35
41.15
39.40
40.20
20.50
1,991,180
Jun 5, 2025
43.60
43.80
37.05
38.50
19.63
3,861,020
Jun 4, 2025
46.50
46.50
44.13
44.80
22.84
1,463,940
Jun 3, 2025
46.60
47.67
46.20
46.30
23.61
806,720
Jun 2, 2025
46.05
46.65
44.85
46.10
23.51
1,252,180
May 30, 2025
47.55
48.30
46.20
46.40
23.66
1,062,340
May 29, 2025
48.20
48.33
47.50
47.70
24.32
695,120
May 28, 2025
48.00
48.00
47.35
47.45
24.19
618,960
May 27, 2025
46.50
47.90
46.50
47.75
24.35
1,033,360
May 23, 2025
45.20
45.95
44.75
45.50
23.20
668,400
May 22, 2025
44.50
46.35
44.40
45.60
23.25
683,960
May 21, 2025
45.90
46.29
44.45
44.75
22.82
934,140
May 20, 2025
46.10
46.90
45.55
45.75
23.33
996,520
May 19, 2025
44.70
45.60
44.47
45.45
23.17
1,235,500
May 16, 2025
45.65
46.20
45.35
46.20
23.56
1,406,960
May 15, 2025
3.8 Dividend 

May 15, 2025
44.95
45.58
44.28
45.25
23.07
1,234,020
May 14, 2025
49.00
49.65
48.40
49.45
23.28
2,910,360
May 13, 2025
47.05
48.38
46.75
48.10
22.64
1,697,300
May 12, 2025
47.20
47.20
46.19
46.85
22.05
1,601,860
May 9, 2025
43.65
45.24
43.63
44.70
21.04
1,033,320
May 8, 2025
42.20
43.45
42.10
42.85
20.17
800,700
May 7, 2025
41.70
41.80
40.83
41.50
19.53
672,100
May 6, 2025
41.20
41.65
40.88
41.40
19.49
513,260
May 5, 2025
42.50
42.60
41.20
42.05
19.79
544,180
May 2, 2025
42.50
43.45
41.75
42.80
20.15
969,180
May 1, 2025
41.50
42.90
41.50
41.70
19.63
536,040
Apr 30, 2025
41.50
42.10
40.25
41.80
19.68
529,020
Apr 29, 2025
42.15
42.90
41.35
42.80
20.15
491,080
Apr 28, 2025
42.40
42.95
40.42
42.10
19.82
764,660
Apr 25, 2025
40.30
41.78
40.05
41.60
19.58
1,474,760
Apr 24, 2025
38.85
39.95
38.63
39.95
18.80
522,620
Apr 23, 2025
38.65
39.55
37.77
38.65
18.19
994,880
Apr 22, 2025
35.70
37.15
35.55
36.50
17.18
878,240
Apr 21, 2025
35.80
35.90
34.50
35.25
16.59
1,331,560
Apr 17, 2025
3.3 Dividend 

Apr 17, 2025
37.40
37.53
36.50
37.00
17.42
934,360
Apr 16, 2025
41.55
41.95
39.15
40.40
17.46
1,562,400
Apr 15, 2025
41.45
42.60
41.20
42.15
18.22
739,300
Apr 14, 2025
42.20
42.53
40.75
41.75
18.05
785,160
Apr 11, 2025
41.05
41.67
39.72
41.40
17.90
789,760
Apr 10, 2025
41.35
41.65
39.15
40.90
17.68
647,240
Apr 9, 2025
36.65
42.50
36.65
42.20
18.24
990,080
Apr 8, 2025
39.50
40.30
35.78
36.25
15.67
679,020
Apr 7, 2025
36.40
40.10
35.10
37.95
16.40
763,420
Apr 4, 2025
41.05
41.95
38.05
38.60
16.69
981,100
Apr 3, 2025
42.45
43.70
41.95
42.80
18.50
835,780
Apr 2, 2025
40.85
44.40
40.30
44.25
19.13
1,108,060
Apr 1, 2025
41.95
43.45
41.35
42.45
18.35
636,100
Mar 31, 2025
39.85
41.35
38.90
41.20
17.81
587,400
Mar 28, 2025
43.40
43.40
41.20
41.60
17.98
638,980
Mar 27, 2025
42.80
44.63
42.75
42.95
18.57
795,200
Mar 26, 2025
43.75
44.01
42.00
42.60
18.41
916,920
Mar 25, 2025
43.70
44.28
42.45
44.20
19.11
989,240
Mar 24, 2025
41.05
43.30
41.05
43.30
18.72
1,414,560
Mar 21, 2025
38.65
40.35
38.60
40.35
17.44
995,100
Mar 20, 2025
2.32 Dividend 

Mar 20, 2025
38.40
39.00
37.95
38.80
16.77
1,045,640
Mar 19, 2025
40.35
41.85
39.92
41.05
16.74
1,025,860
Mar 18, 2025
39.80
39.97
38.70
39.30
16.03
1,274,940
Mar 17, 2025
42.15
42.15
40.40
41.20
16.80
1,152,600
Mar 14, 2025
42.10
42.80
41.27
42.60
17.37
784,540
Mar 13, 2025
42.35
42.35
40.05
41.20
16.80
754,340
Mar 12, 2025
42.00
42.67
41.13
42.20
17.21
951,200
Mar 11, 2025
38.50
40.40
37.35
39.40
16.07
1,050,240
Mar 10, 2025
42.75
42.90
37.63
37.95
15.48
1,368,080
Mar 7, 2025
43.75
44.63
42.38
44.20
18.03
598,300
Mar 6, 2025
45.65
45.65
43.66
44.20
18.03
651,620
Mar 5, 2025
45.70
46.67
44.85
46.60
19.01
518,700
Mar 4, 2025
45.20
47.25
43.90
45.50
18.56
725,500
Mar 3, 2025
49.50
49.80
46.25
47.35
19.31
525,400
Feb 28, 2025
46.55
48.53
45.65
48.35
19.72
581,960
Feb 27, 2025
48.20
49.00
46.61
46.80
19.09
812,140
Feb 26, 2025
50.15
50.95
47.70
48.05
19.60
1,245,560
Feb 25, 2025
53.65
53.80
49.05
49.85
20.33
1,561,780
Feb 24, 2025
55.40
55.90
53.45
54.40
22.19
1,278,060
Feb 21, 2025
57.55
57.67
54.70
55.15
22.49
1,259,220
Feb 20, 2025
2.895 Dividend 

Feb 20, 2025
58.10
58.15
56.60
57.55
23.47
699,180
Feb 19, 2025
60.05
61.35
60.05
60.85
23.64
1,222,960
Feb 18, 2025
60.25
60.50
59.52
60.00
23.31
1,140,720
Feb 14, 2025
60.70
60.70
58.90
60.05
23.33
736,180
Feb 13, 2025
58.55
60.15
58.10
59.90
23.27
664,800
Feb 12, 2025
55.75
58.55
55.75
57.10
22.18
865,580
Feb 11, 2025
58.50
59.05
55.15
55.65
21.62
1,032,040
Feb 10, 2025
60.30
61.20
59.25
59.30
23.03
922,380
Feb 7, 2025
62.05
63.50
60.76
60.95
23.67
589,040
Feb 6, 2025
62.55
62.90
61.00
62.70
24.35
728,560
Feb 5, 2025
64.95
64.95
62.95
63.35
24.61
502,200
Feb 4, 2025
63.85
65.68
63.76
65.45
25.42
427,320
Feb 3, 2025
64.70
64.85
62.58
64.05
24.88
670,580
Jan 31, 2025
66.55
68.90
66.55
67.05
26.04
734,600
Jan 30, 2025
67.50
67.80
63.90
66.35
25.77
1,458,520
Jan 29, 2025
65.00
65.50
63.47
64.05
24.88
979,740
Jan 28, 2025
65.50
65.75
63.90
65.45
25.42
706,520
Jan 27, 2025
64.80
66.60
64.25
65.35
25.38
1,181,400
Jan 24, 2025
67.75
67.99
66.45
66.55
25.85
914,360
Jan 23, 2025
3.585 Dividend 

Jan 23, 2025
67.70
68.40
66.75
67.25
26.12
1,108,960
Jan 22, 2025
71.15
72.75
71.05
71.15
26.24
1,511,200
Jan 21, 2025
73.50
73.55
69.68
72.30
26.67
1,800,020
Jan 17, 2025
72.20
74.20
71.80
72.45
26.72
1,072,680
Jan 16, 2025
72.40
72.40
70.20
70.90
26.15
539,560
Jan 15, 2025
70.60
72.78
70.00
72.65
26.80
820,200
Jan 14, 2025
70.95
71.63
68.47
68.70
25.34
774,120
Jan 13, 2025
67.25
69.70
66.70
69.70
25.71
484,540
Jan 10, 2025
68.55
69.70
67.15
68.70
25.34
826,180
Jan 8, 2025
68.45
70.04
67.70
69.00
25.45
644,080
Jan 7, 2025
70.35
71.75
68.05
68.80
25.38
776,700
Jan 6, 2025
72.70
73.20
69.90
71.30
26.30
1,565,420
Jan 3, 2025
67.65
71.40
67.45
71.30
26.30
602,920
Jan 2, 2025
69.25
69.55
66.30
67.30
24.82
1,878,660
Dec 31, 2024
74.55
75.25
71.20
71.35
26.32
738,560
Dec 30, 2024
73.90
75.00
73.30
73.65
27.17
902,700
Dec 27, 2024
6.43 Dividend 

Dec 27, 2024
78.15
78.15
74.85
75.70
27.92
1,248,080
Dec 26, 2024
86.85
86.85
84.75
85.25
29.07
1,234,720
Dec 24, 2024
82.40
86.50
82.32
86.50
29.50
689,600
Dec 23, 2024
81.45
82.25
78.68
81.40
27.76
1,123,600
Dec 20, 2024
80.20
84.35
79.10
79.70
27.18
1,307,520
Dec 19, 2024
85.85
85.85
79.45
82.35
28.08
1,091,080
Dec 18, 2024
87.80
91.11
80.75
83.25
28.39
1,250,200
Dec 17, 2024
89.70
90.28
86.20
89.90
30.66
2,057,480
Dec 16, 2024
86.50
88.50
85.88
88.50
30.18
884,720
Dec 13, 2024
83.50
85.60
82.72
85.60
29.19
570,620
Dec 12, 2024
83.75
84.45
82.45
82.95
28.29
819,640
Dec 11, 2024
81.20
83.70
80.15
83.70
28.54
634,160
Dec 10, 2024
79.05
81.20
78.95
79.85
27.23
611,280
Dec 9, 2024
79.55
80.55
77.05
78.70
26.84
890,100
Dec 6, 2024
76.45
78.65
75.93
78.65
26.82
929,420
Dec 5, 2024
74.90
76.10
74.90
76.00
25.92
572,780
Dec 4, 2024
74.05
74.85
73.40
74.85
25.53
411,900
Dec 3, 2024
73.50
74.00
73.10
73.65
25.12
433,520
Dec 2, 2024
73.30
74.47
73.20
73.95
25.22
750,300
Nov 29, 2024
6.105 Dividend 

Nov 29, 2024
70.50
72.22
70.35
72.20
24.62
546,980
Nov 27, 2024
77.50
77.55
74.70
76.10
23.87
899,000
Nov 26, 2024
76.90
78.05
76.32
76.80
24.09
539,320
Nov 25, 2024
79.60
79.65
76.53
76.65
24.04
841,600
Nov 22, 2024
76.65
78.80
76.10
78.35
24.58
508,740
Nov 21, 2024
76.85
77.55
75.50
76.40
23.97
427,380
Nov 20, 2024
77.20
77.25
75.06
76.60
24.03
404,980
Nov 19, 2024
75.00
77.25
74.57
77.25
24.23
384,160
Nov 18, 2024
76.20
77.30
73.80
75.45
23.67
874,340
Nov 15, 2024
70.75
73.65
70.40
73.00
22.90
565,660
Nov 14, 2024
74.10
74.40
70.60
70.75
22.19
413,700
Nov 13, 2024
75.20
76.38
72.72
74.35
23.32
488,360
Nov 12, 2024
75.45
76.25
72.60
73.60
23.09
915,540
Nov 11, 2024
76.10
78.25
74.55
76.80
24.09
937,700
Nov 8, 2024
68.40
73.25
68.20
71.95
22.57
1,059,520
Nov 7, 2024
66.45
68.50
65.97
68.05
21.35
593,140
Nov 6, 2024
65.30
66.70
64.11
66.40
20.83
1,414,580
Nov 5, 2024
59.20
60.70
59.10
60.00
18.82
353,960
Nov 4, 2024
58.55
59.53
57.47
58.35
18.30
509,040
Nov 1, 2024
60.05
60.50
59.10
59.60
18.70
456,580
Oct 31, 2024
2.995 Dividend 

Oct 31, 2024
61.05
61.40
59.61
59.70
18.73
542,960
Oct 30, 2024
64.15
64.85
63.70
64.10
19.17
627,260
Oct 29, 2024
65.00
65.00
63.50
64.25
19.21
557,900
Oct 28, 2024
65.80
66.10
64.50
64.55
19.30
801,620
Oct 25, 2024
63.30
65.50
63.20
65.35
19.54
526,180
Oct 24, 2024
61.25
64.25
60.97
63.95
19.12
1,096,560
Oct 23, 2024
56.90
57.08
55.55
55.95
16.73
407,400
Oct 22, 2024
57.00
57.00
56.42
57.00
17.04
280,580
Oct 21, 2024
57.15
57.53
56.50
57.20
17.10
521,200
Oct 18, 2024
57.30
57.75
57.08
57.50
17.19
241,860
Oct 17, 2024
57.45
57.47
56.60
57.25
17.12
259,860
Oct 16, 2024
57.05
57.35
56.67
57.25
17.12
259,720
Oct 15, 2024
56.85
57.55
56.20
56.65
16.94
336,700
Oct 14, 2024
56.75
57.00
55.35
56.60
16.92
525,660
Oct 11, 2024
56.90
57.45
55.35
56.10
16.78
950,880
Oct 10, 2024
62.15
62.15
59.75
61.20
18.30
310,520
Oct 9, 2024
62.50
63.20
61.45
61.75
18.46
283,840
Oct 8, 2024
62.40
62.80
61.65
62.55
18.70
313,920
Oct 7, 2024
63.45
63.55
61.60
61.70
18.45
428,900
Oct 4, 2024
62.65
63.65
62.17
63.60
19.02
443,260
Oct 3, 2024
5.475 Dividend 

Oct 3, 2024
62.20
63.13
60.75
61.40
18.36
664,780
Oct 2, 2024
68.50
69.00
66.55
68.45
18.83
916,480
Oct 1, 2024
71.95
72.00
68.38
70.85
19.49
376,060
Sep 30, 2024
70.80
72.00
70.15
71.35
19.63
461,480
Sep 27, 2024
70.65
71.00
70.36
71.00
19.53
138,800
Sep 26, 2024
71.45
71.55
69.90
70.25
19.33
183,040
Sep 25, 2024
70.00
70.78
70.00
70.75
19.46
108,620
Sep 24, 2024
70.10
70.90
69.25
70.25
19.33
209,540
Sep 23, 2024
67.80
69.35
67.65
69.30
19.06
216,580
Sep 20, 2024
67.55
67.85
66.03
66.55
18.31
131,860
Sep 19, 2024
67.25
67.95
66.97
67.80
18.65
225,100
Sep 18, 2024
66.50
67.22
65.85
66.15
18.20
163,100
Sep 17, 2024
66.05
66.80
65.75
65.90
18.13
138,360
Sep 16, 2024
65.90
66.05
64.90
65.50
18.02
164,520
Sep 13, 2024
65.35
65.97
65.25
65.70
18.07
154,380
Sep 12, 2024
64.80
65.60
64.40
65.50
18.02
217,080
Sep 11, 2024
64.45
65.10
62.85
64.95
17.87
173,560
Sep 10, 2024
63.65
64.65
63.20
64.55
17.76
355,200
Sep 9, 2024
62.30
63.55
61.80
62.55
17.21
375,180
Sep 6, 2024
4.095 Dividend 

Sep 6, 2024
66.95
66.95
60.85
60.85
16.74
422,200
Sep 5, 2024
70.35
70.45
69.88
70.20
18.19
392,420
Sep 4, 2024
68.10
69.95
68.10
69.80
18.08
256,980
Sep 3, 2024
69.05
69.60
67.90
68.25
17.68
216,200
Aug 30, 2024
67.60
68.75
67.07
68.70
17.80
107,080
Aug 29, 2024
67.40
68.43
66.80
66.80
17.30
141,540
Aug 28, 2024
67.90
68.41
65.75
66.50
17.23
137,160
Aug 27, 2024
68.75
69.31
67.00
67.60
17.51
149,180
Aug 26, 2024
70.10
70.10
68.15
68.70
17.80
189,500
Aug 23, 2024
68.85
70.25
68.70
70.10
18.16
153,020
Aug 22, 2024
71.20
71.26
67.63
67.65
17.53
171,640
Aug 21, 2024
70.60
71.04
69.85
71.00
18.39
115,780
Aug 20, 2024
71.00
71.39
69.80
70.10
18.16
147,400
Aug 19, 2024
69.15
70.45
68.18
70.45
18.25
202,840
Aug 16, 2024
68.50
68.89
68.45
68.65
17.78
167,960
Aug 15, 2024
67.45
68.75
67.45
68.60
17.77
145,480
Aug 14, 2024
67.80
67.85
65.75
66.50
17.23
168,500
Aug 13, 2024
65.25
67.70
65.05
67.70
17.54
185,900
Aug 12, 2024
65.65
65.65
64.20
64.95
16.83
191,020
Aug 9, 2024
64.80
65.70
64.15
65.60
16.99
247,900
Aug 8, 2024
63.95
65.39
62.51
65.05
16.85
319,080
Aug 7, 2024
4.83 Dividend 

Aug 7, 2024
65.65
66.43
62.25
62.25
16.13
325,240
Aug 6, 2024
70.85
71.00
68.07
70.50
17.01
295,520
Aug 5, 2024
65.25
70.95
64.50
69.45
16.76
312,460
Aug 2, 2024
74.40
74.85
71.50
71.85
17.34
296,280
Aug 1, 2024
78.50
79.50
74.30
75.20
18.15
208,880
Jul 31, 2024
78.05
79.61
78.01
79.25
19.12
131,800
Jul 30, 2024
79.10
79.10
75.93
76.50
18.46
133,780
Jul 29, 2024
76.75
79.10
76.75
78.70
18.99
166,240
Jul 26, 2024
76.05
76.25
74.22
75.55
18.23
152,440
Jul 25, 2024
74.30
77.15
74.25
75.50
18.22
226,360
Jul 24, 2024
76.75
77.19
73.58
73.75
17.80
546,240
Jul 23, 2024
84.00
84.65
82.15
82.40
19.88
208,540
Jul 22, 2024
81.95
84.00
81.90
83.50
20.15
197,740
Jul 19, 2024
83.35
83.45
79.75
80.50
19.43
375,000
Jul 18, 2024
84.50
86.10
83.05
83.55
20.16
146,300
Jul 17, 2024
84.65
86.25
82.65
83.20
20.08
188,480
Jul 16, 2024
85.20
85.95
82.38
85.55
20.64
196,740
Jul 15, 2024
85.40
87.25
84.15
84.20
20.32
229,920
Jul 12, 2024
79.20
83.80
78.25
82.75
19.97
249,880
Jul 11, 2024
86.60
87.90
80.30
80.50
19.43
438,660
Jul 10, 2024
86.40
87.13
85.05
86.35
20.84
296,100
Jul 9, 2024
85.30
86.25
85.15
85.85
20.72
304,940
Jul 8, 2024
84.60
85.75
84.10
85.25
20.57
420,200
Jul 5, 2024
5.02 Dividend 

Jul 5, 2024
84.55
84.95
82.85
84.70
20.44
287,720
Jul 3, 2024
86.75
88.75
86.30
88.60
20.17
368,220
Jul 2, 2024
85.00
85.55
84.57
85.55
19.47
333,100
Jul 1, 2024
81.95
83.90
81.75
83.60
19.03
208,720
Jun 28, 2024
81.40
82.15
80.10
80.80
18.39
110,760
Jun 27, 2024
80.25
80.93
79.58
80.50
18.32
118,300
Jun 26, 2024
79.40
80.60
79.35
80.15
18.25
248,440
Jun 25, 2024
78.40
79.40
78.01
79.40
18.07
109,340
Jun 24, 2024
78.30
79.07
77.95
78.15
17.79
128,200
Jun 21, 2024
77.50
78.30
77.25
77.95
17.74
123,160
Jun 20, 2024
77.80
78.00
76.70
77.20
17.57
345,760
Jun 18, 2024
78.00
78.00
77.10
77.80
17.71
277,520
Jun 17, 2024
75.50
78.25
75.30
78.15
17.79
270,540
Jun 14, 2024
76.90
77.10
74.90
75.40
17.16
309,100
Jun 13, 2024
76.20
77.35
75.67
76.20
17.35
372,940
Jun 12, 2024
71.80
75.00
71.40
74.20
16.89
369,560
Jun 11, 2024
72.65
73.05
70.35
71.50
16.28
311,800
Jun 10, 2024
73.35
74.20
72.55
72.70
16.55
215,680
Jun 7, 2024
73.75
74.75
73.30
73.90
16.82
204,100
Jun 6, 2024
3.225 Dividend 

Jun 6, 2024
72.85
74.50
72.00
74.15
16.88
187,600
Jun 5, 2024
76.25
76.50
74.90
76.10
16.59
205,780
Jun 4, 2024
75.95
76.75
75.40
75.75
16.51
115,880
Jun 3, 2024
76.80
77.65
75.53
76.00
16.57
151,740
May 31, 2024
76.80
77.60
74.97
76.50
16.68
129,560
May 30, 2024
77.00
78.15
75.50
76.75
16.73
224,120
May 29, 2024
75.10
76.48
75.05
75.75
16.51
98,180
May 28, 2024
76.05
76.45
74.55
75.85
16.53
144,420
May 24, 2024
74.85
76.80
74.35
76.60
16.70
191,960
May 23, 2024
77.30
77.30
74.05
74.30
16.20
164,600
May 22, 2024
77.20
77.25
75.85
76.55
16.69
360,100
May 21, 2024
74.50
77.88
74.50
77.75
16.95
277,320
May 20, 2024
75.25
75.45
74.00
74.40
16.22
142,420
May 17, 2024
74.40
75.25
73.95
75.20
16.39
108,280
May 16, 2024
74.05
74.45
73.35
74.35
16.21
152,000
May 15, 2024
74.75
74.75
73.50
73.90
16.11
106,480
May 14, 2024
73.50
74.39
73.50
74.30
16.20
119,500
May 13, 2024
72.05
73.55
72.05
72.90
15.89
111,380
May 10, 2024
73.90
73.90
71.50
71.85
15.66
131,720
May 9, 2024
74.60
74.65
73.05
73.30
15.98
222,860
May 8, 2024
73.20
74.85
72.40
74.45
16.23
168,900
May 7, 2024
76.75
77.00
75.35
75.45
16.45
111,160
May 6, 2024
3.47 Dividend 

May 6, 2024
77.30
77.93
76.65
77.40
16.87
156,620
May 3, 2024
79.70
79.95
78.80
79.65
16.61
145,020
May 2, 2024
79.65
79.68
77.57
79.00
16.47
124,460
May 1, 2024
78.90
79.85
78.33
78.75
16.42
113,400
Apr 30, 2024
79.60
80.15
79.00
79.20
16.51
130,360
Apr 29, 2024
79.85
80.40
79.25
80.25
16.73
279,260
Apr 26, 2024
75.95
76.60
74.60
75.25
15.69
128,380
Apr 25, 2024
72.65
76.05
72.40
76.00
15.85
113,560
Apr 24, 2024
72.25
74.90
71.85
73.55
15.33
285,820
Apr 23, 2024
65.15
66.95
64.50
65.90
13.74
246,520
Apr 22, 2024
64.25
65.70
63.59
64.90
13.53
314,540
Apr 19, 2024
67.15
68.32
66.50
66.70
13.91
225,900
Apr 18, 2024
68.75
68.95
67.50
68.05
14.19
274,840
Apr 17, 2024
71.20
71.60
69.60
70.45
14.69
155,500
Apr 16, 2024
71.15
71.43
69.60
71.10
14.82
259,640
Apr 15, 2024
76.40
76.50
72.85
72.85
15.19
235,420
Apr 12, 2024
77.00
77.30
76.30
76.65
15.98
121,760
Apr 11, 2024
76.55
77.85
75.25
77.40
16.14
165,900
Apr 10, 2024
76.50
77.12
75.76
76.50
15.95
135,920
Apr 9, 2024
76.45
77.95
76.15
77.60
16.18
173,520
Apr 8, 2024
75.05
76.69
74.45
76.45
15.94
253,920
Apr 5, 2024
75.00
75.45
71.45
73.25
15.27
299,660
Apr 4, 2024
3.42 Dividend 

Apr 4, 2024
75.15
77.31
74.30
75.40
15.72
261,420
Apr 3, 2024
75.75
78.05
75.60
77.70
15.49
257,140
Apr 2, 2024
76.25
77.45
75.80
77.05
15.36
306,300
Apr 1, 2024
80.60
80.85
78.40
80.25
16.00
220,320
Mar 28, 2024
81.00
81.10
80.50
80.55
16.05
151,140
Mar 27, 2024
81.15
81.15
80.40
81.00
16.14
121,920
Mar 26, 2024
80.40
80.95
80.40
80.65
16.07
253,040
Mar 25, 2024
78.35
79.85
78.30
79.30
15.81
133,600
Mar 22, 2024
77.20
78.75
76.90
78.60
15.67
218,960
Mar 21, 2024
78.95
78.95
78.35
78.60
15.67
135,760
Mar 20, 2024
78.00
78.70
77.60
78.65
15.68
102,600
Mar 19, 2024
77.50
77.85
76.40
77.70
15.49
153,940
Mar 18, 2024
76.90
77.75
75.60
77.60
15.47
225,240
Mar 15, 2024
74.25
75.38
73.60
74.65
14.88
229,460
Mar 14, 2024
77.00
78.20
73.45
74.25
14.80
552,000
Mar 13, 2024
79.35
80.44
77.50
77.55
15.46
396,920
Mar 12, 2024
81.20
81.70
78.80
81.05
16.15
239,880
Mar 11, 2024
79.60
82.21
79.60
80.75
16.09
314,060
Mar 8, 2024
82.00
82.55
79.38
79.55
15.86
385,440
Mar 7, 2024
78.60
81.55
78.60
80.75
16.09
403,660
Mar 6, 2024
4.055 Dividend 

Mar 6, 2024
81.70
82.35
78.65
79.95
15.94
483,000
Mar 5, 2024
87.05
87.75
84.50
86.05
16.34
400,180
Mar 4, 2024
93.95
94.05
88.76
89.35
16.97
675,300
Mar 1, 2024
94.75
95.00
93.75
95.00
18.04
174,260
Feb 29, 2024
94.50
94.60
93.35
94.15
17.88
149,380
Feb 28, 2024
93.50
94.35
92.95
93.90
17.83
223,680
Feb 27, 2024
93.70
94.00
92.68
92.95
17.65
255,280
Feb 26, 2024
1:2 Stock Splits 

Feb 26, 2024
90.40
93.18
90.40
92.65
17.60
498,640
Feb 23, 2024
91.40
92.30
90.20
90.40
17.17
288,370
Feb 22, 2024
90.80
92.30
89.63
92.10
17.49
290,870
Feb 21, 2024
89.80
91.90
89.68
90.80
17.25
254,730
Feb 20, 2024
91.00
91.45
88.40
90.20
17.13
330,110
Feb 16, 2024
91.30
91.90
90.90
91.60
17.40
335,210
Feb 15, 2024
88.20
91.30
88.00
91.20
17.32
372,950
Feb 14, 2024
86.00
87.80
85.50
87.60
16.64
350,710
Feb 13, 2024
85.50
87.10
84.90
85.80
16.30
483,640
Feb 12, 2024
88.70
89.50
86.90
87.20
16.56
453,810
Feb 9, 2024
88.10
89.00
87.70
89.00
16.90
347,670
Feb 8, 2024
86.60
87.90
85.80
87.50
16.62
281,690
Feb 7, 2024
4.05 Dividend 

Feb 7, 2024
86.80
87.20
84.60
86.70
16.47
338,730
Feb 6, 2024
86.50
89.77
86.25
89.50
16.23
365,530
Feb 5, 2024
89.30
89.30
85.10
87.80
15.92
486,520
Feb 2, 2024
89.20
90.30
87.90
90.10
16.34
348,310
Feb 1, 2024
89.90
90.00
88.50
90.00
16.32
238,720
Jan 31, 2024
89.00
90.15
88.60
89.20
16.17
304,140
Jan 30, 2024
90.20
90.30
89.30
89.70
16.27
262,310
Jan 29, 2024
87.90
89.40
87.40
89.30
16.19
355,720
Jan 26, 2024
88.00
88.20
86.80
87.30
15.83
292,960
Jan 25, 2024
90.00
91.30
85.40
86.70
15.72
831,740
Jan 24, 2024
99.10
99.49
97.10
97.50
17.68
368,890
Jan 23, 2024
98.80
100.50
97.70
98.20
17.81
308,030
Jan 22, 2024
99.80
101.20
97.10
98.20
17.81
475,870
Jan 19, 2024
98.50
99.50
97.60
99.40
18.02
348,140
Jan 18, 2024
101.70
101.80
97.80
99.20
17.99
531,810
Jan 17, 2024
100.60
100.90
99.40
100.80
18.28
449,190
Jan 16, 2024
100.60
103.70
99.40
102.50
18.59
502,310
Jan 12, 2024
102.90
104.50
101.20
102.00
18.50
664,840
Jan 11, 2024
107.10
107.30
104.60
105.50
19.13
576,030
Jan 10, 2024
108.90
109.20
107.30
108.50
19.67
439,580
Jan 9, 2024
110.10
110.50
107.50
108.90
19.75
470,940
Jan 8, 2024
109.20
111.15
108.90
111.00
20.13
351,380
Jan 5, 2024
5.57 Dividend 

Jan 5, 2024
109.40
110.50
108.40
109.60
19.87
663,380
Jan 4, 2024
115.60
117.25
115.00
115.00
19.84
658,490
Jan 3, 2024
118.36
118.70
114.31
115.30
19.89
766,880
Jan 2, 2024
120.50
120.80
117.90
119.80
20.67
580,640
Dec 29, 2023
122.25
122.30
118.50
119.30
20.58
595,260
Dec 28, 2023
125.00
125.06
120.90
121.20
20.91
424,220
Dec 27, 2023
122.70
124.30
122.70
124.00
21.40
319,320
Dec 26, 2023
120.80
122.40
120.30
122.10
21.07
371,700
Dec 22, 2023
121.40
122.20
119.70
120.30
20.76
366,120
Dec 21, 2023
119.40
120.60
117.80
120.50
20.79
387,120
Dec 20, 2023
120.90
122.00
117.00
117.20
20.22
425,040
Dec 19, 2023
119.30
121.20
119.30
120.80
20.84
312,420
Dec 18, 2023
118.90
120.80
118.50
118.80
20.50
481,990
Dec 15, 2023
117.70
119.00
117.00
118.70
20.48
348,270
Dec 14, 2023
114.00
117.90
113.90
117.40
20.26
614,250
Dec 13, 2023
111.20
113.55
108.10
113.10
19.51
655,080
Dec 12, 2023
112.50
112.60
110.60
112.20
19.36
418,590
Dec 11, 2023
113.90
114.00
112.00
112.90
19.48
1,073,410
Dec 8, 2023
112.50
114.50
112.11
114.30
19.72
553,060
Dec 7, 2023
6.04 Dividend 

Dec 7, 2023
112.50
113.30
110.80
113.10
19.51
499,160
Dec 6, 2023
118.88
119.70
117.60
117.70
19.27
674,860
Dec 5, 2023
115.30
119.39
115.20
117.30
19.20
455,810
Dec 4, 2023
115.90
116.96
114.70
115.80
18.96
635,100
Dec 1, 2023
114.40
117.38
113.50
116.30
19.04
525,590
Nov 30, 2023
118.00
118.10
115.40
116.70
19.10
523,900
Nov 29, 2023
118.50
118.80
117.10
117.30
19.20
350,180
Nov 28, 2023
114.90
117.80
113.90
117.60
19.25
385,650
Nov 27, 2023
114.60
115.20
112.70
114.50
18.74
511,970
Nov 24, 2023
113.50
114.90
112.84
113.90
18.64
357,420
Nov 22, 2023
116.80
117.30
112.10
113.40
18.56
411,800
Nov 21, 2023
113.20
117.00
112.80
116.20
19.02
498,350
Nov 20, 2023
113.00
114.30
111.50
113.50
18.58
491,020
Nov 17, 2023
112.10
114.10
109.60
113.00
18.50
699,240
Nov 16, 2023
115.00
115.20
111.40
112.50
18.42
603,110
Nov 15, 2023
116.40
116.90
116.00
116.30
19.04
396,750
Nov 14, 2023
116.85
117.40
116.10
116.70
19.10
243,850
Nov 13, 2023
113.70
115.60
112.20
115.20
18.86
247,960
Nov 10, 2023
111.90
113.80
109.45
112.90
18.48
585,820
Nov 9, 2023
116.70
116.90
109.90
111.70
18.28
427,870
Nov 8, 2023
5.85 Dividend 

Nov 8, 2023
117.60
117.80
115.40
117.50
19.23
348,470
Nov 7, 2023
121.90
123.00
120.10
122.90
19.16
423,490
Nov 6, 2023
123.40
123.60
119.50
121.60
18.96
366,710
Nov 3, 2023
121.50
121.80
120.70
121.50
18.94
285,440
Nov 2, 2023
117.90
120.10
116.90
120.00
18.71
346,880
Nov 1, 2023
113.00
113.80
109.60
113.80
17.74
317,760
Oct 31, 2023
108.20
111.86
107.40
111.10
17.32
278,820
Oct 30, 2023
115.10
115.50
107.70
109.30
17.04
423,540
Oct 27, 2023
115.00
115.90
113.10
113.70
17.73
229,770
Oct 26, 2023
115.90
117.40
112.15
112.60
17.55
296,190
Oct 25, 2023
117.80
119.70
116.10
116.10
18.10
278,180
Oct 24, 2023
117.90
119.90
116.65
118.00
18.40
272,300
Oct 23, 2023
114.20
117.70
110.60
115.50
18.01
477,360
Oct 20, 2023
118.00
118.50
114.50
115.30
17.98
476,920
Oct 19, 2023
123.70
124.80
117.50
119.40
18.61
1,021,950
Oct 18, 2023
136.10
136.80
130.80
131.10
20.44
440,600
Oct 17, 2023
135.20
137.90
133.30
136.90
21.34
265,090
Oct 16, 2023
135.00
137.20
134.10
136.80
21.33
241,950
Oct 13, 2023
138.90
139.00
134.20
134.60
20.98
305,310
Oct 12, 2023
139.90
140.80
137.40
138.60
21.61
250,250
Oct 11, 2023
140.00
141.00
138.70
139.70
21.78
220,480
Oct 10, 2023
137.60
140.70
137.30
139.60
21.76
235,030
Oct 9, 2023
135.90
138.47
134.40
137.90
21.50
409,530
Oct 6, 2023
5.77 Dividend 

Oct 6, 2023
134.90
138.55
133.15
138.50
21.59
414,270
Oct 5, 2023
143.20
143.80
141.30
143.20
21.43
395,220
Oct 4, 2023
137.50
143.20
137.30
143.20
21.43
387,760
Oct 3, 2023
137.60
137.90
135.20
136.40
20.41
273,550
Oct 2, 2023
135.60
139.50
134.10
138.50
20.72
342,000
Sep 29, 2023
136.40
138.50
135.20
136.80
20.47
236,810
Sep 28, 2023
131.60
135.20
130.80
134.90
20.18
237,660
Sep 27, 2023
133.70
133.74
128.55
131.80
19.72
383,240
Sep 26, 2023
132.80
135.50
132.00
133.00
19.90
217,720
Sep 25, 2023
132.20
134.40
130.05
134.40
20.11
290,390
Sep 22, 2023
140.20
140.20
132.90
133.20
19.93
443,360
Sep 21, 2023
139.80
141.25
138.05
138.90
20.78
386,770
Sep 20, 2023
144.20
147.50
141.90
142.00
21.25
274,710
Sep 19, 2023
143.00
144.50
141.20
143.90
21.53
274,150
Sep 18, 2023
146.40
146.50
142.40
143.30
21.44
301,780
Sep 15, 2023
148.00
148.30
145.80
147.40
22.05
154,390
Sep 14, 2023
147.10
147.90
146.70
147.80
22.11
136,030
Sep 13, 2023
146.10
146.80
145.50
146.60
21.93
156,990
Sep 12, 2023
145.50
147.40
144.51
145.00
21.69
243,120
Sep 11, 2023
145.20
146.40
143.60
146.20
21.87
360,310
Sep 8, 2023
5.85 Dividend 

Sep 8, 2023
141.40
141.80
139.60
140.50
21.02
462,760
Sep 7, 2023
145.50
146.90
144.50
146.90
21.10
311,550
Sep 6, 2023
146.91
147.10
144.70
146.60
21.06
288,320
Sep 5, 2023
144.40
147.20
144.30
147.00
21.12
382,410
Sep 1, 2023
146.70
146.80
143.20
144.10
20.70
380,290
Aug 31, 2023
146.00
146.50
145.50
146.20
21.00
228,180
Aug 30, 2023
145.50
146.20
144.60
145.60
20.92
251,840
Aug 29, 2023
144.20
145.60
143.73
145.50
20.90
315,130
Aug 28, 2023
144.70
144.70
143.30
144.00
20.69
273,570
Aug 25, 2023
141.40
143.60
141.40
143.30
20.59
179,840
Aug 24, 2023
143.45
143.50
140.49
141.30
20.30
164,880
Aug 23, 2023
140.50
142.70
140.30
142.40
20.46
169,870
Aug 22, 2023
142.10
143.60
140.00
141.00
20.26
226,950
Aug 21, 2023
136.50
140.80
136.40
140.70
20.21
347,670
Aug 18, 2023
132.90
134.60
131.65
133.70
19.21
285,110
Aug 17, 2023
140.20
140.70
135.70
136.00
19.54
271,620
Aug 16, 2023
142.00
145.00
139.78
140.00
20.11
292,430
Aug 15, 2023
147.90
148.70
144.20
144.60
20.77
256,280
Aug 14, 2023
145.60
148.70
144.69
148.10
21.28
264,700
Aug 11, 2023
149.40
150.30
147.20
149.70
21.51
162,250
Aug 10, 2023
150.80
154.40
149.60
150.80
21.66
158,340
Aug 9, 2023
154.30
154.30
148.80
149.10
21.42
179,800
Aug 8, 2023
151.60
153.70
150.60
153.50
22.05
132,740
Aug 7, 2023
154.30
155.20
149.07
154.50
22.20
224,880
Aug 4, 2023
8.3 Dividend 

Aug 4, 2023
159.70
161.20
154.60
155.80
22.38
277,460
Aug 3, 2023
162.10
167.00
162.10
166.50
22.73
266,760
Aug 2, 2023
164.30
166.30
160.60
163.20
22.28
233,470
Aug 1, 2023
170.50
170.50
166.70
167.50
22.86
170,720
Jul 31, 2023
170.70
170.90
168.50
170.50
23.27
158,780
Jul 28, 2023
166.00
170.00
164.90
169.60
23.15
95,340
Jul 27, 2023
171.20
171.35
163.00
164.10
22.40
163,960
Jul 26, 2023
168.30
170.53
167.10
169.00
23.07
98,960
Jul 25, 2023
172.80
173.00
168.80
169.20
23.10
86,800
Jul 24, 2023
163.50
171.00
162.50
170.80
23.31
131,710
Jul 21, 2023
169.90
170.00
163.00
165.20
22.55
167,590
Jul 20, 2023
176.20
177.50
165.90
168.00
22.93
272,860
Jul 19, 2023
183.30
184.80
180.10
181.10
24.72
102,000
Jul 18, 2023
180.70
182.30
178.60
182.30
24.88
111,480
Jul 17, 2023
179.00
180.70
177.50
180.40
24.62
155,290
Jul 14, 2023
174.00
178.00
173.00
176.10
24.04
74,140
Jul 13, 2023
172.60
174.50
169.50
174.00
23.75
74,750
Jul 12, 2023
172.00
172.00
169.60
169.80
23.18
66,240
Jul 11, 2023
169.00
169.60
166.80
168.20
22.96
73,200
Jul 10, 2023
171.50
173.50
166.00
168.60
23.01
102,230
Jul 7, 2023
10.66 Dividend 

Jul 7, 2023
172.80
174.08
170.10
170.90
23.33
124,710
Jul 6, 2023
183.10
183.20
179.70
182.50
23.46
190,070
Jul 5, 2023
182.60
184.60
181.20
183.70
23.61
126,210
Jul 3, 2023
179.90
182.90
179.60
181.90
23.38
121,790
Jun 30, 2023
171.20
172.60
170.10
171.50
22.04
77,610
Jun 29, 2023
168.50
169.70
165.90
168.50
21.66
52,660
Jun 28, 2023
164.20
169.00
163.20
167.70
21.55
48,820
Jun 27, 2023
158.30
163.40
158.01
163.10
20.96
52,460
Jun 26, 2023
164.50
167.50
157.40
157.80
20.28
89,750
Jun 23, 2023
168.50
169.79
164.10
166.50
21.40
49,770
Jun 22, 2023
162.80
171.40
161.60
171.40
22.03
53,640
Jun 21, 2023
175.70
176.00
167.34
168.30
21.63
90,610
Jun 20, 2023
169.00
175.40
168.50
175.40
22.54
79,890
Jun 16, 2023
165.60
168.80
164.67
167.40
21.52
56,490
Jun 15, 2023
160.30
165.00
160.30
163.99
21.08
43,530
Jun 14, 2023
166.20
166.20
160.20
164.00
21.08
47,280
Jun 13, 2023
160.50
164.50
160.50
164.40
21.13
52,430
Jun 12, 2023
158.90
159.50
156.80
159.10
20.45
55,470
Jun 9, 2023
160.00
160.51
157.80
158.30
20.35
39,840
Jun 8, 2023
156.10
158.05
155.50
157.53
20.25
31,500
Jun 7, 2023
8.03 Dividend 

Jun 7, 2023
157.40
157.49
154.69
155.60
20.00
53,780
Jun 6, 2023
159.80
161.60
156.75
161.60
19.74
73,290
Jun 5, 2023
159.00
160.40
157.60
159.10
19.43
41,070
Jun 2, 2023
158.00
158.90
157.20
157.60
19.25
49,440
Jun 1, 2023
155.90
157.30
153.30
156.90
19.16
37,470
May 31, 2023
153.20
154.60
150.40
154.50
18.87
25,810
May 30, 2023
152.00
153.50
150.51
153.20
18.71
55,330
May 26, 2023
147.00
148.10
146.50
148.00
18.08
31,130
May 25, 2023
146.80
146.80
144.00
146.30
17.87
14,450
May 24, 2023
144.80
145.05
142.00
144.50
17.65
21,160
May 23, 2023
146.80
147.30
145.50
145.50
17.77
18,360
May 22, 2023
144.10
146.90
143.50
146.80
17.93
29,340
May 19, 2023
142.30
142.60
141.19
142.50
17.40
17,620
May 18, 2023
140.20
140.60
138.10
140.40
17.15
14,700
May 17, 2023
134.80
139.00
134.19
139.00
16.98
19,530
May 16, 2023
133.80
135.00
132.00
134.30
16.40
14,820
May 15, 2023
134.00
135.50
132.40
133.00
16.24
19,470
May 12, 2023
137.80
137.89
133.80
134.40
16.42
14,410
May 11, 2023
133.50
136.10
133.50
135.70
16.57
25,700
May 10, 2023
135.00
136.30
132.80
133.30
16.28
19,100
May 9, 2023
133.90
133.90
132.00
133.20
16.27
20,320
May 8, 2023
135.00
135.00
133.60
134.50
16.43
18,990
May 5, 2023
4.4 Dividend 

May 5, 2023
131.40
134.00
131.00
133.80
16.34
27,070
May 4, 2023
133.10
134.80
132.80
134.10
15.84
32,200
May 3, 2023
132.90
135.90
132.80
133.70
15.79
44,220
May 2, 2023
133.50
136.30
132.00
133.20
15.74
39,640
May 1, 2023
134.70
134.70
132.00
133.80
15.81
50,870
Apr 28, 2023
131.70
133.90
129.10
133.70
15.79
19,600
Apr 27, 2023
126.00
131.50
125.30
131.50
15.53
9,430
Apr 26, 2023
132.80
132.80
126.00
126.60
14.96
27,900
Apr 25, 2023
132.00
133.92
130.70
132.60
15.66
22,940
Apr 24, 2023
136.20
137.20
129.10
130.80
15.45
39,680
Apr 21, 2023
134.30
135.30
131.80
134.70
15.91
22,700
Apr 20, 2023
137.10
139.00
130.80
132.70
15.68
73,240
Apr 19, 2023
146.90
148.40
145.10
146.80
17.34
23,280
Apr 18, 2023
151.60
151.70
149.10
150.00
17.72
19,640
Apr 17, 2023
151.30
152.50
148.70
151.60
17.91
25,780
Apr 14, 2023
150.10
150.40
147.90
149.60
17.67
12,150
Apr 13, 2023
148.40
151.10
146.30
151.10
17.85
13,380
Apr 12, 2023
153.30
153.30
145.40
147.10
17.38
15,600
Apr 11, 2023
151.40
151.50
150.00
150.10
17.73
11,140
Apr 10, 2023
147.10
149.15
143.70
148.80
17.58
19,910
Apr 6, 2023
8.29 Dividend 

Apr 6, 2023
148.70
149.80
145.00
148.60
17.55
24,440
Apr 5, 2023
162.80
162.80
156.20
157.50
17.63
36,080
Apr 4, 2023
168.00
168.30
161.70
163.50
18.30
15,430
Apr 3, 2023
170.00
170.00
162.80
164.50
18.41
31,140
Mar 31, 2023
166.90
173.90
166.90
172.50
19.31
13,240
Mar 30, 2023
167.00
168.70
166.40
166.60
18.64
12,200
Mar 29, 2023
164.90
166.89
163.00
165.00
18.47
13,790
Mar 28, 2023
164.60
164.99
159.90
162.00
18.13
11,050
Mar 27, 2023
165.80
167.25
163.00
163.50
18.30
12,750
Mar 24, 2023
163.00
163.50
160.50
161.70
18.10
7,150
Mar 23, 2023
164.30
164.30
160.70
161.60
18.09
7,900
Mar 22, 2023
164.40
165.00
161.50
161.60
18.09
9,140
Mar 21, 2023
160.60
163.10
158.50
162.50
18.19
9,680
Mar 20, 2023
153.70
158.30
152.00
156.70
17.54
13,700
Mar 17, 2023
157.80
158.10
151.92
153.60
17.19
7,170
Mar 16, 2023
154.60
157.80
152.25
156.30
17.49
6,800
Mar 15, 2023
155.90
155.90
150.77
152.80
17.10
5,620
Mar 14, 2023
151.50
154.90
150.60
153.70
17.20
5,550
Mar 13, 2023
145.00
150.80
141.00
148.00
16.56
7,230
Mar 10, 2023
149.00
150.15
141.90
146.50
16.40
5,840
Mar 9, 2023
153.90
155.80
145.80
146.07
16.35
6,430
Mar 8, 2023
9.02 Dividend 

Mar 8, 2023
156.40
156.80
153.20
154.19
17.26
5,550
Mar 7, 2023
170.50
171.85
165.00
166.37
17.61
5,060
Mar 6, 2023
178.80
178.80
170.13
171.50
18.15
5,790
Mar 3, 2023
169.60
176.20
169.60
173.71
18.39
3,690
Mar 2, 2023
169.40
169.50
163.80
167.12
17.69
6,520
Mar 1, 2023
179.20
179.40
175.40
177.26
18.76
3,770
Feb 28, 2023
181.20
181.20
176.41
177.17
18.75
5,190
Feb 27, 2023
174.20
179.50
174.20
178.46
18.89
4,860
Feb 24, 2023
171.00
171.00
167.00
169.50
17.94
3,300
Feb 23, 2023
171.05
173.90
166.70
173.60
18.37
3,610
Feb 22, 2023
170.00
170.00
165.10
168.00
17.78
8,090
Feb 21, 2023
175.20
177.40
170.10
170.10
18.00
4,190
Feb 17, 2023
169.00
173.59
168.50
173.41
18.35
3,490
Feb 16, 2023
176.90
180.80
172.40
172.41
18.25
2,440
Feb 15, 2023
177.90
178.20
173.80
178.11
18.85
900
Feb 14, 2023
161.90
174.70
161.90
174.68
18.49
3,550
Feb 13, 2023
164.20
164.20
158.50
163.39
17.29
2,610
Feb 10, 2023
168.50
169.30
163.10
164.90
17.45
980
Feb 9, 2023
170.10
173.30
169.20
170.40
18.04
1,200
Feb 8, 2023
9.03 Dividend 

Feb 8, 2023
161.89
165.80
161.89
164.86
17.45
1,290
Feb 7, 2023
170.80
170.80
166.60
170.02
17.04
450
Feb 6, 2023
170.99
171.30
170.64
170.64
17.10
1,290
Feb 3, 2023
166.30
170.20
166.30
168.65
16.90
1,200
Feb 2, 2023
167.60
168.20
167.10
167.27
16.76
240
Feb 1, 2023
157.70
166.40
157.01
165.16
16.55
600
Jan 31, 2023
151.60
156.60
149.75
156.31
15.67
960
Jan 30, 2023
163.40
163.40
153.01
153.01
15.34
650
Jan 27, 2023
163.10
163.60
163.10
163.39
16.38
500
Jan 26, 2023
162.50
162.90
162.50
162.59
16.30
480
Jan 25, 2023
154.69
156.40
154.69
155.89
15.62
150
Jan 24, 2023
155.50
155.60
154.90
155.18
15.55
370
Jan 23, 2023
151.50
155.80
151.50
155.09
15.54
350
Jan 20, 2023
146.10
146.40
146.02
146.25
14.66
350
Jan 19, 2023
144.80
145.10
143.61
144.26
14.46
510
Jan 18, 2023
145.60
145.80
144.25
144.25
14.46
520
Jan 17, 2023
142.70
144.90
142.70
144.55
14.49
370
Jan 13, 2023
136.20
140.07
135.00
140.07
14.04
250
Jan 12, 2023
137.30
141.33
137.30
141.33
14.16
150
Jan 11, 2023
139.90
140.05
138.90
140.05
14.04
100
Jan 10, 2023
9.99 Dividend 

Jan 10, 2023
138.70
138.70
133.00
135.57
13.59
360
Jan 9, 2023
147.50
149.60
146.58
146.58
13.69
260
Jan 6, 2023
133.79
140.40
133.79
140.22
13.10
210
Jan 5, 2023
133.70
137.70
133.70
137.05
12.80
150
Jan 4, 2023
139.53
139.80
138.85
139.77
13.05
120
Jan 3, 2023
133.95
133.95
133.95
133.95
12.51
10
Dec 30, 2022
146.26
146.26
146.26
146.26
13.66
-
Dec 29, 2022
144.92
144.92
144.92
144.92
13.53
10
Dec 28, 2022
136.65
136.65
136.65
136.65
12.76
10
Dec 27, 2022
133.16
133.16
133.16
133.16
12.44
10
Dec 23, 2022
146.94
146.94
146.94
146.94
13.72
10
Dec 22, 2022
149.34
149.34
149.34
149.34
13.95
10
Dec 21, 2022
162.57
162.57
162.57
162.57
15.18
10
Dec 20, 2022
163.25
163.25
163.25
163.25
15.25
-
Dec 19, 2022
174.70
174.70
174.70
174.70
16.32
10
Dec 16, 2022
179.00
179.00
175.47
175.47
16.39
80
Dec 15, 2022
183.47
183.47
183.47
183.47
17.13
10
Dec 14, 2022
182.81
182.81
182.81
182.81
17.07
10
Dec 13, 2022
188.00
188.00
187.08
187.08
17.47
10
Dec 12, 2022
194.28
194.28
194.28
194.28
18.14
10
Dec 9, 2022
204.64
204.64
204.64
204.64
19.11
-
Dec 8, 2022
198.00
198.75
198.00
198.75
18.56
10
Dec 7, 2022
198.99
199.84
198.99
199.84
18.66
250
Dec 6, 2022
205.66
205.66
205.66
205.66
19.21
-
Dec 5, 2022
211.70
211.70
210.18
210.18
19.63
10
Dec 2, 2022
217.63
217.63
217.63
217.63
20.33
10
Dec 1, 2022
215.60
216.00
215.60
215.62
20.14
40
Nov 30, 2022
206.40
214.82
206.40
214.82
20.06
50
Nov 29, 2022
205.50
205.50
203.80
203.80
19.03
160
Nov 28, 2022
204.80
205.37
204.80
205.37
19.18
10
Nov 25, 2022
204.38
204.38
204.38
204.38
19.09
10
Nov 23, 2022
200.60
200.60
200.40
200.40
18.72
20
