Date
Open
High
Low
Close 

Adj Close 

Volume

May 22, 2026
16.50
16.55
16.33
16.33
16.33
118,700
May 21, 2026
0.166 Dividend 

May 21, 2026
16.28
16.56
16.23
16.45
16.45
117,400
May 20, 2026
16.21
16.45
16.20
16.44
16.27
109,800
May 19, 2026
16.05
16.26
15.81
16.02
15.86
111,800
May 18, 2026
16.50
16.54
16.03
16.12
15.96
207,200
May 15, 2026
16.60
16.66
16.32
16.52
16.35
126,800
May 14, 2026
0.179 Dividend 

May 14, 2026
16.40
17.06
16.40
16.88
16.71
116,100
May 13, 2026
16.45
16.65
16.17
16.48
16.14
143,900
May 12, 2026
16.46
16.53
15.90
16.39
16.05
289,300
May 11, 2026
16.65
16.70
16.41
16.58
16.23
261,400
May 8, 2026
16.95
17.01
16.51
16.79
16.44
138,100
May 7, 2026
0.191 Dividend 

May 7, 2026
17.15
17.15
16.71
16.95
16.60
154,400
May 6, 2026
16.79
17.35
16.67
17.35
16.80
170,300
May 5, 2026
16.93
16.93
16.44
16.52
16.00
217,700
May 4, 2026
16.88
16.92
16.53
16.76
16.23
148,200
May 1, 2026
16.57
16.76
16.43
16.62
16.09
156,200
Apr 30, 2026
0.275 Dividend 

Apr 30, 2026
16.67
16.67
16.22
16.57
16.05
105,400
Apr 29, 2026
16.80
16.80
16.55
16.77
15.97
104,700
Apr 28, 2026
16.78
16.85
16.41
16.70
15.91
122,000
Apr 27, 2026
17.32
17.53
17.00
17.15
16.34
127,900
Apr 24, 2026
16.76
17.29
16.70
17.06
16.25
188,200
Apr 23, 2026
0.168 Dividend 

Apr 23, 2026
16.40
16.49
16.07
16.33
15.55
87,100
Apr 22, 2026
16.17
16.68
16.11
16.68
15.73
132,600
Apr 21, 2026
16.09
16.11
15.92
15.92
15.01
250,200
Apr 20, 2026
16.05
16.08
15.86
15.93
15.02
107,600
Apr 17, 2026
16.23
16.26
15.92
16.10
15.18
120,800
Apr 16, 2026
0.186 Dividend 

Apr 16, 2026
16.07
16.23
15.71
15.91
15.00
207,200
Apr 15, 2026
16.69
16.69
16.30
16.41
15.30
96,000
Apr 14, 2026
16.46
16.60
16.31
16.56
15.44
93,300
Apr 13, 2026
16.26
16.26
16.05
16.23
15.13
103,600
Apr 10, 2026
16.30
16.46
16.16
16.22
15.12
139,700
Apr 9, 2026
0.125 Dividend 

Apr 9, 2026
16.01
16.11
15.83
16.03
14.94
60,000
Apr 8, 2026
16.23
16.40
15.90
16.08
14.87
172,600
Apr 7, 2026
15.25
15.40
15.04
15.40
14.24
89,400
Apr 6, 2026
15.25
15.36
15.16
15.30
14.15
83,300
Apr 2, 2026
0.133 Dividend 

Apr 2, 2026
14.80
15.24
14.75
15.17
14.03
82,100
Apr 1, 2026
15.45
15.62
15.32
15.38
14.10
102,000
Mar 31, 2026
14.54
15.27
14.54
15.27
14.00
95,900
Mar 30, 2026
14.84
14.91
14.30
14.35
13.16
134,300
Mar 27, 2026
14.80
14.91
14.62
14.84
13.61
76,700
Mar 26, 2026
0.134 Dividend 

Mar 26, 2026
15.33
15.33
14.76
14.79
13.56
313,800
Mar 25, 2026
15.59
15.70
15.51
15.70
14.27
91,700
Mar 24, 2026
15.28
15.52
15.26
15.51
14.10
48,600
Mar 23, 2026
15.00
15.49
15.00
15.33
13.94
96,300
Mar 20, 2026
15.15
15.26
14.81
14.89
13.54
79,600
Mar 19, 2026
0.135 Dividend 

Mar 19, 2026
15.05
15.38
14.82
15.28
13.89
84,300
Mar 18, 2026
15.70
15.72
15.41
15.50
13.97
42,700
Mar 17, 2026
15.45
15.70
15.45
15.59
14.05
2,548,600
Mar 16, 2026
15.32
15.54
15.32
15.44
13.91
47,500
Mar 13, 2026
15.39
15.53
15.24
15.25
13.74
108,000
Mar 12, 2026
0.125 Dividend 

Mar 12, 2026
15.70
15.70
15.21
15.22
13.72
113,300
Mar 11, 2026
16.12
16.14
15.91
16.07
14.37
128,000
Mar 10, 2026
15.70
15.97
15.64
15.79
14.12
104,900
Mar 9, 2026
15.13
15.80
15.13
15.75
14.08
131,700
Mar 6, 2026
15.70
15.79
15.33
15.42
13.79
159,800
Mar 5, 2026
0.236 Dividend 

Mar 5, 2026
16.01
16.27
15.59
16.05
14.35
95,200
Mar 4, 2026
16.47
16.58
16.27
16.36
14.42
104,100
Mar 3, 2026
16.17
16.36
15.81
16.29
14.36
163,300
Mar 2, 2026
16.84
17.07
16.62
16.87
14.87
168,400
Feb 27, 2026
17.00
17.17
16.89
17.16
15.12
1,942,600
Feb 26, 2026
0.171 Dividend 

Feb 26, 2026
17.62
17.62
16.94
17.23
15.18
187,500
Feb 25, 2026
17.96
17.96
17.63
17.84
15.57
237,000
Feb 24, 2026
17.34
17.80
17.34
17.67
15.42
173,700
Feb 23, 2026
17.00
17.19
16.93
17.04
14.87
443,200
Feb 20, 2026
16.72
17.16
16.67
17.14
14.96
130,100
Feb 19, 2026
0.143 Dividend 

Feb 19, 2026
16.77
16.78
16.60
16.75
14.62
75,600
Feb 18, 2026
16.91
17.24
16.81
16.99
14.71
163,100
Feb 17, 2026
16.73
17.06
16.61
16.91
14.64
151,900
Feb 13, 2026
17.15
17.20
16.86
17.06
14.77
74,400
Feb 12, 2026
0.134 Dividend 

Feb 12, 2026
17.72
17.72
16.98
17.15
14.84
134,200
Feb 11, 2026
17.35
17.76
17.30
17.55
15.07
153,300
Feb 10, 2026
17.00
17.15
16.80
17.05
14.64
167,400
Feb 9, 2026
16.48
16.86
16.46
16.76
14.40
166,800
Feb 6, 2026
16.00
16.49
16.00
16.46
14.14
105,800
Feb 5, 2026
0.105 Dividend 

Feb 5, 2026
15.55
15.95
15.30
15.88
13.64
169,700
Feb 4, 2026
16.23
16.23
15.45
15.77
13.45
110,600
Feb 3, 2026
16.44
16.50
15.93
16.21
13.83
147,700
Feb 2, 2026
15.96
16.46
15.89
16.40
13.99
169,200
Jan 30, 2026
16.18
16.24
15.86
15.96
13.62
82,300
Jan 29, 2026
0.127 Dividend 

Jan 29, 2026
16.34
16.38
15.81
16.27
13.88
126,400
Jan 28, 2026
16.50
16.53
16.31
16.41
13.89
271,200
Jan 27, 2026
16.31
16.43
16.20
16.35
13.84
62,200
Jan 26, 2026
16.15
16.23
16.00
16.17
13.69
114,300
Jan 23, 2026
15.95
16.28
15.95
16.20
13.71
130,700
Jan 22, 2026
0.189 Dividend 

Jan 22, 2026
16.09
16.20
15.85
15.89
13.45
94,000
Jan 21, 2026
16.19
16.32
15.96
15.96
13.35
208,700
Jan 20, 2026
16.53
16.63
15.93
15.94
13.33
333,000
Jan 16, 2026
16.98
16.99
16.64
16.73
14.00
117,700
Jan 15, 2026
0.139 Dividend 

Jan 15, 2026
16.55
17.02
16.55
16.73
14.00
113,300
Jan 14, 2026
16.52
16.52
16.21
16.36
13.57
66,400
Jan 13, 2026
16.59
16.66
16.46
16.52
13.70
66,600
Jan 12, 2026
16.05
16.57
16.04
16.53
13.71
70,900
Jan 9, 2026
16.08
16.17
15.96
16.17
13.41
63,800
Jan 8, 2026
0.11 Dividend 

Jan 8, 2026
16.00
16.00
15.78
15.90
13.19
46,100
Jan 7, 2026
16.20
16.25
16.01
16.03
13.20
65,500
Jan 6, 2026
16.50
16.59
16.22
16.28
13.41
99,600
Jan 5, 2026
16.40
16.45
16.07
16.07
13.24
105,400
Jan 2, 2026
0.091 Dividend 

Jan 2, 2026
15.65
16.12
15.65
15.98
13.16
107,300
Dec 31, 2025
15.48
15.64
15.48
15.54
12.73
70,200
Dec 30, 2025
15.38
15.54
15.38
15.38
12.60
42,500
Dec 29, 2025
15.34
15.50
15.34
15.38
12.60
82,300
Dec 26, 2025
0.104 Dividend 

Dec 26, 2025
15.33
15.50
15.30
15.44
12.64
46,800
Dec 24, 2025
15.30
15.45
15.30
15.41
12.53
82,600
Dec 23, 2025
15.20
15.40
15.20
15.40
12.53
52,600
Dec 22, 2025
15.20
15.28
15.19
15.20
12.36
39,400
Dec 19, 2025
14.91
15.19
14.91
15.02
12.22
54,600
Dec 18, 2025
0.062 Dividend 

Dec 18, 2025
14.84
14.99
14.75
14.83
12.06
55,500
Dec 17, 2025
15.27
15.27
14.49
14.65
11.87
266,200
Dec 16, 2025
15.05
15.15
14.92
15.14
12.26
81,600
Dec 15, 2025
15.36
15.44
15.09
15.09
12.22
63,000
Dec 12, 2025
15.81
15.87
15.26
15.28
12.38
108,600
Dec 11, 2025
0.106 Dividend 

Dec 11, 2025
15.94
15.94
15.65
15.89
12.87
75,400
Dec 10, 2025
15.90
16.25
15.85
16.17
13.01
74,900
Dec 9, 2025
15.75
15.94
15.66
15.90
12.79
44,500
Dec 8, 2025
15.70
15.80
15.58
15.76
12.68
69,700
Dec 5, 2025
15.71
15.77
15.46
15.60
12.55
175,800
Dec 4, 2025
0.249 Dividend 

Dec 4, 2025
15.62
15.62
15.37
15.50
12.47
50,400
Dec 3, 2025
15.78
15.88
15.43
15.82
12.53
67,700
Dec 2, 2025
15.70
15.78
15.55
15.67
12.41
109,900
Dec 1, 2025
15.49
15.61
15.45
15.45
12.24
55,600
Nov 28, 2025
0.108 Dividend 

Nov 28, 2025
15.58
15.66
15.55
15.59
12.35
41,700
Nov 26, 2025
15.54
15.77
15.54
15.68
12.33
77,600
Nov 25, 2025
15.35
15.45
14.92
15.41
12.12
48,100
Nov 24, 2025
14.74
15.47
14.74
15.40
12.11
234,800
Nov 21, 2025
14.95
15.17
14.53
14.94
11.75
132,400
Nov 20, 2025
0.109 Dividend 

Nov 20, 2025
15.75
15.77
15.07
15.15
11.92
148,600
Nov 19, 2025
15.15
15.49
15.15
15.47
12.08
73,700
Nov 18, 2025
15.37
15.37
14.93
15.26
11.92
86,900
Nov 17, 2025
15.46
15.64
15.24
15.52
12.12
71,600
Nov 14, 2025
15.00
15.65
14.93
15.49
12.10
171,500
Nov 13, 2025
0.14 Dividend 

Nov 13, 2025
15.73
15.73
15.31
15.36
12.00
92,200
Nov 12, 2025
16.10
16.16
15.96
16.00
12.39
80,200
Nov 11, 2025
16.10
16.14
15.90
16.02
12.40
40,100
Nov 10, 2025
16.00
16.22
16.00
16.10
12.46
68,200
Nov 7, 2025
15.80
15.80
15.30
15.80
12.23
104,300
Nov 6, 2025
0.173 Dividend 

Nov 6, 2025
16.12
16.15
15.81
15.85
12.27
82,500
Nov 5, 2025
16.33
16.51
16.19
16.30
12.48
100,200
Nov 4, 2025
16.52
16.65
16.25
16.32
12.50
86,800
Nov 3, 2025
16.61
16.94
16.61
16.75
12.83
103,800
Oct 31, 2025
16.77
16.77
16.38
16.59
12.71
117,100
Oct 30, 2025
0.157 Dividend 

Oct 30, 2025
16.62
16.75
16.53
16.65
12.75
102,200
Oct 29, 2025
16.89
16.95
16.75
16.90
12.82
182,800
Oct 28, 2025
16.70
16.76
16.52
16.74
12.70
146,100
Oct 27, 2025
16.67
16.67
16.33
16.59
12.59
163,300
Oct 24, 2025
16.55
16.56
16.40
16.45
12.48
132,100
Oct 23, 2025
0.338 Dividend 

Oct 23, 2025
16.25
16.39
16.16
16.25
12.33
108,100
Oct 22, 2025
16.80
16.80
16.21
16.48
12.25
195,100
Oct 21, 2025
17.04
17.04
16.68
16.78
12.47
46,900
Oct 20, 2025
17.12
17.15
16.80
16.82
12.50
322,600
Oct 17, 2025
16.90
17.05
16.73
16.75
12.45
100,300
Oct 16, 2025
0.229 Dividend 

Oct 16, 2025
17.35
17.35
16.75
16.95
12.60
71,100
Oct 15, 2025
17.30
17.35
17.10
17.30
12.69
62,900
Oct 14, 2025
16.73
17.11
16.64
16.83
12.34
67,900
Oct 13, 2025
16.84
17.24
16.67
17.19
12.61
69,500
Oct 10, 2025
17.10
17.10
16.03
16.03
11.76
115,600
Oct 9, 2025
17.26
17.26
16.92
17.05
12.50
45,800
Oct 8, 2025
16.74
17.31
16.74
17.25
12.65
88,300
Oct 7, 2025
17.30
17.40
16.76
16.77
12.30
54,100
Oct 6, 2025
16.95
17.36
16.94
17.10
12.54
188,700
Oct 3, 2025
16.80
16.88
16.63
16.73
12.27
147,500
Oct 2, 2025
1.001 Dividend 

Oct 2, 2025
17.01
17.01
16.48
16.57
12.15
109,100
Oct 1, 2025
17.30
17.62
17.17
17.57
12.15
313,800
Sep 30, 2025
16.96
17.17
16.92
17.17
11.88
80,900
Sep 29, 2025
17.00
17.14
16.87
16.94
11.72
74,500
Sep 26, 2025
17.04
17.04
16.70
16.92
11.70
64,200
Sep 25, 2025
17.04
17.11
16.68
17.10
11.83
68,100
Sep 24, 2025
17.30
17.30
17.07
17.30
11.97
47,400
Sep 23, 2025
16.89
17.50
16.89
17.30
11.97
61,000
Sep 22, 2025
16.51
17.01
16.51
16.90
11.69
370,600
Sep 19, 2025
16.55
16.58
16.40
16.55
11.45
34,700
Sep 18, 2025
16.01
16.60
16.01
16.58
11.47
65,100
Sep 17, 2025
16.26
16.34
16.17
16.28
11.26
43,300
Sep 16, 2025
16.33
16.41
16.18
16.25
11.24
69,600
Sep 15, 2025
16.01
16.23
16.01
16.14
11.16
108,000
Sep 12, 2025
16.05
16.15
16.03
16.09
11.13
37,700
Sep 11, 2025
16.14
16.19
16.02
16.02
11.08
74,600
Sep 10, 2025
15.83
16.32
15.83
16.07
11.11
117,100
Sep 9, 2025
15.41
15.84
15.41
15.65
10.82
107,800
Sep 8, 2025
15.20
15.55
15.20
15.51
10.73
156,000
Sep 5, 2025
15.16
15.39
15.13
15.30
10.58
275,100
Sep 4, 2025
0.381 Dividend 

Sep 4, 2025
14.98
15.09
14.83
15.09
10.44
158,800
Sep 3, 2025
15.36
15.36
15.05
15.28
10.30
313,800
Sep 2, 2025
15.15
15.15
14.90
15.11
10.19
296,800
Aug 29, 2025
15.49
15.49
15.18
15.22
10.26
240,100
Aug 28, 2025
15.50
15.59
15.44
15.54
10.48
56,200
Aug 27, 2025
15.51
15.56
15.36
15.56
10.49
104,600
Aug 26, 2025
15.48
15.54
15.41
15.54
10.48
54,700
Aug 25, 2025
15.29
15.45
15.25
15.40
10.39
43,200
Aug 22, 2025
15.02
15.34
14.94
15.30
10.32
53,200
Aug 21, 2025
15.10
15.10
14.90
14.99
10.11
43,300
Aug 20, 2025
15.00
15.07
14.72
15.07
10.16
99,400
Aug 19, 2025
15.72
15.72
15.32
15.32
10.33
83,000
Aug 18, 2025
15.59
15.80
15.59
15.69
10.58
202,700
Aug 15, 2025
15.75
15.75
15.52
15.65
10.55
51,900
Aug 14, 2025
15.64
15.75
15.49
15.75
10.62
94,900
Aug 13, 2025
15.92
15.98
15.68
15.73
10.61
127,300
Aug 12, 2025
15.77
15.89
15.75
15.84
10.68
83,000
Aug 11, 2025
15.65
15.89
15.65
15.70
10.59
175,800
Aug 8, 2025
15.60
15.72
15.59
15.71
10.59
335,600
Aug 7, 2025
0.954 Dividend 

Aug 7, 2025
15.80
15.93
15.60
15.70
10.59
408,400
Aug 6, 2025
16.19
16.20
15.94
16.14
10.24
887,500
Aug 5, 2025
16.56
16.56
16.02
16.19
10.27
196,900
Aug 4, 2025
16.47
16.50
16.36
16.50
10.47
109,800
Aug 1, 2025
16.46
16.46
16.01
16.29
10.34
116,400
Jul 31, 2025
16.80
16.85
16.60
16.68
10.58
76,600
Jul 30, 2025
16.65
16.73
16.62
16.70
10.60
44,800
Jul 29, 2025
16.70
16.70
16.55
16.57
10.51
61,600
Jul 28, 2025
16.74
16.74
16.55
16.65
10.57
146,300
Jul 25, 2025
16.52
16.80
16.52
16.75
10.63
89,500
Jul 24, 2025
16.53
16.60
16.35
16.60
10.53
69,900
Jul 23, 2025
16.27
16.50
16.26
16.50
10.47
57,500
Jul 22, 2025
16.40
16.40
15.92
16.10
10.22
111,600
Jul 21, 2025
16.51
16.62
16.39
16.42
10.42
107,700
Jul 18, 2025
16.70
16.75
16.37
16.51
10.48
66,000
Jul 17, 2025
16.60
16.89
16.58
16.73
10.62
148,100
Jul 16, 2025
16.30
16.44
16.25
16.39
10.40
183,800
Jul 15, 2025
16.14
16.40
16.14
16.34
10.37
193,400
Jul 14, 2025
15.95
15.97
15.75
15.94
10.11
145,500
Jul 11, 2025
15.96
16.10
15.95
15.97
10.13
223,100
Jul 10, 2025
0.638 Dividend 

Jul 10, 2025
16.11
16.16
15.86
15.96
10.13
190,600
Jul 9, 2025
16.70
16.84
16.65
16.75
10.22
466,700
Jul 8, 2025
16.71
16.71
16.48
16.55
10.10
233,900
Jul 7, 2025
16.84
16.84
16.49
16.63
10.15
414,800
Jul 3, 2025
17.00
17.00
16.82
16.90
10.32
63,100
Jul 2, 2025
16.36
16.78
16.36
16.78
10.24
45,000
Jul 1, 2025
16.50
16.54
16.15
16.41
10.02
51,900
Jun 30, 2025
16.50
16.51
16.34
16.46
10.05
62,700
Jun 27, 2025
16.45
16.55
16.30
16.55
10.10
43,300
Jun 26, 2025
16.43
16.43
16.21
16.29
9.94
36,300
Jun 25, 2025
16.10
16.24
16.10
16.24
9.91
95,500
Jun 24, 2025
15.80
16.07
15.79
16.03
9.78
63,100
Jun 23, 2025
15.35
15.58
15.35
15.53
9.48
243,100
Jun 20, 2025
15.80
15.80
15.40
15.51
9.47
42,700
Jun 18, 2025
15.75
15.80
15.70
15.74
9.61
38,900
Jun 17, 2025
15.75
15.80
15.67
15.67
9.56
33,000
Jun 16, 2025
15.56
15.85
15.56
15.73
9.60
75,800
Jun 13, 2025
15.29
15.68
15.29
15.48
9.45
99,700
Jun 12, 2025
0.896 Dividend 

Jun 12, 2025
15.78
15.83
15.54
15.76
9.62
157,400
Jun 11, 2025
16.79
16.79
16.50
16.62
9.60
374,800
Jun 10, 2025
16.65
16.65
16.40
16.56
9.56
90,900
Jun 9, 2025
16.28
16.38
16.20
16.30
9.41
119,100
Jun 6, 2025
16.10
16.20
16.02
16.15
9.33
99,900
Jun 5, 2025
16.10
16.15
15.95
16.02
9.25
41,500
Jun 4, 2025
15.76
16.03
15.76
15.97
9.22
40,500
Jun 3, 2025
15.58
15.74
15.48
15.72
9.08
32,700
Jun 2, 2025
15.48
15.57
15.37
15.55
8.98
25,200
May 30, 2025
15.62
15.62
15.20
15.37
8.88
34,600
May 29, 2025
15.65
15.70
15.56
15.62
9.02
27,400
May 28, 2025
15.63
15.63
15.50
15.54
8.97
22,600
May 27, 2025
15.26
15.64
15.26
15.60
9.01
46,200
May 23, 2025
15.14
15.28
15.09
15.24
8.80
22,200
May 22, 2025
15.10
15.52
15.10
15.47
8.93
29,500
May 21, 2025
15.34
15.40
15.06
15.12
8.73
48,200
May 20, 2025
15.51
15.51
15.10
15.27
8.82
26,200
May 19, 2025
15.07
15.26
14.97
15.18
8.77
111,300
May 16, 2025
15.20
15.28
15.19
15.23
8.79
113,300
May 15, 2025
0.788 Dividend 

May 15, 2025
15.28
15.28
15.06
15.21
8.78
47,300
May 14, 2025
15.87
16.08
15.87
16.04
8.81
138,300
May 13, 2025
15.51
15.97
15.51
15.96
8.76
61,800
May 12, 2025
15.66
15.66
15.44
15.56
8.54
113,900
May 9, 2025
15.03
15.08
14.92
14.93
8.20
36,700
May 8, 2025
14.70
14.90
14.66
14.79
8.12
25,100
May 7, 2025
14.70
14.72
14.41
14.68
8.06
19,000
May 6, 2025
14.55
14.64
14.45
14.50
7.96
18,400
May 5, 2025
15.02
15.02
14.75
14.77
8.11
18,000
May 2, 2025
14.74
14.95
14.74
14.92
8.19
29,100
May 1, 2025
14.58
14.59
14.35
14.50
7.96
36,200
Apr 30, 2025
14.09
14.21
13.91
14.19
7.79
23,700
Apr 29, 2025
14.04
14.17
14.04
14.08
7.73
13,400
Apr 28, 2025
14.04
14.21
13.78
13.96
7.67
26,400
Apr 25, 2025
14.06
14.10
13.82
14.07
7.73
22,800
Apr 24, 2025
13.69
13.95
13.69
13.90
7.63
24,700
Apr 23, 2025
13.85
13.85
13.56
13.62
7.48
17,800
Apr 22, 2025
12.87
13.30
12.87
13.21
7.25
29,100
Apr 21, 2025
12.98
13.11
12.75
12.97
7.12
126,900
Apr 17, 2025
0.564 Dividend 

Apr 17, 2025
13.48
13.66
13.17
13.20
7.25
57,400
Apr 16, 2025
14.04
14.04
13.45
13.74
7.23
78,600
Apr 15, 2025
14.15
14.21
14.07
14.17
7.46
56,500
Apr 14, 2025
14.10
14.14
13.83
13.95
7.35
88,400
Apr 11, 2025
13.96
14.08
13.78
14.07
7.41
43,900
Apr 10, 2025
13.45
13.71
13.20
13.51
7.11
24,900
Apr 9, 2025
13.43
13.90
12.45
13.90
7.32
30,800
Apr 8, 2025
13.38
13.57
12.52
12.77
6.72
25,400
Apr 7, 2025
12.10
13.51
12.10
13.09
6.89
48,300
Apr 4, 2025
13.00
13.43
12.90
13.04
6.87
48,100
Apr 3, 2025
14.12
14.38
13.97
13.97
7.36
70,000
Apr 2, 2025
14.70
15.10
14.70
15.02
7.91
18,300
Apr 1, 2025
14.66
14.94
14.66
14.89
7.84
14,900
Mar 31, 2025
14.17
14.71
14.17
14.65
7.71
32,400
Mar 28, 2025
14.80
14.87
14.53
14.62
7.70
23,600
Mar 27, 2025
15.08
15.11
14.78
14.83
7.81
31,100
Mar 26, 2025
15.66
15.66
15.13
15.29
8.05
26,800
Mar 25, 2025
15.71
15.73
15.66
15.73
8.28
11,100
Mar 24, 2025
15.56
15.75
15.56
15.67
8.25
113,200
Mar 21, 2025
15.19
15.49
15.19
15.44
8.13
41,400
Mar 20, 2025
0.577 Dividend 

Mar 20, 2025
15.31
15.43
15.20
15.42
8.12
44,300
Mar 19, 2025
15.72
15.86
15.59
15.77
8.00
87,300
Mar 18, 2025
15.84
15.84
15.45
15.66
7.94
35,900
Mar 17, 2025
15.69
15.83
15.65
15.80
8.02
43,700
Mar 14, 2025
15.59
15.64
15.48
15.58
7.90
32,200
Mar 13, 2025
15.69
15.69
15.33
15.41
7.82
16,000
Mar 12, 2025
15.90
15.90
15.68
15.88
8.06
30,400
Mar 11, 2025
15.13
15.53
15.13
15.31
7.77
16,000
Mar 10, 2025
15.51
15.55
15.08
15.25
7.74
24,300
Mar 7, 2025
15.64
15.82
15.31
15.72
7.97
14,400
Mar 6, 2025
15.95
16.08
15.60
15.60
7.91
28,000
Mar 5, 2025
16.39
16.39
16.05
16.28
8.26
39,700
Mar 4, 2025
15.41
16.25
15.41
15.91
8.07
32,000
Mar 3, 2025
16.22
16.22
15.24
15.39
7.81
32,900
Feb 28, 2025
15.75
16.06
15.63
16.00
8.12
21,400
Feb 27, 2025
16.94
17.11
15.96
15.96
8.10
36,200
Feb 26, 2025
16.88
17.20
16.85
17.10
8.68
21,700
Feb 25, 2025
16.60
16.93
16.53
16.62
8.43
40,400
Feb 24, 2025
17.40
17.40
16.86
16.89
8.57
192,400
Feb 21, 2025
17.66
17.66
17.17
17.31
8.78
55,100
Feb 20, 2025
0.602 Dividend 

Feb 20, 2025
17.64
17.64
17.30
17.50
8.88
44,100
Feb 19, 2025
18.22
18.23
18.11
18.19
8.92
73,100
Feb 18, 2025
18.58
18.58
18.12
18.26
8.96
61,300
Feb 14, 2025
18.03
18.41
17.83
18.31
8.98
58,000
Feb 13, 2025
18.57
18.57
17.95
18.15
8.90
27,300
Feb 12, 2025
18.47
18.51
18.27
18.51
9.08
29,700
Feb 11, 2025
18.53
18.69
18.40
18.65
9.15
13,900
Feb 10, 2025
18.59
18.65
18.47
18.56
9.10
35,000
Feb 7, 2025
18.78
18.83
18.35
18.37
9.01
26,400
Feb 6, 2025
18.78
18.78
18.41
18.70
9.17
12,900
Feb 5, 2025
18.18
18.69
18.18
18.57
9.11
16,300
Feb 4, 2025
18.20
18.20
18.00
18.18
8.92
21,300
Feb 3, 2025
17.85
18.11
17.61
17.75
8.71
35,100
Jan 31, 2025
18.60
18.90
18.48
18.52
9.08
95,400
Jan 30, 2025
18.39
18.60
18.37
18.52
9.08
31,300
Jan 29, 2025
18.11
18.36
17.87
18.00
8.83
31,300
Jan 28, 2025
17.60
18.09
17.30
18.03
8.84
44,200
Jan 27, 2025
18.02
18.32
16.71
17.12
8.40
236,800
Jan 24, 2025
20.13
20.13
19.71
19.74
9.68
38,700
Jan 23, 2025
0.645 Dividend 

Jan 23, 2025
19.52
19.92
19.50
19.90
9.76
44,000
Jan 22, 2025
20.44
20.56
20.20
20.46
9.72
78,700
Jan 21, 2025
19.94
20.21
19.55
20.01
9.51
176,300
Jan 17, 2025
19.89
19.89
19.43
19.51
9.27
72,900
Jan 16, 2025
20.18
20.26
19.76
19.80
9.41
69,800
Jan 15, 2025
19.17
19.38
18.95
19.38
9.21
39,400
Jan 14, 2025
19.42
19.42
18.76
19.02
9.04
17,900
Jan 13, 2025
19.07
19.15
18.90
19.02
9.04
56,500
Jan 10, 2025
19.81
19.81
19.15
19.53
9.28
52,000
Jan 8, 2025
19.79
19.79
19.39
19.47
9.25
13,600
Jan 7, 2025
20.45
20.57
19.79
19.79
9.40
28,100
Jan 6, 2025
20.49
20.65
20.28
20.56
9.77
39,600
Jan 3, 2025
19.63
19.83
19.51
19.83
9.42
19,500
Jan 2, 2025
19.20
19.49
19.10
19.35
9.19
25,700
Dec 31, 2024
19.25
19.28
18.99
19.00
9.03
20,900
Dec 30, 2024
19.17
19.33
19.05
19.26
9.15
33,200
Dec 27, 2024
0.807 Dividend 

Dec 27, 2024
19.72
19.72
19.15
19.37
9.20
37,200
Dec 26, 2024
20.55
20.63
20.28
20.31
9.26
59,900
Dec 24, 2024
20.52
20.52
20.37
20.50
9.35
22,500
Dec 23, 2024
20.26
20.57
20.13
20.47
9.34
256,300
Dec 20, 2024
19.49
19.96
19.35
19.82
9.04
31,300
Dec 19, 2024
19.91
19.91
19.48
19.63
8.95
19,500
Dec 18, 2024
19.90
20.10
19.40
19.64
8.96
20,300
Dec 17, 2024
19.83
19.86
19.69
19.86
9.06
14,700
Dec 16, 2024
19.84
20.00
19.84
19.93
9.09
22,400
Dec 13, 2024
19.74
19.85
19.60
19.83
9.05
22,300
Dec 12, 2024
19.28
19.39
19.20
19.20
8.76
8,700
Dec 11, 2024
19.48
19.48
19.31
19.35
8.83
22,300
Dec 10, 2024
19.93
19.93
19.03
19.20
8.76
33,100
Dec 9, 2024
19.90
20.09
19.77
19.77
9.02
26,400
Dec 6, 2024
20.16
20.16
19.89
20.09
9.16
36,300
Dec 5, 2024
19.89
20.28
19.89
20.18
9.20
33,900
Dec 4, 2024
19.97
20.04
19.78
19.89
9.07
41,500
Dec 3, 2024
19.36
19.79
19.36
19.78
9.02
57,900
Dec 2, 2024
19.00
19.51
19.00
19.46
8.88
132,500
Nov 29, 2024
0.538 Dividend 

Nov 29, 2024
18.40
18.97
18.40
18.79
8.57
55,000
Nov 27, 2024
19.27
19.27
18.73
19.06
8.45
139,100
Nov 26, 2024
19.59
19.59
19.11
19.27
8.54
102,400
Nov 25, 2024
19.85
19.85
19.22
19.37
8.59
182,600
Nov 22, 2024
20.22
20.22
19.73
19.81
8.78
131,400
Nov 21, 2024
19.79
19.86
19.43
19.83
8.79
39,500
Nov 20, 2024
19.60
19.60
19.13
19.45
8.62
34,500
Nov 19, 2024
19.70
19.70
19.45
19.59
8.69
27,800
Nov 18, 2024
19.20
19.43
19.05
19.42
8.61
65,000
Nov 15, 2024
19.55
19.55
19.11
19.20
8.51
44,100
Nov 14, 2024
19.32
19.71
19.32
19.37
8.59
25,700
Nov 13, 2024
19.74
19.74
19.24
19.30
8.56
37,100
Nov 12, 2024
20.00
20.00
19.54
19.67
8.72
36,700
Nov 11, 2024
20.40
20.40
19.68
19.97
8.85
63,700
Nov 8, 2024
20.88
20.88
20.63
20.68
9.17
20,800
Nov 7, 2024
20.38
20.68
20.38
20.60
9.13
32,500
Nov 6, 2024
19.85
20.22
19.71
20.08
8.90
63,700
Nov 5, 2024
19.89
20.39
19.89
20.26
8.98
138,300
Nov 4, 2024
19.97
20.02
19.79
19.94
8.84
85,800
Nov 1, 2024
19.88
20.36
19.88
19.94
8.84
103,400
Oct 31, 2024
0.89 Dividend 

Oct 31, 2024
19.91
20.00
19.53
19.77
8.76
80,600
Oct 30, 2024
21.20
21.20
20.89
21.11
8.96
364,000
Oct 29, 2024
21.11
21.42
20.97
21.28
9.04
55,300
Oct 28, 2024
21.65
21.65
21.04
21.04
8.93
100,100
Oct 25, 2024
21.35
21.86
21.35
21.77
9.24
19,200
Oct 24, 2024
21.62
21.62
21.25
21.30
9.04
11,800
Oct 23, 2024
21.22
21.61
21.20
21.49
9.13
22,500
Oct 22, 2024
21.55
21.55
21.22
21.35
9.06
17,700
Oct 21, 2024
21.61
21.68
21.37
21.60
9.17
593,800
Oct 18, 2024
22.07
22.07
21.47
21.49
9.12
12,800
Oct 17, 2024
22.00
22.31
21.69
21.89
9.30
21,200
Oct 16, 2024
20.94
20.94
20.49
20.49
8.70
7,500
Oct 15, 2024
20.95
20.95
20.43
20.47
8.69
10,200
Oct 14, 2024
20.95
21.07
20.88
20.97
8.90
9,300
Oct 11, 2024
20.45
20.78
20.45
20.78
8.82
17,500
Oct 10, 2024
20.47
20.47
20.24
20.40
8.66
6,000
Oct 9, 2024
20.27
20.42
20.04
20.42
8.67
13,300
Oct 8, 2024
20.36
20.36
20.08
20.26
8.60
11,200
Oct 7, 2024
19.55
20.20
19.55
20.12
8.54
29,000
Oct 4, 2024
19.48
19.72
19.48
19.66
8.35
74,800
Oct 3, 2024
0.371 Dividend 

Oct 3, 2024
19.55
19.74
19.33
19.68
8.35
17,800
Oct 2, 2024
19.32
19.82
19.26
19.72
8.21
97,000
Oct 1, 2024
20.00
20.00
19.32
19.47
8.11
36,300
Sep 30, 2024
20.04
20.04
19.38
19.51
8.13
62,100
Sep 27, 2024
21.02
21.02
20.00
20.10
8.37
38,400
Sep 26, 2024
20.92
20.95
20.92
20.93
8.72
12,200
Sep 25, 2024
21.38
21.38
20.87
20.91
8.71
34,200
Sep 24, 2024
20.95
20.95
20.75
20.88
8.70
33,800
Sep 23, 2024
20.47
20.63
20.47
20.62
8.59
18,000
Sep 20, 2024
20.53
20.58
20.43
20.44
8.51
7,300
Sep 19, 2024
20.57
20.63
20.30
20.55
8.56
7,600
Sep 18, 2024
20.08
20.08
19.88
19.92
8.30
3,500
Sep 17, 2024
20.24
20.24
19.80
19.85
8.27
9,300
Sep 16, 2024
20.33
20.33
19.80
20.02
8.34
10,200
Sep 13, 2024
20.45
20.47
20.42
20.45
8.52
8,900
Sep 12, 2024
20.25
20.36
20.19
20.35
8.48
10,300
Sep 11, 2024
19.83
20.16
19.50
20.16
8.40
7,100
Sep 10, 2024
19.60
19.60
19.07
19.50
8.13
13,500
Sep 9, 2024
19.34
19.50
19.21
19.45
8.10
14,500
Sep 6, 2024
19.59
19.59
18.79
18.86
7.86
26,600
Sep 5, 2024
19.32
19.55
19.32
19.44
8.10
21,900
Sep 4, 2024
19.13
19.48
19.13
19.22
8.01
20,800
Sep 3, 2024
20.05
20.05
19.14
19.19
7.99
25,600
Aug 30, 2024
20.15
20.27
19.97
20.25
8.44
15,000
Aug 29, 2024
20.00
20.47
19.95
20.02
8.34
52,100
Aug 28, 2024
20.28
20.28
19.72
19.97
8.32
13,100
Aug 27, 2024
19.68
20.08
19.55
20.03
8.34
36,200
Aug 26, 2024
20.14
20.14
19.82
19.92
8.30
19,800
Aug 23, 2024
20.00
20.14
20.00
20.09
8.37
12,500
Aug 22, 2024
21.60
21.60
19.57
19.60
8.17
30,900
Aug 21, 2024
20.05
20.40
19.95
20.03
8.35
51,100
