Date
Open
High
Low
Close 

Adj Close 

Volume
Jun 5, 2026
25.85
25.89
25.11
25.18
25.18
282,100
Jun 4, 2026
25.90
25.94
25.70
25.87
25.87
242,400
Jun 3, 2026
25.98
26.03
25.92
25.94
25.94
217,100
Jun 2, 2026
0.298 Dividend 

Jun 2, 2026
25.88
26.01
25.87
25.95
25.95
161,300
Jun 1, 2026
26.26
26.30
26.17
26.27
25.97
352,000
May 29, 2026
26.23
26.23
26.11
26.17
25.87
242,000
May 28, 2026
25.96
26.15
25.94
26.13
25.83
200,600
May 27, 2026
25.95
26.05
25.92
25.97
25.68
178,700
May 26, 2026
25.95
26.05
25.93
25.99
25.70
299,200
May 22, 2026
25.91
25.92
25.78
25.82
25.53
115,500
May 21, 2026
25.48
25.75
25.48
25.72
25.43
152,400
May 20, 2026
25.51
25.67
25.40
25.59
25.30
254,900
May 19, 2026
25.50
25.53
25.33
25.40
25.11
80,500
May 18, 2026
25.55
25.63
25.38
25.50
25.21
174,200
May 15, 2026
25.70
25.70
25.52
25.56
25.27
209,400
May 14, 2026
25.71
25.91
25.71
25.83
25.54
207,400
May 13, 2026
25.60
25.73
25.45
25.68
25.39
166,800
May 12, 2026
25.47
25.57
25.33
25.55
25.26
230,100
May 11, 2026
25.49
25.62
25.49
25.59
25.30
335,500
May 8, 2026
25.38
25.53
25.38
25.50
25.21
227,100
May 7, 2026
25.40
25.47
25.25
25.32
25.03
303,500
May 6, 2026
25.18
25.45
25.17
25.45
25.16
555,600
May 5, 2026
0.293 Dividend 

May 5, 2026
25.06
25.11
25.02
25.08
24.80
208,000
May 4, 2026
25.29
25.34
25.09
25.23
24.65
452,600
May 1, 2026
25.31
25.45
25.30
25.34
24.76
762,800
Apr 30, 2026
25.12
25.31
25.01
25.27
24.69
297,400
Apr 29, 2026
25.07
25.07
24.93
25.05
24.48
296,800
Apr 28, 2026
25.09
25.10
24.96
25.07
24.50
223,000
Apr 27, 2026
25.09
25.18
25.01
25.13
24.56
366,100
Apr 24, 2026
25.04
25.16
24.92
25.16
24.59
286,000
Apr 23, 2026
24.99
25.04
24.66
24.94
24.37
367,800
Apr 22, 2026
24.97
25.03
24.91
25.03
24.46
280,800
Apr 21, 2026
24.97
25.00
24.74
24.78
24.21
225,700
Apr 20, 2026
24.86
24.96
24.81
24.89
24.32
225,900
Apr 17, 2026
24.86
25.03
24.74
24.97
24.40
295,600
Apr 16, 2026
24.67
24.70
24.55
24.68
24.12
142,300
Apr 15, 2026
24.48
24.61
24.42
24.61
24.05
125,400
Apr 14, 2026
24.11
24.41
24.08
24.40
23.84
345,700
Apr 13, 2026
24.00
24.25
23.92
24.25
23.70
202,100
Apr 10, 2026
24.08
24.10
23.97
24.04
23.49
219,600
Apr 9, 2026
23.84
24.06
23.83
24.02
23.47
307,300
Apr 8, 2026
23.92
23.92
23.72
23.91
23.36
176,700
Apr 7, 2026
23.23
23.30
23.01
23.30
22.77
180,300
Apr 6, 2026
23.18
23.29
23.15
23.27
22.74
219,900
Apr 2, 2026
22.90
23.25
22.88
23.24
22.71
239,600
Apr 1, 2026
23.31
23.38
23.19
23.22
22.69
315,900
Mar 31, 2026
0.281 Dividend 

Mar 31, 2026
22.76
23.15
22.71
23.15
22.62
195,300
Mar 30, 2026
23.00
23.09
22.67
22.76
21.97
230,300
Mar 27, 2026
23.20
23.20
22.77
22.90
22.10
249,200
Mar 26, 2026
23.52
23.59
23.22
23.23
22.42
202,100
Mar 25, 2026
23.69
23.75
23.56
23.62
22.80
212,400
Mar 24, 2026
23.49
23.63
23.40
23.53
22.71
174,500
Mar 23, 2026
23.60
23.82
23.54
23.57
22.75
377,600
Mar 20, 2026
23.63
23.65
23.19
23.32
22.51
783,800
Mar 19, 2026
23.61
23.77
23.52
23.65
22.82
135,600
Mar 18, 2026
23.91
24.02
23.72
23.72
22.89
127,300
Mar 17, 2026
24.05
24.20
24.03
24.03
23.19
91,800
Mar 16, 2026
23.90
24.07
23.88
24.04
23.20
144,900
Mar 13, 2026
24.01
24.11
23.72
23.79
22.96
209,600
Mar 12, 2026
24.10
24.10
23.87
23.91
23.08
217,700
Mar 11, 2026
24.23
24.36
24.13
24.20
23.36
170,100
Mar 10, 2026
24.39
24.54
24.15
24.23
23.38
442,300
Mar 9, 2026
24.07
24.49
23.93
24.40
23.55
381,400
Mar 6, 2026
24.33
24.43
24.20
24.34
23.49
280,400
Mar 5, 2026
24.71
24.78
24.44
24.68
23.82
243,000
Mar 4, 2026
24.75
24.85
24.58
24.77
23.91
265,000
Mar 3, 2026
0.3 Dividend 

Mar 3, 2026
24.43
24.66
24.21
24.59
23.73
782,900
Mar 2, 2026
24.71
25.19
24.71
25.11
23.94
333,400
Feb 27, 2026
25.06
25.13
24.95
25.13
23.96
309,900
Feb 26, 2026
25.28
25.32
25.03
25.20
24.03
173,900
Feb 25, 2026
25.21
25.34
25.18
25.31
24.13
163,700
Feb 24, 2026
24.97
25.14
24.87
25.14
23.97
301,100
Feb 23, 2026
25.18
25.19
24.85
24.91
23.75
311,700
Feb 20, 2026
24.97
25.21
24.93
25.21
24.04
251,600
Feb 19, 2026
24.98
25.06
24.89
24.97
23.81
329,000
Feb 18, 2026
25.15
25.15
24.84
25.09
23.93
262,000
Feb 17, 2026
24.75
24.98
24.68
24.87
23.72
376,800
Feb 13, 2026
24.90
25.02
24.72
24.87
23.72
290,000
Feb 12, 2026
25.35
25.37
24.80
24.85
23.70
220,400
Feb 11, 2026
25.40
25.42
25.07
25.23
24.06
288,800
Feb 10, 2026
25.22
25.32
25.21
25.23
24.06
241,900
Feb 9, 2026
25.19
25.40
25.14
25.33
24.15
304,300
Feb 6, 2026
24.97
25.28
24.92
25.27
24.10
280,600
Feb 5, 2026
24.93
25.01
24.70
24.75
23.60
498,200
Feb 4, 2026
25.24
25.28
24.93
25.09
23.93
545,900
Feb 3, 2026
0.3 Dividend 

Feb 3, 2026
25.49
25.50
25.00
25.22
24.05
524,300
Feb 2, 2026
25.59
25.81
25.53
25.79
24.31
537,300
Jan 30, 2026
25.52
25.68
25.43
25.63
24.16
261,400
Jan 29, 2026
25.75
25.81
25.35
25.65
24.17
347,000
Jan 28, 2026
25.75
25.80
25.68
25.74
24.26
195,700
Jan 27, 2026
25.69
25.77
25.66
25.74
24.26
301,200
Jan 26, 2026
25.50
25.68
25.46
25.63
24.16
343,200
Jan 23, 2026
25.47
25.56
25.40
25.47
24.01
280,100
Jan 22, 2026
25.50
25.59
25.41
25.49
24.02
391,000
Jan 21, 2026
25.18
25.45
25.09
25.36
23.90
447,600
Jan 20, 2026
25.28
25.32
25.01
25.05
23.61
455,900
Jan 16, 2026
25.70
25.70
25.51
25.57
24.10
290,800
Jan 15, 2026
25.63
25.71
25.56
25.60
24.13
383,200
Jan 14, 2026
25.59
25.59
25.35
25.52
24.05
232,200
Jan 13, 2026
25.69
25.70
25.53
25.63
24.16
183,200
Jan 12, 2026
25.52
25.68
25.51
25.65
24.17
336,900
Jan 9, 2026
25.55
25.65
25.45
25.63
24.16
267,400
Jan 8, 2026
25.41
25.49
25.37
25.46
24.00
377,100
Jan 7, 2026
25.57
25.61
25.43
25.45
23.99
266,400
Jan 6, 2026
0.302 Dividend 

Jan 6, 2026
25.52
25.58
25.40
25.57
24.10
389,300
Jan 5, 2026
25.76
25.78
25.66
25.71
23.95
445,700
Jan 2, 2026
25.65
25.67
25.41
25.57
23.82
288,200
Dec 31, 2025
25.65
25.69
25.49
25.50
23.75
219,500
Dec 30, 2025
25.88
25.97
25.65
25.68
23.92
202,500
Dec 29, 2025
25.79
25.79
25.62
25.69
23.93
319,700
Dec 26, 2025
25.77
25.88
25.75
25.82
24.05
203,100
Dec 24, 2025
25.74
25.83
25.72
25.81
24.04
99,800
Dec 23, 2025
25.66
25.74
25.56
25.74
23.97
137,100
Dec 22, 2025
25.67
25.67
25.50
25.63
23.87
134,500
Dec 19, 2025
25.47
25.48
25.27
25.47
23.72
88,900
Dec 18, 2025
25.29
25.36
25.13
25.18
23.45
146,700
Dec 17, 2025
25.41
25.41
24.98
25.02
23.30
137,400
Dec 16, 2025
25.40
25.40
25.14
25.27
23.54
143,700
Dec 15, 2025
25.43
25.55
25.27
25.35
23.61
105,300
Dec 12, 2025
25.66
25.68
25.32
25.47
23.72
123,400
Dec 11, 2025
25.52
25.65
25.41
25.65
23.89
114,800
Dec 10, 2025
25.44
25.63
25.35
25.59
23.83
114,200
Dec 9, 2025
25.43
25.52
25.41
25.44
23.70
90,200
Dec 8, 2025
25.60
25.60
25.35
25.45
23.70
143,500
Dec 5, 2025
25.50
25.60
25.45
25.52
23.77
83,600
Dec 4, 2025
25.50
25.51
25.34
25.46
23.71
95,400
Dec 3, 2025
25.41
25.47
25.26
25.45
23.70
170,400
Dec 2, 2025
0.301 Dividend 

Dec 2, 2025
25.46
25.46
25.29
25.36
23.62
140,500
Dec 1, 2025
25.61
25.69
25.53
25.57
23.54
203,000
Nov 28, 2025
25.61
25.70
25.51
25.70
23.66
178,900
Nov 26, 2025
25.45
25.64
25.43
25.56
23.53
131,200
Nov 25, 2025
25.22
25.40
24.99
25.40
23.38
82,000
Nov 24, 2025
24.90
25.20
24.85
25.15
23.15
133,100
Nov 21, 2025
24.57
24.94
24.44
24.72
22.75
102,600
Nov 20, 2025
25.01
25.35
24.48
24.48
22.53
166,400
Nov 19, 2025
24.89
25.05
24.70
24.89
22.91
225,400
Nov 18, 2025
24.81
24.94
24.61
24.75
22.78
140,200
Nov 17, 2025
25.16
25.25
24.85
25.00
23.01
217,300
Nov 14, 2025
24.91
25.32
24.89
25.17
23.17
112,500
Nov 13, 2025
25.51
25.53
25.12
25.21
23.20
156,400
Nov 12, 2025
25.61
25.75
25.51
25.57
23.54
101,900
Nov 11, 2025
25.57
25.63
25.46
25.58
23.55
93,000
Nov 10, 2025
25.41
25.60
25.33
25.60
23.56
219,700
Nov 7, 2025
25.05
25.25
24.86
25.25
23.24
167,500
Nov 6, 2025
25.47
25.47
25.11
25.20
23.20
176,500
Nov 5, 2025
25.46
25.59
25.35
25.47
23.44
180,500
Nov 4, 2025
0.303 Dividend 

Nov 4, 2025
25.62
25.70
25.35
25.39
23.37
274,200
Nov 3, 2025
26.52
26.67
25.84
25.99
23.64
396,400
Oct 31, 2025
26.05
26.05
25.80
25.90
23.56
161,800
Oct 30, 2025
26.01
26.09
25.83
25.85
23.52
121,800
Oct 29, 2025
26.10
26.26
25.95
26.12
23.76
169,700
Oct 28, 2025
26.10
26.17
25.98
26.11
23.75
159,400
Oct 27, 2025
25.81
26.03
25.81
26.03
23.68
177,700
Oct 24, 2025
25.75
25.75
25.62
25.71
23.39
80,600
Oct 23, 2025
25.43
25.54
25.35
25.50
23.20
61,300
Oct 22, 2025
25.49
25.49
25.17
25.31
23.03
58,900
Oct 21, 2025
25.49
25.50
25.36
25.46
23.16
93,600
Oct 20, 2025
25.19
25.49
25.19
25.42
23.13
112,500
Oct 17, 2025
24.83
25.26
24.83
25.13
22.86
83,200
Oct 16, 2025
25.34
25.35
24.85
24.98
22.72
42,100
Oct 15, 2025
25.32
25.36
24.98
25.15
22.88
94,100
Oct 14, 2025
25.04
25.27
24.80
25.16
22.89
86,200
Oct 13, 2025
25.12
25.22
25.00
25.20
22.92
81,700
Oct 10, 2025
25.49
25.56
24.76
24.81
22.57
203,800
Oct 9, 2025
25.50
25.60
25.36
25.49
23.19
106,500
Oct 8, 2025
25.36
25.53
25.36
25.52
23.22
108,000
Oct 7, 2025
0.3 Dividend 

Oct 7, 2025
25.56
25.58
25.32
25.39
23.10
191,100
Oct 6, 2025
25.81
25.83
25.69
25.80
23.20
209,700
Oct 3, 2025
25.69
25.81
25.63
25.67
23.09
134,000
Oct 2, 2025
25.69
25.70
25.56
25.67
23.08
180,400
Oct 1, 2025
25.68
25.71
25.45
25.68
23.09
107,100
Sep 30, 2025
25.46
25.60
25.40
25.60
23.02
134,700
Sep 29, 2025
25.58
25.60
25.40
25.49
22.92
164,800
Sep 26, 2025
25.38
25.39
25.20
25.38
22.82
62,400
Sep 25, 2025
25.26
25.32
25.07
25.24
22.69
99,900
Sep 24, 2025
25.50
25.50
25.27
25.37
22.81
91,200
Sep 23, 2025
25.58
25.62
25.38
25.43
22.87
159,900
Sep 22, 2025
25.47
25.60
25.41
25.59
23.01
89,600
Sep 19, 2025
25.42
25.49
25.29
25.47
22.90
90,800
Sep 18, 2025
25.50
25.50
25.27
25.34
22.78
155,600
Sep 17, 2025
25.30
25.30
25.04
25.22
22.68
96,300
Sep 16, 2025
25.27
25.31
25.15
25.24
22.69
82,700
Sep 15, 2025
25.22
25.27
25.16
25.19
22.65
115,400
Sep 12, 2025
25.20
25.21
25.07
25.17
22.63
86,500
Sep 11, 2025
25.00
25.17
24.97
25.12
22.59
67,400
Sep 10, 2025
24.91
25.04
24.87
24.96
22.44
101,100
Sep 9, 2025
24.79
24.88
24.72
24.87
22.36
153,000
Sep 8, 2025
24.70
24.82
24.70
24.72
22.22
205,500
Sep 5, 2025
24.91
24.94
24.56
24.69
22.20
251,000
Sep 4, 2025
24.74
24.84
24.53
24.83
22.33
396,300
Sep 3, 2025
24.77
24.77
24.48
24.62
22.14
88,100
Sep 2, 2025
0.292 Dividend 

Sep 2, 2025
24.44
24.48
24.22
24.47
22.00
192,300
Aug 29, 2025
25.12
25.12
24.85
24.93
22.15
112,200
Aug 28, 2025
24.96
25.10
24.94
25.00
22.22
77,900
Aug 27, 2025
25.00
25.05
24.90
25.05
22.26
49,400
Aug 26, 2025
24.85
24.94
24.76
24.90
22.13
85,300
Aug 25, 2025
25.00
25.00
24.85
24.86
22.09
67,400
Aug 22, 2025
24.57
24.98
24.57
24.95
22.17
54,900
Aug 21, 2025
24.49
24.83
24.49
24.59
21.85
105,800
Aug 20, 2025
24.79
24.79
24.42
24.66
21.91
57,500
Aug 19, 2025
24.95
24.98
24.65
24.70
21.95
70,000
Aug 18, 2025
24.87
24.88
24.76
24.83
22.06
56,800
Aug 15, 2025
25.00
25.00
24.77
24.83
22.06
34,000
Aug 14, 2025
24.74
24.88
24.74
24.82
22.06
48,600
Aug 13, 2025
24.90
24.93
24.77
24.90
22.13
74,700
Aug 12, 2025
24.59
24.82
24.56
24.75
21.99
45,200
Aug 11, 2025
24.63
24.65
24.50
24.55
21.82
77,300
Aug 8, 2025
24.50
24.64
24.43
24.63
21.89
46,600
Aug 7, 2025
24.45
24.55
24.29
24.40
21.68
81,200
Aug 6, 2025
24.34
24.45
24.25
24.44
21.72
71,700
Aug 5, 2025
0.292 Dividend 

Aug 5, 2025
24.47
24.47
24.18
24.27
21.57
78,000
Aug 4, 2025
24.45
24.70
24.44
24.70
21.69
113,400
Aug 1, 2025
24.61
24.61
24.23
24.32
21.36
128,400
Jul 31, 2025
24.90
25.09
24.63
24.80
21.78
71,800
Jul 30, 2025
24.99
24.99
24.71
24.80
21.78
98,200
Jul 29, 2025
24.92
25.01
24.80
24.81
21.79
76,200
Jul 28, 2025
25.10
25.10
24.86
24.92
21.88
195,100
Jul 25, 2025
24.76
24.96
24.76
24.91
21.87
39,800
Jul 24, 2025
24.88
24.89
24.75
24.81
21.79
58,700
Jul 23, 2025
24.65
24.81
24.65
24.76
21.75
47,100
Jul 22, 2025
24.75
24.75
24.55
24.64
21.64
74,300
Jul 21, 2025
24.60
24.74
24.55
24.63
21.63
87,600
Jul 18, 2025
24.55
24.63
24.45
24.58
21.58
93,600
Jul 17, 2025
24.53
24.55
24.41
24.55
21.56
59,000
Jul 16, 2025
24.36
24.46
24.15
24.43
21.45
38,300
Jul 15, 2025
24.65
24.65
24.33
24.40
21.43
46,100
Jul 14, 2025
24.37
24.50
24.35
24.46
21.48
50,900
Jul 11, 2025
24.51
24.51
24.35
24.43
21.45
29,900
Jul 10, 2025
24.50
24.54
24.42
24.49
21.50
27,100
Jul 9, 2025
24.26
24.46
24.26
24.37
21.40
31,300
Jul 8, 2025
24.26
24.37
24.20
24.30
21.34
31,900
Jul 7, 2025
24.39
24.45
24.16
24.26
21.31
63,100
Jul 3, 2025
24.24
24.59
24.24
24.46
21.48
58,700
Jul 2, 2025
24.31
24.31
24.01
24.24
21.29
54,700
Jul 1, 2025
0.286 Dividend 

Jul 1, 2025
24.28
24.45
24.05
24.19
21.24
95,000
Jun 30, 2025
24.60
24.67
24.35
24.46
21.23
43,400
Jun 27, 2025
24.44
24.69
24.35
24.41
21.18
100,100
Jun 26, 2025
24.25
24.50
23.97
24.50
21.26
58,200
Jun 25, 2025
24.06
24.14
23.93
24.12
20.93
21,800
Jun 24, 2025
23.90
24.06
23.90
23.91
20.75
14,700
Jun 23, 2025
23.55
23.81
23.52
23.76
20.62
28,400
Jun 20, 2025
23.79
23.80
23.51
23.60
20.48
23,100
Jun 18, 2025
23.79
23.79
23.55
23.66
20.53
15,200
Jun 17, 2025
23.83
23.83
23.60
23.66
20.53
32,100
Jun 16, 2025
23.80
23.94
23.66
23.81
20.66
29,500
Jun 13, 2025
23.62
23.80
23.57
23.78
20.64
24,300
Jun 12, 2025
23.66
23.81
23.62
23.70
20.57
19,400
Jun 11, 2025
23.70
23.86
23.65
23.75
20.61
64,000
Jun 10, 2025
23.84
23.84
23.56
23.75
20.61
50,900
Jun 9, 2025
23.53
23.65
23.50
23.61
20.49
27,800
Jun 6, 2025
23.44
23.61
23.40
23.52
20.41
28,200
Jun 5, 2025
23.51
23.55
23.25
23.28
20.20
41,800
Jun 4, 2025
23.45
23.56
23.43
23.50
20.39
57,100
Jun 3, 2025
0.282 Dividend 

Jun 3, 2025
23.41
23.54
23.34
23.45
20.35
51,700
Jun 2, 2025
23.61
23.63
23.35
23.62
20.25
78,200
May 30, 2025
23.49
23.50
23.25
23.50
20.15
48,900
May 29, 2025
23.50
23.57
23.35
23.46
20.12
30,500
May 28, 2025
23.53
23.61
23.39
23.42
20.08
38,700
May 27, 2025
23.18
23.55
23.18
23.53
20.18
42,200
May 23, 2025
23.12
23.21
22.92
23.11
19.82
43,900
May 22, 2025
23.40
23.40
23.14
23.26
19.94
32,800
May 21, 2025
23.58
23.61
23.22
23.25
19.94
40,300
May 20, 2025
23.81
24.01
23.53
23.64
20.27
64,700
May 19, 2025
23.57
23.73
23.45
23.72
20.34
55,400
May 16, 2025
23.60
23.69
23.45
23.69
20.31
32,400
May 15, 2025
23.48
23.52
23.30
23.52
20.17
66,000
May 14, 2025
23.55
23.55
23.25
23.36
20.03
33,800
May 13, 2025
23.33
23.43
23.22
23.31
19.99
36,300
May 12, 2025
23.04
23.21
22.88
23.12
19.83
52,000
May 9, 2025
22.65
22.65
22.37
22.45
19.25
18,800
May 8, 2025
22.54
22.66
22.38
22.47
19.27
46,700
May 7, 2025
0.283 Dividend 

May 7, 2025
22.44
22.44
22.20
22.38
19.19
22,700
May 6, 2025
22.49
22.64
22.48
22.51
19.06
33,800
May 5, 2025
22.80
22.82
22.56
22.70
19.22
60,400
May 2, 2025
22.72
22.86
22.67
22.81
19.31
22,900
May 1, 2025
22.71
22.71
22.46
22.48
19.03
24,600
Apr 30, 2025
22.19
22.39
21.79
22.32
18.90
21,800
Apr 29, 2025
22.15
22.34
22.05
22.29
18.87
30,400
Apr 28, 2025
22.25
22.25
21.96
22.17
18.77
37,300
Apr 25, 2025
22.08
22.14
21.79
22.14
18.75
14,300
Apr 24, 2025
21.75
22.02
21.55
22.02
18.64
6,900
Apr 23, 2025
21.63
21.93
21.43
21.58
18.27
7,200
Apr 22, 2025
20.97
21.18
20.90
21.18
17.93
14,200
Apr 21, 2025
20.91
20.98
20.46
20.70
17.53
36,700
Apr 17, 2025
21.26
21.31
20.96
21.19
17.94
14,800
Apr 16, 2025
21.26
21.49
20.90
21.02
17.80
17,800
Apr 15, 2025
21.58
21.78
21.55
21.62
18.31
22,500
Apr 14, 2025
21.57
21.76
21.35
21.57
18.26
62,700
Apr 11, 2025
20.91
21.47
20.80
21.28
18.02
496,900
Apr 10, 2025
22.01
22.01
20.95
21.80
18.46
224,000
Apr 9, 2025
20.64
22.64
20.47
22.44
19.00
53,000
Apr 8, 2025
21.74
21.74
20.27
20.68
17.51
86,700
Apr 7, 2025
20.26
21.27
20.02
20.93
17.72
99,200
Apr 4, 2025
21.63
21.75
20.85
20.92
17.71
237,800
Apr 3, 2025
22.39
22.69
22.18
22.26
18.85
59,900
Apr 2, 2025
0.271 Dividend 

Apr 2, 2025
23.10
23.39
22.99
23.36
19.78
25,800
Apr 1, 2025
23.46
23.51
23.15
23.48
19.65
22,100
Mar 31, 2025
23.13
23.39
22.83
23.39
19.58
21,800
Mar 28, 2025
23.65
23.68
23.21
23.25
19.46
29,700
Mar 27, 2025
23.71
23.84
23.60
23.70
19.84
18,700
Mar 26, 2025
23.88
24.05
23.62
23.77
19.89
29,700
Mar 25, 2025
23.98
24.06
23.87
24.00
20.09
46,600
Mar 24, 2025
23.65
23.98
23.65
23.98
20.07
44,200
Mar 21, 2025
23.49
23.56
23.23
23.56
19.72
14,300
Mar 20, 2025
23.60
23.69
23.43
23.51
19.68
37,500
Mar 19, 2025
23.54
23.68
23.31
23.63
19.78
17,600
Mar 18, 2025
23.42
23.42
23.23
23.33
19.53
111,300
Mar 17, 2025
23.53
23.66
23.39
23.60
19.75
28,300
Mar 14, 2025
23.10
23.45
23.07
23.45
19.63
18,000
Mar 13, 2025
23.37
23.37
22.81
22.96
19.22
34,200
Mar 12, 2025
23.39
23.39
23.03
23.27
19.48
51,700
Mar 11, 2025
23.21
23.35
22.91
23.04
19.28
36,800
Mar 10, 2025
23.71
23.71
23.09
23.32
19.52
46,100
Mar 7, 2025
23.83
23.96
23.49
23.94
20.04
302,800
Mar 6, 2025
24.00
24.08
23.63
23.78
19.90
43,700
Mar 5, 2025
0.291 Dividend 

Mar 5, 2025
23.97
24.25
23.79
24.18
20.24
33,600
Mar 4, 2025
24.37
24.53
23.96
24.15
19.97
83,300
Mar 3, 2025
24.95
25.14
24.42
24.55
20.30
56,200
Feb 28, 2025
24.60
25.03
24.50
24.92
20.60
57,600
Feb 27, 2025
24.91
25.09
24.60
24.62
20.36
20,000
Feb 26, 2025
25.07
25.19
24.89
25.02
20.69
10,300
Feb 25, 2025
25.11
25.11
24.76
24.99
20.66
17,600
Feb 24, 2025
25.23
25.36
25.05
25.05
20.71
18,500
Feb 21, 2025
25.79
25.79
25.14
25.23
20.86
49,000
Feb 20, 2025
25.80
25.80
25.60
25.75
21.29
14,600
Feb 19, 2025
25.79
25.85
25.59
25.83
21.36
16,300
Feb 18, 2025
25.89
25.89
25.47
25.71
21.26
29,000
Feb 14, 2025
25.73
25.74
25.56
25.65
21.21
13,900
Feb 13, 2025
25.42
25.66
25.40
25.66
21.22
8,100
Feb 12, 2025
25.31
25.40
25.20
25.35
20.96
21,100
Feb 11, 2025
25.45
25.72
25.31
25.45
21.04
25,300
Feb 10, 2025
25.56
25.56
25.34
25.43
21.03
13,700
Feb 7, 2025
25.45
25.57
25.25
25.28
20.90
16,200
Feb 6, 2025
25.67
25.67
25.35
25.47
21.06
22,700
Feb 5, 2025
0.298 Dividend 

Feb 5, 2025
25.44
25.44
25.17
25.40
21.00
12,700
Feb 4, 2025
25.60
25.60
25.39
25.58
20.90
28,000
Feb 3, 2025
25.35
25.50
25.10
25.40
20.76
21,600
Jan 31, 2025
25.75
25.88
25.52
25.56
20.89
10,100
Jan 30, 2025
25.82
25.82
25.50
25.68
20.99
11,000
Jan 29, 2025
25.62
25.62
25.50
25.56
20.89
11,400
Jan 28, 2025
25.40
25.68
25.40
25.60
20.92
34,400
Jan 27, 2025
25.45
25.46
25.18
25.38
20.74
30,200
Jan 24, 2025
25.92
25.96
25.80
25.85
21.12
5,900
Jan 23, 2025
25.80
25.92
25.70
25.92
21.18
14,400
Jan 22, 2025
25.94
25.94
25.70
25.79
21.08
13,600
Jan 21, 2025
25.23
25.63
25.23
25.63
20.95
31,900
Jan 17, 2025
25.36
25.45
25.30
25.39
20.75
9,700
Jan 16, 2025
25.25
25.25
25.10
25.13
20.54
17,100
Jan 15, 2025
25.22
25.22
25.00
25.16
20.56
7,000
Jan 14, 2025
24.75
24.78
24.49
24.59
20.10
4,400
Jan 13, 2025
24.55
24.68
24.28
24.68
20.17
19,200
Jan 10, 2025
25.00
25.00
24.50
24.63
20.13
49,200
Jan 8, 2025
0.294 Dividend 

Jan 8, 2025
24.82
24.96
24.79
24.95
20.39
11,500
Jan 7, 2025
25.78
25.78
25.11
25.21
20.36
12,100
Jan 6, 2025
25.53
25.66
25.44
25.48
20.58
22,200
Jan 3, 2025
25.34
25.34
25.08
25.33
20.46
5,600
Jan 2, 2025
25.22
25.26
24.85
24.95
20.15
5,800
Dec 31, 2024
25.20
25.25
25.00
25.07
20.25
36,200
Dec 30, 2024
25.43
25.43
25.05
25.22
20.37
42,400
Dec 27, 2024
25.48
25.70
25.36
25.52
20.61
34,100
Dec 26, 2024
25.43
25.55
25.43
25.55
20.64
10,100
Dec 24, 2024
25.65
25.65
25.46
25.49
20.59
48,200
Dec 23, 2024
25.75
25.75
25.47
25.66
20.72
20,500
Dec 20, 2024
25.30
25.75
25.12
25.52
20.61
13,900
Dec 19, 2024
25.49
25.49
25.26
25.27
20.41
10,500
Dec 18, 2024
26.06
26.08
25.28
25.28
20.42
39,500
Dec 17, 2024
26.15
26.15
25.88
26.04
21.03
22,800
Dec 16, 2024
26.15
26.17
26.07
26.13
21.10
47,700
Dec 13, 2024
26.05
26.15
25.98
26.00
21.00
8,400
Dec 12, 2024
26.10
26.13
26.00
26.03
21.02
5,200
Dec 11, 2024
26.05
26.17
26.05
26.16
21.13
3,700
Dec 10, 2024
26.01
26.07
25.89
25.89
20.91
19,100
Dec 9, 2024
26.24
26.24
25.95
26.03
21.02
11,400
Dec 6, 2024
26.17
26.17
26.10
26.14
21.11
12,200
Dec 5, 2024
26.14
26.17
26.05
26.15
21.12
24,100
Dec 4, 2024
0.294 Dividend 

Dec 4, 2024
26.04
26.10
26.00
26.10
21.08
10,700
Dec 3, 2024
26.01
26.33
26.01
26.28
20.99
38,400
Dec 2, 2024
26.49
26.49
26.21
26.30
21.00
23,400
Nov 29, 2024
26.12
26.32
26.12
26.32
21.02
7,400
Nov 27, 2024
26.09
26.10
26.08
26.10
20.84
2,000
Nov 26, 2024
26.02
26.14
26.02
26.13
20.87
12,500
Nov 25, 2024
26.03
26.11
25.93
25.99
20.75
14,800
Nov 22, 2024
25.90
26.01
25.85
25.94
20.72
10,200
Nov 21, 2024
25.82
25.86
25.56
25.86
20.65
5,600
Nov 20, 2024
25.94
25.94
25.64
25.79
20.60
10,400
Nov 19, 2024
25.52
25.79
25.49
25.73
20.55
6,200
Nov 18, 2024
25.52
25.69
25.51
25.66
20.49
8,700
Nov 15, 2024
25.91
25.91
25.45
25.52
20.38
18,900
Nov 14, 2024
26.23
26.23
25.92
25.93
20.71
7,700
Nov 13, 2024
25.86
26.29
25.86
26.29
21.00
6,800
Nov 12, 2024
26.29
26.32
26.08
26.17
20.90
12,300
Nov 11, 2024
26.10
26.96
26.10
26.28
20.99
9,000
Nov 8, 2024
26.00
26.10
25.92
26.01
20.77
8,700
Nov 7, 2024
0.277 Dividend 

Nov 7, 2024
25.87
25.97
25.79
25.92
20.70
19,500
Nov 6, 2024
0.277 Dividend 

Nov 6, 2024
25.64
25.82
25.60
25.78
20.37
6,100
Nov 5, 2024
25.26
25.43
25.26
25.40
19.85
12,000
Nov 4, 2024
25.37
25.42
25.05
25.17
19.67
21,400
Nov 1, 2024
25.30
25.79
25.20
25.20
19.69
7,000
Oct 31, 2024
25.55
26.14
25.06
25.19
19.69
13,400
Oct 30, 2024
25.46
25.80
25.46
25.53
19.95
7,200
Oct 29, 2024
25.50
25.67
25.39
25.60
20.01
13,700
Oct 28, 2024
25.83
25.83
25.50
25.55
19.97
12,500
Oct 25, 2024
26.35
26.35
25.42
25.50
19.93
14,100
Oct 24, 2024
25.70
25.93
25.65
25.72
20.09
9,100
Oct 23, 2024
26.38
26.39
25.50
25.61
20.02
13,800
Oct 22, 2024
25.74
26.06
25.55
25.63
20.03
8,100
Oct 21, 2024
25.68
26.09
25.62
25.91
20.25
14,600
Oct 18, 2024
25.71
25.71
25.65
25.70
20.08
1,000
Oct 17, 2024
25.65
25.65
25.61
25.61
20.01
3,800
Oct 16, 2024
25.59
25.67
25.55
25.64
20.04
2,500
Oct 15, 2024
25.56
25.71
25.41
25.71
20.09
4,600
Oct 14, 2024
25.77
25.80
25.76
25.80
20.16
5,400
Oct 11, 2024
25.23
25.71
25.23
25.71
20.09
2,400
Oct 10, 2024
25.56
25.62
25.29
25.53
19.95
3,100
Oct 9, 2024
25.33
25.71
25.00
25.42
19.87
91,900
Oct 8, 2024
25.27
25.48
25.27
25.29
19.76
700
Oct 7, 2024
25.35
25.35
25.05
25.05
19.57
7,900
Oct 4, 2024
25.22
25.26
25.08
25.25
19.73
5,400
Oct 3, 2024
0.295 Dividend 

Oct 3, 2024
25.09
25.09
24.95
25.01
19.55
1,400
Oct 2, 2024
25.35
25.40
25.34
25.35
19.58
900
Oct 1, 2024
25.33
25.45
25.27
25.40
19.62
900
Sep 30, 2024
25.42
25.61
25.31
25.61
19.78
1,400
Sep 27, 2024
25.58
25.59
25.48
25.48
19.68
800
Sep 26, 2024
25.57
25.57
25.45
25.50
19.69
1,100
Sep 25, 2024
25.47
25.49
25.36
25.36
19.59
3,900
Sep 24, 2024
25.41
25.41
25.41
25.41
19.62
200
Sep 23, 2024
25.51
25.51
25.35
25.38
19.60
2,500
Sep 20, 2024
25.44
25.44
25.25
25.26
19.51
1,100
Sep 19, 2024
25.49
25.49
25.24
25.31
19.55
2,300
Sep 18, 2024
24.93
26.01
24.93
25.10
19.39
3,200
Sep 17, 2024
25.06
25.12
24.91
24.92
19.25
2,800
Sep 16, 2024
24.93
24.93
24.89
24.92
19.25
3,300
Sep 13, 2024
24.86
24.96
24.86
24.90
19.23
8,700
Sep 12, 2024
24.61
24.78
24.57
24.77
19.13
8,800
Sep 11, 2024
24.52
24.63
24.08
24.63
19.02
4,300
Sep 10, 2024
24.47
24.47
24.27
24.35
18.81
2,900
Sep 9, 2024
24.19
24.27
24.19
24.22
18.71
800
Sep 6, 2024
24.40
24.40
23.98
23.98
18.52
1,200
Sep 5, 2024
24.51
24.51
24.30
24.32
18.78
6,300
Sep 4, 2024
24.42
24.52
24.40
24.40
18.85
1,200
Sep 3, 2024
24.70
24.70
24.46
24.52
18.94
44,100
Aug 30, 2024
25.01
25.01
25.01
25.01
19.32
100
Aug 29, 2024
24.97
24.97
24.71
24.71
19.09
1,600
Aug 28, 2024
24.65
24.72
24.64
24.72
19.09
400
Aug 27, 2024
24.84
24.85
24.73
24.85
19.19
5,600
Aug 26, 2024
24.85
24.92
24.83
24.92
19.25
7,400
Aug 23, 2024
24.76
25.15
24.71
24.90
19.23
4,500
Aug 22, 2024
25.54
25.54
24.53
24.55
18.96
18,500
Aug 21, 2024
24.85
24.92
24.77
24.82
19.17
3,300
Aug 20, 2024
24.82
24.82
24.74
24.76
19.13
6,100
Aug 19, 2024
24.66
25.07
24.64
24.74
19.10
15,500
Aug 16, 2024
24.40
24.51
24.36
24.51
18.93
1,700
Aug 15, 2024
24.33
24.47
24.32
24.43
18.87
61,500
