Date
Open
High
Low
Close 

Adj Close 

Volume
May 26, 2026
43.81
43.92
43.83
43.92
43.92
2,251
May 26, 2026
0.063 Dividend 

May 22, 2026
43.51
43.67
43.51
43.67
43.61
1,900
May 21, 2026
43.08
43.42
43.08
43.42
43.36
1,300
May 20, 2026
43.25
43.27
43.25
43.27
43.21
500
May 19, 2026
42.78
42.78
42.65
42.72
42.66
2,300
May 18, 2026
0.122 Dividend 

May 18, 2026
43.01
43.17
42.92
43.11
43.05
5,800
May 15, 2026
43.30
43.30
43.24
43.25
43.06
1,500
May 14, 2026
44.26
44.26
44.09
44.09
43.90
900
May 13, 2026
44.01
44.01
43.76
43.90
43.71
5,200
May 12, 2026
44.09
44.12
44.06
44.12
43.94
900
May 11, 2026
0.097 Dividend 

May 11, 2026
44.75
44.75
44.46
44.46
44.27
1,500
May 8, 2026
44.94
44.94
44.82
44.85
44.57
2,900
May 7, 2026
44.87
45.05
44.65
44.65
44.37
1,900
May 6, 2026
44.90
45.00
44.78
44.95
44.66
2,900
May 5, 2026
44.30
44.50
44.29
44.50
44.21
1,400
May 4, 2026
0.105 Dividend 

May 4, 2026
44.54
44.54
44.12
44.22
43.93
2,000
May 1, 2026
44.76
44.80
44.71
44.72
44.32
3,600
Apr 30, 2026
44.61
44.72
44.47
44.47
44.08
1,600
Apr 29, 2026
44.75
44.77
44.57
44.60
44.21
2,300
Apr 28, 2026
44.84
45.00
44.80
45.00
44.60
2,600
Apr 27, 2026
0.131 Dividend 

Apr 27, 2026
45.00
45.11
44.98
45.01
44.61
5,400
Apr 24, 2026
45.06
45.39
45.06
45.36
44.83
1,000
Apr 23, 2026
45.53
45.54
45.12
45.34
44.82
3,300
Apr 22, 2026
45.62
45.67
45.38
45.38
44.85
1,700
Apr 21, 2026
45.57
45.57
45.26
45.35
44.82
18,100
Apr 20, 2026
0.111 Dividend 

Apr 20, 2026
45.75
45.75
45.50
45.69
45.16
6,000
Apr 17, 2026
45.75
45.76
45.75
45.76
45.12
900
Apr 16, 2026
45.64
45.64
45.25
45.32
44.69
2,100
Apr 15, 2026
45.82
45.82
45.59
45.66
45.02
2,800
Apr 14, 2026
45.47
45.89
45.47
45.89
45.25
2,700
Apr 13, 2026
0.144 Dividend 

Apr 13, 2026
45.38
45.62
45.25
45.62
44.98
33,700
Apr 10, 2026
45.62
45.62
45.62
45.62
44.84
500
Apr 9, 2026
45.56
46.00
45.56
45.74
44.96
2,400
Apr 8, 2026
46.07
46.07
45.81
45.82
45.04
32,900
Apr 7, 2026
45.55
45.65
45.25
45.65
44.87
4,900
Apr 6, 2026
0.151 Dividend 

Apr 6, 2026
45.52
45.81
45.52
45.71
44.93
3,900
Apr 2, 2026
45.54
45.93
45.54
45.93
45.00
4,500
Apr 1, 2026
45.69
45.95
45.61
45.61
44.68
9,600
Mar 31, 2026
45.65
45.74
45.64
45.74
44.81
10,100
Mar 30, 2026
0.138 Dividend 

Mar 30, 2026
45.72
45.75
45.65
45.72
44.79
1,900
Mar 27, 2026
45.37
45.37
45.15
45.18
44.12
2,600
Mar 26, 2026
45.72
45.74
45.44
45.53
44.46
2,700
Mar 25, 2026
45.75
45.93
45.75
45.91
44.84
1,900
Mar 24, 2026
45.33
45.50
45.19
45.46
44.40
4,700
Mar 23, 2026
0.098 Dividend 

Mar 23, 2026
45.70
45.75
45.40
45.74
44.67
2,100
Mar 20, 2026
45.92
45.92
45.44
45.49
44.33
2,100
Mar 19, 2026
46.13
46.64
46.12
46.44
45.26
3,900
Mar 18, 2026
46.37
46.41
46.14
46.14
44.97
1,900
Mar 17, 2026
46.44
46.53
46.42
46.53
45.34
1,400
Mar 16, 2026
0.078 Dividend 

Mar 16, 2026
46.29
46.44
46.21
46.34
45.16
1,900
Mar 13, 2026
46.32
46.38
45.91
46.03
44.78
2,700
Mar 12, 2026
46.16
46.40
46.15
46.31
45.06
10,900
Mar 11, 2026
46.78
46.78
46.33
46.43
45.17
15,300
Mar 10, 2026
47.45
47.58
47.13
47.15
45.87
5,200
Mar 9, 2026
0.141 Dividend 

Mar 9, 2026
47.31
47.74
47.15
47.74
46.45
5,000
Mar 6, 2026
47.24
47.56
47.08
47.44
46.02
2,600
Mar 5, 2026
47.50
47.65
47.40
47.65
46.22
2,700
Mar 4, 2026
47.99
47.99
47.87
47.92
46.49
1,900
Mar 3, 2026
47.93
48.07
47.75
48.07
46.62
2,700
Mar 2, 2026
0.115 Dividend 

Mar 2, 2026
48.25
48.25
48.00
48.24
46.79
3,900
Feb 27, 2026
48.75
48.90
48.75
48.86
47.29
1,800
Feb 26, 2026
48.40
48.60
48.40
48.60
47.03
6,100
Feb 25, 2026
48.23
48.42
48.22
48.35
46.79
4,200
Feb 24, 2026
48.36
48.39
48.29
48.29
46.73
2,000
Feb 23, 2026
0.146 Dividend 

Feb 23, 2026
48.10
48.39
48.10
48.25
46.69
2,200
Feb 20, 2026
48.13
48.16
48.08
48.16
46.46
1,100
Feb 19, 2026
48.07
48.31
48.07
48.31
46.61
1,400
Feb 18, 2026
48.48
48.50
48.24
48.27
46.57
3,800
Feb 17, 2026
0.126 Dividend 

Feb 17, 2026
48.53
48.53
48.45
48.49
46.78
2,500
Feb 13, 2026
48.45
48.54
48.42
48.44
46.61
6,200
Feb 12, 2026
47.69
48.20
47.69
48.20
46.38
3,200
Feb 11, 2026
47.38
47.55
47.36
47.38
45.59
7,800
Feb 10, 2026
47.57
47.68
47.57
47.68
45.88
1,300
Feb 9, 2026
0.089 Dividend 

Feb 9, 2026
46.76
47.08
46.76
47.08
45.31
1,300
Feb 6, 2026
47.14
47.21
46.96
47.21
45.34
3,300
Feb 5, 2026
47.00
47.14
47.00
47.14
45.27
5,200
Feb 4, 2026
46.53
46.59
46.52
46.52
44.68
1,000
Feb 3, 2026
46.50
46.75
46.50
46.75
44.90
1,200
Feb 2, 2026
0.105 Dividend 

Feb 2, 2026
46.76
46.86
46.58
46.74
44.89
2,200
Jan 30, 2026
47.00
47.18
46.93
47.01
45.05
1,900
Jan 29, 2026
46.99
47.26
46.99
47.26
45.29
2,000
Jan 28, 2026
47.06
47.24
47.06
47.15
45.19
7,400
Jan 27, 2026
47.51
47.51
47.29
47.31
45.34
2,000
Jan 26, 2026
0.093 Dividend 

Jan 26, 2026
47.62
47.75
47.62
47.69
45.70
1,800
Jan 23, 2026
47.45
47.56
47.25
47.53
45.46
3,200
Jan 22, 2026
47.02
47.29
47.00
47.29
45.23
2,000
Jan 21, 2026
46.69
47.00
46.69
47.00
44.95
1,100
Jan 20, 2026
0.122 Dividend 

Jan 20, 2026
46.60
46.88
46.60
46.69
44.66
4,200
Jan 16, 2026
48.00
48.00
47.51
47.51
45.32
1,200
Jan 15, 2026
48.09
48.09
47.99
47.99
45.79
34,500
Jan 14, 2026
47.71
47.89
47.65
47.89
45.69
2,800
Jan 13, 2026
47.62
47.73
47.43
47.73
45.53
1,600
Jan 12, 2026
0.083 Dividend 

Jan 12, 2026
47.51
47.51
47.51
47.51
45.33
700
Jan 9, 2026
47.35
47.81
47.34
47.73
45.45
1,800
Jan 8, 2026
47.50
47.53
47.37
47.37
45.11
1,900
Jan 7, 2026
47.75
47.79
47.75
47.79
45.52
1,400
Jan 6, 2026
47.30
47.42
47.25
47.42
45.16
36,400
Jan 5, 2026
0.123 Dividend 

Jan 5, 2026
47.44
47.55
47.44
47.54
45.27
1,100
Jan 2, 2026
47.50
47.61
47.36
47.42
45.05
13,000
Dec 31, 2025
47.91
47.91
47.56
47.56
45.17
2,900
Dec 30, 2025
47.90
48.09
47.90
47.92
45.52
1,800
Dec 29, 2025
0.133 Dividend 

Dec 29, 2025
48.03
48.08
47.92
48.03
45.62
4,300
Dec 26, 2025
48.44
48.44
47.87
47.99
45.46
7,400
Dec 24, 2025
47.87
48.30
47.87
48.23
45.69
4,600
Dec 23, 2025
47.69
47.95
47.58
47.86
45.33
2,400
Dec 22, 2025
0.11 Dividend 

Dec 22, 2025
47.83
47.83
47.68
47.75
45.23
1,000
Dec 19, 2025
48.05
48.08
48.02
48.03
45.39
3,900
Dec 18, 2025
48.20
48.32
47.81
48.25
45.60
3,100
Dec 17, 2025
47.96
48.10
47.87
47.97
45.33
6,300
Dec 16, 2025
47.70
48.13
47.70
48.04
45.40
7,100
Dec 15, 2025
0.094 Dividend 

Dec 15, 2025
48.03
48.09
47.79
47.80
45.17
3,700
Dec 12, 2025
47.84
47.93
47.74
47.81
45.09
8,400
Dec 11, 2025
48.83
48.84
48.35
48.42
45.67
4,400
Dec 10, 2025
48.50
48.55
48.30
48.46
45.71
1,700
Dec 9, 2025
48.23
48.38
48.23
48.24
45.50
1,300
Dec 8, 2025
0.153 Dividend 

Dec 8, 2025
48.47
48.47
47.97
48.23
45.49
2,800
Dec 5, 2025
48.65
48.87
48.54
48.59
45.68
4,700
Dec 4, 2025
49.12
49.14
48.78
48.89
45.97
10,900
Dec 3, 2025
49.07
49.29
49.02
49.23
46.29
14,100
Dec 2, 2025
48.78
49.13
48.74
49.04
46.11
5,500
Dec 1, 2025
0.161 Dividend 

Dec 1, 2025
49.16
49.16
48.85
48.97
46.05
8,300
Nov 28, 2025
49.86
50.05
49.75
49.93
46.80
10,600
Nov 26, 2025
50.02
50.16
49.74
50.16
47.01
4,200
Nov 25, 2025
50.08
50.15
49.94
49.94
46.80
4,200
Nov 24, 2025
0.124 Dividend 

Nov 24, 2025
49.89
49.89
49.53
49.75
46.63
5,100
Nov 21, 2025
49.69
49.88
49.40
49.61
46.38
11,100
Nov 20, 2025
49.37
49.58
49.28
49.46
46.24
3,500
Nov 19, 2025
49.23
49.50
49.20
49.20
45.99
7,900
Nov 18, 2025
49.50
49.61
49.21
49.36
46.14
10,500
Nov 17, 2025
49.38
49.52
49.28
49.40
46.18
4,800
Nov 14, 2025
49.99
49.99
48.94
49.32
46.11
27,300
Nov 13, 2025
50.01
50.01
49.59
49.59
46.36
9,500
