Date
Open
High
Low
Close 

Adj Close 

Volume
May 26, 2026
24.10
24.25
24.04
24.13
24.13
13,904
May 22, 2026
23.80
24.08
23.80
23.95
23.95
6,100
May 21, 2026
23.58
23.77
23.58
23.77
23.77
4,200
May 20, 2026
0.088 Dividend 

May 20, 2026
23.41
23.73
23.41
23.71
23.71
11,200
May 19, 2026
23.42
23.64
23.42
23.48
23.39
13,800
May 18, 2026
23.87
23.87
23.50
23.68
23.59
16,700
May 15, 2026
23.75
23.86
23.73
23.74
23.65
10,100
May 14, 2026
23.96
24.18
23.93
24.11
24.02
22,400
May 13, 2026
0.088 Dividend 

May 13, 2026
23.93
23.98
23.67
23.92
23.83
7,300
May 12, 2026
23.90
23.90
23.55
23.80
23.62
7,100
May 11, 2026
23.66
23.89
23.66
23.83
23.65
18,100
May 8, 2026
23.86
23.86
23.60
23.78
23.60
18,300
May 7, 2026
23.61
23.79
23.44
23.51
23.34
23,200
May 6, 2026
0.088 Dividend 

May 6, 2026
23.30
24.05
23.12
23.63
23.45
17,400
May 5, 2026
23.25
23.38
23.23
23.27
23.01
19,300
May 4, 2026
23.21
23.33
23.05
23.12
22.86
16,200
May 1, 2026
23.28
23.43
23.23
23.26
23.00
11,700
Apr 30, 2026
23.02
23.22
22.86
23.22
22.96
15,500
Apr 29, 2026
0.065 Dividend 

Apr 29, 2026
22.93
22.93
22.79
22.89
22.63
3,900
Apr 28, 2026
23.00
23.12
22.88
22.99
22.67
9,500
Apr 27, 2026
22.92
23.16
22.91
23.16
22.84
25,600
Apr 24, 2026
22.92
23.14
22.60
23.07
22.74
40,200
Apr 23, 2026
22.83
23.04
22.57
22.86
22.54
11,200
Apr 22, 2026
0.065 Dividend 

Apr 22, 2026
22.69
22.95
22.69
22.95
22.63
11,800
Apr 21, 2026
23.00
23.05
22.72
22.76
22.38
9,900
Apr 20, 2026
23.14
23.24
22.84
22.91
22.53
11,000
Apr 17, 2026
23.03
23.12
22.65
22.99
22.61
14,800
Apr 16, 2026
22.66
22.71
22.56
22.62
22.24
13,000
Apr 15, 2026
0.065 Dividend 

Apr 15, 2026
22.49
22.63
22.42
22.61
22.23
5,100
Apr 14, 2026
22.24
22.47
22.24
22.40
21.96
24,100
Apr 13, 2026
22.00
22.24
21.92
22.24
21.80
13,100
Apr 10, 2026
22.08
22.09
21.93
21.96
21.53
8,900
Apr 9, 2026
21.80
22.06
21.80
22.06
21.63
4,000
Apr 8, 2026
0.065 Dividend 

Apr 8, 2026
21.81
21.90
21.67
21.81
21.38
13,500
Apr 7, 2026
21.25
21.25
20.91
21.17
20.69
10,900
Apr 6, 2026
21.09
21.22
21.06
21.20
20.72
17,200
Apr 2, 2026
20.97
21.18
20.75
21.18
20.70
11,600
Apr 1, 2026
0.065 Dividend 

Apr 1, 2026
21.25
21.42
21.15
21.25
20.76
17,900
Mar 31, 2026
20.61
21.12
20.60
21.12
20.58
7,600
Mar 30, 2026
21.10
21.10
20.20
20.29
19.77
17,700
Mar 27, 2026
20.93
20.93
20.41
20.43
19.91
5,900
Mar 26, 2026
21.31
21.32
20.90
20.90
20.36
12,800
Mar 25, 2026
0.09 Dividend 

Mar 25, 2026
21.51
21.51
21.32
21.38
20.83
8,700
Mar 24, 2026
21.23
21.47
21.23
21.30
20.67
5,000
Mar 23, 2026
21.72
21.72
21.42
21.42
20.78
6,600
Mar 20, 2026
21.47
21.47
21.00
21.10
20.47
32,600
Mar 19, 2026
21.50
21.60
21.35
21.53
20.89
15,900
Mar 18, 2026
0.09 Dividend 

Mar 18, 2026
21.84
21.96
21.61
21.61
20.97
19,400
Mar 17, 2026
22.36
22.36
22.07
22.09
21.34
6,500
Mar 16, 2026
21.95
22.11
21.95
22.02
21.28
7,600
Mar 13, 2026
22.13
22.13
21.72
21.73
20.99
13,000
Mar 12, 2026
22.07
22.08
21.90
21.90
21.16
15,600
Mar 11, 2026
0.09 Dividend 

Mar 11, 2026
22.45
22.45
22.16
22.26
21.51
46,900
Mar 10, 2026
22.77
22.77
22.46
22.46
21.61
28,500
Mar 9, 2026
22.44
22.79
22.03
22.70
21.84
38,100
Mar 6, 2026
22.76
22.76
22.09
22.50
21.66
126,100
Mar 5, 2026
23.16
23.16
22.75
22.96
22.10
13,900
Mar 4, 2026
0.09 Dividend 

Mar 4, 2026
23.06
23.21
22.98
23.14
22.27
17,400
Mar 3, 2026
22.94
23.09
22.56
22.97
22.02
20,200
Mar 2, 2026
23.10
23.35
23.04
23.28
22.31
19,500
Feb 27, 2026
23.31
23.31
23.06
23.24
22.28
13,600
Feb 26, 2026
23.60
23.60
23.18
23.36
22.40
15,900
Feb 25, 2026
0.09 Dividend 

Feb 25, 2026
23.37
23.58
23.37
23.55
22.57
8,500
Feb 24, 2026
23.15
23.40
23.15
23.40
22.35
10,600
Feb 23, 2026
23.21
23.49
23.07
23.13
22.08
14,600
Feb 20, 2026
23.33
23.52
23.24
23.51
22.45
10,900
Feb 19, 2026
23.38
23.38
23.16
23.24
22.19
15,200
Feb 18, 2026
0.09 Dividend 

Feb 18, 2026
23.29
23.45
23.23
23.39
22.34
6,800
Feb 17, 2026
23.20
23.37
23.01
23.26
22.12
51,800
Feb 13, 2026
23.20
23.42
23.13
23.19
22.06
15,300
Feb 12, 2026
23.60
23.84
23.12
23.16
22.03
21,700
Feb 11, 2026
0.09 Dividend 

Feb 11, 2026
23.94
23.95
23.54
23.64
22.48
19,800
Feb 10, 2026
23.82
23.86
23.66
23.74
22.50
37,500
Feb 9, 2026
23.85
23.93
23.69
23.87
22.62
23,300
Feb 6, 2026
23.20
23.84
23.20
23.84
22.59
46,500
Feb 5, 2026
23.43
23.50
23.17
23.21
21.99
40,300
Feb 4, 2026
0.098 Dividend 

Feb 4, 2026
23.87
23.91
23.44
23.59
22.36
131,800
Feb 3, 2026
24.68
24.68
23.64
23.85
22.50
51,000
Feb 2, 2026
24.00
24.25
23.99
24.19
22.83
26,600
Jan 30, 2026
24.00
24.13
23.80
24.00
22.65
14,500
Jan 29, 2026
24.80
24.80
23.69
24.11
22.75
16,500
Jan 28, 2026
24.22
24.32
24.14
24.17
22.81
16,200
Jan 27, 2026
24.16
24.25
24.09
24.18
22.82
12,300
Jan 26, 2026
24.06
24.08
23.92
24.00
22.65
11,000
Jan 23, 2026
23.83
23.90
23.75
23.84
22.50
16,500
Jan 22, 2026
23.99
23.99
23.79
23.84
22.50
17,100
Jan 21, 2026
23.50
23.81
23.43
23.68
22.35
18,500
Jan 20, 2026
24.99
24.99
23.30
23.33
22.01
85,500
Jan 16, 2026
24.21
24.21
23.89
23.95
22.61
24,500
Jan 15, 2026
24.01
24.27
23.94
23.94
22.60
14,300
Jan 14, 2026
23.94
23.94
23.58
23.79
22.45
24,200
Jan 13, 2026
24.31
24.31
23.97
23.97
22.62
7,700
Jan 12, 2026
24.05
24.17
23.90
24.10
22.75
19,400
Jan 9, 2026
24.14
24.15
23.91
24.12
22.77
10,600
Jan 8, 2026
23.80
23.93
23.75
23.84
22.50
33,500
Jan 7, 2026
24.00
24.12
23.75
23.82
22.48
40,300
