Date
Open
High
Low
Close 

Adj Close 

Volume
Jun 5, 2026
28.18
28.18
27.65
27.83
27.83
3,100
Jun 4, 2026
28.68
28.91
28.35
28.47
28.47
4,400
Jun 3, 2026
28.76
28.76
27.70
28.28
28.28
6,000
Jun 2, 2026
28.69
28.70
28.13
28.25
28.25
4,900
Jun 1, 2026
0.151 Dividend 

Jun 1, 2026
28.25
29.51
28.25
29.18
29.18
8,000
May 29, 2026
27.92
28.50
27.72
27.72
27.57
8,400
May 28, 2026
27.65
28.14
27.51
28.01
27.85
6,700
May 27, 2026
27.73
28.00
27.65
27.97
27.81
6,700
May 26, 2026
0.218 Dividend 

May 26, 2026
28.35
28.35
27.69
27.70
27.55
5,300
May 22, 2026
30.00
30.00
28.50
28.72
28.35
8,600
May 21, 2026
29.75
29.99
29.30
29.60
29.22
5,000
May 20, 2026
29.36
30.23
29.36
30.08
29.69
5,400
May 19, 2026
30.12
30.16
29.89
29.89
29.50
4,100
May 18, 2026
0.234 Dividend 

May 18, 2026
30.24
30.66
30.24
30.27
29.88
3,000
May 15, 2026
30.03
30.73
29.86
30.61
29.98
2,800
May 14, 2026
30.24
30.64
29.66
30.40
29.78
7,000
May 13, 2026
31.11
31.11
30.15
30.40
29.78
15,400
May 12, 2026
31.06
31.39
30.50
31.27
30.62
5,200
May 11, 2026
0.258 Dividend 

May 11, 2026
32.24
32.24
30.70
31.03
30.39
10,500
May 8, 2026
31.09
31.09
30.80
31.02
30.13
27,900
May 7, 2026
33.12
33.12
31.62
31.75
30.84
7,700
May 6, 2026
32.12
33.37
32.10
32.91
31.96
2,000
May 5, 2026
30.19
30.43
29.71
29.71
28.86
1,100
May 4, 2026
0.191 Dividend 

May 4, 2026
30.17
30.58
30.17
30.24
29.37
2,100
May 1, 2026
31.03
31.09
30.99
31.08
30.01
1,100
Apr 30, 2026
31.10
31.10
30.00
30.83
29.76
2,500
Apr 29, 2026
30.03
30.83
30.03
30.75
29.69
800
Apr 28, 2026
31.67
31.67
30.58
30.58
29.52
2,900
Apr 27, 2026
0.319 Dividend 

Apr 27, 2026
31.75
31.85
31.27
31.59
30.50
2,200
Apr 24, 2026
30.74
31.12
28.76
31.12
29.74
2,900
Apr 23, 2026
31.90
32.12
30.76
31.08
29.69
3,100
Apr 22, 2026
32.10
32.10
31.44
31.60
30.20
3,600
Apr 21, 2026
32.67
32.67
32.47
32.47
31.03
300
Apr 20, 2026
0.196 Dividend 

Apr 20, 2026
32.28
32.65
31.82
32.65
31.20
1,300
Apr 17, 2026
32.70
33.00
32.52
32.52
30.89
1,400
Apr 16, 2026
32.72
32.72
32.28
32.28
30.65
1,100
Apr 15, 2026
31.75
32.91
31.75
32.76
31.11
1,100
Apr 14, 2026
30.79
30.79
30.40
30.43
28.90
1,800
Apr 13, 2026
0.298 Dividend 

Apr 13, 2026
29.13
30.24
29.13
30.18
28.66
6,900
Apr 10, 2026
30.66
30.66
29.60
29.60
27.83
1,400
Apr 9, 2026
29.68
30.22
29.43
30.22
28.41
3,700
Apr 8, 2026
31.62
31.62
30.50
30.50
28.67
1,100
Apr 7, 2026
30.13
30.39
30.08
30.17
28.36
2,300
Apr 6, 2026
0.149 Dividend 

Apr 6, 2026
30.30
30.56
30.25
30.40
28.58
1,600
Apr 2, 2026
29.46
30.35
29.46
30.35
28.40
800
Apr 1, 2026
30.77
30.84
30.43
30.43
28.47
1,200
Mar 31, 2026
30.02
30.49
30.01
30.44
28.48
4,100
Mar 30, 2026
0.269 Dividend 

Mar 30, 2026
28.99
29.46
28.99
29.46
27.56
1,600
Mar 27, 2026
29.60
29.88
28.89
29.33
27.18
17,200
Mar 26, 2026
30.92
31.27
30.07
30.07
27.88
1,400
Mar 25, 2026
31.41
31.44
31.38
31.44
29.15
6,700
Mar 24, 2026
31.51
31.51
31.02
31.02
28.75
1,600
Mar 23, 2026
0.227 Dividend 

Mar 23, 2026
32.22
32.51
32.22
32.51
30.13
800
Mar 20, 2026
32.00
32.11
31.95
31.95
29.41
269,000
Mar 19, 2026
33.28
33.85
32.88
32.89
30.27
3,500
Mar 18, 2026
33.68
33.68
33.47
33.47
30.80
900
Mar 17, 2026
34.10
34.65
34.10
34.21
31.49
1,000
Mar 16, 2026
0.262 Dividend 

Mar 16, 2026
32.36
32.57
32.36
32.56
29.97
1,900
Mar 13, 2026
32.25
32.71
31.81
31.98
29.19
10,000
Mar 12, 2026
33.26
33.26
31.75
31.75
28.98
5,600
Mar 11, 2026
32.55
32.72
32.55
32.72
29.87
1,400
Mar 10, 2026
31.70
31.92
31.49
31.49
28.75
1,700
Mar 9, 2026
0.3 Dividend 

Mar 9, 2026
32.36
32.36
32.36
32.36
29.54
500
Mar 6, 2026
33.28
33.35
33.27
33.27
30.10
1,100
Mar 5, 2026
33.41
33.41
33.41
33.41
30.22
1,400
Mar 4, 2026
33.71
34.17
33.65
34.17
30.91
1,000
Mar 3, 2026
33.59
34.25
33.59
33.94
30.70
1,900
Mar 2, 2026
0.331 Dividend 

Mar 2, 2026
33.13
33.87
33.13
33.87
30.64
700
Feb 27, 2026
33.82
34.02
33.47
33.63
30.12
1,600
Feb 26, 2026
32.50
34.06
32.50
33.53
30.03
4,000
Feb 25, 2026
32.41
32.42
32.41
32.42
29.03
1,000
Feb 24, 2026
31.62
31.62
31.62
31.62
28.32
900
Feb 23, 2026
0.142 Dividend 

Feb 23, 2026
32.31
32.31
31.25
31.25
27.99
2,700
Feb 20, 2026
32.75
33.44
32.75
33.25
29.65
17,800
Feb 19, 2026
32.72
32.77
32.63
32.63
29.10
2,200
Feb 18, 2026
32.49
32.63
32.49
32.63
29.10
1,800
Feb 17, 2026
0.136 Dividend 

Feb 17, 2026
31.19
31.39
30.99
31.39
27.99
700
Feb 13, 2026
31.72
31.72
30.90
31.05
27.57
3,500
Feb 12, 2026
31.30
31.93
30.96
31.93
28.35
2,700
Feb 11, 2026
32.00
32.00
31.74
31.77
28.21
2,200
Feb 10, 2026
33.60
33.60
33.21
33.21
29.49
2,800
Feb 9, 2026
0.228 Dividend 

Feb 9, 2026
33.47
33.66
33.35
33.35
29.62
1,900
Feb 6, 2026
33.99
34.01
33.46
34.01
29.99
2,200
Feb 5, 2026
33.19
34.98
33.19
34.17
30.14
2,700
Feb 4, 2026
32.53
34.06
32.52
33.39
29.45
4,800
Feb 3, 2026
37.18
37.18
35.56
35.93
31.69
1,600
Feb 2, 2026
0.224 Dividend 

Feb 2, 2026
36.62
37.46
36.58
37.46
33.04
700
Jan 30, 2026
37.72
37.72
36.96
37.27
32.67
1,000
Jan 29, 2026
37.91
38.28
37.52
38.28
33.56
5,200
Jan 28, 2026
38.09
38.16
37.14
37.14
32.56
2,200
Jan 27, 2026
38.04
38.17
37.94
37.94
33.26
2,100
Jan 26, 2026
0.267 Dividend 

Jan 26, 2026
38.21
38.21
38.21
38.21
33.50
2,000
Jan 23, 2026
39.45
39.45
38.72
38.72
33.71
2,700
Jan 22, 2026
39.00
39.35
38.90
38.92
33.89
1,200
Jan 21, 2026
40.29
40.65
39.99
39.99
34.82
2,400
Jan 20, 2026
0.37 Dividend 

Jan 20, 2026
39.08
39.60
39.08
39.60
34.48
5,900
Jan 16, 2026
39.84
40.59
39.84
40.55
34.98
39,700
Jan 15, 2026
40.00
40.24
39.63
40.24
34.71
1,400
Jan 14, 2026
41.06
41.06
40.00
40.64
35.06
2,800
Jan 13, 2026
40.70
41.17
40.70
41.06
35.43
2,400
Jan 12, 2026
0.319 Dividend 

Jan 12, 2026
40.20
40.97
40.20
40.65
35.07
2,600
Jan 9, 2026
42.53
42.53
41.15
41.40
35.44
4,000
Jan 8, 2026
41.63
42.90
41.62
42.69
36.54
2,800
Jan 7, 2026
42.39
42.39
41.69
41.69
35.69
900
Jan 6, 2026
40.78
41.50
40.63
41.37
35.41
3,700
Jan 5, 2026
0.364 Dividend 

Jan 5, 2026
39.09
39.87
38.42
38.74
33.16
2,900
Jan 2, 2026
40.60
40.60
40.11
40.11
34.02
1,000
Dec 31, 2025
39.60
39.60
39.57
39.57
33.57
500
Dec 30, 2025
39.75
40.07
39.75
39.87
33.82
3,100
Dec 29, 2025
0.198 Dividend 

Dec 29, 2025
39.76
39.83
39.28
39.51
33.52
10,100
Dec 26, 2025
39.52
39.53
39.52
39.53
33.37
1,000
Dec 24, 2025
39.29
39.58
39.29
39.50
33.34
800
Dec 23, 2025
39.89
39.89
39.29
39.29
33.16
700
Dec 22, 2025
0.227 Dividend 

Dec 22, 2025
39.63
39.81
39.52
39.59
33.42
8,300
Dec 19, 2025
38.45
38.77
38.34
38.77
32.53
32,400
Dec 18, 2025
39.00
39.11
38.99
39.01
32.73
2,500
Dec 17, 2025
39.00
39.00
38.48
38.48
32.29
800
Dec 16, 2025
40.11
40.20
39.44
39.57
33.20
4,100
Dec 15, 2025
0.439 Dividend 

Dec 15, 2025
42.27
42.27
40.11
40.19
33.72
4,700
Dec 12, 2025
42.95
43.71
42.40
42.76
35.51
2,600
Dec 11, 2025
41.88
42.98
41.64
42.98
35.70
1,800
Dec 10, 2025
44.34
44.34
41.33
42.01
34.89
3,900
Dec 9, 2025
46.50
46.50
45.10
45.10
37.46
2,400
Dec 8, 2025
0.43 Dividend 

Dec 8, 2025
46.97
47.13
46.94
47.08
39.10
900
Dec 5, 2025
46.63
47.42
46.63
46.93
38.62
1,900
Dec 4, 2025
46.34
46.63
46.34
46.63
38.37
1,500
Dec 3, 2025
44.91
46.61
44.91
46.47
38.24
7,800
Dec 2, 2025
44.42
44.81
44.08
44.81
36.88
1,500
Dec 1, 2025
0.22 Dividend 

Dec 1, 2025
44.18
44.18
44.01
44.13
36.31
1,000
Nov 28, 2025
44.61
44.81
44.59
44.81
36.69
1,000
Nov 26, 2025
42.58
44.05
42.58
43.84
35.90
1,100
Nov 25, 2025
42.04
42.68
41.85
42.60
34.88
10,800
Nov 24, 2025
0.412 Dividend 

Nov 24, 2025
42.39
42.58
42.38
42.49
34.80
3,600
Nov 21, 2025
43.21
43.21
41.83
43.05
34.91
623,700
Nov 20, 2025
46.62
46.62
42.51
42.85
34.75
4,000
Nov 19, 2025
46.76
46.76
46.32
46.56
37.76
1,900
Nov 18, 2025
48.29
48.29
47.54
47.61
38.61
1,200
Nov 17, 2025
0.305 Dividend 

Nov 17, 2025
47.37
48.24
47.37
48.24
39.12
2,500
Nov 14, 2025
47.29
48.88
47.29
48.26
38.89
1,700
Nov 13, 2025
49.44
49.44
48.28
48.38
38.99
1,300
Nov 12, 2025
49.65
49.75
49.26
49.53
39.91
4,500
Nov 11, 2025
49.54
49.66
49.32
49.64
40.00
1,800
Nov 10, 2025
0.546 Dividend 

Nov 10, 2025
48.96
49.92
48.94
49.91
40.22
4,700
Nov 7, 2025
48.95
49.61
48.09
49.11
39.13
6,300
Nov 6, 2025
48.91
49.35
48.82
49.35
39.33
2,900
Nov 5, 2025
51.00
51.00
49.62
49.92
39.78
4,600
Nov 4, 2025
50.35
51.06
48.36
51.06
40.69
6,600
Nov 3, 2025
0.776 Dividend 

Nov 3, 2025
52.26
54.44
52.12
54.44
43.38
4,400
Oct 31, 2025
53.95
53.95
52.73
52.91
41.55
8,500
Oct 30, 2025
51.77
53.00
51.77
52.85
41.50
1,100
Oct 29, 2025
52.32
52.83
51.82
52.30
41.07
2,900
Oct 28, 2025
53.61
53.63
52.31
52.31
41.08
3,300
Oct 27, 2025
52.28
53.13
51.92
52.97
41.59
3,000
Oct 24, 2025
52.78
52.78
51.30
51.30
40.28
6,500
Oct 23, 2025
51.27
51.78
51.27
51.65
40.56
2,100
