Date
Open
High
Low
Close 

Adj Close 

Volume
May 26, 2026
15.19
15.67
15.12
15.42
15.42
87,722
May 22, 2026
14.31
14.84
14.31
14.71
14.71
78,000
May 21, 2026
0.185 Dividend 

May 21, 2026
13.26
14.41
13.26
14.34
14.34
114,600
May 20, 2026
12.94
13.40
12.65
13.22
13.03
78,600
May 19, 2026
12.51
12.91
12.02
12.65
12.47
134,500
May 18, 2026
13.73
13.73
12.35
12.81
12.63
187,700
May 15, 2026
13.95
13.96
13.60
13.65
13.46
158,200
May 14, 2026
0.195 Dividend 

May 14, 2026
14.11
14.17
13.60
14.02
13.82
58,600
May 13, 2026
14.19
14.39
13.82
14.29
13.90
53,500
May 12, 2026
14.21
14.45
13.51
13.97
13.58
54,900
May 11, 2026
13.69
14.54
13.30
14.38
13.99
83,900
May 8, 2026
13.60
13.72
13.27
13.69
13.31
55,300
May 7, 2026
0.19 Dividend 

May 7, 2026
13.92
13.92
13.07
13.28
12.92
98,900
May 6, 2026
14.00
14.23
13.67
14.10
13.53
154,500
May 5, 2026
14.05
14.10
13.39
13.85
13.29
84,700
May 4, 2026
13.88
14.07
13.66
14.02
13.45
133,700
May 1, 2026
13.66
13.76
13.35
13.66
13.11
42,000
Apr 30, 2026
0.175 Dividend 

Apr 30, 2026
12.77
13.56
12.72
13.45
12.90
56,500
Apr 29, 2026
13.06
13.06
12.49
12.90
12.21
86,900
Apr 28, 2026
13.26
13.65
12.72
13.01
12.31
174,900
Apr 27, 2026
13.55
13.71
13.10
13.71
12.98
143,300
Apr 24, 2026
13.70
13.86
13.52
13.68
12.95
69,600
Apr 23, 2026
0.19 Dividend 

Apr 23, 2026
13.87
13.87
13.36
13.70
12.97
39,600
Apr 22, 2026
13.75
14.11
13.67
13.98
13.05
30,600
Apr 21, 2026
13.82
13.92
13.31
13.44
12.55
83,200
Apr 20, 2026
13.51
13.72
13.15
13.68
12.77
65,000
Apr 17, 2026
13.91
13.91
13.35
13.45
12.56
93,800
Apr 16, 2026
0.185 Dividend 

Apr 16, 2026
13.29
13.74
13.07
13.74
12.83
91,200
Apr 15, 2026
13.24
13.75
13.19
13.65
12.57
61,600
Apr 14, 2026
13.58
13.59
13.30
13.53
12.46
36,000
Apr 13, 2026
13.08
13.50
12.70
13.27
12.22
49,800
Apr 10, 2026
13.35
13.40
12.78
13.20
12.16
148,200
Apr 9, 2026
0.185 Dividend 

Apr 9, 2026
13.29
13.50
12.90
13.42
12.36
59,400
Apr 8, 2026
13.73
13.73
13.00
13.30
12.08
205,600
Apr 7, 2026
12.91
12.98
12.27
12.98
11.79
73,100
Apr 6, 2026
13.31
13.51
12.78
12.93
11.74
65,000
Apr 2, 2026
12.12
12.84
12.04
12.74
11.57
45,200
Apr 1, 2026
0.19 Dividend 

Apr 1, 2026
12.52
12.88
12.10
12.23
11.10
44,500
Mar 31, 2026
11.80
12.35
11.41
12.22
10.92
47,800
Mar 30, 2026
12.54
12.54
10.95
11.22
10.03
81,100
Mar 27, 2026
12.49
12.49
12.06
12.21
10.92
61,400
Mar 26, 2026
0.19 Dividend 

Mar 26, 2026
12.88
13.03
12.31
12.35
11.04
63,100
Mar 25, 2026
12.86
13.54
12.75
13.22
11.65
49,100
Mar 24, 2026
12.88
13.10
12.59
12.86
11.33
82,500
Mar 23, 2026
12.55
12.92
12.45
12.75
11.23
49,600
Mar 20, 2026
12.70
12.90
12.32
12.48
11.00
85,600
Mar 19, 2026
0.19 Dividend 

Mar 19, 2026
12.43
12.82
12.22
12.82
11.30
71,400
Mar 18, 2026
12.81
13.00
12.70
12.73
11.05
32,900
Mar 17, 2026
12.83
12.89
12.51
12.86
11.16
37,900
Mar 16, 2026
12.70
13.22
12.33
12.64
10.97
46,700
Mar 13, 2026
12.82
12.82
12.18
12.40
10.76
23,700
Mar 12, 2026
0.19 Dividend 

Mar 12, 2026
12.81
13.45
12.30
12.43
10.79
43,400
Mar 11, 2026
12.56
13.14
12.56
12.83
10.97
25,400
Mar 10, 2026
12.01
12.85
12.01
12.56
10.74
44,100
Mar 9, 2026
11.70
12.24
11.48
12.09
10.34
56,200
Mar 6, 2026
12.34
12.57
11.65
11.65
9.96
43,600
Mar 5, 2026
0.19 Dividend 

Mar 5, 2026
12.64
12.64
11.77
12.14
10.38
39,800
Mar 4, 2026
12.49
12.78
12.24
12.65
10.66
40,800
Mar 3, 2026
12.51
12.54
12.01
12.16
10.24
20,400
Mar 2, 2026
12.12
12.74
12.12
12.56
10.58
39,100
Feb 27, 2026
12.55
12.61
11.97
12.10
10.19
33,300
Feb 26, 2026
0.19 Dividend 

Feb 26, 2026
12.50
12.60
12.30
12.56
10.58
25,400
Feb 25, 2026
12.84
12.90
12.59
12.59
10.44
54,900
Feb 24, 2026
12.67
12.85
12.24
12.59
10.44
36,800
Feb 23, 2026
12.50
12.63
12.12
12.43
10.31
39,400
Feb 20, 2026
12.80
12.87
12.31
12.49
10.36
47,700
Feb 19, 2026
0.195 Dividend 

Feb 19, 2026
12.60
12.70
12.16
12.69
10.53
36,400
Feb 18, 2026
12.73
12.99
12.29
12.68
10.35
24,900
Feb 17, 2026
12.50
12.67
11.67
12.32
10.07
120,200
Feb 13, 2026
13.19
13.19
12.49
12.77
10.43
65,400
Feb 12, 2026
0.2 Dividend 

Feb 12, 2026
13.75
13.75
12.80
12.94
10.57
99,000
Feb 11, 2026
14.65
14.65
13.40
13.85
11.15
66,800
Feb 10, 2026
14.71
14.84
14.16
14.29
11.50
95,500
Feb 9, 2026
13.77
15.20
13.48
15.15
12.20
158,300
Feb 6, 2026
13.39
13.90
13.07
13.83
11.13
48,800
Feb 5, 2026
0.21 Dividend 

Feb 5, 2026
13.56
14.14
12.79
12.85
10.34
107,100
Feb 4, 2026
15.45
15.50
13.43
14.40
11.42
119,200
Feb 3, 2026
15.21
15.36
14.50
15.17
12.04
174,300
Feb 2, 2026
14.98
15.18
14.50
14.56
11.55
135,800
Jan 30, 2026
16.88
16.93
15.00
15.20
12.05
146,300
Jan 29, 2026
0.25 Dividend 

Jan 29, 2026
17.64
17.69
15.94
16.31
12.94
144,700
Jan 28, 2026
17.27
17.72
16.85
17.49
13.68
144,000
Jan 27, 2026
16.61
17.00
16.25
16.91
13.22
66,600
Jan 26, 2026
17.14
17.33
16.09
16.18
12.65
109,400
Jan 23, 2026
17.17
17.65
16.62
17.06
13.34
50,500
Jan 22, 2026
0.24 Dividend 

Jan 22, 2026
16.94
17.28
16.74
17.03
13.31
47,400
Jan 21, 2026
17.46
17.65
15.76
16.86
13.00
90,200
Jan 20, 2026
16.61
18.23
16.55
16.96
13.07
152,500
Jan 16, 2026
16.84
17.45
16.62
17.14
13.21
37,700
Jan 15, 2026
0.245 Dividend 

Jan 15, 2026
17.07
17.15
16.60
16.61
12.80
44,000
Jan 14, 2026
16.32
17.23
16.25
17.12
13.01
51,700
Jan 13, 2026
16.94
17.06
16.35
16.64
12.64
45,800
Jan 12, 2026
16.18
16.83
16.07
16.66
12.66
76,900
Jan 9, 2026
16.21
16.52
15.95
16.28
12.37
38,500
Jan 8, 2026
0.24 Dividend 

Jan 8, 2026
16.06
16.43
15.90
16.18
12.29
46,100
Jan 7, 2026
16.28
16.43
15.92
15.98
11.96
59,800
Jan 6, 2026
15.85
16.50
15.85
16.24
12.15
60,600
Jan 5, 2026
15.20
15.88
15.11
15.88
11.88
33,900
Jan 2, 2026
14.55
14.98
14.45
14.91
11.16
33,900
Dec 31, 2025
0.22 Dividend 

Dec 31, 2025
14.24
14.50
14.03
14.10
10.55
64,200
Dec 30, 2025
14.77
14.90
14.60
14.63
10.78
68,400
Dec 29, 2025
14.77
15.19
14.57
14.70
10.84
42,400
Dec 26, 2025
15.44
15.44
14.79
15.08
11.12
44,600
Dec 24, 2025
0.235 Dividend 

Dec 24, 2025
15.51
15.55
15.20
15.43
11.38
16,800
Dec 23, 2025
15.78
15.98
15.61
15.69
11.39
27,100
Dec 22, 2025
16.05
16.11
15.78
15.84
11.50
35,000
Dec 19, 2025
14.59
16.35
14.59
16.01
11.62
25,900
Dec 18, 2025
0.225 Dividend 

Dec 18, 2025
14.92
15.00
14.42
14.57
10.58
35,900
Dec 17, 2025
15.85
15.85
14.58
14.61
10.45
54,400
Dec 16, 2025
15.41
15.56
14.95
15.49
11.08
44,000
Dec 15, 2025
17.39
17.39
15.48
15.48
11.07
65,800
Dec 12, 2025
18.51
18.51
17.08
17.29
12.36
55,900
Dec 11, 2025
0.27 Dividend 

Dec 11, 2025
18.06
18.51
17.46
18.51
13.23
46,900
Dec 10, 2025
18.47
18.76
17.85
18.34
12.92
45,800
Dec 9, 2025
18.12
18.53
17.71
18.31
12.90
31,300
Dec 8, 2025
18.38
18.41
17.61
17.95
12.64
22,900
Dec 5, 2025
18.30
18.30
17.74
18.00
12.68
47,100
Dec 4, 2025
0.27 Dividend 

Dec 4, 2025
17.82
18.36
17.09
18.15
12.78
30,800
Dec 3, 2025
17.20
17.75
16.86
17.75
12.31
23,000
Dec 2, 2025
17.80
18.04
17.20
17.24
11.96
21,800
Dec 1, 2025
18.04
19.25
16.94
17.16
11.90
48,500
Nov 28, 2025
17.61
18.10
17.50
17.76
12.32
29,000
Nov 26, 2025
0.27 Dividend 

Nov 26, 2025
17.76
17.76
17.01
17.63
12.23
16,500
Nov 25, 2025
17.50
17.87
16.53
17.39
11.88
22,900
Nov 24, 2025
16.43
17.00
16.36
16.92
11.56
18,900
Nov 21, 2025
16.96
17.06
16.00
16.17
11.05
16,400
Nov 20, 2025
0.27 Dividend 

Nov 20, 2025
18.10
18.10
16.38
16.52
11.28
43,100
Nov 19, 2025
18.10
18.12
17.25
17.59
11.83
37,700
Nov 18, 2025
18.05
18.57
17.06
17.96
12.07
31,600
Nov 17, 2025
19.50
19.50
18.01
18.39
12.37
44,800
Nov 14, 2025
17.86
20.30
17.65
18.85
12.68
49,500
Nov 13, 2025
0.35 Dividend 

Nov 13, 2025
22.09
22.16
18.96
18.96
12.75
84,100
Nov 12, 2025
22.97
22.97
22.19
22.73
15.05
30,800
Nov 11, 2025
23.61
23.61
22.03
22.24
14.72
32,900
Nov 10, 2025
23.62
25.51
22.15
23.18
15.35
65,500
Nov 7, 2025
22.14
23.03
20.23
23.00
15.23
101,300
Nov 6, 2025
24.81
24.81
23.06
23.11
15.30
61,400
Nov 5, 2025
23.93
25.03
23.80
24.81
16.42
38,400
Nov 4, 2025
23.73
26.14
23.53
23.56
15.60
70,200
Nov 3, 2025
26.50
26.50
25.05
25.19
16.68
111,100
Oct 31, 2025
25.99
26.03
25.31
25.83
17.10
89,400
