Date
Open
High
Low
Close 

Adj Close 

Volume
Jun 5, 2026
31.00
31.00
29.65
29.81
29.81
861,000
Jun 4, 2026
30.97
31.41
30.96
31.39
31.39
519,100
Jun 3, 2026
0.396 Dividend 

Jun 3, 2026
31.45
31.50
31.11
31.14
31.14
624,900
Jun 2, 2026
31.70
32.00
31.68
31.93
31.53
618,800
Jun 1, 2026
31.59
31.75
31.30
31.62
31.23
526,100
May 29, 2026
31.66
31.71
31.34
31.70
31.31
423,900
May 28, 2026
31.24
31.67
31.07
31.55
31.16
3,751,800
May 27, 2026
0.395 Dividend 

May 27, 2026
31.31
31.35
30.96
31.23
30.84
532,400
May 26, 2026
31.48
31.83
31.43
31.74
30.96
761,500
May 22, 2026
31.30
31.43
31.12
31.21
30.44
460,500
May 21, 2026
30.68
31.33
30.67
31.22
30.45
459,100
May 20, 2026
0.395 Dividend 

May 20, 2026
30.67
31.00
30.53
30.74
29.98
689,300
May 19, 2026
30.92
31.17
30.51
30.93
29.78
1,105,700
May 18, 2026
31.48
31.51
30.88
31.12
29.96
633,500
May 15, 2026
31.64
31.71
31.18
31.47
30.30
480,700
May 14, 2026
31.97
32.17
31.71
32.13
30.94
367,500
May 13, 2026
0.405 Dividend 

May 13, 2026
31.79
31.99
31.56
31.92
30.73
459,600
May 12, 2026
32.08
32.28
31.63
32.23
30.64
639,200
May 11, 2026
31.96
32.45
31.96
32.33
30.74
524,400
May 8, 2026
31.88
32.04
31.79
32.03
30.45
363,900
May 7, 2026
31.98
32.01
31.58
31.74
30.18
386,400
May 6, 2026
0.4 Dividend 

May 6, 2026
31.75
31.97
31.73
31.94
30.37
433,300
May 5, 2026
31.87
32.06
31.87
31.95
30.00
567,000
May 4, 2026
31.72
31.89
31.54
31.73
29.79
408,000
May 1, 2026
31.47
31.77
31.36
31.68
29.74
456,900
Apr 30, 2026
30.98
31.39
30.85
31.39
29.47
493,700
Apr 29, 2026
0.403 Dividend 

Apr 29, 2026
30.95
30.95
30.60
30.71
28.83
474,500
Apr 28, 2026
31.60
31.63
31.07
31.26
28.97
613,300
Apr 27, 2026
32.00
32.07
31.67
31.86
29.53
535,900
Apr 24, 2026
31.91
32.20
31.80
32.07
29.72
438,200
Apr 23, 2026
31.89
32.17
31.47
31.76
29.43
984,400
Apr 22, 2026
0.437 Dividend 

Apr 22, 2026
31.77
32.19
31.77
32.12
29.77
1,006,800
Apr 21, 2026
32.32
32.47
31.90
31.94
29.20
1,347,100
Apr 20, 2026
32.04
32.29
31.97
32.26
29.49
510,600
Apr 17, 2026
31.99
32.35
31.99
32.21
29.44
730,300
Apr 16, 2026
31.48
31.74
31.42
31.71
28.99
790,200
Apr 15, 2026
0.397 Dividend 

Apr 15, 2026
31.46
31.55
31.21
31.48
28.77
335,900
Apr 14, 2026
31.80
31.90
31.72
31.82
28.72
466,100
Apr 13, 2026
31.03
31.68
31.03
31.53
28.46
425,700
Apr 10, 2026
31.19
31.39
31.01
31.19
28.15
1,258,400
Apr 9, 2026
31.01
31.17
30.87
31.02
28.00
448,600
Apr 8, 2026
0.42 Dividend 

Apr 8, 2026
31.31
31.47
30.90
30.90
27.89
505,600
Apr 7, 2026
30.77
31.16
30.45
31.03
27.63
1,003,700
Apr 6, 2026
30.78
30.96
30.62
30.78
27.41
527,100
Apr 2, 2026
29.99
30.88
29.78
30.63
27.27
2,198,500
Apr 1, 2026
0.372 Dividend 

Apr 1, 2026
30.51
30.69
30.43
30.49
27.15
582,100
Mar 31, 2026
29.81
30.69
29.81
30.67
26.98
525,900
Mar 30, 2026
30.23
30.41
29.29
29.46
25.91
738,000
Mar 27, 2026
30.17
30.40
29.95
30.00
26.39
498,300
Mar 26, 2026
31.43
31.43
30.35
30.37
26.71
635,300
Mar 25, 2026
0.432 Dividend 

Mar 25, 2026
31.79
31.94
31.63
31.67
27.86
366,500
Mar 24, 2026
31.70
31.98
31.57
31.82
27.61
396,100
Mar 23, 2026
31.51
32.20
31.51
31.83
27.62
531,200
Mar 20, 2026
31.91
31.95
30.92
31.22
27.09
608,100
Mar 19, 2026
31.53
32.13
31.27
32.02
27.78
548,200
Mar 18, 2026
0.407 Dividend 

Mar 18, 2026
32.21
32.34
31.93
31.93
27.71
491,200
Mar 17, 2026
32.41
32.84
32.41
32.73
28.05
935,000
Mar 16, 2026
32.21
32.64
32.21
32.41
27.77
408,900
Mar 13, 2026
32.24
32.48
31.83
31.91
27.34
617,900
Mar 12, 2026
32.43
32.56
31.93
32.10
27.51
628,300
Mar 11, 2026
0.416 Dividend 

Mar 11, 2026
32.55
32.83
32.44
32.63
27.96
589,900
Mar 10, 2026
33.12
33.46
32.98
33.08
27.99
608,000
Mar 9, 2026
31.86
32.93
31.82
32.90
27.84
662,600
Mar 6, 2026
32.43
32.89
32.05
32.13
27.19
765,100
Mar 5, 2026
33.56
33.83
32.63
33.13
28.03
717,500
Mar 4, 2026
0.48 Dividend 

Mar 4, 2026
34.04
34.22
33.76
33.89
28.68
475,000
Mar 3, 2026
34.17
34.35
33.33
34.11
28.46
795,700
Mar 2, 2026
34.61
35.31
34.61
35.21
29.37
588,000
Feb 27, 2026
34.81
35.20
34.65
35.08
29.26
1,199,300
Feb 26, 2026
35.48
35.58
34.80
35.34
29.48
740,400
Feb 25, 2026
0.475 Dividend 

Feb 25, 2026
35.28
35.67
35.25
35.64
29.73
1,254,100
Feb 24, 2026
35.09
35.56
34.84
35.52
29.24
955,000
Feb 23, 2026
35.15
35.31
34.83
35.02
28.82
713,100
Feb 20, 2026
34.86
35.37
34.73
35.05
28.85
803,900
Feb 19, 2026
34.26
34.95
34.15
34.94
28.76
1,026,000
Feb 18, 2026
0.436 Dividend 

Feb 18, 2026
34.11
34.74
34.11
34.41
28.32
461,800
Feb 17, 2026
34.03
34.59
33.64
34.35
27.91
631,200
Feb 13, 2026
34.16
34.69
33.80
34.45
27.99
432,900
Feb 12, 2026
35.02
35.08
34.06
34.13
27.73
579,600
Feb 11, 2026
0.451 Dividend 

Feb 11, 2026
35.44
35.44
34.58
34.86
28.33
525,900
Feb 10, 2026
35.87
35.87
35.38
35.57
28.54
584,200
Feb 9, 2026
35.20
35.89
35.06
35.86
28.77
622,300
Feb 6, 2026
34.49
35.35
34.49
35.35
28.36
830,500
Feb 5, 2026
33.93
34.56
33.77
34.01
27.29
1,181,300
Feb 4, 2026
0.454 Dividend 

Feb 4, 2026
35.47
35.47
34.10
34.57
27.74
1,294,200
Feb 3, 2026
36.16
36.35
35.32
35.71
28.29
921,200
Feb 2, 2026
35.49
35.98
35.35
35.71
28.29
728,200
Jan 30, 2026
36.35
36.55
35.90
35.99
28.51
1,278,400
Jan 29, 2026
37.10
37.10
36.13
36.55
28.95
1,156,700
Jan 28, 2026
0.502 Dividend 

Jan 28, 2026
37.25
37.26
36.98
37.15
29.43
517,400
Jan 27, 2026
37.23
37.51
37.19
37.48
29.29
690,400
Jan 26, 2026
37.24
37.53
37.03
37.03
28.94
576,300
Jan 23, 2026
37.04
37.39
36.87
37.27
29.13
573,000
Jan 22, 2026
37.22
37.37
36.91
37.06
28.96
639,800
Jan 21, 2026
0.505 Dividend 

Jan 21, 2026
36.81
37.16
36.35
36.88
28.82
702,300
Jan 20, 2026
37.00
37.54
37.00
37.18
28.66
835,800
Jan 16, 2026
37.58
37.80
37.29
37.55
28.95
1,025,200
Jan 15, 2026
37.82
37.91
37.46
37.47
28.89
662,700
Jan 14, 2026
0.519 Dividend 

Jan 14, 2026
37.66
37.71
37.26
37.56
28.95
751,300
Jan 13, 2026
38.05
38.45
38.05
38.28
29.11
848,200
Jan 12, 2026
37.53
38.17
37.51
38.07
28.95
1,031,100
Jan 9, 2026
37.50
37.84
37.33
37.58
28.58
661,300
Jan 8, 2026
37.59
37.65
37.04
37.23
28.31
830,300
Jan 7, 2026
0.471 Dividend 

Jan 7, 2026
37.67
37.99
37.51
37.81
28.75
428,500
Jan 6, 2026
37.94
38.29
37.74
38.25
28.73
918,900
Jan 5, 2026
38.00
38.18
37.90
37.92
28.48
1,075,700
Jan 2, 2026
37.89
37.99
37.25
37.54
28.20
888,800
Dec 31, 2025
0.487 Dividend 

Dec 31, 2025
37.78
37.88
37.33
37.33
28.04
1,175,000
Dec 30, 2025
38.49
38.55
38.26
38.26
28.37
904,500
Dec 29, 2025
38.21
38.68
38.21
38.30
28.40
993,400
Dec 26, 2025
38.84
38.90
38.70
38.75
28.73
718,300
Dec 24, 2025
0.571 Dividend 

Dec 24, 2025
38.67
38.88
38.60
38.82
28.79
371,100
Dec 23, 2025
39.20
39.33
39.05
39.31
28.73
537,100
Dec 22, 2025
39.14
39.38
39.13
39.25
28.68
755,700
Dec 19, 2025
38.16
38.91
38.16
38.80
28.35
735,400
Dec 18, 2025
38.07
38.41
37.87
37.87
27.67
926,800
Dec 17, 2025
0.492 Dividend 

Dec 17, 2025
38.50
38.51
37.22
37.22
27.20
818,000
Dec 16, 2025
38.38
38.86
38.33
38.60
27.85
616,500
Dec 15, 2025
39.40
39.40
38.35
38.35
27.67
1,479,100
Dec 12, 2025
40.11
40.15
38.85
39.14
28.24
697,300
Dec 11, 2025
39.77
40.25
39.50
40.11
28.94
635,600
Dec 10, 2025
0.546 Dividend 

Dec 10, 2025
39.85
40.27
39.73
40.11
28.94
552,700
Dec 9, 2025
40.00
40.69
39.95
40.45
28.79
785,400
Dec 8, 2025
40.21
40.38
39.99
40.17
28.59
733,300
Dec 5, 2025
40.03
40.23
39.86
39.98
28.45
607,100
Dec 4, 2025
39.84
40.10
39.67
40.06
28.51
781,300
Dec 3, 2025
0.588 Dividend 

Dec 3, 2025
39.41
39.97
39.31
39.86
28.37
859,100
Dec 2, 2025
39.96
40.24
39.81
39.95
28.01
1,191,600
Dec 1, 2025
1:10 Stock Splits 

Dec 1, 2025
39.53
40.01
39.53
39.56
27.74
1,647,200
Nov 28, 2025
40.00
40.50
40.00
40.30
28.26
941,370
Nov 26, 2025
0.59 Dividend 

Nov 26, 2025
39.50
40.10
39.50
40.00
28.05
1,105,660
Nov 25, 2025
39.90
40.30
39.50
40.20
27.78
1,550,400
Nov 24, 2025
39.30
40.30
39.30
40.20
27.78
1,680,970
Nov 21, 2025
39.70
40.30
38.80
39.80
27.50
4,082,610
Nov 20, 2025
41.20
41.60
38.90
38.90
26.88
2,810,220
Nov 19, 2025
0.64 Dividend 

Nov 19, 2025
40.60
41.00
39.90
40.20
27.78
2,635,690
Nov 18, 2025
40.70
41.60
40.50
40.90
27.82
3,468,210
Nov 17, 2025
41.80
42.20
40.80
41.20
28.02
5,594,810
Nov 14, 2025
41.30
42.80
41.20
42.10
28.63
4,116,150
Nov 13, 2025
43.60
43.70
42.00
42.20
28.70
5,488,100
Nov 12, 2025
0.63 Dividend 

Nov 12, 2025
44.80
45.00
43.80
43.80
29.79
3,799,930
Nov 11, 2025
45.90
46.00
45.20
45.30
30.38
3,099,530
Nov 10, 2025
46.40
46.70
45.80
46.10
30.92
3,030,220
Nov 7, 2025
44.90
45.80
44.60
45.70
30.65
5,684,150
Nov 6, 2025
47.00
47.10
45.40
45.40
30.45
5,541,380
Nov 5, 2025
0.79 Dividend 

Nov 5, 2025
46.80
47.30
46.60
47.00
31.52
3,897,940
Nov 4, 2025
48.00
48.70
47.40
47.40
31.26
4,833,920
Nov 3, 2025
49.60
49.70
48.70
48.90
32.25
4,201,550
Oct 31, 2025
49.30
49.80
49.10
49.60
32.71
4,728,320
Oct 30, 2025
49.30
49.50
48.70
48.70
32.12
3,992,950
Oct 29, 2025
0.85 Dividend 

Oct 29, 2025
49.70
50.10
49.30
49.60
32.71
3,692,570
Oct 28, 2025
50.90
51.20
50.50
50.60
32.81
3,599,840
Oct 27, 2025
50.90
51.20
50.70
50.80
32.94
3,304,230
Oct 24, 2025
50.40
51.00
50.40
50.40
32.68
3,775,900
Oct 23, 2025
49.30
50.10
49.20
49.80
32.29
6,862,670
Oct 22, 2025
0.9 Dividend 

Oct 22, 2025
50.00
50.20
48.60
49.30
31.97
9,018,770
Oct 21, 2025
51.80
51.90
51.20
51.30
32.68
3,839,850
Oct 20, 2025
52.00
52.30
51.80
51.80
33.00
3,215,680
Oct 17, 2025
51.90
52.20
50.90
51.50
32.81
6,759,570
Oct 16, 2025
53.50
53.70
52.30
52.50
33.44
4,498,810
Oct 15, 2025
0.91 Dividend 

Oct 15, 2025
53.70
53.90
52.70
53.40
34.02
4,330,650
Oct 14, 2025
53.80
54.50
53.10
54.00
33.82
3,447,790
Oct 13, 2025
53.90
54.30
53.60
54.20
33.95
3,446,700
Oct 10, 2025
54.90
55.20
53.10
53.10
33.26
5,907,060
Oct 9, 2025
0.9 Dividend 

Oct 9, 2025
54.70
54.80
54.30
54.60
34.20
3,254,970
Oct 8, 2025
55.20
55.60
55.20
55.50
34.20
4,692,460
Oct 7, 2025
55.50
55.60
54.40
55.00
33.89
2,875,750
Oct 6, 2025
55.10
55.30
55.00
55.30
34.07
2,902,100
Oct 3, 2025
54.90
55.20
54.50
54.70
33.70
3,022,590
Oct 2, 2025
0.91 Dividend 

Oct 2, 2025
54.30
54.80
54.30
54.70
33.70
2,254,240
Oct 1, 2025
54.70
55.10
54.60
55.00
33.33
2,609,900
Sep 30, 2025
54.70
54.90
54.50
54.70
33.15
2,253,180
Sep 29, 2025
54.70
54.90
54.60
54.70
33.15
2,867,580
Sep 26, 2025
54.70
54.80
54.00
54.30
32.90
2,850,130
Sep 25, 2025
0.92 Dividend 

Sep 25, 2025
54.50
55.00
54.00
54.40
32.96
3,139,710
Sep 24, 2025
56.60
56.70
56.10
56.20
33.50
3,604,260
Sep 23, 2025
56.80
56.90
56.20
56.40
33.62
2,937,400
Sep 22, 2025
56.60
56.80
56.20
56.70
33.79
2,455,490
Sep 19, 2025
56.30
56.90
56.29
56.70
33.79
2,220,280
Sep 18, 2025
0.93 Dividend 

Sep 18, 2025
55.90
56.50
55.80
56.20
33.50
1,849,530
Sep 17, 2025
56.30
56.70
55.80
56.50
33.12
3,031,810
Sep 16, 2025
56.30
56.40
55.90
56.40
33.06
1,844,550
Sep 15, 2025
55.80
56.30
55.80
56.20
32.95
2,340,480
Sep 12, 2025
55.30
55.70
55.20
55.70
32.65
2,182,860
Sep 11, 2025
0.93 Dividend 

Sep 11, 2025
55.10
55.40
55.00
55.10
32.30
1,530,180
Sep 10, 2025
56.00
56.20
55.70
55.90
32.22
2,046,280
Sep 9, 2025
55.40
55.80
55.30
55.80
32.17
1,855,500
Sep 8, 2025
54.90
55.50
54.90
55.30
31.88
2,795,360
Sep 5, 2025
55.20
55.50
53.90
54.90
31.65
3,960,050
Sep 4, 2025
0.9 Dividend 

Sep 4, 2025
55.00
55.20
54.50
54.80
31.59
3,314,830
Sep 3, 2025
56.80
56.80
55.60
55.80
31.65
3,065,310
Sep 2, 2025
55.80
56.40
55.30
56.30
31.93
4,022,220
Aug 29, 2025
57.30
57.50
56.50
56.70
32.16
3,114,700
Aug 28, 2025
0.95 Dividend 

Aug 28, 2025
57.00
57.60
56.90
57.50
32.61
2,410,170
Aug 27, 2025
58.10
58.10
57.50
57.60
32.13
2,977,530
Aug 26, 2025
57.50
58.10
57.40
58.00
32.35
2,180,820
Aug 25, 2025
57.40
57.70
56.80
57.40
32.02
2,601,410
Aug 22, 2025
55.90
57.70
55.50
57.40
32.02
3,719,870
Aug 21, 2025
1 Dividend 

Aug 21, 2025
56.00
56.50
55.90
56.00
31.24
2,544,540
Aug 20, 2025
56.90
57.30
56.10
57.20
31.35
5,449,520
Aug 19, 2025
59.10
59.10
57.20
57.30
31.40
6,174,920
Aug 18, 2025
58.80
59.20
58.50
59.00
32.34
3,879,440
Aug 15, 2025
59.40
59.50
58.60
59.00
32.34
3,755,900
Aug 14, 2025
1.01 Dividend 

Aug 14, 2025
59.45
59.80
58.70
59.50
32.61
6,903,840
Aug 13, 2025
61.30
61.50
60.50
60.90
32.82
5,779,870
Aug 12, 2025
60.60
61.00
60.50
61.00
32.88
3,241,220
Aug 11, 2025
60.50
61.10
60.30
60.40
32.55
4,865,180
Aug 8, 2025
60.70
60.90
60.10
60.30
32.50
3,635,610
Aug 7, 2025
1 Dividend 

Aug 7, 2025
60.40
60.90
60.00
60.40
32.55
3,428,330
Aug 6, 2025
61.05
61.10
60.30
60.90
32.28
4,823,920
Aug 5, 2025
61.20
61.50
60.60
61.10
32.39
3,498,710
Aug 4, 2025
60.65
61.20
60.20
61.20
32.44
3,829,240
Aug 1, 2025
60.30
60.90
59.50
60.10
31.86
6,520,230
Jul 31, 2025
1.01 Dividend 

Jul 31, 2025
61.70
62.10
61.30
61.40
32.55
3,928,370
Jul 30, 2025
62.10
62.60
61.70
62.20
32.44
4,084,050
Jul 29, 2025
62.90
63.10
61.50
61.90
32.28
6,161,750
Jul 28, 2025
63.20
63.20
62.40
62.70
32.70
4,623,180
Jul 25, 2025
62.50
62.80
62.20
62.70
32.70
2,571,160
Jul 24, 2025
1.03 Dividend 

Jul 24, 2025
62.60
62.70
62.10
62.60
32.65
3,215,220
Jul 23, 2025
63.25
63.50
62.70
63.50
32.58
4,036,120
Jul 22, 2025
63.40
63.50
61.50
62.90
32.27
6,285,820
Jul 21, 2025
64.40
64.60
63.20
63.30
32.48
7,146,830
Jul 18, 2025
64.20
64.40
63.60
64.10
32.89
3,375,290
Jul 17, 2025
1.04 Dividend 

Jul 17, 2025
63.50
64.10
63.30
64.00
32.84
2,666,790
Jul 16, 2025
63.45
64.10
62.70
64.00
32.30
4,412,200
Jul 15, 2025
63.10
63.30
62.60
63.00
31.80
3,160,410
Jul 14, 2025
62.35
62.90
62.20
62.90
31.75
2,765,740
Jul 11, 2025
62.30
62.60
62.00
62.10
31.34
2,964,990
Jul 10, 2025
0.96 Dividend 

Jul 10, 2025
62.30
62.50
61.60
62.30
31.44
3,480,120
Jul 9, 2025
62.70
62.90
61.90
62.90
31.26
3,485,210
Jul 8, 2025
62.80
63.00
62.00
62.30
30.96
2,996,920
Jul 7, 2025
62.70
62.79
61.70
62.50
31.06
3,726,390
Jul 3, 2025
0.95 Dividend 

Jul 3, 2025
62.50
62.80
62.20
62.80
31.21
1,077,350
Jul 2, 2025
62.10
63.30
62.00
63.20
30.94
1,559,360
Jul 1, 2025
62.60
62.70
61.50
61.90
30.30
2,309,130
Jun 30, 2025
62.90
63.10
62.50
63.00
30.84
1,414,940
Jun 27, 2025
63.00
63.08
61.90
62.20
30.45
1,479,870
Jun 26, 2025
0.92 Dividend 

Jun 26, 2025
62.20
62.70
62.00
62.70
30.69
874,350
Jun 25, 2025
63.40
63.60
62.60
62.70
30.24
1,305,190
Jun 24, 2025
62.50
63.00
62.21
62.90
30.34
791,640
Jun 23, 2025
61.50
62.00
60.50
61.90
29.86
1,820,710
Jun 20, 2025
0.88 Dividend 

Jun 20, 2025
62.70
62.70
61.60
62.00
29.91
884,630
Jun 18, 2025
61.90
62.90
61.60
62.70
29.82
907,100
Jun 17, 2025
62.50
62.50
61.20
61.80
29.39
970,730
Jun 16, 2025
61.90
62.70
61.70
62.50
29.72
898,610
Jun 13, 2025
61.00
62.00
60.70
61.00
29.01
1,088,820
Jun 12, 2025
0.95 Dividend 

Jun 12, 2025
61.70
62.20
61.30
61.90
29.44
765,460
Jun 11, 2025
62.80
63.10
62.35
62.60
29.32
988,070
Jun 10, 2025
62.70
62.80
61.60
62.20
29.13
696,620
Jun 9, 2025
62.10
62.40
61.20
62.30
29.18
624,130
Jun 6, 2025
61.10
61.80
60.90
61.70
28.90
393,550
Jun 5, 2025
0.95 Dividend 

Jun 5, 2025
62.00
62.10
59.90
60.40
28.29
724,600
Jun 4, 2025
62.80
62.80
61.80
62.70
28.92
424,030
Jun 3, 2025
62.40
62.60
62.10
62.40
28.78
357,740
Jun 2, 2025
61.30
61.60
60.80
61.60
28.41
362,830
May 30, 2025
61.00
61.50
60.30
61.50
28.37
473,120
May 29, 2025
0.95 Dividend 

May 29, 2025
62.30
62.40
61.20
61.30
28.28
308,050
May 28, 2025
62.70
62.80
62.10
62.40
28.35
325,390
May 27, 2025
62.00
62.60
61.40
62.50
28.39
322,820
May 23, 2025
60.20
61.30
60.20
61.00
27.71
293,130
May 22, 2025
0.98 Dividend 

May 22, 2025
60.40
61.50
60.00
61.00
27.71
338,600
May 21, 2025
62.40
62.90
60.70
61.10
27.31
498,450
May 20, 2025
62.90
63.00
61.90
62.50
27.94
400,640
May 19, 2025
61.10
62.80
61.04
62.80
28.07
465,460
May 16, 2025
62.30
62.90
62.15
62.90
28.11
249,220
May 15, 2025
1.06 Dividend 

May 15, 2025
62.00
62.15
60.80
61.40
27.44
270,680
May 14, 2025
63.40
63.80
63.10
63.60
27.95
343,140
May 13, 2025
62.30
62.80
62.10
62.80
27.60
334,400
May 12, 2025
63.00
63.10
61.50
61.90
27.21
321,740
May 9, 2025
60.40
60.70
59.60
60.20
26.46
227,160
May 8, 2025
1.18 Dividend 

May 8, 2025
59.50
60.40
59.20
60.20
26.46
157,260
May 7, 2025
59.50
59.60
58.50
59.60
25.68
239,020
May 6, 2025
59.00
59.50
58.30
59.40
25.59
183,660
May 5, 2025
59.60
59.90
59.05
59.60
25.68
169,770
May 2, 2025
59.70
60.10
59.20
59.90
25.81
176,210
May 1, 2025
0.94 Dividend 

May 1, 2025
59.00
59.40
58.39
58.60
25.25
140,750
Apr 30, 2025
58.50
59.00
57.15
59.00
25.01
188,940
Apr 29, 2025
59.40
59.70
58.90
59.60
25.27
125,940
Apr 28, 2025
59.40
59.60
58.00
59.20
25.10
159,620
Apr 25, 2025
58.30
58.90
58.04
58.90
24.97
156,970
Apr 24, 2025
0.84 Dividend 

Apr 24, 2025
57.00
58.10
57.00
58.10
24.63
112,350
Apr 23, 2025
58.00
58.35
57.55
57.80
24.15
177,240
Apr 22, 2025
55.70
56.80
55.45
56.50
23.61
133,150
Apr 21, 2025
55.90
56.10
54.00
54.80
22.89
206,120
Apr 17, 2025
0.85 Dividend 

Apr 17, 2025
56.40
56.60
55.31
56.30
23.52
105,140
Apr 16, 2025
57.00
57.50
55.40
56.50
23.25
156,650
Apr 15, 2025
58.10
58.40
57.50
58.00
23.87
115,810
Apr 14, 2025
58.20
58.30
56.56
57.40
23.62
119,680
Apr 11, 2025
56.10
56.90
55.00
56.90
23.41
105,230
Apr 10, 2025
0.82 Dividend 

Apr 10, 2025
56.50
56.80
54.30
55.70
22.92
106,680
Apr 9, 2025
54.50
58.70
54.00
58.60
23.78
196,830
Apr 8, 2025
57.40
57.40
53.42
54.20
21.99
163,310
Apr 7, 2025
52.40
57.35
52.30
55.50
22.52
185,060
Apr 4, 2025
55.50
56.20
53.70
54.50
22.11
239,270
Apr 3, 2025
0.92 Dividend 

Apr 3, 2025
58.00
58.70
57.34
57.60
23.37
202,870
Apr 2, 2025
60.50
62.50
60.31
62.20
24.86
155,580
Apr 1, 2025
60.90
61.80
60.00
61.40
24.54
118,570
Mar 31, 2025
59.50
60.90
58.70
60.50
24.18
161,820
Mar 28, 2025
63.00
63.00
60.90
61.20
24.46
215,000
Mar 27, 2025
0.99 Dividend 

Mar 27, 2025
64.20
64.80
63.10
63.30
25.30
176,070
Mar 26, 2025
68.40
68.40
65.40
65.90
25.95
187,550
Mar 25, 2025
68.80
70.20
67.70
68.20
26.85
145,630
Mar 24, 2025
67.20
68.10
67.00
67.90
26.73
187,090
Mar 21, 2025
64.30
65.96
63.80
65.80
25.91
139,790
Mar 20, 2025
0.98 Dividend 

Mar 20, 2025
64.80
66.00
64.50
65.30
25.71
80,050
Mar 19, 2025
64.70
66.90
64.30
66.20
25.68
170,290
Mar 18, 2025
65.60
65.60
63.73
64.00
24.83
121,100
Mar 17, 2025
65.40
66.60
65.00
66.10
25.64
126,050
Mar 14, 2025
64.00
65.30
63.80
65.30
25.33
115,260
Mar 13, 2025
1.03 Dividend 

Mar 13, 2025
64.80
64.80
62.01
62.40
24.21
109,540
Mar 12, 2025
65.40
66.20
64.15
65.40
24.97
123,240
Mar 11, 2025
63.00
64.99
62.60
64.00
24.44
250,300
Mar 10, 2025
65.50
65.60
62.40
63.00
24.05
227,520
Mar 7, 2025
67.00
67.79
64.60
67.30
25.70
254,710
Mar 6, 2025
4.65 Dividend 

Mar 6, 2025
69.50
69.60
66.80
67.90
25.92
197,510
Mar 5, 2025
74.40
75.40
72.90
75.40
27.01
139,920
Mar 4, 2025
72.20
75.05
71.60
73.70
26.40
120,480
Mar 3, 2025
77.20
77.50
73.34
73.80
26.44
129,090
Feb 28, 2025
74.40
76.16
73.75
76.10
27.26
146,830
Feb 27, 2025
77.80
78.00
74.80
74.90
26.83
230,280
Feb 26, 2025
76.60
77.60
76.40
77.00
27.59
525,190
Feb 25, 2025
77.30
77.45
75.20
75.80
27.16
248,980
Feb 24, 2025
79.70
79.70
77.30
78.10
27.98
433,630
Feb 21, 2025
82.50
82.50
79.10
79.10
28.34
532,330
Feb 20, 2025
83.00
83.30
81.34
82.40
29.52
388,230
Feb 19, 2025
84.00
84.00
83.10
83.20
29.81
185,050
Feb 18, 2025
84.00
84.10
83.40
83.90
30.06
122,940
Feb 14, 2025
83.00
83.60
83.00
83.60
29.95
143,560
Feb 13, 2025
82.20
83.05
82.20
82.80
29.66
168,120
Feb 12, 2025
80.70
82.30
80.50
82.20
29.45
120,930
Feb 11, 2025
82.00
82.10
81.30
81.50
29.20
108,780
Feb 10, 2025
81.70
82.50
81.70
82.30
29.48
191,860
Feb 7, 2025
81.80
82.70
81.40
81.40
29.16
290,470
Feb 6, 2025
5.37 Dividend 

Feb 6, 2025
81.90
82.00
81.25
81.70
29.27
156,600
Feb 5, 2025
86.70
87.20
86.20
87.00
29.24
193,520
Feb 4, 2025
86.60
86.90
86.20
86.70
29.14
200,590
Feb 3, 2025
84.90
86.40
84.60
86.10
28.94
341,920
Jan 31, 2025
87.70
88.30
86.50
86.80
29.18
169,410
Jan 30, 2025
87.00
87.50
86.60
87.20
29.31
114,480
Jan 29, 2025
86.20
86.50
85.40
86.10
28.94
208,280
Jan 28, 2025
85.50
85.90
84.30
85.80
28.84
302,230
Jan 27, 2025
84.50
85.90
84.20
85.00
28.57
226,290
Jan 24, 2025
88.60
88.79
87.70
87.90
29.55
184,380
Jan 23, 2025
87.70
88.50
87.40
88.50
29.75
118,140
Jan 22, 2025
88.20
88.29
87.82
87.90
29.55
73,960
Jan 21, 2025
86.60
87.90
86.30
87.70
29.48
106,120
Jan 17, 2025
86.50
86.70
86.02
86.60
29.11
85,550
Jan 16, 2025
85.80
86.10
85.24
85.70
28.81
101,150
Jan 15, 2025
84.50
85.80
84.50
85.60
28.77
133,760
Jan 14, 2025
83.90
84.40
83.10
83.70
28.14
157,560
Jan 13, 2025
82.10
83.37
82.00
83.30
28.00
230,420
Jan 10, 2025
83.90
84.25
83.30
83.80
28.17
260,730
Jan 8, 2025
5.72 Dividend 

Jan 8, 2025
85.60
85.89
84.20
85.10
28.61
232,270
Jan 7, 2025
93.00
93.10
91.00
91.20
28.73
249,260
Jan 6, 2025
93.10
93.10
92.60
92.70
29.21
220,130
Jan 3, 2025
90.90
92.10
90.70
92.10
29.02
113,630
Jan 2, 2025
90.20
90.90
89.90
90.40
28.48
137,830
Dec 31, 2024
90.50
90.87
89.50
89.70
28.26
134,650
Dec 30, 2024
90.80
90.85
89.80
90.20
28.42
159,850
Dec 27, 2024
92.20
92.50
91.10
91.50
28.83
133,850
Dec 26, 2024
91.90
92.80
91.80
92.60
29.17
86,640
Dec 24, 2024
92.20
92.60
91.90
92.60
29.17
47,200
Dec 23, 2024
91.90
91.90
90.90
91.60
28.86
121,330
Dec 20, 2024
90.00
91.75
90.00
91.40
28.80
136,480
Dec 19, 2024
91.90
91.90
90.60
90.80
28.61
155,400
Dec 18, 2024
93.40
93.80
91.00
91.10
28.70
216,080
Dec 17, 2024
94.30
94.40
93.30
93.50
29.46
139,630
Dec 16, 2024
93.80
94.70
93.70
94.50
29.77
155,010
Dec 13, 2024
93.90
94.00
93.10
93.70
29.52
206,040
Dec 12, 2024
7.09 Dividend 

Dec 12, 2024
93.70
93.80
93.20
93.40
29.43
302,410
Dec 11, 2024
100.60
100.90
100.10
100.60
29.46
277,910
Dec 10, 2024
101.20
101.30
99.80
99.80
29.23
274,670
Dec 9, 2024
102.70
102.70
100.90
101.10
29.61
244,510
Dec 6, 2024
101.90
102.30
101.45
102.30
29.96
152,400
Dec 5, 2024
102.30
102.35
100.80
102.10
29.90
142,860
Dec 4, 2024
101.40
102.00
100.90
102.00
29.87
105,430
Dec 3, 2024
100.60
100.70
100.10
100.60
29.46
107,710
Dec 2, 2024
101.60
101.60
100.40
100.60
29.46
125,390
Nov 29, 2024
100.80
101.20
100.40
100.80
29.52
91,070
Nov 27, 2024
100.30
100.45
99.10
100.00
29.29
96,330
Nov 26, 2024
100.60
100.78
99.50
100.00
29.29
100,850
Nov 25, 2024
101.60
101.60
100.30
100.70
29.49
135,970
Nov 22, 2024
99.70
100.30
99.25
100.10
29.31
110,630
Nov 21, 2024
99.00
99.80
98.10
99.40
29.11
142,080
Nov 20, 2024
98.50
99.10
97.71
98.30
28.79
109,280
Nov 19, 2024
96.80
98.50
96.80
98.50
28.85
142,410
Nov 18, 2024
96.30
97.60
96.10
97.40
28.52
162,240
Nov 15, 2024
97.30
97.30
95.70
96.30
28.20
212,150
Nov 14, 2024
8.31 Dividend 

Nov 14, 2024
99.10
99.48
96.80
97.10
28.44
269,510
Nov 13, 2024
108.10
109.20
106.40
106.80
28.84
289,610
Nov 12, 2024
108.00
108.00
106.02
106.80
28.84
199,270
Nov 11, 2024
108.20
108.50
107.10
108.30
29.25
243,140
Nov 8, 2024
106.00
106.60
105.40
106.60
28.79
165,380
Nov 7, 2024
104.80
106.10
104.80
105.70
28.55
101,040
Nov 6, 2024
103.60
104.30
102.10
104.10
28.11
132,580
Nov 5, 2024
100.50
101.90
100.40
101.80
27.49
117,950
Nov 4, 2024
99.80
100.50
99.25
99.60
26.90
104,440
Nov 1, 2024
100.10
101.25
99.60
99.80
26.95
99,560
Oct 31, 2024
101.10
101.15
98.90
99.00
26.74
110,690
Oct 30, 2024
101.70
101.90
100.60
101.20
27.33
53,890
Oct 29, 2024
102.00
102.40
101.15
101.80
27.49
60,510
Oct 28, 2024
100.60
102.00
100.60
102.00
27.55
113,740
Oct 25, 2024
99.90
100.90
99.30
99.50
26.87
109,290
Oct 24, 2024
98.50
99.80
98.50
99.60
26.90
64,790
Oct 23, 2024
98.80
99.40
95.90
97.50
26.33
110,860
Oct 22, 2024
99.10
99.70
99.00
99.30
26.82
91,310
Oct 21, 2024
99.70
100.30
98.60
100.00
27.01
156,970
Oct 18, 2024
99.10
100.60
98.91
100.40
27.11
130,140
Oct 17, 2024
8.27 Dividend 

Oct 17, 2024
100.00
100.30
98.20
98.50
26.60
180,380
Oct 16, 2024
107.30
107.60
105.70
107.40
26.77
179,490
Oct 15, 2024
108.20
108.25
105.80
107.00
26.67
133,580
Oct 14, 2024
107.40
108.10
106.51
107.80
26.87
137,970
Oct 11, 2024
103.50
106.20
103.30
106.10
26.45
82,130
Oct 10, 2024
104.10
104.10
102.25
103.30
25.75
83,730
Oct 9, 2024
105.30
105.30
103.79
104.20
25.97
59,870
Oct 8, 2024
104.50
105.40
104.00
104.70
26.10
62,330
Oct 7, 2024
104.60
104.86
102.90
104.60
26.07
80,950
Oct 4, 2024
104.00
104.60
102.80
104.60
26.07
47,130
Oct 3, 2024
102.80
103.40
101.00
102.30
25.50
38,310
Oct 2, 2024
102.50
103.50
100.99
102.80
25.63
55,710
Oct 1, 2024
106.10
106.10
101.40
102.90
25.65
71,400
Sep 30, 2024
105.60
106.75
104.79
105.90
26.40
67,490
Sep 27, 2024
105.50
106.00
104.80
105.90
26.40
43,640
Sep 26, 2024
105.20
105.90
104.20
105.60
26.32
46,730
Sep 25, 2024
104.80
105.40
103.60
103.80
25.87
55,910
Sep 24, 2024
104.10
105.00
102.70
105.00
26.17
71,520
Sep 23, 2024
105.00
105.00
103.20
104.00
25.92
110,420
Sep 20, 2024
104.70
104.80
103.30
104.40
26.02
138,350
Sep 19, 2024
9.83 Dividend 

Sep 19, 2024
105.70
105.88
104.31
104.80
26.12
129,140
Sep 18, 2024
113.00
115.30
111.95
112.90
25.69
201,680
Sep 17, 2024
112.80
113.65
111.60
112.70
25.65
116,240
Sep 16, 2024
111.80
112.30
110.10
112.00
25.49
71,090
Sep 13, 2024
110.00
111.90
109.90
111.70
25.42
63,800
Sep 12, 2024
108.90
110.00
107.40
109.60
24.94
71,810
Sep 11, 2024
107.20
108.80
105.60
108.40
24.67
56,490
Sep 10, 2024
107.10
107.30
104.61
107.30
24.42
77,710
Sep 9, 2024
105.30
107.00
104.77
106.40
24.21
53,210
Sep 6, 2024
106.50
107.30
102.50
103.20
23.49
44,550
Sep 5, 2024
105.40
106.70
104.40
105.80
24.08
46,140
Sep 4, 2024
106.30
108.01
105.20
107.00
24.35
31,530
Sep 3, 2024
112.50
112.50
107.10
107.80
24.53
61,220
Aug 30, 2024
112.60
113.16
111.20
112.80
25.67
27,740
Aug 29, 2024
111.20
113.30
111.20
111.90
25.46
21,480
Aug 28, 2024
113.00
113.20
109.80
111.00
25.26
40,540
Aug 27, 2024
112.90
114.08
112.60
113.90
25.92
24,230
Aug 26, 2024
115.00
115.50
114.00
114.40
26.03
47,960
Aug 23, 2024
113.30
115.40
113.30
115.00
26.17
53,230
Aug 22, 2024
114.20
114.20
112.70
112.70
25.65
25,610
Aug 21, 2024
111.80
114.20
111.80
114.20
25.99
43,290
Aug 20, 2024
112.50
113.00
111.00
112.00
25.49
41,280
Aug 19, 2024
110.30
112.40
110.20
112.30
25.56
73,260
Aug 16, 2024
109.10
111.00
109.00
110.60
25.17
82,480
Aug 15, 2024
7.8 Dividend 

Aug 15, 2024
107.80
110.10
107.80
109.80
24.99
89,100
Aug 14, 2024
116.10
116.10
114.50
114.80
24.35
143,980
Aug 13, 2024
113.50
115.30
112.70
115.20
24.43
84,500
Aug 12, 2024
114.00
114.00
111.60
112.30
23.82
96,230
Aug 9, 2024
114.40
114.40
111.40
113.00
23.97
56,630
Aug 8, 2024
111.00
114.10
109.20
114.10
24.20
57,050
Aug 7, 2024
111.90
112.10
108.20
108.60
23.03
32,640
Aug 6, 2024
109.90
111.40
107.00
109.40
23.20
37,320
Aug 5, 2024
97.90
110.22
97.40
108.60
23.03
76,890
Aug 2, 2024
114.10
114.25
110.40
111.80
23.71
70,230
Aug 1, 2024
123.70
124.90
116.50
117.90
25.01
54,590
Jul 31, 2024
121.70
125.47
121.70
122.90
26.07
32,390
Jul 30, 2024
122.90
124.27
119.15
120.20
25.50
49,930
Jul 29, 2024
125.30
126.30
122.25
123.00
26.09
46,650
Jul 26, 2024
124.00
125.80
123.20
124.50
26.41
34,270
Jul 25, 2024
122.40
124.80
119.20
121.40
25.75
70,330
Jul 24, 2024
127.50
127.76
122.80
122.80
26.05
72,780
Jul 23, 2024
127.50
129.70
127.30
128.90
27.34
45,330
Jul 22, 2024
127.00
128.16
126.10
128.00
27.15
67,050
Jul 19, 2024
125.80
127.00
125.00
125.90
26.70
82,410
Jul 18, 2024
130.50
130.90
124.90
125.70
26.66
118,540
Jul 17, 2024
9.95 Dividend 

Jul 17, 2024
131.90
132.70
128.20
129.00
27.36
155,530
Jul 16, 2024
143.00
144.00
141.61
144.00
28.43
194,330
Jul 15, 2024
144.00
144.00
141.70
143.00
28.24
155,310
Jul 12, 2024
139.50
143.00
138.30
143.00
28.24
97,000
Jul 11, 2024
139.90
140.50
137.20
138.40
27.33
91,320
Jul 10, 2024
139.30
139.40
136.90
137.70
27.19
96,790
Jul 9, 2024
139.50
139.50
137.70
138.00
27.25
126,020
Jul 8, 2024
140.00
140.00
137.03
138.20
27.29
84,150
Jul 5, 2024
138.70
139.20
135.20
139.00
27.45
64,170
Jul 3, 2024
136.20
138.30
136.10
137.70
27.19
31,740
Jul 2, 2024
136.90
137.90
135.12
136.40
26.93
32,080
Jul 1, 2024
136.00
138.30
134.70
136.90
27.03
51,840
Jun 28, 2024
136.80
137.40
134.30
134.90
26.64
53,550
Jun 27, 2024
135.80
137.20
135.21
136.70
26.99
23,450
Jun 26, 2024
135.70
137.30
135.10
136.10
26.87
23,080
Jun 25, 2024
133.00
136.70
132.40
136.70
26.99
38,100
Jun 24, 2024
132.90
134.90
130.90
132.40
26.14
69,220
Jun 21, 2024
134.50
135.00
131.50
135.00
26.66
56,830
Jun 20, 2024
137.00
137.40
133.90
135.90
26.83
73,350
Jun 18, 2024
134.90
136.90
134.80
136.00
26.85
79,140
Jun 17, 2024
135.90
136.55
134.50
135.90
26.83
92,510
Jun 14, 2024
11.34 Dividend 

Jun 14, 2024
137.40
138.50
135.60
137.10
27.07
141,580
Jun 13, 2024
152.10
152.10
149.00
149.60
27.30
184,390
Jun 12, 2024
149.60
152.20
149.60
150.90
27.54
100,530
Jun 11, 2024
146.30
148.00
142.31
148.00
27.01
101,250
Jun 10, 2024
146.70
148.10
145.20
147.00
26.83
131,630
Jun 7, 2024
149.30
149.50
145.80
146.60
26.75
84,710
Jun 6, 2024
150.20
150.20
147.62
148.80
27.15
33,730
Jun 5, 2024
146.50
149.90
145.50
149.60
27.30
44,160
Jun 4, 2024
145.30
145.90
142.61
144.50
26.37
37,550
Jun 3, 2024
145.40
146.60
142.70
144.90
26.44
31,790
May 31, 2024
145.60
146.00
140.20
143.60
26.20
34,900
May 30, 2024
144.60
146.00
143.50
144.40
26.35
28,880
May 29, 2024
141.90
142.80
140.00
142.20
25.95
25,300
May 28, 2024
146.10
146.10
140.70
142.80
26.06
58,120
May 24, 2024
143.00
145.40
142.50
145.10
26.48
25,630
May 23, 2024
147.10
147.20
140.30
141.50
25.82
39,610
May 22, 2024
147.20
148.30
144.50
145.50
26.55
40,290
May 21, 2024
147.70
147.70
146.05
146.60
26.75
46,250
May 20, 2024
147.80
147.90
145.50
147.70
26.95
55,130
May 17, 2024
147.80
148.40
146.20
147.00
26.83
59,310
May 16, 2024
149.40
149.40
146.60
146.80
26.79
38,830
May 15, 2024
12.78 Dividend 

May 15, 2024
149.90
150.10
146.00
148.50
27.10
71,300
May 14, 2024
160.00
161.00
156.70
159.60
26.79
167,470
May 13, 2024
159.00
168.00
158.90
163.00
27.36
69,210
May 10, 2024
162.50
162.50
153.40
154.00
25.85
68,800
May 9, 2024
158.00
161.10
155.00
160.70
26.98
72,100
May 8, 2024
155.80
156.50
154.20
156.30
26.24
41,800
May 7, 2024
157.50
157.80
155.40
156.70
26.31
39,700
May 6, 2024
156.60
158.08
155.20
157.10
26.37
40,560
May 3, 2024
152.30
155.00
152.30
154.00
25.85
22,040
May 2, 2024
149.70
150.90
145.55
150.40
25.25
12,330
May 1, 2024
147.30
150.80
144.60
145.80
24.48
15,420
Apr 30, 2024
150.90
150.90
147.00
147.30
24.73
19,330
Apr 29, 2024
152.90
152.90
149.50
151.60
25.45
14,900
Apr 26, 2024
150.30
152.02
148.85
151.80
25.48
12,860
Apr 25, 2024
147.30
149.35
145.69
149.10
25.03
12,640
Apr 24, 2024
150.30
151.49
147.70
148.60
24.95
16,480
Apr 23, 2024
147.30
150.41
146.90
149.30
25.06
17,770
Apr 22, 2024
143.10
147.00
140.80
145.90
24.49
34,120
Apr 19, 2024
146.60
147.45
141.02
142.30
23.89
43,210
Apr 18, 2024
150.80
151.70
146.60
147.30
24.73
21,620
Apr 17, 2024
14.17 Dividend 

Apr 17, 2024
153.10
154.19
148.20
149.90
25.16
40,780
Apr 16, 2024
166.20
167.30
162.60
166.60
25.59
84,560
Apr 15, 2024
173.20
173.20
164.30
165.00
25.34
41,700
Apr 12, 2024
179.60
179.60
170.03
171.40
26.33
37,590
Apr 11, 2024
179.50
179.50
175.50
179.20
27.52
27,500
Apr 10, 2024
177.40
178.20
173.50
177.80
27.31
34,380
Apr 9, 2024
180.90
180.90
176.17
178.70
27.45
33,430
Apr 8, 2024
185.20
185.20
178.50
179.95
27.64
37,230
Apr 5, 2024
178.80
181.50
176.90
179.49
27.57
15,620
Apr 4, 2024
185.90
186.90
178.35
178.80
27.46
23,720
Apr 3, 2024
179.00
183.45
178.00
182.16
27.98
13,050
Apr 2, 2024
183.20
183.40
175.85
177.80
27.31
15,310
Apr 1, 2024
187.10
187.10
180.35
182.70
28.06
22,740
Mar 28, 2024
186.90
188.00
184.20
184.90
28.40
12,820
Mar 27, 2024
185.00
185.00
179.50
184.20
28.29
8,920
Mar 26, 2024
184.00
185.70
182.10
182.60
28.05
12,190
Mar 25, 2024
178.30
183.60
178.30
182.80
28.08
13,330
Mar 22, 2024
179.30
179.90
178.00
178.50
27.42
9,280
Mar 21, 2024
180.80
181.40
178.40
179.40
27.55
16,050
Mar 20, 2024
174.70
178.80
173.50
178.80
27.46
14,830
Mar 19, 2024
177.90
177.90
170.80
173.80
26.69
21,950
Mar 18, 2024
182.30
182.30
177.00
180.20
27.68
30,030
Mar 15, 2024
176.50
183.30
176.40
182.00
27.95
26,390
Mar 14, 2024
10.65 Dividend 

Mar 14, 2024
190.00
190.40
175.50
178.50
27.42
56,430
Mar 13, 2024
194.70
197.80
192.86
196.50
28.55
78,230
Mar 12, 2024
193.50
193.50
186.00
192.40
27.95
10,140
Mar 11, 2024
200.60
200.60
191.30
191.60
27.83
17,860
Mar 8, 2024
200.20
201.90
196.50
199.40
28.97
11,690
Mar 7, 2024
198.60
198.60
195.35
196.15
28.49
6,400
Mar 6, 2024
198.10
200.80
195.64
198.10
28.78
6,870
Mar 5, 2024
199.90
199.90
191.00
193.39
28.09
7,260
Mar 4, 2024
205.50
205.50
200.00
200.70
29.16
12,900
Mar 1, 2024
196.00
200.00
193.89
200.00
29.05
10,880
Feb 29, 2024
204.20
204.20
192.68
193.50
28.11
17,530
