Date
Open
High
Low
Close 

Adj Close 

Volume
Jun 5, 2026
52.66
52.91
52.19
52.69
52.69
5,500
Jun 4, 2026
51.67
52.39
51.67
52.03
52.03
3,000
Jun 3, 2026
48.41
50.20
48.41
49.05
49.05
4,400
Jun 2, 2026
48.94
49.15
48.69
49.02
49.02
2,300
Jun 1, 2026
0.28 Dividend 

Jun 1, 2026
49.37
49.69
49.27
49.37
49.37
1,300
May 29, 2026
50.14
50.14
49.15
49.59
49.31
3,700
May 28, 2026
50.90
50.90
50.14
50.14
49.85
3,400
May 27, 2026
50.06
50.36
49.95
50.36
50.08
1,300
May 26, 2026
0.432 Dividend 

May 26, 2026
49.94
49.94
48.71
49.31
49.03
3,800
May 22, 2026
51.00
51.71
51.00
51.51
50.79
3,400
May 21, 2026
50.58
50.80
50.52
50.52
49.82
2,700
May 20, 2026
52.00
52.31
50.38
50.66
49.95
4,100
May 19, 2026
51.58
52.44
51.58
51.68
50.96
1,900
May 18, 2026
0.369 Dividend 

May 18, 2026
50.61
51.97
50.61
51.93
51.20
3,500
May 15, 2026
52.85
53.38
52.40
52.77
51.67
2,400
May 14, 2026
55.08
55.08
53.38
53.72
52.60
3,900
May 13, 2026
52.79
54.17
52.79
53.90
52.78
3,100
May 12, 2026
51.28
53.25
51.08
53.25
52.14
3,400
May 11, 2026
0.379 Dividend 

May 11, 2026
49.64
51.31
49.64
51.31
50.24
4,800
May 8, 2026
49.89
50.88
49.86
50.88
49.45
3,600
May 7, 2026
48.73
49.44
48.72
49.44
48.05
1,300
May 6, 2026
48.96
49.11
48.96
48.99
47.61
2,400
May 5, 2026
50.85
50.85
48.14
48.51
47.14
4,300
May 4, 2026
0.366 Dividend 

May 4, 2026
48.86
49.45
48.82
49.45
48.06
5,400
May 1, 2026
49.92
49.92
49.53
49.60
47.85
3,200
Apr 30, 2026
50.60
50.60
49.29
50.01
48.24
3,300
Apr 29, 2026
49.27
49.87
49.27
49.87
48.11
1,900
Apr 28, 2026
48.10
49.66
48.10
49.28
47.53
5,700
Apr 27, 2026
0.354 Dividend 

Apr 27, 2026
46.29
47.87
46.29
47.46
45.78
2,300
Apr 24, 2026
47.74
47.81
47.19
47.78
45.75
3,100
Apr 23, 2026
48.61
48.61
47.65
47.70
45.68
1,900
Apr 22, 2026
47.49
47.98
47.25
47.53
45.51
11,300
Apr 21, 2026
47.39
47.94
46.27
46.47
44.49
14,500
Apr 20, 2026
0.332 Dividend 

Apr 20, 2026
42.87
42.87
42.40
42.83
41.01
2,200
Apr 17, 2026
42.55
43.24
42.55
43.24
41.08
4,500
Apr 16, 2026
41.53
42.08
41.53
42.06
39.96
1,900
Apr 15, 2026
41.27
41.74
41.22
41.74
39.66
2,300
Apr 14, 2026
41.68
42.38
41.68
41.72
39.65
4,400
Apr 13, 2026
0.382 Dividend 

Apr 13, 2026
39.20
41.44
39.18
41.44
39.38
9,300
Apr 10, 2026
41.13
41.42
40.59
40.61
38.22
11,900
Apr 9, 2026
40.51
41.02
40.51
41.02
38.61
1,900
Apr 8, 2026
41.67
41.67
40.79
40.88
38.48
4,500
Apr 7, 2026
40.75
41.65
40.10
41.01
38.60
8,100
Apr 6, 2026
0.19 Dividend 

Apr 6, 2026
36.54
37.14
36.54
36.96
34.79
6,800
Apr 2, 2026
36.20
36.64
36.15
36.44
34.12
1,600
Apr 1, 2026
35.67
35.95
35.67
35.95
33.66
2,900
Mar 31, 2026
34.39
35.41
34.39
35.39
33.14
4,600
Mar 30, 2026
0.246 Dividend 

Mar 30, 2026
33.63
34.13
33.30
34.13
31.96
12,600
Mar 27, 2026
34.84
34.84
33.54
33.80
31.42
7,200
Mar 26, 2026
36.00
36.00
35.27
35.30
32.81
2,100
Mar 25, 2026
35.51
35.79
35.51
35.79
33.26
2,200
Mar 24, 2026
35.92
36.10
35.92
36.00
33.46
2,300
Mar 23, 2026
0.285 Dividend 

Mar 23, 2026
36.91
36.91
35.57
35.57
33.06
6,500
Mar 20, 2026
37.65
38.06
36.72
36.72
33.87
236,700
Mar 19, 2026
38.47
38.47
37.70
37.70
34.77
3,700
Mar 18, 2026
38.52
38.64
38.10
38.22
35.25
2,500
Mar 17, 2026
38.76
38.99
38.74
38.74
35.73
4,000
Mar 16, 2026
0.253 Dividend 

Mar 16, 2026
38.49
38.74
38.49
38.55
35.55
1,700
Mar 13, 2026
37.87
38.08
37.87
38.08
34.89
2,200
Mar 12, 2026
38.76
38.76
37.40
37.40
34.26
1,700
Mar 11, 2026
38.58
38.76
37.99
38.76
35.51
2,000
Mar 10, 2026
38.53
38.56
38.26
38.26
35.05
4,400
Mar 9, 2026
0.308 Dividend 

Mar 9, 2026
37.60
38.68
37.60
38.68
35.44
8,200
Mar 6, 2026
38.79
38.99
38.79
38.89
35.35
4,000
Mar 5, 2026
39.31
39.31
39.00
39.26
35.69
4,800
Mar 4, 2026
39.44
39.85
39.42
39.72
36.11
3,700
Mar 3, 2026
39.46
39.46
38.68
39.30
35.72
3,000
Mar 2, 2026
0.254 Dividend 

Mar 2, 2026
39.42
40.19
39.41
40.19
36.53
5,700
Feb 27, 2026
39.12
40.21
39.12
40.21
36.31
2,300
Feb 26, 2026
40.55
40.55
38.95
39.17
35.38
5,100
Feb 25, 2026
38.08
38.79
38.08
38.79
35.03
3,800
Feb 24, 2026
37.70
37.70
36.75
36.92
33.34
4,200
Feb 23, 2026
0.391 Dividend 

Feb 23, 2026
39.13
39.55
38.48
38.48
34.76
2,700
Feb 20, 2026
39.92
40.32
39.92
40.32
36.06
18,900
Feb 19, 2026
40.01
40.04
39.90
40.04
35.81
2,300
Feb 18, 2026
39.74
39.96
39.74
39.96
35.74
900
Feb 17, 2026
0.212 Dividend 

Feb 17, 2026
40.15
40.76
40.07
40.12
35.88
5,300
Feb 13, 2026
40.42
40.80
39.59
40.80
36.30
3,200
Feb 12, 2026
38.36
39.53
38.36
39.43
35.08
6,700
Feb 11, 2026
37.63
38.54
37.38
38.54
34.29
6,500
Feb 10, 2026
38.31
38.33
37.66
37.66
33.51
3,300
Feb 9, 2026
0.117 Dividend 

Feb 9, 2026
37.99
38.56
37.75
37.75
33.59
5,300
Feb 6, 2026
37.55
38.22
37.55
38.22
33.90
3,100
Feb 5, 2026
38.25
38.25
36.60
37.05
32.87
11,600
Feb 4, 2026
39.24
39.24
37.98
38.22
33.90
7,100
Feb 3, 2026
39.76
39.76
38.85
39.57
35.10
6,700
Feb 2, 2026
0.457 Dividend 

Feb 2, 2026
39.92
40.50
39.74
40.10
35.57
5,700
Jan 30, 2026
41.59
41.59
40.28
40.65
35.65
8,300
Jan 29, 2026
41.80
41.94
40.42
41.45
36.36
5,200
Jan 28, 2026
40.38
41.90
40.23
41.70
36.57
13,300
Jan 27, 2026
42.73
42.73
39.30
39.80
34.91
35,700
Jan 26, 2026
0.249 Dividend 

Jan 26, 2026
52.10
52.30
51.57
52.23
45.81
10,900
Jan 23, 2026
52.81
53.15
52.73
53.15
46.40
3,800
Jan 22, 2026
52.30
52.95
52.30
52.89
46.17
10,100
Jan 21, 2026
51.24
51.92
51.13
51.63
45.07
4,600
Jan 20, 2026
0.415 Dividend 

Jan 20, 2026
47.63
50.06
47.63
50.05
43.69
5,400
Jan 16, 2026
50.29
50.29
48.95
49.09
42.49
22,000
Jan 15, 2026
49.22
50.56
48.99
50.56
43.76
4,600
Jan 14, 2026
50.41
50.78
49.80
49.80
43.11
4,500
Jan 13, 2026
50.00
50.15
49.73
49.73
43.04
4,800
Jan 12, 2026
0.375 Dividend 

Jan 12, 2026
51.37
51.37
50.28
50.98
44.12
3,900
Jan 9, 2026
52.80
52.80
51.80
51.90
44.60
5,500
Jan 8, 2026
51.82
52.56
51.82
52.47
45.08
13,100
Jan 7, 2026
52.98
53.03
51.16
51.71
44.44
4,800
Jan 6, 2026
52.90
54.08
52.86
52.93
45.48
8,500
Jan 5, 2026
0.452 Dividend 

Jan 5, 2026
51.01
52.33
51.01
51.73
44.45
3,300
Jan 2, 2026
49.49
51.44
49.49
51.06
43.49
12,600
Dec 31, 2025
50.21
50.21
50.01
50.05
42.62
1,100
Dec 30, 2025
50.90
50.90
50.30
50.32
42.86
3,200
Dec 29, 2025
0.326 Dividend 

Dec 29, 2025
49.95
50.50
49.65
49.65
42.29
4,200
Dec 26, 2025
49.64
50.50
49.64
50.50
42.74
4,600
Dec 24, 2025
49.62
49.99
49.54
49.82
42.16
8,400
Dec 23, 2025
49.37
49.94
49.28
49.39
41.79
11,000
Dec 22, 2025
0.512 Dividend 

Dec 22, 2025
50.07
50.10
49.21
49.37
41.78
8,300
Dec 19, 2025
50.80
51.68
50.43
50.45
42.26
454,700
Dec 18, 2025
49.99
50.83
49.99
50.56
42.35
15,400
Dec 17, 2025
51.68
51.76
51.08
51.08
42.79
7,300
Dec 16, 2025
52.64
52.72
51.34
51.66
43.27
2,000
Dec 15, 2025
0.566 Dividend 

Dec 15, 2025
53.95
53.95
52.57
52.97
44.37
3,800
Dec 12, 2025
53.94
54.05
53.40
53.66
44.47
5,200
Dec 11, 2025
51.26
52.99
51.26
52.70
43.68
3,800
Dec 10, 2025
50.37
51.22
50.32
51.22
42.45
2,100
Dec 9, 2025
50.50
50.50
50.16
50.27
41.66
3,000
Dec 8, 2025
50.68
50.68
50.16
50.16
41.57
2,200
Dec 5, 2025
51.25
51.50
50.88
51.00
42.27
9,300
Dec 4, 2025
53.10
53.52
50.91
52.03
43.13
7,100
Dec 3, 2025
50.65
53.14
50.65
53.03
43.95
12,700
