Date
Open
High
Low
Close 

Adj Close 

Volume
May 26, 2026
8.42
8.54
8.40
8.47
8.47
398,997
May 22, 2026
8.61
8.77
8.52
8.63
8.63
403,500
May 21, 2026
0.088 Dividend 

May 21, 2026
8.97
9.02
8.56
8.68
8.68
504,600
May 20, 2026
9.07
9.10
8.70
8.82
8.73
456,800
May 19, 2026
9.25
9.25
9.10
9.18
9.09
450,300
May 18, 2026
8.97
9.24
8.84
9.04
8.95
1,051,000
May 15, 2026
8.90
8.98
8.85
8.97
8.88
304,100
May 14, 2026
0.084 Dividend 

May 14, 2026
8.72
8.80
8.67
8.80
8.71
297,600
May 13, 2026
8.93
8.97
8.79
8.83
8.66
345,900
May 12, 2026
8.91
8.98
8.90
8.96
8.79
235,200
May 11, 2026
8.56
8.79
8.55
8.71
8.54
303,700
May 8, 2026
8.42
8.51
8.34
8.47
8.31
246,900
May 7, 2026
0.087 Dividend 

May 7, 2026
8.20
8.57
8.05
8.49
8.33
805,100
May 6, 2026
8.62
8.66
8.44
8.49
8.24
529,200
May 5, 2026
9.06
9.08
8.96
9.07
8.80
274,600
May 4, 2026
9.01
9.26
8.94
9.20
8.93
448,500
May 1, 2026
8.90
8.99
8.74
8.93
8.67
498,200
Apr 30, 2026
0.084 Dividend 

Apr 30, 2026
9.10
9.24
9.04
9.13
8.86
433,100
Apr 29, 2026
9.17
9.49
9.10
9.40
9.04
645,300
Apr 28, 2026
8.86
8.94
8.85
8.91
8.57
225,900
Apr 27, 2026
8.63
8.76
8.56
8.71
8.38
261,100
Apr 24, 2026
8.52
8.61
8.45
8.48
8.16
246,700
Apr 23, 2026
0.08 Dividend 

Apr 23, 2026
8.45
8.77
8.44
8.63
8.30
315,100
Apr 22, 2026
8.38
8.55
8.32
8.47
8.07
278,300
Apr 21, 2026
8.21
8.49
8.12
8.49
8.09
540,600
Apr 20, 2026
8.04
8.23
8.04
8.15
7.76
650,500
Apr 17, 2026
7.90
7.95
7.52
7.86
7.49
1,226,700
Apr 16, 2026
0.081 Dividend 

Apr 16, 2026
8.43
8.63
8.33
8.51
8.11
540,800
Apr 15, 2026
8.40
8.52
8.39
8.41
7.94
822,200
Apr 14, 2026
8.47
8.66
8.38
8.44
7.96
525,300
Apr 13, 2026
8.61
8.88
8.56
8.67
8.18
966,300
Apr 10, 2026
8.39
8.47
8.03
8.07
7.62
907,600
Apr 9, 2026
0.089 Dividend 

Apr 9, 2026
8.55
8.74
8.32
8.48
8.00
1,217,000
Apr 8, 2026
8.04
8.53
7.80
8.48
7.92
1,318,600
Apr 7, 2026
9.43
9.58
8.81
9.29
8.67
1,474,100
Apr 6, 2026
9.28
9.37
9.18
9.31
8.69
941,000
Apr 2, 2026
0.097 Dividend 

Apr 2, 2026
9.28
9.29
9.20
9.27
8.66
752,400
Apr 1, 2026
9.16
9.21
9.12
9.18
8.48
934,500
Mar 31, 2026
9.22
9.30
9.12
9.22
8.52
1,086,500
Mar 30, 2026
9.03
9.28
9.02
9.27
8.56
1,027,600
Mar 27, 2026
8.79
8.88
8.79
8.87
8.19
701,000
Mar 26, 2026
0.091 Dividend 

Mar 26, 2026
8.71
8.77
8.64
8.77
8.10
784,000
Mar 25, 2026
8.35
8.66
8.32
8.62
7.88
1,064,700
Mar 24, 2026
8.63
8.79
8.56
8.69
7.94
1,320,200
Mar 23, 2026
8.49
8.52
8.07
8.35
7.63
3,161,000
Mar 20, 2026
8.64
8.90
8.64
8.90
8.14
1,265,800
Mar 19, 2026
0.091 Dividend 

Mar 19, 2026
8.71
8.81
8.43
8.54
7.81
952,300
Mar 18, 2026
8.69
8.76
8.64
8.74
7.91
847,800
Mar 17, 2026
8.44
8.60
8.44
8.60
7.78
997,600
Mar 16, 2026
8.23
8.41
8.21
8.31
7.52
1,091,600
Mar 13, 2026
8.18
8.32
8.16
8.32
7.53
813,700
Mar 12, 2026
0.11 Dividend 

Mar 12, 2026
8.09
8.20
8.08
8.20
7.42
720,100
Mar 11, 2026
7.69
8.00
7.60
7.98
7.12
460,500
Mar 10, 2026
7.60
7.71
7.11
7.66
6.83
620,700
Mar 9, 2026
7.87
7.92
7.24
7.50
6.69
1,516,200
Mar 6, 2026
7.65
7.65
7.62
7.64
6.82
965,700
Mar 5, 2026
0.074 Dividend 

Mar 5, 2026
7.51
7.60
7.51
7.57
6.75
670,600
Mar 4, 2026
7.44
7.48
7.44
7.47
6.60
306,900
Mar 3, 2026
7.45
7.49
7.39
7.43
6.56
729,700
Mar 2, 2026
7.39
7.39
7.28
7.38
6.52
1,083,900
Feb 27, 2026
7.13
7.20
7.12
7.20
6.36
221,300
Feb 26, 2026
0.071 Dividend 

Feb 26, 2026
6.95
7.08
6.89
7.03
6.21
263,200
Feb 25, 2026
7.10
7.11
7.06
7.09
6.20
203,500
Feb 24, 2026
7.09
7.12
7.05
7.11
6.22
221,400
Feb 23, 2026
7.08
7.12
7.06
7.09
6.20
340,500
Feb 20, 2026
7.00
7.06
6.99
7.03
6.14
196,000
Feb 19, 2026
0.068 Dividend 

Feb 19, 2026
6.99
7.01
6.97
7.01
6.13
211,000
Feb 18, 2026
6.94
6.98
6.93
6.97
6.04
212,300
Feb 17, 2026
6.81
6.85
6.75
6.80
5.89
211,800
Feb 13, 2026
6.80
6.85
6.76
6.80
5.89
189,700
Feb 12, 2026
0.07 Dividend 

Feb 12, 2026
6.94
6.94
6.76
6.79
5.88
159,000
Feb 11, 2026
7.03
7.05
7.03
7.05
6.04
164,700
Feb 10, 2026
6.96
6.99
6.95
6.99
5.99
139,000
Feb 9, 2026
6.89
6.96
6.85
6.95
5.95
188,300
Feb 6, 2026
6.76
6.90
6.75
6.84
5.86
136,300
Feb 5, 2026
0.068 Dividend 

Feb 5, 2026
6.78
6.80
6.72
6.76
5.80
132,500
Feb 4, 2026
6.82
6.95
6.77
6.90
5.86
176,800
Feb 3, 2026
6.67
6.83
6.67
6.82
5.79
173,800
Feb 2, 2026
6.67
6.69
6.61
6.66
5.65
236,600
Jan 30, 2026
6.85
6.87
6.81
6.86
5.82
208,500
Jan 29, 2026
0.067 Dividend 

Jan 29, 2026
6.84
6.86
6.82
6.84
5.81
183,500
Jan 28, 2026
6.80
6.86
6.80
6.84
5.75
165,400
Jan 27, 2026
6.72
6.81
6.69
6.80
5.72
245,900
Jan 26, 2026
6.65
6.73
6.65
6.72
5.64
236,700
Jan 23, 2026
6.62
6.70
6.62
6.68
5.62
208,800
Jan 22, 2026
0.066 Dividend 

Jan 22, 2026
6.62
6.62
6.48
6.51
5.48
132,500
Jan 21, 2026
6.59
6.68
6.59
6.66
5.55
180,600
Jan 20, 2026
6.51
6.62
6.51
6.55
5.45
146,400
Jan 16, 2026
6.49
6.54
6.47
6.47
5.39
178,000
Jan 15, 2026
0.066 Dividend 

Jan 15, 2026
6.48
6.48
6.42
6.43
5.35
259,200
Jan 14, 2026
6.66
6.68
6.59
6.66
5.48
147,700
Jan 13, 2026
6.57
6.65
6.57
6.64
5.47
148,300
Jan 12, 2026
6.51
6.57
6.49
6.57
5.41
109,700
Jan 9, 2026
6.49
6.53
6.49
6.51
5.36
136,100
Jan 8, 2026
0.052 Dividend 

Jan 8, 2026
6.45
6.49
6.42
6.49
5.34
96,500
Jan 7, 2026
6.46
6.49
6.39
6.43
5.25
235,700
Jan 6, 2026
6.59
6.63
6.49
6.49
5.31
228,900
Jan 5, 2026
6.53
6.61
6.53
6.59
5.39
148,800
Jan 2, 2026
6.50
6.52
6.45
6.51
5.32
350,200
Dec 31, 2025
0.053 Dividend 

Dec 31, 2025
6.56
6.59
6.48
6.51
5.32
138,100
Dec 30, 2025
6.58
6.64
6.58
6.61
5.36
101,500
Dec 29, 2025
6.58
6.62
6.57
6.57
5.33
188,900
Dec 26, 2025
6.57
6.58
6.45
6.47
5.25
142,500
Dec 24, 2025
0.053 Dividend 

Dec 24, 2025
6.63
6.63
6.58
6.61
5.35
102,700
Dec 23, 2025
6.63
6.64
6.61
6.64
5.34
93,400
Dec 22, 2025
6.59
6.66
6.59
6.62
5.32
240,600
Dec 19, 2025
6.49
6.52
6.49
6.51
5.24
171,900
Dec 18, 2025
0.066 Dividend 

Dec 18, 2025
6.45
6.51
6.45
6.47
5.20
150,800
Dec 17, 2025
6.46
6.54
6.46
6.53
5.20
220,900
Dec 16, 2025
6.53
6.53
6.41
6.43
5.12
260,600
Dec 15, 2025
6.64
6.66
6.56
6.59
5.25
232,500
Dec 12, 2025
6.67
6.70
6.62
6.66
5.30
124,100
Dec 11, 2025
0.071 Dividend 

Dec 11, 2025
6.66
6.69
6.61
6.68
5.31
141,700
Dec 10, 2025
6.79
6.86
6.73
6.86
5.40
131,800
Dec 9, 2025
6.84
6.84
6.76
6.78
5.35
279,800
Dec 8, 2025
6.90
6.91
6.82
6.84
5.39
230,600
Dec 5, 2025
6.91
6.94
6.91
6.94
5.47
142,100
Dec 4, 2025
0.058 Dividend 

Dec 4, 2025
6.91
6.92
6.86
6.91
5.45
114,200
Dec 3, 2025
6.89
6.94
6.89
6.93
5.41
194,100
Dec 2, 2025
6.87
6.92
6.86
6.87
5.37
283,200
Dec 1, 2025
6.86
6.90
6.86
6.89
5.39
244,300
Nov 28, 2025
6.83
6.90
6.83
6.88
5.38
87,800
Nov 26, 2025
0.071 Dividend 

Nov 26, 2025
6.75
6.83
6.74
6.82
5.33
96,300
Nov 25, 2025
6.78
6.83
6.73
6.80
5.26
198,800
Nov 24, 2025
6.77
6.87
6.77
6.86
5.31
198,200
Nov 21, 2025
6.83
6.83
6.72
6.78
5.24
206,800
Nov 20, 2025
0.095 Dividend 

Nov 20, 2025
6.94
6.99
6.85
6.88
5.32
299,100
Nov 19, 2025
7.01
7.02
6.96
7.01
5.34
119,500
Nov 18, 2025
7.02
7.12
7.00
7.10
5.42
179,800
Nov 17, 2025
7.02
7.05
7.01
7.03
5.36
247,600
Nov 14, 2025
6.99
7.04
6.99
7.02
5.36
193,100
Nov 13, 2025
0.072 Dividend 

Nov 13, 2025
6.95
6.98
6.93
6.94
5.29
394,200
Nov 12, 2025
7.10
7.13
6.98
6.99
5.27
181,000
Nov 11, 2025
7.19
7.20
7.16
7.18
5.42
138,700
Nov 10, 2025
7.11
7.14
7.07
7.14
5.39
305,600
Nov 7, 2025
7.06
7.10
7.05
7.08
5.34
238,600
Nov 6, 2025
0.072 Dividend 

Nov 6, 2025
7.06
7.06
6.98
7.04
5.31
182,300
Nov 5, 2025
7.19
7.23
7.11
7.17
5.36
326,600
Nov 4, 2025
7.17
7.23
7.17
7.18
5.37
277,700
Nov 3, 2025
7.18
7.25
7.18
7.22
5.40
244,600
Oct 31, 2025
7.15
7.20
7.15
7.20
5.38
143,600
Oct 30, 2025
0.086 Dividend 

Oct 30, 2025
7.10
7.16
7.05
7.11
5.32
89,800
Oct 29, 2025
7.19
7.23
7.12
7.18
5.30
134,700
Oct 28, 2025
7.25
7.25
7.12
7.14
5.27
288,400
Oct 27, 2025
7.25
7.33
7.25
7.29
5.38
152,600
Oct 24, 2025
7.28
7.30
7.24
7.28
5.37
220,800
Oct 23, 2025
0.086 Dividend 

Oct 23, 2025
7.26
7.28
7.21
7.24
5.35
119,400
Oct 22, 2025
7.21
7.23
7.18
7.22
5.27
127,000
Oct 21, 2025
7.11
7.17
7.00
7.13
5.20
150,300
Oct 20, 2025
7.01
7.07
7.00
7.06
5.15
148,400
Oct 17, 2025
7.03
7.07
7.01
7.06
5.15
208,400
Oct 16, 2025
0.085 Dividend 

Oct 16, 2025
7.18
7.18
7.01
7.04
5.14
165,800
Oct 15, 2025
7.24
7.30
7.18
7.20
5.19
180,300
Oct 14, 2025
7.28
7.30
7.15
7.20
5.19
171,000
Oct 13, 2025
7.31
7.35
7.27
7.33
5.28
166,600
Oct 10, 2025
7.42
7.42
7.20
7.20
5.19
346,100
Oct 9, 2025
0.09 Dividend 

Oct 9, 2025
7.67
7.67
7.49
7.51
5.41
181,900
Oct 8, 2025
7.68
7.71
7.68
7.69
5.48
182,200
Oct 7, 2025
7.64
7.67
7.60
7.67
5.46
104,500
Oct 6, 2025
7.56
7.65
7.54
7.62
5.43
312,900
Oct 3, 2025
7.55
7.57
7.50
7.51
5.35
204,800
Oct 2, 2025
0.098 Dividend 

Oct 2, 2025
7.61
7.63
7.48
7.50
5.34
272,800
Oct 1, 2025
7.75
7.76
7.65
7.75
5.45
347,500
Sep 30, 2025
7.82
7.83
7.74
7.79
5.48
214,900
Sep 29, 2025
8.07
8.07
7.84
7.87
5.54
354,300
Sep 26, 2025
8.11
8.16
8.11
8.14
5.73
171,700
Sep 25, 2025
0.096 Dividend 

Sep 25, 2025
8.09
8.13
8.03
8.13
5.72
131,300
Sep 24, 2025
8.12
8.15
8.12
8.13
5.65
106,500
Sep 23, 2025
8.06
8.12
8.06
8.10
5.63
121,200
Sep 22, 2025
7.98
8.03
7.94
8.01
5.57
177,400
Sep 19, 2025
8.10
8.10
8.01
8.02
5.57
188,400
Sep 18, 2025
0.098 Dividend 

Sep 18, 2025
8.17
8.19
8.06
8.11
5.64
178,600
Sep 17, 2025
8.26
8.27
8.17
8.21
5.64
128,800
Sep 16, 2025
8.22
8.24
8.21
8.24
5.66
200,500
Sep 15, 2025
8.19
8.20
8.16
8.20
5.63
144,500
Sep 12, 2025
8.16
8.19
8.11
8.12
5.58
171,200
Sep 11, 2025
0.102 Dividend 

Sep 11, 2025
8.21
8.21
8.06
8.08
5.55
177,000
Sep 10, 2025
8.30
8.35
8.28
8.34
5.66
147,800
Sep 9, 2025
8.29
8.30
8.24
8.24
5.59
223,500
Sep 8, 2025
8.18
8.27
8.18
8.20
5.56
147,900
Sep 5, 2025
8.22
8.22
8.09
8.15
5.53
240,000
Sep 4, 2025
0.069 Dividend 

Sep 4, 2025
8.30
8.32
8.24
8.28
5.62
256,200
Sep 3, 2025
8.51
8.51
8.38
8.42
5.67
212,600
Sep 2, 2025
8.51
8.57
8.50
8.55
5.75
176,300
Aug 29, 2025
8.45
8.47
8.42
8.45
5.69
177,000
Aug 28, 2025
0.093 Dividend 

Aug 28, 2025
8.43
8.45
8.37
8.44
5.68
158,000
Aug 27, 2025
8.46
8.52
8.44
8.50
5.66
250,300
Aug 26, 2025
8.48
8.51
8.40
8.42
5.60
216,300
Aug 25, 2025
8.50
8.55
8.48
8.54
5.68
231,500
Aug 22, 2025
8.41
8.43
8.39
8.43
5.61
167,600
Aug 21, 2025
0.11 Dividend 

Aug 21, 2025
8.38
8.40
8.34
8.40
5.59
130,600
Aug 20, 2025
8.44
8.47
8.40
8.46
5.56
247,700
Aug 19, 2025
8.40
8.41
8.34
8.36
5.49
278,800
Aug 18, 2025
8.38
8.47
8.31
8.44
5.54
195,500
Aug 15, 2025
8.40
8.41
8.30
8.37
5.50
184,900
Aug 14, 2025
0.141 Dividend 

Aug 14, 2025
8.40
8.45
8.35
8.45
5.55
146,000
Aug 13, 2025
8.50
8.50
8.35
8.45
5.46
232,700
Aug 12, 2025
8.52
8.53
8.45
8.48
5.48
103,200
Aug 11, 2025
8.50
8.57
8.49
8.53
5.51
265,800
Aug 8, 2025
8.50
8.57
8.38
8.48
5.47
212,300
Aug 7, 2025
0.134 Dividend 

Aug 7, 2025
8.52
8.58
8.44
8.44
5.45
228,900
Aug 6, 2025
8.86
8.86
8.58
8.64
5.49
219,600
Aug 5, 2025
8.78
8.79
8.72
8.74
5.56
177,100
Aug 4, 2025
8.80
8.92
8.74
8.83
5.61
420,000
Aug 1, 2025
9.11
9.11
8.88
8.90
5.66
249,600
Jul 31, 2025
0.136 Dividend 

Jul 31, 2025
9.10
9.13
9.04
9.10
5.79
125,800
Jul 30, 2025
9.18
9.25
9.18
9.24
5.79
198,000
Jul 29, 2025
9.15
9.17
9.12
9.15
5.73
291,600
Jul 28, 2025
9.09
9.11
9.06
9.10
5.70
248,200
Jul 25, 2025
9.08
9.08
8.96
8.97
5.62
250,800
Jul 24, 2025
0.099 Dividend 

Jul 24, 2025
9.06
9.06
9.00
9.03
5.66
193,500
Jul 23, 2025
9.07
9.10
9.03
9.09
5.63
405,200
Jul 22, 2025
9.10
9.12
9.02
9.11
5.65
518,800
Jul 21, 2025
9.17
9.17
9.07
9.12
5.65
467,300
Jul 18, 2025
9.18
9.21
9.13
9.15
5.67
387,200
Jul 17, 2025
0.16 Dividend 

Jul 17, 2025
9.10
9.16
9.07
9.16
5.68
353,700
Jul 16, 2025
9.21
9.27
9.12
9.26
5.64
518,900
Jul 15, 2025
9.27
9.27
9.20
9.24
5.63
380,000
Jul 14, 2025
9.31
9.31
9.21
9.24
5.63
370,400
Jul 11, 2025
9.26
9.29
9.22
9.28
5.65
271,200
Jul 10, 2025
0.184 Dividend 

Jul 10, 2025
9.23
9.26
9.14
9.21
5.61
445,000
Jul 9, 2025
9.55
9.55
9.50
9.51
5.68
320,400
Jul 8, 2025
9.47
9.50
9.45
9.49
5.67
172,100
Jul 7, 2025
9.39
9.45
9.35
9.44
5.64
227,800
Jul 3, 2025
0.14 Dividend 

Jul 3, 2025
9.37
9.37
9.31
9.34
5.58
129,400
Jul 2, 2025
9.45
9.46
9.37
9.45
5.56
240,900
Jul 1, 2025
9.39
9.40
9.33
9.40
5.53
158,300
Jun 30, 2025
9.36
9.36
9.27
9.31
5.48
289,700
Jun 27, 2025
9.38
9.40
9.26
9.31
5.48
162,300
Jun 26, 2025
0.2 Dividend 

Jun 26, 2025
9.34
9.38
9.25
9.28
5.46
136,500
Jun 25, 2025
9.49
9.58
9.40
9.50
5.47
156,300
Jun 24, 2025
9.54
9.58
9.27
9.40
5.41
336,200
Jun 23, 2025
10.54
10.55
9.84
9.84
5.67
214,000
Jun 20, 2025
10.21
10.36
10.16
10.36
5.97
97,100
Jun 18, 2025
0.146 Dividend 

Jun 18, 2025
10.18
10.18
10.07
10.13
5.83
72,900
Jun 17, 2025
10.23
10.27
10.18
10.22
5.80
132,800
Jun 16, 2025
10.08
10.15
9.93
10.06
5.71
111,300
Jun 13, 2025
10.25
10.25
10.04
10.10
5.73
99,000
Jun 12, 2025
9.90
9.91
9.82
9.90
5.62
40,900
Jun 11, 2025
9.78
9.90
9.76
9.88
5.61
75,500
Jun 10, 2025
9.81
9.81
9.75
9.77
5.55
61,200
Jun 9, 2025
9.77
9.79
9.65
9.77
5.55
92,800
Jun 6, 2025
9.72
9.74
9.66
9.71
5.51
69,400
Jun 5, 2025
9.65
9.70
9.63
9.65
5.48
58,300
Jun 4, 2025
9.71
9.72
9.54
9.64
5.47
92,200
Jun 3, 2025
9.64
9.65
9.58
9.65
5.48
188,300
Jun 2, 2025
0.77 Dividend 

Jun 2, 2025
9.69
9.69
9.57
9.62
5.46
137,300
May 30, 2025
10.19
10.24
10.01
10.20
5.35
307,200
May 29, 2025
10.27
10.27
10.11
10.22
5.36
65,900
May 28, 2025
10.24
10.29
10.21
10.28
5.40
38,600
May 27, 2025
10.18
10.18
10.05
10.14
5.32
70,600
