Date
Open
High
Low
Close 

Adj Close 

Volume
May 26, 2026
31.11
31.15
30.95
31.08
31.08
18,132
May 22, 2026
31.00
31.01
30.77
30.90
30.90
43,400
May 21, 2026
0.177 Dividend 

May 21, 2026
30.63
30.84
30.62
30.77
30.77
14,400
May 20, 2026
30.81
30.94
30.74
30.94
30.76
15,700
May 19, 2026
30.64
30.79
30.57
30.63
30.46
14,500
May 18, 2026
30.85
30.85
30.64
30.81
30.63
17,200
May 15, 2026
31.11
31.11
30.79
30.84
30.66
17,500
May 14, 2026
0.179 Dividend 

May 14, 2026
30.95
31.27
30.95
31.18
31.00
16,200
May 13, 2026
31.05
31.20
30.96
31.19
30.84
21,100
May 12, 2026
31.00
31.03
30.75
31.03
30.68
20,000
May 11, 2026
30.88
31.10
30.88
30.98
30.63
24,600
May 8, 2026
30.95
31.00
30.79
30.94
30.59
20,000
May 7, 2026
0.177 Dividend 

May 7, 2026
30.70
30.90
30.70
30.82
30.47
16,200
May 6, 2026
30.70
31.05
30.70
30.94
30.41
24,200
May 5, 2026
30.44
30.69
30.43
30.60
30.08
19,400
May 4, 2026
30.38
30.56
30.22
30.38
29.86
22,000
May 1, 2026
30.59
30.67
30.48
30.52
30.00
30,300
Apr 30, 2026
0.176 Dividend 

Apr 30, 2026
30.18
30.48
30.17
30.47
29.95
10,200
Apr 29, 2026
30.54
30.54
30.25
30.38
29.69
15,400
Apr 28, 2026
30.30
30.36
30.21
30.34
29.65
10,600
Apr 27, 2026
30.27
30.48
30.27
30.42
29.73
21,000
Apr 24, 2026
30.26
30.44
30.16
30.35
29.66
33,200
Apr 23, 2026
0.175 Dividend 

Apr 23, 2026
30.31
30.32
29.92
30.22
29.53
35,700
Apr 22, 2026
30.45
30.46
30.27
30.42
29.55
18,000
Apr 21, 2026
30.61
30.61
30.12
30.17
29.31
17,700
Apr 20, 2026
30.34
31.00
29.96
30.78
29.91
22,900
Apr 17, 2026
30.57
30.57
30.21
30.33
29.47
19,000
Apr 16, 2026
0.173 Dividend 

Apr 16, 2026
30.06
30.14
29.90
30.09
29.24
15,400
Apr 15, 2026
30.00
30.20
29.99
30.20
29.17
20,400
Apr 14, 2026
29.77
29.99
29.75
29.92
28.91
11,100
Apr 13, 2026
29.36
29.61
29.21
29.61
28.60
37,400
Apr 10, 2026
29.50
29.54
29.40
29.49
28.49
24,500
Apr 9, 2026
0.166 Dividend 

Apr 9, 2026
29.37
29.50
29.15
29.43
28.43
13,500
Apr 8, 2026
29.40
29.40
29.25
29.40
28.24
26,300
Apr 7, 2026
28.60
28.66
28.32
28.61
27.48
20,700
Apr 6, 2026
28.61
28.69
28.48
28.61
27.49
13,700
Apr 2, 2026
0.164 Dividend 

Apr 2, 2026
28.07
28.54
28.07
28.52
27.40
13,300
Apr 1, 2026
28.70
28.82
28.44
28.70
27.41
20,100
Mar 31, 2026
28.08
28.51
27.78
28.44
27.17
32,700
Mar 30, 2026
28.06
28.06
27.68
27.75
26.50
14,700
Mar 27, 2026
28.48
28.48
27.41
27.85
26.60
23,100
Mar 26, 2026
0.166 Dividend 

Mar 26, 2026
28.44
28.70
28.26
28.27
27.00
29,200
Mar 25, 2026
29.21
29.21
28.85
28.89
27.44
16,100
Mar 24, 2026
28.58
28.91
28.58
28.79
27.34
19,800
Mar 23, 2026
28.67
29.14
28.67
28.92
27.46
29,600
Mar 20, 2026
28.99
28.99
28.41
28.56
27.12
30,400
Mar 19, 2026
0.171 Dividend 

Mar 19, 2026
28.91
29.04
28.75
28.92
27.46
33,500
Mar 18, 2026
29.11
29.53
29.11
29.12
27.49
8,800
Mar 17, 2026
29.59
29.75
29.54
29.57
27.91
12,100
Mar 16, 2026
29.42
29.58
29.42
29.46
27.81
20,300
Mar 13, 2026
29.61
29.65
29.16
29.25
27.61
24,500
Mar 12, 2026
0.173 Dividend 

Mar 12, 2026
29.69
29.69
29.42
29.45
27.80
9,600
Mar 11, 2026
29.89
30.08
29.82
30.00
28.16
13,200
Mar 10, 2026
29.89
30.17
29.85
29.93
28.09
26,700
Mar 9, 2026
29.61
29.94
29.33
29.94
28.10
16,800
Mar 6, 2026
29.80
30.01
29.61
29.83
28.00
18,700
Mar 5, 2026
0.175 Dividend 

Mar 5, 2026
30.22
30.25
29.94
30.19
28.34
10,500
Mar 4, 2026
30.05
30.55
30.05
30.48
28.44
26,200
Mar 3, 2026
29.96
30.38
29.84
30.30
28.28
15,300
Mar 2, 2026
30.08
30.53
30.08
30.51
28.47
38,700
Feb 27, 2026
30.41
30.53
30.33
30.48
28.44
20,500
Feb 26, 2026
0.177 Dividend 

Feb 26, 2026
30.81
30.81
30.41
30.55
28.51
16,200
Feb 25, 2026
30.80
30.90
30.77
30.88
28.65
45,900
Feb 24, 2026
30.42
30.67
30.42
30.67
28.46
13,300
Feb 23, 2026
30.81
30.81
30.40
30.54
28.34
20,000
Feb 20, 2026
30.63
30.79
30.50
30.75
28.53
21,400
Feb 19, 2026
0.177 Dividend 

Feb 19, 2026
30.45
30.66
30.43
30.54
28.34
21,500
Feb 18, 2026
30.71
30.94
30.71
30.80
28.41
21,000
Feb 17, 2026
30.47
30.72
30.45
30.63
28.26
29,900
Feb 13, 2026
30.69
30.78
30.40
30.66
28.28
20,600
Feb 12, 2026
0.18 Dividend 

Feb 12, 2026
31.21
31.21
30.56
30.64
28.27
19,000
Feb 11, 2026
31.19
31.43
31.14
31.29
28.70
17,400
Feb 10, 2026
31.20
31.33
31.18
31.24
28.65
12,100
Feb 9, 2026
31.15
31.35
31.08
31.25
28.66
14,600
Feb 6, 2026
30.85
31.25
30.68
31.25
28.66
47,400
Feb 5, 2026
0.18 Dividend 

Feb 5, 2026
30.86
30.86
30.51
30.58
28.05
19,500
Feb 4, 2026
31.25
31.27
30.90
31.19
28.44
37,800
Feb 3, 2026
31.59
31.59
31.00
31.20
28.46
27,700
Feb 2, 2026
31.30
31.54
31.17
31.44
28.67
23,300
Jan 30, 2026
31.22
31.43
31.17
31.31
28.55
20,700
Jan 29, 2026
0.182 Dividend 

Jan 29, 2026
31.53
31.53
31.00
31.42
28.65
19,600
Jan 28, 2026
31.54
31.71
31.54
31.60
28.65
14,200
Jan 27, 2026
31.54
31.65
31.49
31.56
28.61
18,300
Jan 26, 2026
31.36
31.58
31.36
31.49
28.55
17,100
Jan 23, 2026
31.24
31.45
31.17
31.44
28.51
20,300
Jan 22, 2026
0.18 Dividend 

Jan 22, 2026
31.15
31.49
31.15
31.31
28.39
14,500
Jan 21, 2026
31.09
31.50
31.09
31.45
28.35
16,400
Jan 20, 2026
31.41
31.70
31.07
31.10
28.04
22,200
Jan 16, 2026
31.73
31.81
31.63
31.73
28.60
21,000
Jan 15, 2026
0.184 Dividend 

Jan 15, 2026
31.80
31.85
31.72
31.73
28.61
43,700
Jan 14, 2026
31.89
31.89
31.65
31.79
28.49
20,000
Jan 13, 2026
31.97
32.00
31.80
31.95
28.64
10,500
Jan 12, 2026
31.86
32.00
31.85
31.95
28.64
14,100
Jan 9, 2026
31.73
31.97
31.72
31.93
28.61
14,600
Jan 8, 2026
0.185 Dividend 

Jan 8, 2026
31.66
31.76
31.62
31.73
28.44
7,200
Jan 7, 2026
31.95
32.05
31.84
31.85
28.38
11,500
Jan 6, 2026
31.87
31.95
31.76
31.95
28.47
14,100
Jan 5, 2026
31.75
31.92
31.73
31.77
28.31
26,000
Jan 2, 2026
31.75
31.84
31.57
31.67
28.22
25,100
Dec 31, 2025
0.185 Dividend 

Dec 31, 2025
31.74
31.84
31.64
31.64
28.19
42,000
Dec 30, 2025
31.97
32.11
31.97
32.07
28.41
26,800
Dec 29, 2025
31.98
32.07
31.95
32.00
28.35
19,200
Dec 26, 2025
32.09
32.10
32.01
32.08
28.42
18,900
Dec 24, 2025
0.185 Dividend 

Dec 24, 2025
32.06
32.10
32.02
32.06
28.40
5,900
Dec 23, 2025
32.03
32.26
32.03
32.26
28.42
23,700
Dec 22, 2025
32.00
32.18
32.00
32.09
28.27
23,500
Dec 19, 2025
31.85
32.07
31.83
32.00
28.19
20,200
Dec 18, 2025
0.186 Dividend 

Dec 18, 2025
31.66
31.92
31.66
31.70
27.92
9,500
Dec 17, 2025
32.12
32.13
31.75
31.75
27.80
19,200
Dec 16, 2025
32.10
32.20
31.92
32.13
28.14
18,300
Dec 15, 2025
32.10
32.34
32.10
32.20
28.20
24,200
Dec 12, 2025
32.55
32.55
32.07
32.13
28.14
30,300
Dec 11, 2025
0.187 Dividend 

Dec 11, 2025
32.25
32.47
32.18
32.45
28.41
6,600
Dec 10, 2025
32.31
32.51
32.31
32.50
28.30
20,700
Dec 9, 2025
32.27
32.44
32.27
32.39
28.20
7,800
Dec 8, 2025
32.40
32.44
32.27
32.30
28.12
27,200
Dec 5, 2025
32.50
32.50
32.33
32.40
28.21
22,000
Dec 4, 2025
0.186 Dividend 

Dec 4, 2025
32.30
32.34
32.13
32.29
28.11
11,200
Dec 3, 2025
32.30
32.46
32.28
32.44
28.08
13,500
Dec 2, 2025
32.23
32.36
32.23
32.30
27.96
10,300
Dec 1, 2025
32.12
32.33
32.12
32.17
27.85
20,000
Nov 28, 2025
32.15
32.38
32.15
32.37
28.02
18,200
Nov 26, 2025
0.289 Dividend 

Nov 26, 2025
32.13
32.25
32.12
32.14
27.82
35,000
Nov 25, 2025
32.13
32.51
32.10
32.32
27.73
28,500
Nov 24, 2025
32.00
32.22
32.00
32.14
27.57
16,900
Nov 21, 2025
31.68
31.99
31.67
31.93
27.40
20,300
Nov 20, 2025
0.186 Dividend 

Nov 20, 2025
32.75
32.75
31.70
31.75
27.24
14,600
Nov 19, 2025
32.02
32.27
32.02
32.17
27.44
10,600
Nov 18, 2025
32.08
32.23
31.85
32.01
27.30
25,000
Nov 17, 2025
32.38
32.57
32.00
32.18
27.45
32,800
Nov 14, 2025
32.16
32.56
32.09
32.45
27.68
31,000
Nov 13, 2025
0.192 Dividend 

Nov 13, 2025
32.76
32.86
32.34
32.34
27.58
43,900
Nov 12, 2025
33.22
33.22
33.03
33.04
28.02
11,300
Nov 11, 2025
32.96
33.08
32.85
32.99
27.97
23,400
Nov 10, 2025
32.81
33.00
32.81
32.88
27.88
29,700
Nov 7, 2025
32.60
32.80
32.28
32.71
27.74
39,800
Nov 6, 2025
0.198 Dividend 

Nov 6, 2025
33.03
33.03
32.54
32.68
27.71
27,400
Nov 5, 2025
33.09
33.22
33.02
33.14
27.93
17,500
Nov 4, 2025
33.26
33.27
33.01
33.09
27.89
26,500
Nov 3, 2025
33.32
33.47
33.25
33.39
28.14
29,900
Oct 31, 2025
33.34
33.34
33.14
33.29
28.06
15,100
Oct 30, 2025
0.201 Dividend 

Oct 30, 2025
33.22
33.37
33.15
33.17
27.96
8,500
Oct 29, 2025
33.64
33.65
33.46
33.57
28.13
31,300
Oct 28, 2025
33.49
33.54
33.37
33.51
28.08
12,100
Oct 27, 2025
33.31
33.50
33.31
33.41
27.99
23,400
Oct 24, 2025
33.26
33.32
33.21
33.27
27.88
25,800
Oct 23, 2025
0.2 Dividend 

Oct 23, 2025
33.00
33.21
33.00
33.17
27.79
16,100
Oct 22, 2025
33.32
33.44
33.04
33.20
27.65
18,900
Oct 21, 2025
33.40
33.45
33.27
33.45
27.86
19,000
Oct 20, 2025
33.16
33.36
33.16
33.36
27.78
20,100
Oct 17, 2025
32.97
33.15
32.88
33.15
27.61
21,700
Oct 16, 2025
0.232 Dividend 

Oct 16, 2025
33.20
33.20
32.85
32.99
27.47
11,600
Oct 15, 2025
33.16
33.49
33.06
33.35
27.58
18,600
Oct 14, 2025
32.95
33.32
32.73
33.13
27.40
13,600
Oct 13, 2025
33.18
33.18
32.99
33.18
27.44
18,400
Oct 10, 2025
33.75
34.00
32.76
32.80
27.13
52,300
Oct 9, 2025
0.204 Dividend 

Oct 9, 2025
33.90
33.90
33.68
33.75
27.91
16,100
Oct 8, 2025
33.86
34.01
33.86
34.01
27.96
34,700
Oct 7, 2025
34.10
34.10
33.85
33.91
27.88
30,500
Oct 6, 2025
34.00
34.00
33.90
34.00
27.95
34,300
Oct 3, 2025
33.84
33.95
33.81
33.92
27.88
30,600
Oct 2, 2025
0.202 Dividend 

Oct 2, 2025
33.75
33.98
33.75
33.84
27.82
14,100
Oct 1, 2025
33.85
34.00
33.76
33.99
27.78
24,200
Sep 30, 2025
33.84
33.90
33.72
33.90
27.70
21,400
Sep 29, 2025
33.79
33.83
33.68
33.81
27.63
37,000
Sep 26, 2025
33.71
33.72
33.55
33.61
27.47
16,800
Sep 25, 2025
0.204 Dividend 

Sep 25, 2025
33.50
33.62
33.40
33.60
27.46
10,800
Sep 24, 2025
33.92
34.01
33.80
33.90
27.54
15,500
Sep 23, 2025
34.13
34.13
33.89
33.93
27.56
21,900
Sep 22, 2025
33.82
34.09
33.82
34.06
27.67
33,500
Sep 19, 2025
33.83
33.98
33.83
33.98
27.60
17,200
Sep 18, 2025
0.148 Dividend 

Sep 18, 2025
33.69
33.88
33.69
33.83
27.48
15,100
Sep 17, 2025
33.81
33.85
33.63
33.73
27.28
21,900
Sep 16, 2025
33.85
33.85
33.75
33.81
27.35
13,900
Sep 15, 2025
33.71
33.80
33.71
33.79
27.33
24,900
Sep 12, 2025
33.62
33.85
33.61
33.71
27.26
24,800
Sep 11, 2025
0.201 Dividend 

Sep 11, 2025
33.60
33.73
33.48
33.65
27.21
22,500
Sep 10, 2025
33.79
33.79
33.69
33.77
27.15
12,900
Sep 9, 2025
33.47
33.67
33.47
33.61
27.02
10,400
Sep 8, 2025
33.59
33.59
33.44
33.56
26.98
30,300
Sep 5, 2025
33.55
33.65
33.24
33.43
26.88
27,500
Sep 4, 2025
0.188 Dividend 

Sep 4, 2025
33.36
33.50
33.36
33.49
26.92
9,300
Sep 3, 2025
33.57
33.58
33.40
33.53
26.80
10,700
Sep 2, 2025
33.64
33.64
33.12
33.48
26.76
33,200
Aug 29, 2025
33.83
33.87
33.52
33.61
26.87
19,100
Aug 28, 2025
0.203 Dividend 

Aug 28, 2025
33.62
33.82
33.62
33.79
27.01
15,900
Aug 27, 2025
33.80
33.90
33.71
33.78
26.84
13,900
Aug 26, 2025
33.72
33.79
33.60
33.78
26.84
19,400
Aug 25, 2025
33.79
33.80
33.72
33.72
26.79
25,900
Aug 22, 2025
33.59
33.82
33.59
33.76
26.83
33,100
Aug 21, 2025
0.204 Dividend 

Aug 21, 2025
33.63
33.68
33.46
33.59
26.69
11,500
Aug 20, 2025
33.79
33.93
33.36
33.87
26.75
21,400
Aug 19, 2025
34.04
34.10
33.85
33.89
26.76
24,700
Aug 18, 2025
34.08
34.10
34.00
34.09
26.92
13,100
Aug 15, 2025
34.02
34.12
34.01
34.04
26.89
16,000
Aug 14, 2025
0.204 Dividend 

Aug 14, 2025
34.00
34.09
33.90
34.09
26.93
14,300
Aug 13, 2025
34.27
34.27
34.17
34.22
26.87
24,500
Aug 12, 2025
34.11
34.13
33.99
34.13
26.79
29,900
Aug 11, 2025
34.09
34.09
33.94
33.94
26.65
17,000
Aug 8, 2025
33.88
34.06
33.88
34.05
26.73
24,300
Aug 7, 2025
0.203 Dividend 

Aug 7, 2025
33.93
34.01
33.75
33.88
26.60
13,200
Aug 6, 2025
34.01
34.10
33.95
34.10
26.61
29,700
Aug 5, 2025
34.25
34.25
33.93
34.00
26.53
22,000
Aug 4, 2025
34.03
34.10
33.98
34.05
26.57
34,200
Aug 1, 2025
34.20
34.20
33.75
33.89
26.45
23,800
Jul 31, 2025
0.166 Dividend 

Jul 31, 2025
34.57
34.57
34.30
34.37
26.82
25,300
Jul 30, 2025
34.55
34.65
34.38
34.49
26.79
18,800
Jul 29, 2025
34.52
34.63
34.51
34.53
26.81
17,000
Jul 28, 2025
34.65
34.65
34.50
34.61
26.88
26,600
Jul 25, 2025
34.43
34.55
34.35
34.50
26.80
20,900
Jul 24, 2025
0.206 Dividend 

Jul 24, 2025
34.47
34.47
34.29
34.43
26.74
26,100
Jul 23, 2025
34.50
34.55
34.47
34.54
26.67
36,400
Jul 22, 2025
34.46
34.46
34.22
34.41
26.56
12,400
Jul 21, 2025
34.29
34.42
34.29
34.37
26.53
35,000
Jul 18, 2025
34.25
34.30
34.20
34.25
26.44
19,700
Jul 17, 2025
0.205 Dividend 

Jul 17, 2025
34.22
34.26
34.09
34.26
26.45
15,100
Jul 16, 2025
34.29
34.30
34.03
34.30
26.32
11,200
Jul 15, 2025
34.33
34.38
34.19
34.19
26.24
19,200
Jul 14, 2025
34.19
34.23
34.05
34.20
26.25
25,200
Jul 11, 2025
34.16
34.20
34.00
34.13
26.19
25,000
Jul 10, 2025
0.206 Dividend 

Jul 10, 2025
34.10
34.18
33.99
34.13
26.19
16,400
Jul 9, 2025
34.27
34.30
34.20
34.26
26.13
18,400
Jul 8, 2025
34.22
34.22
34.06
34.17
26.06
26,800
Jul 7, 2025
34.24
34.29
33.96
34.04
25.97
35,500
Jul 3, 2025
0.204 Dividend 

Jul 3, 2025
34.27
34.34
34.21
34.26
26.13
16,500
Jul 2, 2025
34.20
34.59
34.20
34.39
26.08
13,500
Jul 1, 2025
34.35
34.35
34.10
34.26
25.98
22,800
Jun 30, 2025
34.15
34.28
34.08
34.24
25.96
23,500
Jun 27, 2025
33.83
34.14
33.83
34.07
25.83
17,700
Jun 26, 2025
0.202 Dividend 

Jun 26, 2025
33.88
34.01
33.88
33.99
25.77
8,400
Jun 25, 2025
34.13
34.15
33.96
34.13
25.73
17,600
Jun 24, 2025
34.00
34.07
33.95
34.02
25.64
20,900
Jun 23, 2025
33.67
33.95
33.62
33.84
25.51
17,300
Jun 20, 2025
33.60
33.83
33.57
33.67
25.38
21,600
Jun 18, 2025
0.202 Dividend 

Jun 18, 2025
33.69
33.72
33.57
33.67
25.38
13,700
Jun 17, 2025
33.94
33.94
33.69
33.73
25.27
16,200
Jun 16, 2025
33.75
34.01
33.75
33.93
25.42
16,100
Jun 13, 2025
33.69
34.01
33.60
33.68
25.24
17,300
Jun 12, 2025
0.203 Dividend 

Jun 12, 2025
33.98
34.09
33.90
34.03
25.50
7,900
Jun 11, 2025
34.24
34.31
34.00
34.10
25.40
12,300
Jun 10, 2025
34.09
34.21
33.99
34.13
25.42
9,600
Jun 9, 2025
33.85
34.21
33.50
34.00
25.32
23,500
Jun 6, 2025
33.75
33.89
33.75
33.89
25.24
17,200
Jun 5, 2025
0.202 Dividend 

Jun 5, 2025
33.96
34.25
33.53
33.68
25.08
9,900
Jun 4, 2025
34.21
34.21
33.94
34.04
25.20
18,300
Jun 3, 2025
33.91
34.00
33.75
33.94
25.13
15,100
Jun 2, 2025
33.60
33.79
33.45
33.75
24.99
26,000
May 30, 2025
33.60
33.60
33.12
33.59
24.87
23,800
May 29, 2025
0.2 Dividend 

May 29, 2025
33.33
34.00
33.33
33.46
24.78
8,300
May 28, 2025
33.57
33.76
33.49
33.49
24.65
16,100
May 27, 2025
33.60
33.64
33.46
33.56
24.70
16,100
