Date
Open
High
Low
Close 

Adj Close 

Volume
May 26, 2026
100.05
100.06
100.03
100.05
100.05
35,647
May 22, 2026
100.04
100.09
100.04
100.05
100.05
35,200
May 21, 2026
100.01
100.04
100.01
100.04
100.04
27,900
May 20, 2026
100.04
100.04
100.02
100.04
100.04
51,600
May 19, 2026
0.067 Dividend 

May 19, 2026
100.00
100.04
100.00
100.03
100.03
28,100
May 18, 2026
100.04
100.08
100.04
100.08
100.01
38,600
May 15, 2026
100.03
100.06
100.01
100.04
99.97
65,500
May 14, 2026
100.02
100.05
100.01
100.01
99.94
48,700
May 13, 2026
100.03
100.04
100.00
100.02
99.95
54,900
May 12, 2026
0.066 Dividend 

May 12, 2026
100.04
100.04
100.00
100.00
99.93
54,400
May 11, 2026
100.07
100.08
100.06
100.07
99.94
37,700
May 8, 2026
100.05
100.09
100.04
100.08
99.95
31,000
May 7, 2026
100.06
100.06
100.01
100.04
99.91
28,600
May 6, 2026
100.05
100.07
100.02
100.02
99.89
40,300
May 5, 2026
0.066 Dividend 

May 5, 2026
100.03
100.04
100.02
100.03
99.90
34,400
May 4, 2026
100.05
100.09
100.05
100.08
99.89
42,400
May 1, 2026
100.05
100.08
100.04
100.06
99.86
77,900
Apr 30, 2026
100.01
100.05
100.01
100.03
99.83
35,500
Apr 29, 2026
100.04
100.05
100.00
100.03
99.83
38,500
Apr 28, 2026
0.066 Dividend 

Apr 28, 2026
100.00
100.03
100.00
100.01
99.82
30,800
Apr 27, 2026
100.07
100.08
100.04
100.08
99.82
46,200
Apr 24, 2026
100.06
100.06
100.04
100.06
99.79
22,400
Apr 23, 2026
100.03
100.04
100.01
100.01
99.75
35,900
Apr 22, 2026
100.00
100.03
100.00
100.03
99.77
38,500
Apr 21, 2026
0.066 Dividend 

Apr 21, 2026
100.00
100.02
99.99
100.02
99.76
64,000
Apr 20, 2026
100.05
100.08
100.05
100.08
99.75
36,800
Apr 17, 2026
100.03
100.07
100.02
100.07
99.74
41,600
Apr 16, 2026
100.01
100.04
100.01
100.03
99.70
31,700
Apr 15, 2026
100.02
100.04
100.00
100.01
99.68
63,600
Apr 14, 2026
0.066 Dividend 

Apr 14, 2026
100.01
100.03
100.00
100.00
99.67
74,000
Apr 13, 2026
100.09
100.09
100.04
100.05
99.65
59,700
Apr 10, 2026
100.08
100.08
100.05
100.05
99.65
40,500
Apr 9, 2026
100.03
100.07
100.03
100.03
99.63
57,100
Apr 8, 2026
100.04
100.05
100.03
100.03
99.63
50,600
Apr 7, 2026
0.066 Dividend 

Apr 7, 2026
100.02
100.04
100.02
100.03
99.63
48,800
Apr 6, 2026
100.07
100.08
100.06
100.07
99.61
62,400
Apr 2, 2026
100.10
100.11
100.04
100.06
99.60
88,500
Apr 1, 2026
100.03
100.07
100.00
100.07
99.61
62,000
Mar 31, 2026
0.066 Dividend 

Mar 31, 2026
100.05
100.06
100.03
100.03
99.57
59,300
Mar 30, 2026
100.05
100.09
100.05
100.08
99.55
50,000
Mar 27, 2026
100.10
100.11
100.02
100.04
99.51
59,000
Mar 26, 2026
100.02
100.05
100.01
100.01
99.49
54,300
Mar 25, 2026
100.05
100.07
100.02
100.06
99.53
24,300
Mar 24, 2026
0.066 Dividend 

Mar 24, 2026
100.06
100.06
100.02
100.05
99.52
29,900
Mar 23, 2026
100.10
100.10
100.06
100.10
99.51
44,900
Mar 20, 2026
100.00
100.06
100.00
100.06
99.46
39,300
Mar 19, 2026
100.04
100.05
100.00
100.01
99.42
32,800
Mar 18, 2026
100.00
100.04
100.00
100.03
99.44
33,000
Mar 17, 2026
0.066 Dividend 

Mar 17, 2026
100.10
100.10
100.00
100.00
99.41
29,900
Mar 16, 2026
100.10
100.10
100.03
100.08
99.42
24,600
Mar 13, 2026
100.06
100.11
100.01
100.07
99.41
27,100
Mar 12, 2026
100.04
100.04
100.01
100.03
99.37
31,500
Mar 11, 2026
100.03
100.19
100.00
100.02
99.36
30,000
Mar 10, 2026
0.065 Dividend 

Mar 10, 2026
100.11
100.11
100.02
100.05
99.39
28,600
Mar 9, 2026
100.07
100.12
100.05
100.11
99.38
56,000
Mar 6, 2026
100.05
100.07
100.03
100.05
99.33
30,700
Mar 5, 2026
100.07
100.07
100.01
100.04
99.31
33,900
Mar 4, 2026
100.02
100.05
100.00
100.02
99.30
16,500
Mar 3, 2026
0.067 Dividend 

Mar 3, 2026
100.00
100.05
100.00
100.01
99.29
62,000
Mar 2, 2026
100.05
100.07
100.02
100.03
99.24
31,000
Feb 27, 2026
100.08
100.08
100.03
100.03
99.24
33,600
Feb 26, 2026
100.03
100.06
100.03
100.05
99.26
17,100
Feb 25, 2026
100.02
100.05
100.02
100.03
99.24
25,600
Feb 24, 2026
0.067 Dividend 

Feb 24, 2026
100.01
100.04
100.01
100.02
99.23
38,900
Feb 23, 2026
100.10
100.10
100.03
100.03
99.17
50,400
Feb 20, 2026
100.03
100.07
100.03
100.06
99.21
19,600
Feb 19, 2026
100.02
100.06
100.02
100.03
99.18
22,000
Feb 18, 2026
0.066 Dividend 

Feb 18, 2026
100.09
100.09
100.03
100.03
99.18
25,700
Feb 17, 2026
100.06
100.10
100.04
100.10
99.18
33,300
Feb 13, 2026
100.03
100.09
100.03
100.09
99.16
29,800
Feb 12, 2026
100.04
100.06
100.01
100.06
99.14
17,200
Feb 11, 2026
100.00
100.04
100.00
100.03
99.10
34,200
Feb 10, 2026
0.074 Dividend 

Feb 10, 2026
100.04
100.04
100.02
100.03
99.11
17,000
Feb 9, 2026
100.02
100.07
100.02
100.04
99.05
37,700
Feb 6, 2026
100.02
100.06
100.02
100.05
99.05
27,000
Feb 5, 2026
99.99
100.05
99.99
100.03
99.03
34,100
Feb 4, 2026
100.04
100.05
99.98
100.00
99.01
56,300
Feb 3, 2026
0.059 Dividend 

Feb 3, 2026
99.99
100.06
99.99
100.03
99.04
25,500
Feb 2, 2026
100.03
100.07
100.01
100.05
99.00
36,700
Jan 30, 2026
100.00
100.08
100.00
100.03
98.98
32,100
Jan 29, 2026
99.96
100.04
99.96
100.00
98.95
51,500
Jan 28, 2026
100.01
100.05
99.99
100.05
99.00
19,000
Jan 27, 2026
0.068 Dividend 

Jan 27, 2026
100.06
100.06
100.00
100.01
98.96
21,100
Jan 26, 2026
100.02
100.07
100.02
100.07
98.94
22,700
Jan 23, 2026
100.00
100.07
100.00
100.07
98.95
24,100
Jan 22, 2026
100.02
100.04
100.01
100.02
98.90
13,000
Jan 21, 2026
0.067 Dividend 

Jan 21, 2026
100.04
100.05
100.00
100.04
98.91
22,200
Jan 20, 2026
100.06
100.08
100.04
100.05
98.86
17,400
Jan 16, 2026
100.06
100.09
100.02
100.02
98.83
21,500
Jan 15, 2026
100.02
100.07
100.02
100.02
98.83
34,200
Jan 14, 2026
100.04
100.19
100.02
100.02
98.83
21,300
Jan 13, 2026
0.068 Dividend 

Jan 13, 2026
100.11
100.11
100.02
100.03
98.84
23,300
Jan 12, 2026
100.05
100.10
100.05
100.10
98.85
29,600
Jan 9, 2026
100.08
100.08
100.03
100.08
98.83
14,600
Jan 8, 2026
100.02
100.06
100.02
100.05
98.80
8,400
Jan 7, 2026
100.04
100.05
100.02
100.02
98.77
31,700
Jan 6, 2026
0.069 Dividend 

Jan 6, 2026
100.01
100.05
100.01
100.03
98.78
25,900
Jan 5, 2026
100.02
100.14
100.02
100.05
98.73
36,500
Jan 2, 2026
100.01
100.08
100.01
100.05
98.73
22,700
Dec 31, 2025
100.04
100.10
100.01
100.07
98.75
15,000
Dec 30, 2025
0.069 Dividend 

Dec 30, 2025
100.04
100.10
100.01
100.06
98.73
19,700
Dec 29, 2025
100.09
100.14
100.05
100.08
98.69
30,500
Dec 26, 2025
100.09
100.09
100.01
100.06
98.66
32,400
Dec 24, 2025
100.09
100.09
100.00
100.05
98.66
12,000
Dec 23, 2025
0.069 Dividend 

Dec 23, 2025
100.09
100.09
99.98
100.00
98.61
38,400
Dec 22, 2025
100.03
100.09
100.02
100.09
98.63
40,700
Dec 19, 2025
100.05
100.21
100.00
100.00
98.54
41,400
Dec 18, 2025
100.07
100.07
100.02
100.02
98.57
8,500
Dec 17, 2025
100.00
100.07
100.00
100.02
98.56
9,500
Dec 16, 2025
0.07 Dividend 

Dec 16, 2025
100.00
100.06
100.00
100.03
98.57
33,200
Dec 15, 2025
100.02
100.09
100.02
100.08
98.55
24,200
Dec 12, 2025
100.02
100.05
100.02
100.04
98.52
18,700
Dec 11, 2025
100.01
100.03
100.01
100.02
98.49
28,400
Dec 10, 2025
100.00
100.05
100.00
100.03
98.51
17,900
Dec 9, 2025
0.07 Dividend 

Dec 9, 2025
100.01
100.02
100.01
100.02
98.49
16,500
Dec 8, 2025
100.06
100.08
100.05
100.07
98.47
23,900
Dec 5, 2025
100.05
100.06
100.05
100.06
98.46
19,900
Dec 4, 2025
100.02
100.04
100.02
100.04
98.44
20,600
Dec 3, 2025
100.00
100.05
100.00
100.05
98.45
37,100
Dec 2, 2025
0.071 Dividend 

Dec 2, 2025
100.02
100.04
100.01
100.04
98.44
40,500
Dec 1, 2025
100.04
100.06
100.04
100.06
98.39
48,600
Nov 28, 2025
100.05
100.05
100.03
100.03
98.36
27,700
Nov 26, 2025
100.01
100.03
100.00
100.00
98.33
51,000
Nov 25, 2025
0.071 Dividend 

Nov 25, 2025
100.02
100.02
100.00
100.01
98.35
23,400
Nov 24, 2025
100.05
100.07
100.04
100.07
98.33
45,200
Nov 21, 2025
100.05
100.06
100.04
100.05
98.31
25,500
Nov 20, 2025
100.02
100.05
100.01
100.01
98.27
74,300
Nov 19, 2025
100.00
100.04
100.00
100.04
98.30
29,400
Nov 18, 2025
0.061 Dividend 

Nov 18, 2025
100.03
100.03
100.00
100.00
98.26
31,000
Nov 17, 2025
100.07
100.10
100.06
100.07
98.27
33,800
Nov 14, 2025
100.05
100.10
100.03
100.10
98.30
48,200
Nov 13, 2025
100.06
100.06
100.03
100.04
98.24
30,000
Nov 12, 2025
0.08 Dividend 

Nov 12, 2025
100.02
100.04
100.00
100.04
98.24
19,100
Nov 11, 2025
100.10
100.10
100.04
100.07
98.20
9,900
Nov 10, 2025
100.08
100.12
100.05
100.07
98.20
34,700
Nov 7, 2025
100.09
100.12
100.05
100.11
98.23
36,600
Nov 6, 2025
100.02
100.10
100.02
100.08
98.20
34,400
Nov 5, 2025
100.02
100.08
100.02
100.08
98.20
24,700
Nov 4, 2025
0.076 Dividend 

Nov 4, 2025
100.00
100.03
100.00
100.03
98.16
36,500
Nov 3, 2025
100.07
100.07
100.05
100.06
98.11
16,300
Oct 31, 2025
100.06
100.07
100.04
100.06
98.11
14,300
Oct 30, 2025
100.05
100.06
100.02
100.03
98.08
12,000
Oct 29, 2025
100.05
100.06
100.02
100.04
98.09
21,200
Oct 28, 2025
0.073 Dividend 

Oct 28, 2025
100.00
100.05
100.00
100.03
98.08
28,200
Oct 27, 2025
100.05
100.11
100.04
100.07
98.05
21,600
Oct 24, 2025
100.11
100.11
100.03
100.05
98.03
20,800
Oct 23, 2025
100.05
100.06
100.00
100.00
97.98
25,800
Oct 22, 2025
100.09
100.09
100.02
100.02
98.00
20,300
Oct 21, 2025
0.068 Dividend 

Oct 21, 2025
100.01
100.06
100.01
100.02
98.00
26,900
Oct 20, 2025
100.03
100.08
100.03
100.07
97.99
14,600
Oct 17, 2025
100.06
100.09
100.03
100.09
98.00
30,400
Oct 16, 2025
100.01
100.05
100.01
100.02
97.93
23,400
Oct 15, 2025
100.02
100.05
99.97
100.01
97.92
22,800
Oct 14, 2025
0.076 Dividend 

Oct 14, 2025
100.00
100.02
99.93
100.02
97.93
23,700
Oct 13, 2025
100.05
100.12
100.00
100.00
97.84
24,600
Oct 10, 2025
100.04
100.13
100.03
100.13
97.97
46,600
Oct 9, 2025
100.02
100.04
100.02
100.04
97.88
14,400
Oct 8, 2025
100.02
100.04
100.00
100.00
97.84
16,300
Oct 7, 2025
0.075 Dividend 

Oct 7, 2025
100.00
100.04
100.00
100.02
97.86
24,200
Oct 6, 2025
100.06
100.09
100.02
100.02
97.79
39,300
Oct 3, 2025
100.05
100.10
100.03
100.05
97.81
50,200
Oct 2, 2025
100.02
100.08
99.99
100.08
97.84
34,500
Oct 1, 2025
100.03
100.04
100.00
100.01
97.78
30,700
Sep 30, 2025
0.077 Dividend 

Sep 30, 2025
100.02
100.02
99.95
100.02
97.79
23,200
Sep 29, 2025
100.01
100.06
100.01
100.02
97.71
30,400
Sep 26, 2025
100.06
100.07
100.03
100.04
97.72
29,000
Sep 25, 2025
100.02
100.02
100.00
100.01
97.70
50,100
Sep 24, 2025
100.00
100.02
100.00
100.01
97.70
24,900
Sep 23, 2025
0.077 Dividend 

Sep 23, 2025
100.01
100.03
100.00
100.00
97.69
26,600
Sep 22, 2025
100.02
100.07
100.02
100.07
97.68
29,500
Sep 19, 2025
100.06
100.09
100.04
100.05
97.66
59,100
Sep 18, 2025
100.02
100.07
100.02
100.04
97.66
43,200
Sep 17, 2025
100.03
100.03
100.02
100.03
97.64
14,700
Sep 16, 2025
0.077 Dividend 

Sep 16, 2025
100.06
100.07
100.01
100.03
97.64
27,600
Sep 15, 2025
100.07
100.14
100.07
100.14
97.67
38,800
Sep 12, 2025
100.07
100.10
100.05
100.08
97.62
18,100
Sep 11, 2025
100.05
100.11
100.04
100.11
97.65
39,400
Sep 10, 2025
100.05
100.06
100.05
100.05
97.59
9,700
Sep 9, 2025
0.078 Dividend 

Sep 9, 2025
100.05
100.05
100.04
100.05
97.59
32,300
Sep 8, 2025
100.12
100.13
100.08
100.13
97.59
41,300
Sep 5, 2025
100.06
100.11
100.06
100.11
97.57
19,200
Sep 4, 2025
100.01
100.08
100.01
100.08
97.54
44,900
Sep 3, 2025
100.05
100.05
100.03
100.03
97.49
19,200
Sep 2, 2025
0.078 Dividend 

Sep 2, 2025
100.05
100.05
99.99
100.02
97.48
53,600
Aug 29, 2025
100.03
100.09
100.03
100.07
97.46
54,200
Aug 28, 2025
100.03
100.07
100.03
100.07
97.46
54,700
Aug 27, 2025
100.00
100.05
100.00
100.04
97.42
18,500
Aug 26, 2025
0.078 Dividend 

Aug 26, 2025
100.05
100.05
100.02
100.02
97.41
26,800
Aug 25, 2025
100.07
100.09
100.07
100.09
97.40
14,200
Aug 22, 2025
100.06
100.08
100.05
100.08
97.39
24,800
Aug 21, 2025
100.00
100.05
100.00
100.02
97.33
33,100
Aug 20, 2025
100.04
100.04
100.01
100.03
97.34
47,300
Aug 19, 2025
0.079 Dividend 

Aug 19, 2025
100.05
100.05
100.02
100.03
97.34
58,800
Aug 18, 2025
100.07
100.08
100.05
100.07
97.31
55,500
Aug 15, 2025
100.08
100.08
100.05
100.08
97.31
20,500
Aug 14, 2025
100.08
100.08
100.04
100.05
97.28
13,300
Aug 13, 2025
100.05
100.07
100.03
100.03
97.27
89,800
Aug 12, 2025
0.079 Dividend 

Aug 12, 2025
100.05
100.05
100.02
100.04
97.27
85,000
Aug 11, 2025
100.11
100.11
100.07
100.09
97.25
21,600
Aug 8, 2025
100.07
100.08
100.07
100.07
97.23
14,900
Aug 7, 2025
100.02
100.05
100.02
100.05
97.21
13,900
Aug 6, 2025
100.04
100.04
100.02
100.03
97.19
29,100
Aug 5, 2025
0.079 Dividend 

Aug 5, 2025
100.02
100.03
100.00
100.03
97.19
37,000
Aug 4, 2025
100.12
100.12
100.07
100.09
97.17
24,400
Aug 1, 2025
100.01
100.09
100.01
100.07
97.15
15,000
Jul 31, 2025
100.04
100.08
100.03
100.05
97.13
13,500
Jul 30, 2025
100.06
100.07
100.02
100.04
97.12
20,300
Jul 29, 2025
0.079 Dividend 

Jul 29, 2025
100.03
100.03
100.01
100.03
97.11
13,700
Jul 28, 2025
100.05
100.09
100.05
100.09
97.09
20,500
Jul 25, 2025
100.03
100.08
100.03
100.07
97.07
11,700
Jul 24, 2025
100.02
100.05
100.02
100.05
97.05
17,000
Jul 23, 2025
100.03
100.04
100.00
100.03
97.03
18,500
Jul 22, 2025
0.079 Dividend 

Jul 22, 2025
100.05
100.05
100.00
100.03
97.03
22,700
Jul 21, 2025
100.07
100.10
100.06
100.08
97.01
16,700
Jul 18, 2025
100.02
100.08
100.02
100.05
96.98
17,400
Jul 17, 2025
100.06
100.06
100.01
100.01
96.94
16,700
Jul 16, 2025
100.06
100.06
100.02
100.03
96.96
11,200
Jul 15, 2025
0.079 Dividend 

Jul 15, 2025
100.05
100.05
100.01
100.03
96.96
21,200
Jul 14, 2025
100.08
100.09
100.07
100.09
96.94
16,900
Jul 11, 2025
100.07
100.08
100.05
100.08
96.93
13,800
Jul 10, 2025
100.04
100.04
100.03
100.04
96.89
8,100
Jul 9, 2025
100.06
100.06
100.01
100.02
96.87
11,700
Jul 8, 2025
0.079 Dividend 

Jul 8, 2025
100.05
100.05
100.01
100.02
96.87
8,400
Jul 7, 2025
100.07
100.10
100.05
100.09
96.86
21,900
Jul 3, 2025
100.08
100.09
100.03
100.06
96.83
5,600
Jul 2, 2025
100.01
100.04
100.01
100.02
96.80
9,200
Jul 1, 2025
0.079 Dividend 

Jul 1, 2025
100.05
100.05
100.00
100.03
96.81
14,100
Jun 30, 2025
100.07
100.11
100.06
100.06
96.76
24,100
Jun 27, 2025
100.11
100.11
100.03
100.07
96.77
14,600
Jun 26, 2025
100.01
100.05
100.01
100.04
96.73
15,400
Jun 25, 2025
100.04
100.06
100.00
100.06
96.76
16,000
Jun 24, 2025
0.079 Dividend 

Jun 24, 2025
100.05
100.07
100.01
100.04
96.74
13,900
Jun 23, 2025
100.12
100.13
100.02
100.07
96.69
10,400
Jun 20, 2025
100.11
100.11
100.02
100.05
96.67
12,400
Jun 18, 2025
100.01
100.05
100.00
100.03
96.65
9,500
Jun 17, 2025
0.079 Dividend 

Jun 17, 2025
100.05
100.05
99.99
100.02
96.64
27,200
Jun 16, 2025
100.02
100.09
100.02
100.08
96.62
7,300
Jun 13, 2025
100.05
100.08
100.02
100.08
96.62
14,600
Jun 12, 2025
100.03
100.04
100.00
100.04
96.58
9,500
Jun 11, 2025
100.03
100.03
100.00
100.03
96.57
11,200
Jun 10, 2025
0.078 Dividend 

Jun 10, 2025
100.24
100.24
100.00
100.03
96.58
19,000
Jun 9, 2025
100.02
100.08
100.02
100.08
96.55
14,800
Jun 6, 2025
100.07
100.07
100.04
100.07
96.54
6,300
Jun 5, 2025
100.01
100.04
100.01
100.04
96.51
5,100
Jun 4, 2025
100.06
100.06
100.01
100.01
96.48
18,300
Jun 3, 2025
0.08 Dividend 

Jun 3, 2025
100.05
100.05
99.95
100.01
96.48
31,400
Jun 2, 2025
100.05
100.08
100.04
100.08
96.47
12,000
May 30, 2025
100.04
100.07
100.04
100.06
96.45
21,000
May 29, 2025
100.01
100.03
100.01
100.03
96.42
4,200
May 28, 2025
100.01
100.02
100.01
100.01
96.41
7,400
May 27, 2025
0.079 Dividend 

May 27, 2025
100.00
100.04
100.00
100.01
96.41
22,700
