Date
Open
High
Low
Close 

Adj Close 

Volume
Jun 5, 2026
46.07
46.07
44.20
44.43
44.43
2,300
Jun 4, 2026
45.75
46.94
45.75
46.94
46.94
2,500
Jun 3, 2026
48.20
48.20
46.53
46.60
46.60
3,300
Jun 2, 2026
0.109 Dividend 

Jun 2, 2026
48.78
48.78
48.34
48.60
48.60
1,400
Jun 1, 2026
47.63
49.00
47.63
48.77
48.66
2,700
May 29, 2026
47.33
47.94
46.73
47.93
47.82
3,000
May 28, 2026
45.36
47.47
45.36
47.47
47.36
3,900
May 27, 2026
0.104 Dividend 

May 27, 2026
45.74
45.74
44.55
45.37
45.27
2,900
May 26, 2026
45.25
46.02
45.25
45.83
45.62
5,500
May 22, 2026
45.30
45.30
44.84
44.99
44.79
3,000
May 21, 2026
44.32
44.45
43.85
44.22
44.02
1,300
May 20, 2026
43.22
43.98
43.22
43.93
43.73
3,700
May 19, 2026
0.104 Dividend 

May 19, 2026
43.89
43.89
42.83
42.86
42.67
4,400
May 18, 2026
43.60
43.98
43.35
43.89
43.59
6,100
May 15, 2026
43.84
44.20
43.82
43.82
43.52
2,000
May 14, 2026
44.25
45.42
44.25
45.12
44.81
2,300
May 13, 2026
44.17
44.67
44.17
44.67
44.36
3,000
May 12, 2026
0.102 Dividend 

May 12, 2026
44.23
45.02
44.23
45.02
44.71
3,000
May 11, 2026
44.93
45.20
44.90
45.09
44.68
4,400
May 8, 2026
44.33
44.52
44.16
44.52
44.11
2,200
May 7, 2026
46.53
46.53
44.16
44.46
44.06
6,800
May 6, 2026
43.82
44.78
43.61
44.78
44.37
6,000
May 5, 2026
0.104 Dividend 

May 5, 2026
44.50
44.50
43.64
43.79
43.39
7,800
May 4, 2026
45.00
45.61
44.41
44.61
44.10
5,400
May 1, 2026
44.71
44.99
44.40
44.90
44.39
2,100
Apr 30, 2026
44.03
45.01
43.89
45.01
44.50
1,700
Apr 29, 2026
43.76
43.76
43.39
43.42
42.92
9,800
Apr 28, 2026
0.103 Dividend 

Apr 28, 2026
43.90
44.54
43.90
44.37
43.86
2,300
Apr 27, 2026
44.15
45.19
44.15
45.19
44.57
6,900
Apr 24, 2026
44.45
44.45
44.01
44.29
43.68
5,200
Apr 23, 2026
45.15
45.23
44.41
44.82
44.21
1,600
Apr 22, 2026
45.86
46.33
45.75
46.14
45.51
3,000
Apr 21, 2026
0.106 Dividend 

Apr 21, 2026
45.89
46.66
45.52
45.58
44.96
19,700
Apr 20, 2026
46.29
46.65
45.85
46.31
45.57
3,000
Apr 17, 2026
46.25
46.99
46.08
46.13
45.40
7,800
Apr 16, 2026
45.79
46.34
45.79
46.16
45.42
3,500
Apr 15, 2026
45.92
46.01
45.71
45.90
45.17
1,400
Apr 14, 2026
0.102 Dividend 

Apr 14, 2026
45.59
45.59
44.75
45.23
44.51
3,100
Apr 13, 2026
43.24
45.07
43.20
45.07
44.25
3,200
Apr 10, 2026
43.90
44.37
43.70
43.83
43.03
4,800
Apr 9, 2026
44.73
45.06
44.37
44.37
43.56
2,700
Apr 8, 2026
45.54
46.29
45.54
45.56
44.73
2,500
Apr 7, 2026
0.101 Dividend 

Apr 7, 2026
43.93
44.21
43.93
44.21
43.41
1,800
Apr 6, 2026
44.85
44.85
44.41
44.65
43.74
1,400
Apr 2, 2026
42.66
44.60
42.66
44.47
43.56
4,700
Apr 1, 2026
44.32
44.46
43.85
43.97
43.07
2,300
Mar 31, 2026
0.101 Dividend 

Mar 31, 2026
42.15
43.41
42.15
43.41
42.53
1,900
Mar 30, 2026
42.99
42.99
41.21
41.66
40.71
4,500
Mar 27, 2026
43.40
43.40
42.48
42.76
41.79
4,700
Mar 26, 2026
44.18
44.18
43.78
43.78
42.78
1,200
Mar 25, 2026
45.56
45.56
45.16
45.22
44.19
1,800
Mar 24, 2026
0.217 Dividend 

Mar 24, 2026
45.47
45.47
44.32
44.77
43.75
4,900
Mar 23, 2026
45.40
46.33
45.15
45.87
44.61
4,500
Mar 20, 2026
46.32
46.32
44.33
44.90
43.67
7,000
Mar 19, 2026
47.50
47.55
45.94
47.07
45.78
6,300
Mar 18, 2026
48.53
48.65
48.00
48.00
46.69
4,800
Mar 17, 2026
0.219 Dividend 

Mar 17, 2026
48.39
48.76
48.21
48.55
47.22
3,800
Mar 16, 2026
48.37
48.37
47.55
48.21
46.68
2,200
Mar 13, 2026
48.32
48.32
47.48
47.53
46.02
3,100
Mar 12, 2026
48.51
48.68
48.00
48.47
46.93
2,800
Mar 11, 2026
48.58
49.33
48.43
48.77
47.22
2,000
Mar 10, 2026
48.81
49.50
48.77
48.84
47.29
9,700
Mar 9, 2026
48.54
49.13
47.64
49.13
47.57
31,500
Mar 6, 2026
48.00
49.25
47.79
48.57
47.03
14,200
Mar 5, 2026
49.60
49.60
47.50
48.52
46.98
24,000
Mar 4, 2026
49.91
49.91
48.48
49.55
47.97
45,600
Mar 3, 2026
49.00
50.28
47.97
49.19
47.63
119,800
