Date
Open
High
Low
Close 

Adj Close 

Volume
May 26, 2026
24.94
24.69
24.25
24.44
24.44
105,051
May 22, 2026
25.19
25.21
24.48
24.84
24.84
75,500
May 21, 2026
25.84
25.98
24.81
25.00
25.00
171,800
May 20, 2026
27.72
27.72
27.15
27.25
27.25
72,600
May 19, 2026
0.136 Dividend 

May 19, 2026
27.70
28.02
27.50
27.91
27.91
39,500
May 18, 2026
27.48
27.88
27.48
27.88
27.74
35,900
May 15, 2026
27.88
27.88
27.37
27.50
27.37
24,900
May 14, 2026
27.38
27.63
27.38
27.60
27.47
16,200
May 13, 2026
27.02
27.56
26.96
27.40
27.27
25,700
May 12, 2026
0.403 Dividend 

May 12, 2026
26.70
27.29
26.60
27.17
27.04
25,800
May 11, 2026
27.50
27.52
26.66
26.90
26.37
55,500
May 8, 2026
27.56
27.74
27.53
27.56
27.01
22,400
May 7, 2026
27.39
27.50
27.12
27.50
26.96
20,800
May 6, 2026
27.53
27.53
27.31
27.41
26.87
46,200
May 5, 2026
0.173 Dividend 

May 5, 2026
27.50
27.61
27.41
27.54
27.00
11,000
May 4, 2026
27.61
27.80
27.46
27.58
26.86
24,300
May 1, 2026
27.71
28.04
27.68
27.71
26.99
16,000
Apr 30, 2026
26.98
27.86
26.98
27.86
27.14
16,900
Apr 29, 2026
26.69
26.96
26.50
26.96
26.26
12,300
Apr 28, 2026
0.142 Dividend 

Apr 28, 2026
27.23
27.23
26.73
26.91
26.21
11,700
Apr 27, 2026
27.58
27.58
26.99
26.99
26.15
29,300
Apr 24, 2026
27.90
27.90
27.51
27.57
26.72
14,600
Apr 23, 2026
27.79
28.05
27.73
27.94
27.07
14,800
Apr 22, 2026
27.50
27.65
27.37
27.60
26.75
18,000
Apr 21, 2026
0.102 Dividend 

Apr 21, 2026
27.27
27.51
27.14
27.51
26.65
10,400
Apr 20, 2026
27.37
27.45
27.22
27.36
26.41
49,200
Apr 17, 2026
26.55
27.18
26.38
27.15
26.21
19,800
Apr 16, 2026
26.48
26.82
26.48
26.59
25.67
16,600
Apr 15, 2026
26.54
26.67
26.27
26.59
25.67
18,600
Apr 14, 2026
0.139 Dividend 

Apr 14, 2026
26.23
26.64
26.08
26.64
25.71
19,200
Apr 13, 2026
27.04
27.04
26.58
26.69
25.63
40,300
Apr 10, 2026
27.35
27.37
27.09
27.18
26.10
11,600
Apr 9, 2026
27.15
27.62
27.15
27.58
26.49
14,300
Apr 8, 2026
26.29
27.24
25.97
27.24
26.16
54,900
Apr 7, 2026
0.119 Dividend 

Apr 7, 2026
26.91
26.91
25.93
26.02
24.99
63,700
Apr 6, 2026
26.83
27.22
26.80
27.19
26.00
33,100
Apr 2, 2026
26.78
26.97
26.58
26.97
25.79
23,700
Apr 1, 2026
26.59
26.82
26.50
26.74
25.57
21,300
Mar 31, 2026
0.221 Dividend 

Mar 31, 2026
26.37
26.66
26.30
26.51
25.35
53,000
Mar 30, 2026
26.61
26.76
26.53
26.58
25.21
47,400
Mar 27, 2026
26.19
26.67
26.19
26.48
25.11
30,100
Mar 26, 2026
26.49
26.49
26.24
26.28
24.92
11,400
Mar 25, 2026
26.39
26.44
26.20
26.42
25.05
11,300
Mar 24, 2026
0.155 Dividend 

Mar 24, 2026
25.86
26.46
25.83
26.20
24.84
22,000
Mar 23, 2026
26.06
26.14
25.73
26.05
24.55
28,700
Mar 20, 2026
26.09
26.09
25.41
25.57
24.10
9,400
Mar 19, 2026
26.15
26.15
25.68
26.10
24.60
27,000
Mar 18, 2026
26.96
26.96
26.27
26.31
24.80
8,900
Mar 17, 2026
0.362 Dividend 

Mar 17, 2026
27.41
27.47
27.04
27.08
25.53
22,900
Mar 16, 2026
27.65
27.71
27.38
27.67
25.74
28,900
Mar 13, 2026
27.60
27.81
27.56
27.67
25.74
8,900
Mar 12, 2026
26.81
27.42
26.78
27.42
25.51
10,500
Mar 11, 2026
27.35
27.43
26.97
27.01
25.12
8,700
Mar 10, 2026
0.157 Dividend 

Mar 10, 2026
27.17
27.38
27.05
27.36
25.45
6,800
Mar 9, 2026
26.96
27.30
26.89
27.30
25.25
9,300
Mar 6, 2026
26.77
27.14
26.76
27.14
25.10
15,500
Mar 5, 2026
27.64
27.64
26.59
27.03
25.00
32,100
Mar 4, 2026
27.99
28.17
27.80
28.15
26.03
11,600
Mar 3, 2026
0.157 Dividend 

Mar 3, 2026
27.89
28.20
27.65
28.14
26.02
11,000
Mar 2, 2026
28.36
28.43
28.23
28.23
25.96
26,500
Feb 27, 2026
27.82
28.38
27.82
28.38
26.10
17,000
Feb 26, 2026
27.86
28.14
27.56
27.57
25.36
4,900
Feb 25, 2026
28.08
28.21
27.85
27.85
25.61
9,500
Feb 24, 2026
0.37 Dividend 

Feb 24, 2026
27.86
28.17
27.86
28.07
25.82
8,800
Feb 23, 2026
27.56
28.36
27.56
28.15
25.54
6,500
Feb 20, 2026
27.54
27.54
26.95
27.44
24.90
19,000
Feb 19, 2026
28.78
29.25
27.76
27.83
25.26
10,400
Feb 18, 2026
0.196 Dividend 

Feb 18, 2026
28.55
28.78
28.11
28.28
25.67
11,200
Feb 17, 2026
30.12
30.23
28.92
28.95
26.10
10,500
Feb 13, 2026
30.06
30.34
30.00
30.28
27.30
18,200
Feb 12, 2026
29.87
30.25
29.77
30.19
27.21
11,900
Feb 11, 2026
28.75
29.31
28.72
29.18
26.30
4,300
Feb 10, 2026
0.097 Dividend 

Feb 10, 2026
29.08
29.15
28.63
28.63
25.81
5,900
Feb 9, 2026
29.77
29.77
29.15
29.33
26.36
6,800
Feb 6, 2026
28.78
29.76
28.75
29.76
26.74
10,200
Feb 5, 2026
29.20
29.26
28.71
28.71
25.79
5,500
Feb 4, 2026
29.23
29.33
29.15
29.15
26.19
18,200
Feb 3, 2026
0.093 Dividend 

Feb 3, 2026
28.85
29.17
28.79
29.17
26.21
9,700
Feb 2, 2026
27.91
28.71
27.91
28.71
25.71
17,600
Jan 30, 2026
27.31
27.79
27.31
27.77
24.87
4,100
Jan 29, 2026
27.17
27.42
27.15
27.42
24.56
3,800
Jan 28, 2026
27.40
27.40
27.18
27.25
24.40
4,000
Jan 27, 2026
0.107 Dividend 

Jan 27, 2026
27.46
27.46
26.94
27.26
24.41
4,800
Jan 26, 2026
27.70
27.88
27.65
27.65
24.67
4,300
Jan 23, 2026
27.66
27.77
27.63
27.63
24.65
4,600
Jan 22, 2026
28.02
28.06
27.64
27.64
24.66
3,100
Jan 21, 2026
0.143 Dividend 

Jan 21, 2026
27.67
28.25
27.67
28.11
25.08
6,000
Jan 20, 2026
28.54
28.59
27.81
28.02
24.87
16,700
Jan 16, 2026
28.20
28.34
27.67
28.25
25.07
7,400
Jan 15, 2026
28.24
28.42
28.15
28.15
24.98
3,000
Jan 14, 2026
28.30
28.37
28.20
28.32
25.13
4,800
Jan 13, 2026
0.097 Dividend 

Jan 13, 2026
28.10
28.36
28.10
28.36
25.17
5,500
Jan 12, 2026
27.92
28.15
27.72
28.06
24.81
10,200
Jan 9, 2026
26.94
27.44
26.94
27.34
24.18
4,900
Jan 8, 2026
26.91
27.09
26.91
27.09
23.96
2,600
Jan 7, 2026
27.22
27.22
26.91
26.98
23.86
2,600
Jan 6, 2026
0.086 Dividend 

Jan 6, 2026
26.95
27.31
26.95
27.25
24.10
4,200
Jan 5, 2026
26.98
27.23
26.95
27.01
23.81
8,700
Jan 2, 2026
26.67
27.01
26.67
27.01
23.82
5,500
Dec 31, 2025
26.90
26.90
26.68
26.73
23.57
3,100
Dec 30, 2025
0.087 Dividend 

Dec 30, 2025
26.87
26.88
26.83
26.83
23.66
1,800
Dec 29, 2025
26.95
27.09
26.90
27.03
23.75
7,900
Dec 26, 2025
26.83
26.88
26.82
26.84
23.59
1,700
Dec 24, 2025
26.58
26.78
26.58
26.78
23.54
2,300
Dec 23, 2025
0.097 Dividend 

Dec 23, 2025
26.99
26.99
26.61
26.61
23.39
7,400
Dec 22, 2025
27.66
27.66
27.10
27.20
23.82
5,900
Dec 19, 2025
27.74
27.74
27.56
27.69
24.25
8,100
Dec 18, 2025
27.99
28.17
27.80
27.80
24.35
5,300
Dec 17, 2025
28.00
28.16
27.96
27.99
24.51
6,600
Dec 16, 2025
0.092 Dividend 

Dec 16, 2025
28.12
28.13
27.85
27.99
24.51
7,900
Dec 15, 2025
28.54
28.54
28.16
28.29
24.69
9,600
Dec 12, 2025
28.01
28.30
28.00
28.30
24.70
6,600
Dec 11, 2025
27.33
27.99
27.33
27.99
24.43
2,100
Dec 10, 2025
27.78
27.90
27.22
27.29
23.82
8,700
Dec 9, 2025
0.091 Dividend 

Dec 9, 2025
27.55
27.87
27.36
27.79
24.26
7,400
Dec 8, 2025
27.80
27.93
27.29
27.58
24.00
10,100
Dec 5, 2025
28.09
28.25
27.91
27.94
24.31
7,900
Dec 4, 2025
27.62
27.80
27.57
27.80
24.18
5,000
Dec 3, 2025
27.49
27.75
27.30
27.75
24.14
3,500
Dec 2, 2025
0.147 Dividend 

Dec 2, 2025
27.16
27.39
27.03
27.39
23.83
6,700
Dec 1, 2025
27.12
27.36
27.08
27.34
23.66
20,600
Nov 28, 2025
26.87
27.03
26.87
27.03
23.39
18,900
Nov 26, 2025
26.26
26.77
26.26
26.77
23.16
3,200
Nov 25, 2025
0.302 Dividend 

Nov 25, 2025
25.65
26.18
25.65
26.17
22.64
5,600
Nov 24, 2025
26.14
26.14
25.63
25.63
21.91
4,300
Nov 21, 2025
25.91
26.23
25.87
25.98
22.22
2,800
Nov 20, 2025
25.58
26.46
25.58
26.40
22.58
2,700
Nov 19, 2025
24.88
24.88
24.60
24.78
21.19
4,600
Nov 18, 2025
0.083 Dividend 

Nov 18, 2025
25.25
25.57
25.02
25.02
21.39
2,500
Nov 17, 2025
25.37
25.48
25.28
25.43
21.67
23,700
Nov 14, 2025
24.51
25.29
24.51
25.29
21.55
4,500
Nov 13, 2025
25.65
25.65
25.30
25.33
21.59
3,500
Nov 12, 2025
25.45
25.59
25.40
25.57
21.80
2,300
Nov 11, 2025
25.26
25.59
25.25
25.59
21.81
8,900
Nov 10, 2025
25.44
25.44
25.08
25.28
21.55
12,300
Nov 7, 2025
25.24
25.30
25.18
25.27
21.54
2,400
Nov 6, 2025
25.00
25.01
24.61
25.01
21.32
1,500
Nov 5, 2025
25.09
25.31
24.95
24.98
21.29
3,300
Nov 4, 2025
25.14
25.22
25.07
25.19
21.47
7,300
