Date
Open
High
Low
Close 

Adj Close 

Volume
Jun 5, 2026
26.47
27.70
26.30
26.78
26.78
254,000
Jun 4, 2026
0.329 Dividend 

Jun 4, 2026
26.00
26.09
25.47
25.78
25.78
171,400
Jun 3, 2026
25.37
26.49
25.05
26.49
26.16
92,400
Jun 2, 2026
24.69
25.61
24.60
25.35
25.04
245,100
Jun 1, 2026
23.93
24.40
23.43
23.90
23.60
124,300
May 29, 2026
23.98
24.03
22.42
22.95
22.66
138,400
May 28, 2026
0.31 Dividend 

May 28, 2026
24.01
24.49
23.39
23.81
23.51
120,100
May 27, 2026
23.67
24.00
23.62
24.00
23.40
99,000
May 26, 2026
23.29
23.50
22.75
23.43
22.84
72,500
May 22, 2026
23.08
23.50
22.97
23.31
22.72
78,300
May 21, 2026
0.305 Dividend 

May 21, 2026
23.02
23.25
22.69
22.93
22.35
49,300
May 20, 2026
23.30
23.45
22.95
23.18
22.30
127,200
May 19, 2026
23.37
23.45
23.02
23.25
22.37
75,300
May 18, 2026
22.80
23.59
22.80
23.26
22.38
160,700
May 15, 2026
21.91
22.50
21.91
22.25
21.40
126,500
May 14, 2026
0.274 Dividend 

May 14, 2026
22.07
22.26
21.00
21.44
20.63
126,500
May 13, 2026
22.01
22.47
22.01
22.32
21.21
67,200
May 12, 2026
21.28
22.20
21.28
21.83
20.74
150,800
May 11, 2026
21.43
22.10
20.85
20.92
19.88
147,700
May 8, 2026
22.36
22.52
21.55
21.55
20.48
91,700
May 7, 2026
0.272 Dividend 

May 7, 2026
21.70
22.68
21.70
22.23
21.12
132,800
May 6, 2026
21.95
22.30
21.75
21.87
20.52
155,700
May 5, 2026
21.63
22.11
21.49
21.78
20.44
123,300
May 4, 2026
22.48
22.66
21.91
22.22
20.85
201,900
May 1, 2026
23.28
23.50
22.46
22.89
21.48
170,800
Apr 30, 2026
0.314 Dividend 

Apr 30, 2026
24.05
24.30
23.67
23.78
22.31
113,000
Apr 29, 2026
24.05
24.91
24.05
24.68
22.86
179,100
Apr 28, 2026
24.26
24.75
23.96
24.05
22.28
102,900
Apr 27, 2026
23.78
23.93
23.19
23.76
22.01
86,600
Apr 24, 2026
23.19
23.76
23.11
23.59
21.85
93,800
Apr 23, 2026
0.316 Dividend 

Apr 23, 2026
23.19
23.61
22.75
23.38
21.66
122,400
Apr 22, 2026
23.70
23.72
22.77
23.15
21.15
248,800
Apr 21, 2026
24.01
24.90
23.90
24.85
22.71
192,500
Apr 20, 2026
25.34
25.42
24.00
24.01
21.94
239,900
Apr 17, 2026
26.67
26.91
23.51
24.77
22.63
620,700
Apr 16, 2026
0.415 Dividend 

Apr 16, 2026
28.90
29.76
27.80
27.80
25.40
196,800
Apr 15, 2026
30.17
30.66
29.32
29.41
26.50
193,300
Apr 14, 2026
30.59
30.95
29.11
30.67
27.63
303,900
Apr 13, 2026
32.71
33.03
31.68
31.86
28.70
198,900
Apr 10, 2026
32.08
32.54
31.70
32.31
29.11
93,200
Apr 9, 2026
0.53 Dividend 

Apr 9, 2026
32.38
32.88
31.56
32.30
29.10
134,200
Apr 8, 2026
31.44
33.34
31.34
33.04
29.29
294,600
Apr 7, 2026
33.61
34.38
33.21
33.83
29.99
110,700
Apr 6, 2026
34.30
34.70
32.70
32.91
29.17
254,100
Apr 2, 2026
0.51 Dividend 

Apr 2, 2026
34.96
35.25
34.27
35.00
31.03
577,900
Apr 1, 2026
34.31
35.18
34.14
35.04
30.61
132,300
Mar 31, 2026
34.78
35.68
34.38
34.40
30.05
128,700
Mar 30, 2026
33.47
35.09
33.35
35.09
30.65
135,500
Mar 27, 2026
33.70
34.30
33.54
33.94
29.65
251,700
Mar 26, 2026
0.492 Dividend 

Mar 26, 2026
32.76
33.38
32.23
33.33
29.12
130,100
Mar 25, 2026
32.44
33.06
31.70
32.80
28.22
190,100
Mar 24, 2026
32.72
33.49
32.41
33.20
28.57
111,200
Mar 23, 2026
32.69
33.39
32.42
32.68
28.12
106,400
Mar 20, 2026
32.49
33.30
32.49
33.12
28.50
107,900
Mar 19, 2026
0.486 Dividend 

Mar 19, 2026
33.03
33.34
32.35
32.57
28.02
110,100
Mar 18, 2026
31.91
32.80
31.66
32.80
27.80
180,100
Mar 17, 2026
31.68
31.84
30.34
30.95
26.24
190,100
Mar 16, 2026
31.83
32.25
31.22
31.48
26.69
161,100
Mar 13, 2026
32.01
33.17
31.33
33.05
28.02
180,000
Mar 12, 2026
0.547 Dividend 

Mar 12, 2026
33.18
33.60
32.96
33.17
28.12
78,700
Mar 11, 2026
33.55
33.90
32.60
33.46
27.90
107,600
Mar 10, 2026
32.77
33.69
32.50
33.23
27.71
94,800
Mar 9, 2026
33.85
33.90
33.00
33.45
27.89
135,700
Mar 6, 2026
33.84
34.43
33.71
34.30
28.60
171,500
Mar 5, 2026
0.575 Dividend 

Mar 5, 2026
31.69
33.37
31.50
33.00
27.52
270,600
Mar 4, 2026
32.84
33.05
31.18
32.25
26.41
553,200
Mar 3, 2026
34.90
36.15
34.38
35.25
28.87
215,700
Mar 2, 2026
36.00
36.00
33.34
34.37
28.15
303,800
Feb 27, 2026
35.80
36.14
35.61
36.06
29.53
125,000
Feb 26, 2026
0.727 Dividend 

Feb 26, 2026
35.00
36.00
34.41
35.14
28.78
163,000
Feb 25, 2026
36.53
36.71
34.31
35.27
28.29
332,800
Feb 24, 2026
38.12
38.71
37.11
37.44
30.03
282,200
Feb 23, 2026
36.75
37.90
36.20
37.64
30.19
195,500
Feb 20, 2026
36.36
36.61
34.81
36.22
29.05
179,600
Feb 19, 2026
0.732 Dividend 

Feb 19, 2026
37.85
37.94
36.32
36.85
29.56
186,200
Feb 18, 2026
37.90
38.60
37.55
37.96
29.86
254,800
Feb 17, 2026
37.65
38.44
37.05
37.70
29.66
606,100
Feb 13, 2026
37.91
38.09
35.80
36.06
28.37
685,300
Feb 12, 2026
0.454 Dividend 

Feb 12, 2026
37.86
39.25
37.41
38.60
30.36
253,800
Feb 11, 2026
36.76
39.08
36.76
38.45
29.89
184,400
Feb 10, 2026
36.65
36.80
35.14
36.80
28.61
163,600
Feb 9, 2026
38.16
39.50
34.79
35.34
27.47
298,700
Feb 6, 2026
41.94
42.00
35.76
36.08
28.05
576,000
Feb 5, 2026
0.492 Dividend 

Feb 5, 2026
41.50
45.53
40.95
44.59
34.66
565,700
Feb 4, 2026
39.77
41.61
39.72
39.80
30.56
305,600
Feb 3, 2026
37.69
40.31
37.65
38.81
29.80
253,100
Feb 2, 2026
37.87
37.95
36.01
37.58
28.85
236,100
Jan 30, 2026
37.44
37.44
35.21
35.50
27.25
223,300
Jan 29, 2026
0.439 Dividend 

Jan 29, 2026
35.12
37.35
35.12
37.07
28.46
261,500
Jan 28, 2026
34.36
35.42
34.03
35.40
26.84
116,700
Jan 27, 2026
34.94
35.42
34.61
34.85
26.42
85,600
Jan 26, 2026
34.80
35.04
34.20
34.96
26.51
126,100
Jan 23, 2026
34.85
35.10
33.55
34.26
25.98
246,000
Jan 22, 2026
0.445 Dividend 

Jan 22, 2026
34.68
34.88
34.36
34.75
26.35
101,200
Jan 21, 2026
35.40
35.90
34.79
35.13
26.30
287,000
Jan 20, 2026
34.93
35.63
34.81
35.50
26.58
242,100
Jan 16, 2026
33.98
34.44
33.77
33.94
25.41
113,500
Jan 15, 2026
0.577 Dividend 

Jan 15, 2026
32.84
34.28
32.84
34.01
25.46
103,900
Jan 14, 2026
33.51
34.15
31.32
33.73
24.82
385,700
Jan 13, 2026
36.63
36.70
34.68
34.89
25.67
297,000
Jan 12, 2026
37.73
37.92
36.57
36.99
27.22
148,400
Jan 9, 2026
36.05
37.88
36.05
37.60
27.67
323,400
Jan 8, 2026
0.528 Dividend 

Jan 8, 2026
37.74
38.00
35.24
35.80
26.34
205,100
Jan 7, 2026
37.21
37.97
35.60
37.65
27.31
360,000
Jan 6, 2026
36.11
38.82
36.11
38.18
27.70
164,400
Jan 5, 2026
36.82
37.34
36.00
36.67
26.60
301,300
Jan 2, 2026
0.681 Dividend 

Jan 2, 2026
38.79
39.40
37.36
38.22
27.73
195,000
Dec 31, 2025
39.09
39.80
38.87
39.66
28.28
244,000
Dec 30, 2025
38.75
39.11
38.00
39.08
27.86
115,100
Dec 29, 2025
38.51
38.93
37.50
38.69
27.59
84,500
Dec 26, 2025
0.754 Dividend 

Dec 26, 2025
38.30
38.99
38.30
38.48
27.44
110,000
Dec 24, 2025
38.99
39.39
38.99
39.16
27.39
97,700
Dec 23, 2025
38.27
39.15
38.27
38.85
27.17
100,000
Dec 22, 2025
36.72
37.88
36.58
37.65
26.33
126,100
Dec 19, 2025
37.85
38.03
37.05
37.55
26.26
158,500
Dec 18, 2025
0.631 Dividend 

Dec 18, 2025
37.15
38.70
37.00
38.68
27.05
171,200
Dec 17, 2025
37.91
38.86
37.30
38.86
26.73
175,100
Dec 16, 2025
38.23
38.43
37.26
37.91
26.08
172,000
Dec 15, 2025
36.43
38.62
36.43
38.21
26.29
188,700
Dec 12, 2025
35.78
36.58
35.36
36.42
25.05
131,400
Dec 11, 2025
0.397 Dividend 

Dec 11, 2025
35.82
36.80
35.38
35.69
24.55
218,300
Dec 10, 2025
34.84
35.88
34.62
35.85
24.39
146,900
Dec 9, 2025
36.22
36.23
33.31
35.05
23.84
231,600
Dec 8, 2025
36.15
36.52
35.45
35.85
24.39
80,200
Dec 5, 2025
35.49
36.49
35.45
36.39
24.76
171,100
Dec 4, 2025
0.644 Dividend 

Dec 4, 2025
35.22
35.85
34.29
35.03
23.83
190,800
Dec 3, 2025
35.97
36.92
34.80
35.45
23.68
214,600
Dec 2, 2025
37.50
37.50
35.46
36.95
24.68
327,600
Dec 1, 2025
38.37
40.18
38.00
38.20
25.52
305,700
Nov 28, 2025
0.926 Dividend 

Nov 28, 2025
36.27
37.36
34.70
37.02
24.73
181,700
Nov 26, 2025
38.49
39.18
37.30
38.15
24.86
296,600
Nov 25, 2025
38.26
39.28
37.88
38.55
25.12
209,100
Nov 24, 2025
38.25
39.21
37.06
37.06
24.15
219,700
Nov 21, 2025
37.71
38.63
36.90
38.44
25.05
265,200
Nov 20, 2025
0.849 Dividend 

Nov 20, 2025
36.17
37.64
35.57
37.47
24.42
350,200
Nov 19, 2025
35.73
37.68
35.66
37.57
23.93
341,300
Nov 18, 2025
36.92
36.93
34.15
35.39
22.54
364,100
Nov 17, 2025
37.07
37.42
35.83
36.87
23.49
233,600
Nov 14, 2025
36.45
36.73
35.91
36.70
23.38
330,800
Nov 13, 2025
0.82 Dividend 

Nov 13, 2025
33.70
35.19
33.70
35.19
22.42
208,900
Nov 12, 2025
33.79
35.12
33.61
34.60
21.52
278,100
Nov 11, 2025
33.42
33.92
33.10
33.74
20.98
122,500
Nov 10, 2025
31.96
33.40
31.84
32.83
20.42
80,500
Nov 7, 2025
34.03
34.39
32.20
32.58
20.26
146,600
Nov 6, 2025
0.735 Dividend 

Nov 6, 2025
32.40
33.19
32.12
33.14
20.61
112,600
Nov 5, 2025
32.82
33.30
32.79
32.95
20.03
95,600
Nov 4, 2025
32.52
33.15
32.39
33.09
20.12
142,600
Nov 3, 2025
31.81
32.34
31.45
31.78
19.32
87,800
Oct 31, 2025
31.05
31.95
30.85
31.41
19.10
143,400
Oct 30, 2025
0.597 Dividend 

Oct 30, 2025
31.28
31.98
31.20
31.97
19.44
87,800
Oct 29, 2025
30.85
31.69
30.82
31.44
18.75
105,600
Oct 28, 2025
29.83
31.00
29.80
31.00
18.49
78,200
Oct 27, 2025
29.51
30.07
29.35
30.00
17.89
97,300
Oct 24, 2025
29.89
30.56
29.89
30.53
18.21
125,500
Oct 23, 2025
0.61 Dividend 

Oct 23, 2025
30.50
30.82
30.16
30.67
18.29
78,200
Oct 22, 2025
30.52
31.48
30.10
31.19
18.24
175,100
Oct 21, 2025
30.42
30.50
29.21
29.70
17.37
69,900
Oct 20, 2025
30.00
30.13
29.09
30.13
17.62
144,100
Oct 17, 2025
30.98
31.00
30.34
30.35
17.75
103,500
Oct 16, 2025
1.468 Dividend 

Oct 16, 2025
30.05
30.88
29.90
30.88
18.06
124,600
Oct 15, 2025
31.00
31.71
30.81
31.50
17.56
136,800
Oct 14, 2025
31.16
31.30
30.50
31.08
17.33
60,600
Oct 13, 2025
30.85
31.01
30.06
30.10
16.78
89,000
Oct 10, 2025
29.69
30.58
29.63
30.47
16.99
139,100
Oct 9, 2025
29.34
29.71
29.34
29.59
16.50
45,400
Oct 8, 2025
28.94
29.52
28.94
29.16
16.26
71,800
Oct 7, 2025
27.84
29.38
27.81
29.20
16.28
107,400
Oct 6, 2025
27.26
27.90
27.24
27.85
15.53
101,900
Oct 3, 2025
27.96
28.42
27.50
27.92
15.57
129,200
Oct 2, 2025
28.15
28.64
27.80
28.00
15.61
171,800
Oct 1, 2025
29.43
29.43
28.47
29.01
16.18
201,700
Sep 30, 2025
30.09
30.50
29.95
30.04
16.75
82,700
Sep 29, 2025
30.68
30.85
29.60
29.90
16.67
224,800
Sep 26, 2025
31.48
31.92
31.01
31.11
17.35
267,900
Sep 25, 2025
3.295 Dividend 

Sep 25, 2025
31.48
32.13
31.36
31.80
17.73
339,700
Sep 24, 2025
34.17
34.45
33.78
34.45
17.37
976,900
Sep 23, 2025
33.74
34.15
33.47
34.08
17.18
112,800
Sep 22, 2025
33.61
33.80
33.30
33.61
16.95
118,700
Sep 19, 2025
32.77
33.40
32.46
32.91
16.59
80,100
Sep 18, 2025
33.66
33.75
31.74
32.47
16.37
147,600
Sep 17, 2025
33.75
34.55
33.28
34.31
17.30
43,900
Sep 16, 2025
34.12
34.41
33.71
33.72
17.00
43,000
Sep 15, 2025
33.90
34.72
33.90
34.10
17.19
31,200
Sep 12, 2025
33.92
34.13
33.50
33.78
17.03
21,000
Sep 11, 2025
34.12
34.39
34.00
34.10
17.19
26,800
Sep 10, 2025
33.54
34.37
33.01
34.35
17.32
36,900
Sep 9, 2025
33.64
34.37
33.64
33.89
17.09
24,800
Sep 8, 2025
33.75
34.28
33.53
33.87
17.08
38,600
Sep 5, 2025
33.16
33.97
32.87
33.26
16.77
45,600
Sep 4, 2025
33.15
33.71
33.08
33.32
16.80
65,500
Sep 3, 2025
32.17
33.12
32.00
33.05
16.67
37,000
Sep 2, 2025
32.91
32.91
31.76
32.16
16.22
90,800
Aug 29, 2025
32.40
32.65
32.29
32.59
16.43
84,900
Aug 28, 2025
2.198 Dividend 

Aug 28, 2025
31.55
32.40
31.44
32.16
16.22
78,800
Aug 27, 2025
33.72
34.16
33.39
34.16
16.12
174,300
Aug 26, 2025
34.22
34.22
33.30
33.30
15.71
99,300
Aug 25, 2025
33.64
34.14
33.27
33.78
15.94
75,000
Aug 22, 2025
34.48
34.48
32.65
32.67
15.41
240,400
Aug 21, 2025
33.96
34.47
33.94
34.28
16.17
43,400
Aug 20, 2025
34.00
34.41
33.80
33.82
15.96
81,800
Aug 19, 2025
32.77
34.10
32.55
34.10
16.09
130,700
Aug 18, 2025
32.70
32.86
32.32
32.56
15.36
27,700
Aug 15, 2025
32.26
32.72
32.10
32.24
15.21
57,100
Aug 14, 2025
31.68
32.40
31.68
32.09
15.14
42,700
Aug 13, 2025
30.59
31.50
30.59
31.09
14.67
44,300
Aug 12, 2025
30.26
30.98
30.26
30.76
14.51
20,000
Aug 11, 2025
30.20
30.35
29.50
30.26
14.28
68,000
Aug 8, 2025
30.52
30.78
29.83
30.55
14.41
18,900
Aug 7, 2025
31.37
31.37
29.81
30.26
14.28
31,800
Aug 6, 2025
32.21
32.32
31.46
31.72
14.97
43,700
Aug 5, 2025
31.31
32.13
31.23
31.96
15.08
65,600
Aug 4, 2025
32.00
32.79
31.00
31.25
14.74
122,000
Aug 1, 2025
31.35
32.25
31.35
32.01
15.10
126,200
Jul 31, 2025
1.655 Dividend 

Jul 31, 2025
30.89
31.10
30.37
30.87
14.56
61,300
Jul 30, 2025
32.95
32.99
32.36
32.93
14.76
79,000
Jul 29, 2025
32.22
32.99
32.17
32.77
14.68
55,400
Jul 28, 2025
31.61
32.32
31.56
32.32
14.48
80,500
Jul 25, 2025
32.03
32.27
31.90
32.06
14.37
79,700
Jul 24, 2025
31.79
32.07
31.34
31.54
14.13
45,700
Jul 23, 2025
31.32
31.98
31.32
31.75
14.23
36,500
Jul 22, 2025
31.45
31.69
31.14
31.18
13.97
40,100
Jul 21, 2025
31.28
31.42
31.06
31.42
14.08
41,000
Jul 18, 2025
30.42
31.45
30.40
31.45
14.09
93,000
Jul 17, 2025
30.36
30.66
30.22
30.35
13.60
32,600
Jul 16, 2025
30.66
30.66
30.22
30.32
13.59
68,800
Jul 15, 2025
30.83
31.00
30.25
30.79
13.80
51,200
Jul 14, 2025
30.86
31.11
30.25
30.43
13.64
119,400
Jul 11, 2025
31.95
32.23
31.44
31.50
14.11
85,600
Jul 10, 2025
32.86
33.00
32.36
32.42
14.53
65,400
Jul 9, 2025
33.60
33.96
32.60
32.65
14.63
87,900
Jul 8, 2025
33.63
34.12
33.62
33.83
15.16
78,000
Jul 7, 2025
33.40
34.00
33.35
33.91
15.19
142,800
Jul 3, 2025
1.855 Dividend 

Jul 3, 2025
33.49
33.67
32.69
33.42
14.97
100,000
Jul 2, 2025
36.85
36.94
35.22
35.53
15.09
264,000
Jul 1, 2025
35.97
37.07
35.70
37.07
15.74
134,900
Jun 30, 2025
36.49
36.81
35.00
35.27
14.98
151,700
Jun 27, 2025
36.86
36.89
35.74
36.71
15.59
83,100
Jun 26, 2025
36.78
36.83
36.10
36.49
15.50
58,400
Jun 25, 2025
36.71
37.14
36.19
36.27
15.40
55,500
Jun 24, 2025
37.40
37.75
36.74
37.33
15.85
48,500
Jun 23, 2025
38.43
38.55
37.81
37.98
16.13
39,500
Jun 20, 2025
37.74
38.07
37.38
37.88
16.09
37,500
Jun 18, 2025
37.45
37.78
37.24
37.60
15.97
29,500
Jun 17, 2025
37.10
37.48
36.91
37.08
15.75
42,900
Jun 16, 2025
36.35
36.90
36.15
36.74
15.60
33,100
Jun 13, 2025
36.80
37.02
36.30
36.43
15.47
33,500
Jun 12, 2025
36.74
36.74
35.67
36.58
15.54
21,300
Jun 11, 2025
35.71
36.42
35.56
36.02
15.30
58,000
Jun 10, 2025
35.23
36.16
35.23
35.63
15.13
40,500
Jun 9, 2025
36.33
36.54
35.25
35.59
15.11
132,800
Jun 6, 2025
36.40
37.07
36.31
36.70
15.59
131,900
Jun 5, 2025
3.073 Dividend 

Jun 5, 2025
36.06
36.95
35.72
36.95
15.69
145,400
Jun 4, 2025
38.70
39.47
38.62
39.36
15.41
339,500
Jun 3, 2025
39.38
39.94
38.02
38.42
15.04
44,100
Jun 2, 2025
40.33
40.33
39.39
39.93
15.63
39,000
May 30, 2025
39.90
40.93
39.56
39.93
15.63
55,600
May 29, 2025
40.00
40.35
39.52
39.72
15.55
20,600
May 28, 2025
39.90
40.65
39.58
40.30
15.78
36,100
May 27, 2025
38.39
39.98
38.39
39.44
15.44
66,900
May 23, 2025
38.86
39.41
38.67
39.28
15.38
192,500
May 22, 2025
37.41
38.17
36.64
38.17
14.94
18,500
May 21, 2025
37.00
38.30
36.62
37.93
14.85
239,000
May 20, 2025
37.35
37.64
37.06
37.07
14.51
34,700
May 19, 2025
38.67
38.67
37.30
37.35
14.62
93,500
May 16, 2025
38.21
38.58
37.59
38.04
14.89
26,800
May 15, 2025
37.34
38.37
37.14
38.10
14.92
88,200
May 14, 2025
36.55
37.20
36.22
36.82
14.42
29,700
May 13, 2025
37.00
37.46
36.39
36.53
14.30
53,600
May 12, 2025
36.35
37.44
36.35
37.29
14.60
51,300
May 9, 2025
36.40
37.13
35.63
36.79
14.41
41,100
May 8, 2025
2.719 Dividend 

May 8, 2025
37.08
37.49
35.87
36.66
14.36
72,600
May 7, 2025
41.20
41.47
40.96
41.34
15.12
66,300
May 6, 2025
41.41
42.01
41.38
41.63
15.23
9,700
May 5, 2025
41.81
42.20
41.07
41.55
15.20
27,100
May 2, 2025
40.99
41.63
40.43
41.02
15.00
7,400
May 1, 2025
41.69
42.59
40.19
42.59
15.58
16,300
Apr 30, 2025
43.61
44.34
42.50
42.77
15.64
7,300
Apr 29, 2025
44.19
44.19
42.33
42.65
15.60
10,100
Apr 28, 2025
43.48
45.32
43.48
44.13
16.14
5,500
Apr 25, 2025
46.02
46.02
43.85
44.18
16.16
14,000
Apr 24, 2025
46.64
46.90
46.22
46.28
16.93
9,000
Apr 23, 2025
45.77
46.80
45.77
46.69
17.08
12,000
Apr 22, 2025
49.00
49.00
46.60
47.12
17.24
10,200
Apr 21, 2025
50.50
51.29
49.50
50.94
18.63
3,600
Apr 17, 2025
51.30
51.99
50.83
50.94
18.63
8,000
Apr 16, 2025
52.17
52.17
50.76
51.31
18.77
6,700
Apr 15, 2025
50.90
51.82
50.90
51.38
18.79
4,500
Apr 14, 2025
51.40
53.00
50.84
51.35
18.78
33,000
Apr 11, 2025
55.73
56.65
52.40
53.16
19.45
14,700
Apr 10, 2025
54.86
57.90
54.77
57.43
21.01
9,400
Apr 9, 2025
60.39
60.63
52.25
53.74
19.66
29,000
Apr 8, 2025
56.00
60.64
55.00
60.49
22.12
25,000
Apr 7, 2025
57.87
59.07
53.50
56.73
20.75
28,700
Apr 4, 2025
54.31
55.77
53.02
53.16
19.44
34,200
Apr 3, 2025
53.19
55.00
52.27
54.26
19.85
11,100
Apr 2, 2025
51.51
51.51
48.94
49.87
18.24
7,900
Apr 1, 2025
52.75
53.58
50.60
50.60
18.51
7,500
Mar 31, 2025
53.84
54.69
52.69
53.10
19.42
35,200
Mar 28, 2025
50.95
53.12
50.95
53.12
19.43
247,900
Mar 27, 2025
50.60
50.61
49.71
50.06
18.31
4,000
