Date
Open
High
Low
Close 

Adj Close 

Volume
May 26, 2026
45.63
46.93
44.81
45.02
45.02
254,138
May 22, 2026
46.09
46.44
44.86
44.89
44.89
299,700
May 21, 2026
45.85
46.56
45.46
46.26
46.26
112,000
May 20, 2026
45.83
46.22
45.52
46.22
46.22
92,200
May 19, 2026
45.26
45.64
45.02
45.51
45.51
73,900
May 18, 2026
45.86
45.91
44.80
45.53
45.53
158,000
May 15, 2026
47.57
47.79
46.78
47.17
47.17
113,200
May 14, 2026
47.62
49.10
47.48
48.74
48.74
48,300
May 13, 2026
47.79
47.86
46.81
47.28
47.28
61,400
May 12, 2026
48.14
48.36
47.50
48.19
48.19
106,300
May 11, 2026
48.17
49.32
47.87
49.07
49.07
119,900
May 8, 2026
47.20
47.79
46.89
47.56
47.56
73,700
May 7, 2026
48.18
48.24
47.12
47.50
47.50
103,900
May 6, 2026
1.568 Dividend 

May 6, 2026
48.63
49.49
48.17
48.57
48.57
122,400
May 5, 2026
50.04
50.45
49.65
50.20
48.63
231,300
May 4, 2026
47.85
49.47
47.85
49.00
47.47
313,100
May 1, 2026
47.49
48.08
47.48
47.80
46.31
76,100
Apr 30, 2026
46.21
46.54
46.00
46.21
44.77
112,100
Apr 29, 2026
46.61
46.61
45.35
45.72
44.29
53,000
Apr 28, 2026
46.06
46.26
45.57
46.20
44.76
50,100
Apr 27, 2026
46.98
47.40
46.26
46.50
45.05
163,700
Apr 24, 2026
46.92
47.35
46.60
46.85
45.39
101,200
Apr 23, 2026
46.65
47.30
46.37
46.71
45.25
48,800
Apr 22, 2026
47.25
47.75
47.01
47.44
45.96
62,300
Apr 21, 2026
45.75
45.99
44.93
45.05
43.64
29,000
Apr 20, 2026
45.12
45.89
44.78
45.82
44.39
96,500
Apr 17, 2026
45.95
47.11
45.80
46.56
45.11
59,500
Apr 16, 2026
44.89
45.17
43.84
45.17
43.76
35,800
Apr 15, 2026
44.54
45.08
43.95
45.03
43.62
50,400
Apr 14, 2026
44.25
45.66
44.24
44.40
43.01
83,000
Apr 13, 2026
41.87
43.94
41.66
43.80
42.43
122,300
Apr 10, 2026
42.80
43.75
42.63
43.68
42.32
32,800
Apr 9, 2026
42.03
43.32
41.50
42.78
41.44
165,700
Apr 8, 2026
1.348 Dividend 

Apr 8, 2026
42.59
42.76
41.91
42.20
40.88
29,600
Apr 7, 2026
41.38
41.74
40.62
41.74
39.13
69,700
Apr 6, 2026
41.99
42.75
41.74
42.11
39.48
60,100
Apr 2, 2026
39.35
40.25
38.75
40.02
37.52
98,800
Apr 1, 2026
41.20
41.38
40.58
40.79
38.24
55,200
Mar 31, 2026
39.62
41.04
39.53
40.56
38.02
47,800
Mar 30, 2026
40.74
40.79
39.36
39.57
37.10
85,400
Mar 27, 2026
39.80
39.80
38.67
39.04
36.60
96,300
Mar 26, 2026
41.86
42.02
40.81
41.13
38.56
25,500
Mar 25, 2026
43.21
43.60
42.66
42.82
40.14
39,500
Mar 24, 2026
42.55
42.55
41.40
41.61
39.01
16,700
Mar 23, 2026
42.56
43.18
42.31
42.62
39.96
37,000
Mar 20, 2026
42.35
42.35
41.59
41.95
39.33
55,300
Mar 19, 2026
41.18
42.10
41.18
42.03
39.40
15,800
Mar 18, 2026
43.71
43.71
42.52
42.54
39.88
22,600
Mar 17, 2026
44.26
44.97
44.21
44.86
42.06
20,800
Mar 16, 2026
44.42
44.95
43.90
44.39
41.61
19,700
Mar 13, 2026
43.85
44.34
42.39
42.50
39.84
18,200
Mar 12, 2026
41.91
42.09
41.43
42.04
39.41
14,900
Mar 11, 2026
42.00
42.44
41.70
42.07
39.44
14,100
Mar 10, 2026
42.10
42.68
41.28
41.63
39.03
28,700
Mar 9, 2026
40.83
41.17
40.51
40.87
38.31
14,900
Mar 6, 2026
40.73
40.73
40.01
40.15
37.64
25,200
Mar 5, 2026
43.38
43.38
42.02
42.28
39.64
9,000
Mar 4, 2026
1.356 Dividend 

Mar 4, 2026
42.80
44.23
42.33
43.64
40.91
97,600
Mar 3, 2026
40.97
42.11
40.09
41.72
37.84
33,700
Mar 2, 2026
39.88
42.83
39.86
42.42
38.48
25,100
Feb 27, 2026
40.45
40.45
39.40
39.88
36.17
28,200
Feb 26, 2026
42.16
42.16
40.76
41.41
37.56
18,500
Feb 25, 2026
40.80
43.15
40.38
43.01
39.01
25,400
Feb 24, 2026
37.31
38.85
37.31
38.78
35.17
13,500
Feb 23, 2026
40.54
40.54
38.38
38.64
35.05
28,000
Feb 20, 2026
41.30
41.95
40.87
41.80
37.91
23,600
Feb 19, 2026
40.06
41.22
40.06
41.21
37.38
11,600
Feb 18, 2026
40.97
42.16
40.37
40.37
36.62
25,300
Feb 17, 2026
42.21
42.21
40.79
41.79
37.90
18,900
Feb 13, 2026
41.49
43.28
41.22
42.71
38.74
8,900
Feb 12, 2026
42.21
42.21
39.61
39.61
35.93
18,400
Feb 11, 2026
42.31
42.32
40.10
41.66
37.79
33,000
Feb 10, 2026
43.01
43.80
42.20
42.84
38.86
31,000
Feb 9, 2026
43.32
44.85
43.13
44.70
40.54
13,200
Feb 6, 2026
41.60
45.19
41.41
44.26
40.14
26,800
Feb 5, 2026
43.45
44.61
38.48
38.52
34.94
16,000
Feb 4, 2026
1.6 Dividend 

Feb 4, 2026
47.63
47.63
46.51
46.94
42.57
15,000
Feb 3, 2026
50.09
50.13
48.63
49.45
43.40
29,200
