Date
Open
High
Low
Close 

Adj Close 

Volume
May 26, 2026
27.49
27.55
27.49
27.52
27.52
941
May 22, 2026
27.46
27.49
27.46
27.49
27.49
100
May 21, 2026
27.37
27.43
27.37
27.43
27.43
700
May 20, 2026
27.37
27.39
27.37
27.38
27.38
3,100
May 19, 2026
27.33
27.39
27.30
27.33
27.33
2,000
May 18, 2026
27.34
27.38
27.32
27.34
27.34
2,800
May 15, 2026
27.35
27.35
27.35
27.35
27.35
100
May 14, 2026
27.41
27.41
27.41
27.41
27.41
100
May 13, 2026
27.35
27.37
27.35
27.37
27.37
100
May 12, 2026
27.22
27.33
27.22
27.33
27.33
3,300
May 11, 2026
27.37
27.37
27.28
27.31
27.31
1,000
May 8, 2026
27.23
27.35
27.14
27.31
27.31
1,400
May 7, 2026
27.32
27.32
27.24
27.24
27.24
500
May 6, 2026
27.27
27.28
27.22
27.22
27.22
1,500
May 5, 2026
27.20
27.20
27.15
27.15
27.15
200
May 4, 2026
27.14
27.14
27.05
27.05
27.05
200
May 1, 2026
27.09
27.18
27.08
27.11
27.11
11,700
Apr 30, 2026
27.06
27.11
27.06
27.07
27.07
900
Apr 29, 2026
26.92
26.92
26.92
26.92
26.92
100
Apr 28, 2026
26.93
26.93
26.93
26.93
26.93
100
Apr 27, 2026
26.99
26.99
26.99
26.99
26.99
100
Apr 24, 2026
26.94
26.96
26.91
26.96
26.96
1,100
Apr 23, 2026
26.85
26.86
26.85
26.86
26.86
300
Apr 22, 2026
26.91
26.91
26.91
26.91
26.91
100
Apr 21, 2026
26.91
26.91
26.77
26.77
26.77
700
Apr 20, 2026
26.87
26.87
26.81
26.85
26.85
900
Apr 17, 2026
26.90
26.91
26.84
26.89
26.89
11,000
Apr 16, 2026
26.74
26.74
26.74
26.74
26.74
100
Apr 15, 2026
26.67
26.75
26.67
26.71
26.71
1,500
Apr 14, 2026
26.57
26.59
26.54
26.59
26.59
500
Apr 13, 2026
26.15
26.41
26.15
26.41
26.41
200
Apr 10, 2026
26.25
26.27
26.22
26.23
26.23
1,000
Apr 9, 2026
26.14
26.24
26.14
26.24
26.24
500
Apr 8, 2026
26.13
26.15
26.13
26.15
26.15
200
Apr 7, 2026
25.65
25.74
25.65
25.74
25.74
300
Apr 6, 2026
25.66
25.71
25.66
25.71
25.71
300
Apr 2, 2026
25.66
25.66
25.58
25.66
25.66
6,600
Apr 1, 2026
25.67
25.67
25.65
25.65
25.65
500
Mar 31, 2026
25.52
25.52
25.52
25.52
25.52
100
Mar 30, 2026
25.15
25.15
25.15
25.15
25.15
100
Mar 27, 2026
25.39
25.39
25.24
25.24
25.24
500
Mar 26, 2026
25.64
25.64
25.45
25.45
25.45
400
Mar 25, 2026
25.71
25.71
25.71
25.71
25.71
100
Mar 24, 2026
25.64
25.64
25.63
25.63
25.63
200
Mar 23, 2026
25.73
25.73
25.70
25.70
25.70
700
Mar 20, 2026
25.54
25.54
25.54
25.54
25.54
100
Mar 19, 2026
25.84
25.84
25.84
25.84
25.84
100
Mar 18, 2026
26.18
26.18
25.97
25.97
25.97
8,400
Mar 17, 2026
26.37
26.37
26.28
26.28
26.28
500
Mar 16, 2026
26.27
26.27
26.22
26.23
26.23
1,800
Mar 13, 2026
26.08
26.08
26.08
26.08
26.08
100
Mar 12, 2026
26.28
26.28
26.23
26.23
26.23
1,600
Mar 11, 2026
26.49
26.57
26.49
26.57
26.57
1,600
Mar 10, 2026
26.60
26.60
26.60
26.60
26.60
200
Mar 9, 2026
26.35
26.67
26.35
26.67
26.67
6,300
Mar 6, 2026
26.47
26.55
26.47
26.55
26.55
700
Mar 5, 2026
26.75
26.80
26.75
26.80
26.80
100
Mar 4, 2026
26.94
26.99
26.94
26.94
26.94
2,300
Mar 3, 2026
26.77
26.77
26.77
26.77
26.77
300
Mar 2, 2026
26.90
27.00
26.90
27.00
27.00
2,600
Feb 27, 2026
26.90
26.95
26.78
26.95
26.95
400
Feb 26, 2026
27.15
27.15
27.04
27.06
27.06
600
Feb 25, 2026
27.16
27.25
27.10
27.22
27.22
3,200
Feb 24, 2026
26.92
27.03
26.92
27.03
27.03
1,200
Feb 23, 2026
27.24
27.24
26.84
26.84
26.84
900
Feb 20, 2026
27.06
27.10
27.04
27.10
27.10
3,700
Feb 19, 2026
27.00
27.00
27.00
27.00
27.00
400
Feb 18, 2026
27.16
27.16
27.05
27.05
27.05
3,600
Feb 17, 2026
26.89
26.89
26.89
26.89
26.89
400
Feb 13, 2026
27.00
27.00
26.89
26.89
26.89
1,600
Feb 12, 2026
26.88
26.88
26.88
26.88
26.88
100
Feb 11, 2026
27.24
27.24
27.24
27.24
27.24
100
Feb 10, 2026
27.35
27.35
27.24
27.25
27.25
2,700
Feb 9, 2026
27.35
27.36
27.35
27.36
27.36
3,400
Feb 6, 2026
27.09
27.22
27.08
27.22
27.22
2,600
Feb 5, 2026
26.81
26.81
26.81
26.81
26.81
100
Feb 4, 2026
27.12
27.12
27.00
27.06
27.06
600
Feb 3, 2026
27.17
27.17
27.17
27.17
27.17
100
Feb 2, 2026
27.28
27.43
27.28
27.35
27.35
1,000
Jan 30, 2026
27.14
27.27
27.13
27.27
27.27
700
Jan 29, 2026
27.40
27.40
27.32
27.32
27.32
300
Jan 28, 2026
27.42
27.42
27.33
27.42
27.42
1,700
Jan 27, 2026
27.36
27.36
27.36
27.36
27.36
100
Jan 26, 2026
27.27
27.27
27.27
27.27
27.27
100
Jan 23, 2026
27.15
27.15
27.15
27.15
27.15
100
Jan 22, 2026
27.14
27.24
27.14
27.15
27.15
9,100
Jan 21, 2026
26.89
27.06
26.88
27.03
27.03
27,000
Jan 20, 2026
26.92
26.97
26.83
26.83
26.83
500
Jan 16, 2026
27.32
27.32
27.22
27.29
27.29
600
Jan 15, 2026
27.40
27.40
27.27
27.27
27.27
2,500
Jan 14, 2026
27.21
27.21
27.21
27.21
27.21
100
Jan 13, 2026
27.31
27.32
27.31
27.32
27.32
700
Jan 12, 2026
27.34
27.41
27.34
27.41
27.41
800
Jan 9, 2026
27.26
27.34
27.26
27.34
27.34
400
Jan 8, 2026
27.17
27.19
27.17
27.19
27.19
800
Jan 7, 2026
27.31
27.32
27.19
27.19
27.19
2,500
Jan 6, 2026
27.15
27.26
27.15
27.26
27.26
900
Jan 5, 2026
27.16
27.16
27.14
27.14
27.14
800
Jan 2, 2026
26.96
26.98
26.86
26.96
26.96
700
Dec 31, 2025
26.97
26.97
26.97
26.97
26.97
100
Dec 30, 2025
3.427 Dividend 

Dec 30, 2025
27.16
27.17
27.11
27.11
27.11
2,000
Dec 29, 2025
30.56
30.56
30.56
30.56
27.13
100
Dec 26, 2025
30.70
30.70
30.70
30.70
27.26
1,000
Dec 24, 2025
30.65
30.67
30.65
30.67
27.23
900
Dec 23, 2025
30.56
30.58
30.56
30.57
27.15
800
Dec 22, 2025
30.40
30.48
30.40
30.48
27.06
1,700
Dec 19, 2025
30.33
30.33
30.33
30.33
26.93
300
Dec 18, 2025
30.18
30.18
30.11
30.11
26.73
700
Dec 17, 2025
30.26
30.26
29.87
29.87
26.52
1,300
Dec 16, 2025
30.24
30.24
30.24
30.24
26.85
100
Dec 15, 2025
30.30
30.30
30.29
30.29
26.89
400
Dec 12, 2025
30.37
30.37
30.37
30.37
26.96
500
Dec 11, 2025
30.47
30.66
30.47
30.63
27.20
1,600
Dec 10, 2025
30.53
30.59
30.53
30.59
27.16
100
Dec 9, 2025
30.38
30.38
30.38
30.38
26.97
200
Dec 8, 2025
30.35
30.38
30.34
30.36
26.96
900
Dec 5, 2025
30.50
30.50
30.50
30.50
27.08
100
Dec 4, 2025
30.42
30.47
30.42
30.43
27.02
900
Dec 3, 2025
30.35
30.44
30.32
30.44
27.02
700
Dec 2, 2025
30.37
30.37
30.30
30.35
26.95
1,300
Dec 1, 2025
30.28
30.41
30.27
30.27
26.88
700
Nov 28, 2025
30.40
30.40
30.40
30.40
26.99
600
Nov 26, 2025
30.33
30.33
30.28
30.31
26.91
200
Nov 25, 2025
29.93
30.13
29.93
30.13
26.75
200
Nov 24, 2025
29.84
29.92
29.84
29.92
26.56
500
Nov 21, 2025
29.31
29.56
29.31
29.56
26.24
800
Nov 20, 2025
29.54
29.54
29.42
29.42
26.12
200
Nov 19, 2025
29.69
29.73
29.69
29.73
26.40
100
Nov 18, 2025
29.69
29.69
29.56
29.67
26.34
900
Nov 17, 2025
29.90
29.90
29.82
29.82
26.47
4,100
Nov 14, 2025
29.88
30.03
29.88
30.03
26.66
200
Nov 13, 2025
30.15
30.15
30.03
30.03
26.66
400
Nov 12, 2025
30.46
30.47
30.46
30.47
27.05
100
Nov 11, 2025
30.45
30.45
30.45
30.45
27.04
100
Nov 10, 2025
30.19
30.41
30.19
30.41
27.00
2,500
Nov 7, 2025
29.86
29.98
29.86
29.98
26.62
500
Nov 6, 2025
30.12
30.12
29.97
30.02
26.66
6,100
Nov 5, 2025
30.33
30.35
30.30
30.30
26.90
900
Nov 4, 2025
30.40
30.40
30.17
30.17
26.78
700
Nov 3, 2025
30.43
30.51
30.43
30.51
27.09
400
Oct 31, 2025
30.48
30.48
30.48
30.48
27.06
100
Oct 30, 2025
30.48
30.54
30.39
30.39
26.98
1,000
Oct 29, 2025
30.55
30.60
30.55
30.60
27.17
200
Oct 28, 2025
30.65
30.66
30.63
30.63
27.20
400
Oct 27, 2025
30.50
30.57
30.48
30.57
27.14
7,800
Oct 24, 2025
30.28
30.28
30.28
30.28
26.89
100
Oct 23, 2025
30.08
30.08
30.08
30.08
26.70
100
Oct 22, 2025
29.88
29.97
29.88
29.97
26.60
100
Oct 21, 2025
30.10
30.10
30.10
30.10
26.73
100
Oct 20, 2025
30.04
30.10
30.04
30.10
26.72
200
Oct 17, 2025
29.80
29.89
29.80
29.89
26.54
300
Oct 16, 2025
30.01
30.01
29.82
29.83
26.48
4,300
Oct 15, 2025
29.85
29.89
29.85
29.89
26.54
100
Oct 14, 2025
29.85
29.85
29.81
29.81
26.47
100
Oct 13, 2025
29.85
29.85
29.85
29.85
26.50
100
Oct 10, 2025
30.00
30.00
29.57
29.57
26.25
7,000
Oct 9, 2025
30.06
30.08
30.03
30.08
26.71
800
Oct 8, 2025
30.12
30.17
30.12
30.14
26.76
400
Oct 7, 2025
30.02
30.02
30.02
30.02
26.66
100
Oct 6, 2025
30.13
30.13
30.10
30.10
26.73
200
Oct 3, 2025
29.83
30.03
29.78
30.03
26.66
900
Oct 2, 2025
30.00
30.08
30.00
30.08
26.71
2,900
Oct 1, 2025
29.92
30.02
29.90
30.02
26.65
500
Sep 30, 2025
29.87
29.92
29.87
29.92
26.56
300
Sep 29, 2025
29.82
29.82
29.82
29.82
26.48
200
Sep 26, 2025
29.70
29.81
29.70
29.79
26.45
700
Sep 25, 2025
29.67
29.67
29.63
29.65
26.32
3,100
Sep 24, 2025
29.76
29.76
29.76
29.76
26.43
100
Sep 23, 2025
29.94
29.94
29.83
29.83
26.49
200
Sep 22, 2025
29.86
29.96
29.86
29.96
26.60
400
Sep 19, 2025
29.83
29.83
29.75
29.75
26.42
300
Sep 18, 2025
29.82
29.82
29.82
29.82
26.47
200
Sep 17, 2025
29.75
29.75
29.75
29.75
26.41
100
Sep 16, 2025
29.73
29.73
29.73
29.73
26.40
100
Sep 15, 2025
29.77
29.77
29.73
29.73
26.40
2,200
Sep 12, 2025
29.67
29.67
29.67
29.67
26.34
100
Sep 11, 2025
29.66
29.69
29.66
29.66
26.33
900
Sep 10, 2025
29.51
29.51
29.51
29.51
26.20
100
Sep 9, 2025
29.46
29.46
29.46
29.46
26.16
100
Sep 8, 2025
29.34
29.37
29.34
29.37
26.07
100
Sep 5, 2025
29.23
29.30
29.23
29.30
26.01
200
Sep 4, 2025
29.30
29.36
29.30
29.36
26.07
2,500
Sep 3, 2025
29.11
29.16
29.11
29.16
25.89
600
Sep 2, 2025
29.05
29.05
29.05
29.05
25.79
100
Aug 29, 2025
29.19
29.19
29.19
29.19
25.91
200
Aug 28, 2025
29.32
29.32
29.32
29.32
26.03
100
Aug 27, 2025
29.25
29.25
29.25
29.25
25.97
100
Aug 26, 2025
29.19
29.19
29.19
29.19
25.91
100
Aug 25, 2025
29.11
29.16
29.11
29.13
25.86
600
Aug 22, 2025
28.80
29.16
28.80
29.16
25.89
300
Aug 21, 2025
28.83
28.83
28.83
28.83
25.60
100
Aug 20, 2025
28.93
28.93
28.93
28.93
25.69
100
Aug 19, 2025
29.05
29.07
28.96
28.96
25.71
1,400
Aug 18, 2025
29.10
29.10
29.10
29.10
25.84
100
Aug 15, 2025
29.13
29.13
29.07
29.07
25.81
1,500
Aug 14, 2025
29.02
29.16
29.02
29.16
25.89
500
Aug 13, 2025
29.04
29.09
29.04
29.08
25.82
400
Aug 12, 2025
29.03
29.03
29.03
29.03
25.77
100
Aug 11, 2025
28.77
28.77
28.77
28.77
25.55
100
Aug 8, 2025
28.81
28.82
28.81
28.82
25.58
200
Aug 7, 2025
28.77
28.77
28.57
28.64
25.43
300
Aug 6, 2025
28.64
28.69
28.64
28.69
25.47
100
Aug 5, 2025
28.51
28.55
28.51
28.53
25.33
400
Aug 4, 2025
28.53
28.65
28.53
28.64
25.42
900
Aug 1, 2025
28.34
28.34
28.34
28.34
25.16
100
Jul 31, 2025
28.84
28.89
28.64
28.64
25.43
300
Jul 30, 2025
28.67
28.72
28.67
28.71
25.49
400
Jul 29, 2025
28.78
28.78
28.78
28.78
25.55
100
Jul 28, 2025
28.80
28.80
28.80
28.80
25.57
300
Jul 25, 2025
28.77
28.78
28.77
28.78
25.56
200
Jul 24, 2025
28.74
28.74
28.74
28.74
25.52
100
Jul 23, 2025
28.57
28.67
28.57
28.67
25.45
300
Jul 22, 2025
28.54
28.54
28.54
28.54
25.34
100
Jul 21, 2025
28.47
28.63
28.47
28.51
25.31
600
Jul 18, 2025
28.47
28.47
28.47
28.47
25.28
100
Jul 17, 2025
28.51
28.51
28.51
28.51
25.31
200
Jul 16, 2025
28.29
28.37
28.29
28.37
25.19
200
Jul 15, 2025
28.40
28.40
28.31
28.31
25.14
100
Jul 14, 2025
28.31
28.42
28.31
28.37
25.19
400
Jul 11, 2025
28.33
28.33
28.33
28.33
25.16
100
Jul 10, 2025
28.39
28.39
28.39
28.39
25.20
100
Jul 9, 2025
28.61
28.61
28.33
28.33
25.15
300
Jul 8, 2025
28.10
28.24
28.10
28.22
25.05
1,200
Jul 7, 2025
28.25
28.33
28.23
28.23
25.06
900
Jul 3, 2025
28.35
28.43
28.35
28.41
25.22
600
Jul 2, 2025
28.21
28.21
28.21
28.21
25.05
100
Jul 1, 2025
28.17
28.17
28.17
28.17
25.01
100
Jun 30, 2025
28.09
28.25
28.04
28.22
25.06
6,400
Jun 27, 2025
0.12 Dividend 

Jun 27, 2025
28.02
28.02
28.02
28.02
24.88
200
Jun 26, 2025
28.10
28.10
28.03
28.03
24.78
200
Jun 25, 2025
27.99
27.99
27.90
27.90
24.67
1,800
Jun 24, 2025
27.85
27.93
27.85
27.93
24.69
21,100
Jun 23, 2025
27.60
27.76
27.58
27.75
24.53
2,000
Jun 20, 2025
27.65
27.65
27.52
27.55
24.36
1,100
Jun 18, 2025
27.63
27.63
27.63
27.63
24.43
100
Jun 17, 2025
27.70
27.70
27.67
27.67
24.46
100
Jun 16, 2025
27.82
27.82
27.82
27.82
24.59
100
Jun 13, 2025
27.54
27.54
27.54
27.54
24.35
100
Jun 12, 2025
27.76
27.85
27.76
27.85
24.62
500
Jun 11, 2025
27.76
27.76
27.76
27.76
24.54
100
Jun 10, 2025
27.73
27.83
27.73
27.83
24.60
400
Jun 9, 2025
27.63
27.74
27.63
27.74
24.52
3,400
Jun 6, 2025
27.70
27.70
27.70
27.70
24.48
100
Jun 5, 2025
27.51
27.51
27.39
27.39
24.21
100
Jun 4, 2025
27.56
27.56
27.56
27.56
24.37
100
Jun 3, 2025
27.35
27.54
27.35
27.54
24.35
1,500
Jun 2, 2025
27.37
27.37
27.37
27.37
24.20
100
May 30, 2025
27.15
27.29
27.15
27.29
24.12
20,900
May 29, 2025
27.28
27.29
27.25
27.25
24.09
10,200
May 28, 2025
27.31
27.32
27.17
27.17
24.02
5,600
May 27, 2025
27.31
27.31
27.31
27.31
24.14
200
