Date
Open
High
Low
Close 

Adj Close 

Volume
May 26, 2026
39.81
39.93
39.78
39.88
39.88
213,535
May 22, 2026
39.56
39.76
39.54
39.60
39.60
190,600
May 21, 2026
0.143 Dividend 

May 21, 2026
39.27
39.44
39.24
39.44
39.44
166,200
May 20, 2026
39.39
39.59
39.33
39.57
39.43
167,500
May 19, 2026
39.31
39.48
39.19
39.30
39.16
136,400
May 18, 2026
39.46
39.65
39.27
39.52
39.38
405,300
May 15, 2026
39.66
39.74
39.46
39.52
39.38
162,600
May 14, 2026
0.161 Dividend 

May 14, 2026
39.86
40.00
39.75
40.00
39.86
145,700
May 13, 2026
39.83
39.87
39.64
39.86
39.56
126,200
May 12, 2026
39.70
39.79
39.44
39.75
39.45
162,300
May 11, 2026
39.61
39.81
39.61
39.80
39.50
168,500
May 8, 2026
39.53
39.69
39.53
39.68
39.38
126,900
May 7, 2026
0.143 Dividend 

May 7, 2026
39.53
39.60
39.31
39.38
39.08
128,100
May 6, 2026
39.42
39.66
39.42
39.65
39.21
167,200
May 5, 2026
39.14
39.27
39.10
39.24
38.80
125,200
May 4, 2026
39.05
39.09
38.76
38.90
38.46
206,100
May 1, 2026
39.03
39.19
39.03
39.04
38.60
406,200
Apr 30, 2026
0.157 Dividend 

Apr 30, 2026
38.88
38.93
38.70
38.91
38.47
212,600
Apr 29, 2026
38.82
38.91
38.74
38.90
38.31
345,500
Apr 28, 2026
38.89
38.98
38.76
38.86
38.27
109,300
Apr 27, 2026
38.98
39.07
38.90
39.04
38.45
157,700
Apr 24, 2026
38.87
39.00
38.76
39.00
38.41
147,000
Apr 23, 2026
0.173 Dividend 

Apr 23, 2026
38.74
38.90
38.40
38.74
38.15
283,700
Apr 22, 2026
38.94
39.08
38.89
39.08
38.32
196,900
Apr 21, 2026
38.94
38.98
38.58
38.65
37.89
161,500
Apr 20, 2026
38.84
38.92
38.75
38.85
38.09
239,400
Apr 17, 2026
38.68
38.94
38.68
38.91
38.15
378,600
Apr 16, 2026
0.127 Dividend 

Apr 16, 2026
38.34
38.45
38.25
38.43
37.68
275,000
Apr 15, 2026
38.30
38.47
38.26
38.47
37.59
180,000
Apr 14, 2026
38.00
38.28
38.00
38.25
37.38
130,400
Apr 13, 2026
37.71
37.95
37.61
37.93
37.07
148,800
Apr 10, 2026
37.85
37.97
37.76
37.79
36.93
149,200
Apr 9, 2026
0.142 Dividend 

Apr 9, 2026
37.63
37.84
37.63
37.83
36.96
144,500
Apr 8, 2026
37.85
37.92
37.63
37.87
36.87
176,900
Apr 7, 2026
36.65
36.90
36.41
36.88
35.90
175,900
Apr 6, 2026
36.66
36.81
36.58
36.80
35.83
227,000
Apr 2, 2026
36.28
36.61
36.25
36.56
35.59
328,900
Apr 1, 2026
0.206 Dividend 

Apr 1, 2026
36.73
36.92
36.67
36.89
35.91
161,700
Mar 31, 2026
36.38
36.73
36.38
36.72
35.55
422,500
Mar 30, 2026
36.34
36.46
35.87
36.00
34.85
333,900
Mar 27, 2026
36.51
36.58
36.06
36.10
34.95
284,200
Mar 26, 2026
0.125 Dividend 

Mar 26, 2026
37.08
37.24
36.71
36.71
35.54
153,900
Mar 25, 2026
37.54
37.74
37.39
37.49
36.17
124,500
Mar 24, 2026
37.20
37.40
37.08
37.28
35.97
273,600
Mar 23, 2026
37.43
37.65
37.33
37.38
36.07
367,300
Mar 20, 2026
37.35
37.39
36.75
36.93
35.63
366,700
Mar 19, 2026
0.128 Dividend 

Mar 19, 2026
37.29
37.52
37.13
37.46
36.14
232,200
Mar 18, 2026
37.91
38.01
37.59
37.59
36.14
204,800
Mar 17, 2026
38.10
38.23
38.04
38.05
36.59
110,600
Mar 16, 2026
37.81
38.09
37.81
37.93
36.47
223,500
Mar 13, 2026
37.84
38.05
37.46
37.50
36.06
221,800
Mar 12, 2026
0.141 Dividend 

Mar 12, 2026
37.93
37.99
37.69
37.70
36.25
231,500
Mar 11, 2026
38.37
38.50
38.19
38.35
36.74
283,400
Mar 10, 2026
38.38
38.71
38.26
38.36
36.75
312,900
Mar 9, 2026
38.01
38.47
37.80
38.47
36.86
509,600
Mar 6, 2026
38.49
38.58
38.26
38.44
36.83
293,700
Mar 5, 2026
0.161 Dividend 

Mar 5, 2026
38.92
39.14
38.58
38.92
37.29
153,000
Mar 4, 2026
39.11
39.29
38.91
39.27
37.47
130,600
Mar 3, 2026
38.68
38.98
38.35
38.98
37.19
213,600
Mar 2, 2026
38.79
39.34
38.79
39.23
37.43
238,800
Feb 27, 2026
39.00
39.28
38.96
39.26
37.46
348,000
Feb 26, 2026
0.203 Dividend 

Feb 26, 2026
39.56
39.66
39.09
39.38
37.57
115,900
Feb 25, 2026
39.54
39.80
39.54
39.76
37.74
141,800
Feb 24, 2026
39.11
39.44
39.02
39.44
37.43
100,900
Feb 23, 2026
39.38
39.56
39.02
39.11
37.12
206,300
Feb 20, 2026
39.15
39.53
39.13
39.52
37.51
241,400
Feb 19, 2026
0.183 Dividend 

Feb 19, 2026
39.20
39.33
39.15
39.28
37.29
205,200
Feb 18, 2026
39.34
39.58
39.31
39.52
37.34
133,600
Feb 17, 2026
39.05
39.38
38.87
39.29
37.12
211,100
Feb 13, 2026
39.04
39.22
38.84
39.17
37.01
277,500
Feb 12, 2026
0.123 Dividend 

Feb 12, 2026
39.81
39.88
39.05
39.11
36.95
190,200
Feb 11, 2026
39.99
40.08
39.65
39.81
37.50
235,000
Feb 10, 2026
39.89
40.02
39.78
39.78
37.47
188,000
Feb 9, 2026
39.67
39.93
39.62
39.89
37.57
274,800
Feb 6, 2026
39.32
39.79
39.32
39.79
37.48
439,900
Feb 5, 2026
0.059 Dividend 

Feb 5, 2026
39.26
39.39
39.03
39.15
36.87
935,400
Feb 4, 2026
39.83
39.92
39.40
39.62
37.26
881,000
Feb 3, 2026
40.16
40.20
39.49
39.79
37.42
487,000
Feb 2, 2026
39.80
40.15
39.80
40.14
37.75
407,400
Jan 30, 2026
39.97
40.08
39.70
39.95
37.57
566,100
Jan 29, 2026
0.102 Dividend 

Jan 29, 2026
40.18
40.22
39.54
40.08
37.70
515,700
Jan 28, 2026
40.29
40.33
40.15
40.24
37.75
241,700
Jan 27, 2026
40.11
40.22
40.09
40.21
37.72
141,400
Jan 26, 2026
39.85
40.07
39.84
40.03
37.55
226,800
Jan 23, 2026
39.70
39.83
39.66
39.79
37.33
401,800
Jan 22, 2026
0.161 Dividend 

Jan 22, 2026
39.79
39.88
39.64
39.76
37.29
349,700
Jan 21, 2026
39.36
39.73
39.30
39.73
37.12
444,700
Jan 20, 2026
39.44
39.64
39.20
39.24
36.66
470,600
Jan 16, 2026
40.12
40.17
39.96
40.06
37.42
350,700
Jan 15, 2026
0.115 Dividend 

Jan 15, 2026
40.13
40.22
40.02
40.07
37.44
308,400
Jan 14, 2026
40.02
40.05
39.80
40.04
37.30
392,700
Jan 13, 2026
40.27
40.37
40.06
40.21
37.46
260,000
Jan 12, 2026
40.00
40.27
40.00
40.27
37.52
339,700
Jan 9, 2026
39.98
40.21
39.97
40.19
37.45
355,000
Jan 8, 2026
0.162 Dividend 

Jan 8, 2026
39.85
39.95
39.80
39.94
37.21
483,300
Jan 7, 2026
40.19
40.29
40.07
40.09
37.20
261,000
Jan 6, 2026
40.07
40.19
40.05
40.18
37.28
320,400
Jan 5, 2026
39.91
40.07
39.91
40.05
37.16
808,500
Jan 2, 2026
39.93
39.94
39.57
39.77
36.90
688,000
Dec 31, 2025
2.053 Dividend 

Dec 31, 2025
39.93
39.98
39.67
39.67
36.81
570,600
Dec 30, 2025
42.03
42.08
41.98
42.03
37.09
596,100
Dec 29, 2025
42.06
42.09
41.93
42.00
37.07
507,300
Dec 26, 2025
42.16
42.22
42.09
42.17
37.22
359,500
Dec 24, 2025
1.38 Dividend 

Dec 24, 2025
42.11
42.16
42.04
42.16
37.21
217,400
Dec 23, 2025
43.24
43.43
43.23
43.43
37.11
254,900
Dec 22, 2025
43.17
43.27
43.13
43.25
36.96
163,100
Dec 19, 2025
42.67
43.00
42.67
42.99
36.74
366,600
Dec 18, 2025
0.21 Dividend 

Dec 18, 2025
42.63
42.83
42.48
42.57
36.38
207,400
Dec 17, 2025
43.06
43.06
42.46
42.46
36.10
289,900
Dec 16, 2025
42.92
43.06
42.69
42.92
36.49
169,100
Dec 15, 2025
43.34
43.35
42.96
43.05
36.60
204,600
Dec 12, 2025
43.53
43.56
42.95
43.10
36.65
373,400
Dec 11, 2025
0.21 Dividend 

Dec 11, 2025
43.38
43.60
43.15
43.60
37.07
183,800
Dec 10, 2025
43.48
43.69
43.38
43.69
36.97
148,700
Dec 9, 2025
43.48
43.60
43.45
43.46
36.78
112,300
Dec 8, 2025
43.65
43.66
43.38
43.57
36.87
190,200
Dec 5, 2025
43.57
43.70
43.51
43.61
36.90
225,400
Dec 4, 2025
0.311 Dividend 

Dec 4, 2025
43.54
43.54
43.33
43.52
36.83
240,900
Dec 3, 2025
43.55
43.77
43.45
43.77
36.77
207,600
Dec 2, 2025
43.60
43.67
43.42
43.58
36.62
221,400
Dec 1, 2025
43.34
43.60
43.34
43.47
36.52
229,500
Nov 28, 2025
43.47
43.67
43.46
43.67
36.69
194,400
Nov 26, 2025
0.208 Dividend 

Nov 26, 2025
43.29
43.44
43.21
43.38
36.45
190,500
Nov 25, 2025
43.03
43.29
42.75
43.29
36.20
445,700
Nov 24, 2025
42.74
43.04
42.67
43.00
35.95
390,800
Nov 21, 2025
42.08
42.49
41.93
42.48
35.52
763,000
Nov 20, 2025
0.269 Dividend 

Nov 20, 2025
43.21
43.39
41.91
41.97
35.09
431,900
Nov 19, 2025
42.72
42.97
42.58
42.85
35.60
481,400
Nov 18, 2025
42.66
42.90
42.35
42.63
35.42
395,200
Nov 17, 2025
43.12
43.43
42.71
42.92
35.66
303,500
Nov 14, 2025
42.81
43.28
42.67
43.27
35.95
277,300
Nov 13, 2025
0.217 Dividend 

Nov 13, 2025
43.82
43.82
43.17
43.27
35.95
220,800
Nov 12, 2025
44.20
44.22
44.01
44.17
36.52
190,100
Nov 11, 2025
43.97
44.09
43.88
44.09
36.45
158,000
Nov 10, 2025
43.83
44.03
43.71
44.01
36.39
195,800
Nov 7, 2025
43.25
43.40
42.89
43.40
35.89
230,100
Nov 6, 2025
0.211 Dividend 

Nov 6, 2025
43.76
43.84
43.31
43.42
35.90
279,400
Nov 5, 2025
43.88
44.07
43.85
44.05
36.25
220,900
Nov 4, 2025
43.93
44.09
43.82
43.89
36.11
266,500
Nov 3, 2025
44.42
44.50
44.15
44.37
36.51
184,100
Oct 31, 2025
44.43
44.43
44.06
44.26
36.42
169,300
Oct 30, 2025
0.251 Dividend 

Oct 30, 2025
44.30
44.33
44.06
44.07
36.26
176,100
Oct 29, 2025
44.77
44.81
44.48
44.76
36.62
230,300
Oct 28, 2025
44.58
44.69
44.50
44.65
36.53
210,900
Oct 27, 2025
44.36
44.53
44.36
44.52
36.43
270,500
Oct 24, 2025
43.91
44.10
43.90
44.04
36.04
298,400
Oct 23, 2025
0.206 Dividend 

Oct 23, 2025
43.42
43.66
43.42
43.66
35.72
167,200
Oct 22, 2025
43.89
43.90
43.35
43.65
35.55
277,800
Oct 21, 2025
43.85
43.96
43.77
43.86
35.72
158,800
Oct 20, 2025
43.57
43.86
43.57
43.86
35.72
345,300
Oct 17, 2025
43.03
43.40
42.97
43.38
35.33
442,000
Oct 16, 2025
0.212 Dividend 

Oct 16, 2025
43.52
43.60
42.94
43.15
35.14
208,900
Oct 15, 2025
43.70
43.87
43.21
43.62
35.35
367,500
Oct 14, 2025
43.15
43.40
42.93
43.38
35.16
1,266,600
Oct 13, 2025
43.34
43.60
43.31
43.57
35.31
409,200
Oct 10, 2025
44.13
44.22
42.87
42.89
34.76
521,700
Oct 9, 2025
0.212 Dividend 

Oct 9, 2025
44.16
44.20
43.92
44.04
35.69
267,600
Oct 8, 2025
44.28
44.37
44.23
44.36
35.78
212,700
Oct 7, 2025
44.36
44.44
44.09
44.20
35.65
245,900
Oct 6, 2025
44.32
44.38
44.20
44.34
35.76
381,500
Oct 3, 2025
44.21
44.34
44.10
44.17
35.63
377,900
Oct 2, 2025
0.171 Dividend 

Oct 2, 2025
44.21
44.23
43.99
44.15
35.60
171,100
Oct 1, 2025
44.00
44.27
44.00
44.26
35.56
246,500
Sep 30, 2025
44.14
44.24
44.10
44.24
35.54
189,100
Sep 29, 2025
44.20
44.26
44.08
44.20
35.51
221,500
Sep 26, 2025
43.80
44.06
43.79
44.05
35.39
182,300
Sep 25, 2025
0.169 Dividend 

Sep 25, 2025
43.79
43.79
43.58
43.75
35.15
204,100
Sep 24, 2025
44.34
44.36
44.06
44.15
35.34
148,400
Sep 23, 2025
44.48
44.52
44.19
44.28
35.44
175,800
Sep 22, 2025
44.31
44.49
44.31
44.48
35.60
226,500
Sep 19, 2025
44.26
44.46
44.25
44.40
35.54
374,400
Sep 18, 2025
0.21 Dividend 

Sep 18, 2025
44.21
44.33
44.11
44.28
35.44
213,600
Sep 17, 2025
44.28
44.35
43.92
44.24
35.24
353,900
Sep 16, 2025
44.32
44.36
44.20
44.25
35.25
144,400
Sep 15, 2025
44.17
44.31
44.17
44.30
35.29
474,800
Sep 12, 2025
44.01
44.12
43.99
44.05
35.09
216,200
Sep 11, 2025
0.21 Dividend 

Sep 11, 2025
43.92
44.05
43.90
44.04
35.08
153,300
Sep 10, 2025
44.10
44.11
43.92
44.01
34.89
308,400
Sep 9, 2025
43.77
43.88
43.65
43.87
34.77
239,800
Sep 8, 2025
43.74
43.79
43.63
43.73
34.67
229,400
Sep 5, 2025
43.90
43.95
43.37
43.61
34.57
319,600
Sep 4, 2025
0.213 Dividend 

Sep 4, 2025
43.57
43.75
43.54
43.74
34.68
220,000
Sep 3, 2025
43.70
43.76
43.53
43.75
34.51
305,300
Sep 2, 2025
43.34
43.51
43.14
43.51
34.32
536,700
Aug 29, 2025
43.97
44.04
43.68
43.80
34.55
203,100
Aug 28, 2025
0.212 Dividend 

Aug 28, 2025
43.97
44.07
43.80
44.07
34.77
443,900
Aug 27, 2025
43.99
44.13
43.95
44.10
34.62
274,400
Aug 26, 2025
43.85
43.99
43.80
43.99
34.54
269,600
Aug 25, 2025
43.93
44.04
43.84
43.86
34.43
286,200
Aug 22, 2025
43.66
44.05
43.62
44.04
34.58
433,200
Aug 21, 2025
0.254 Dividend 

Aug 21, 2025
43.49
43.56
43.37
43.48
34.14
532,900
Aug 20, 2025
43.92
43.92
43.51
43.86
34.24
619,900
Aug 19, 2025
44.14
44.19
43.86
43.95
34.31
206,200
Aug 18, 2025
44.13
44.20
44.08
44.16
34.47
286,600
Aug 15, 2025
44.26
44.28
44.08
44.15
34.46
184,400
Aug 14, 2025
0.25 Dividend 

Aug 14, 2025
44.04
44.30
44.03
44.24
34.53
137,200
Aug 13, 2025
44.49
44.53
44.35
44.49
34.53
179,500
Aug 12, 2025
44.09
44.33
44.06
44.32
34.40
296,600
Aug 11, 2025
44.00
44.10
43.88
43.94
34.10
170,200
Aug 8, 2025
43.84
44.00
43.79
44.00
34.15
125,200
Aug 7, 2025
0.257 Dividend 

Aug 7, 2025
43.99
44.03
43.47
43.69
33.91
181,400
Aug 6, 2025
43.83
43.96
43.74
43.96
33.92
240,400
Aug 5, 2025
43.93
44.00
43.65
43.72
33.74
192,300
Aug 4, 2025
43.58
43.92
43.58
43.90
33.87
257,600
Aug 1, 2025
43.60
43.66
43.17
43.32
33.43
359,400
Jul 31, 2025
0.254 Dividend 

Jul 31, 2025
44.55
44.55
43.94
44.02
33.97
316,600
Jul 30, 2025
44.48
44.54
44.22
44.41
34.07
235,400
Jul 29, 2025
44.58
44.63
44.36
44.41
34.07
165,600
Jul 28, 2025
44.55
44.55
44.43
44.52
34.16
228,700
Jul 25, 2025
44.38
44.48
44.35
44.47
34.12
132,400
Jul 24, 2025
0.254 Dividend 

Jul 24, 2025
44.32
44.37
44.26
44.32
34.00
160,500
Jul 23, 2025
44.40
44.51
44.30
44.50
33.95
249,600
Jul 22, 2025
44.25
44.29
44.04
44.23
33.74
160,100
Jul 21, 2025
44.15
44.32
44.15
44.21
33.73
355,200
Jul 18, 2025
44.20
44.20
44.03
44.10
33.64
281,600
Jul 17, 2025
0.256 Dividend 

Jul 17, 2025
43.91
44.09
43.91
44.08
33.63
132,600
Jul 16, 2025
44.09
44.21
43.76
44.18
33.51
284,500
Jul 15, 2025
44.32
44.37
44.00
44.00
33.37
159,000
Jul 14, 2025
44.07
44.16
43.97
44.15
33.48
303,900
Jul 11, 2025
43.98
44.10
43.88
44.09
33.44
208,900
Jul 10, 2025
0.254 Dividend 

Jul 10, 2025
44.07
44.19
44.01
44.19
33.51
180,500
Jul 9, 2025
44.24
44.33
44.14
44.33
33.43
205,200
Jul 8, 2025
44.11
44.12
43.97
44.05
33.22
171,600
Jul 7, 2025
44.22
44.23
43.83
44.03
33.20
268,000
Jul 3, 2025
44.24
44.37
44.21
44.35
33.44
183,200
Jul 2, 2025
0.247 Dividend 

Jul 2, 2025
44.00
44.08
43.91
44.08
33.24
184,400
Jul 1, 2025
44.14
44.23
44.07
44.23
33.17
392,900
Jun 30, 2025
44.11
44.25
44.01
44.20
33.14
264,600
Jun 27, 2025
43.81
44.00
43.74
43.98
32.98
526,900
Jun 26, 2025
0.269 Dividend 

Jun 26, 2025
43.65
43.75
43.53
43.75
32.81
176,100
Jun 25, 2025
43.76
43.84
43.67
43.78
32.63
171,400
Jun 24, 2025
43.50
43.73
43.49
43.71
32.58
170,800
Jun 23, 2025
42.91
43.29
42.76
43.22
32.21
468,600
Jun 20, 2025
43.08
43.30
42.82
42.88
31.96
219,900
Jun 18, 2025
0.223 Dividend 

Jun 18, 2025
43.07
43.19
42.95
43.02
32.06
132,500
Jun 17, 2025
43.41
43.49
43.17
43.19
32.02
194,600
Jun 16, 2025
43.37
43.62
43.28
43.53
32.27
261,700
Jun 13, 2025
43.11
43.44
43.02
43.13
31.98
269,500
Jun 12, 2025
0.193 Dividend 

Jun 12, 2025
43.47
43.62
43.39
43.62
32.34
131,800
Jun 11, 2025
43.93
43.95
43.59
43.73
32.28
251,000
Jun 10, 2025
43.63
43.85
43.55
43.81
32.34
411,500
Jun 9, 2025
43.54
43.69
43.45
43.56
32.15
194,700
Jun 6, 2025
43.42
43.59
43.38
43.54
32.14
321,000
Jun 5, 2025
0.249 Dividend 

Jun 5, 2025
43.39
43.45
42.92
43.02
31.75
162,800
Jun 4, 2025
43.50
43.63
43.44
43.51
31.93
147,900
Jun 3, 2025
43.19
43.45
43.19
43.43
31.87
135,700
Jun 2, 2025
43.03
43.27
42.86
43.26
31.75
292,000
May 30, 2025
43.05
43.18
42.67
43.14
31.66
226,400
May 29, 2025
0.207 Dividend 

May 29, 2025
43.27
43.44
42.85
43.10
31.63
290,700
May 28, 2025
43.30
43.41
43.05
43.10
31.48
278,900
May 27, 2025
43.04
43.30
42.95
43.29
31.62
260,200
