Date
Open
High
Low
Close 

Adj Close 

Volume
Jun 5, 2026
11.60
11.62
11.52
11.52
11.52
49,500
Jun 4, 2026
0.068 Dividend 

Jun 4, 2026
11.65
11.66
11.55
11.60
11.60
32,300
Jun 3, 2026
11.63
11.81
11.62
11.71
11.64
40,900
Jun 2, 2026
11.51
11.59
11.47
11.55
11.48
27,300
Jun 1, 2026
11.30
11.50
11.30
11.50
11.43
39,200
May 29, 2026
11.33
11.35
11.19
11.21
11.14
42,100
May 28, 2026
0.079 Dividend 

May 28, 2026
11.54
11.54
11.31
11.32
11.25
36,200
May 27, 2026
11.50
11.50
11.30
11.50
11.35
38,700
May 26, 2026
11.83
11.94
11.56
11.63
11.48
68,300
May 22, 2026
11.89
11.96
11.80
11.89
11.74
36,100
May 21, 2026
0.103 Dividend 

May 21, 2026
12.04
12.06
11.83
11.92
11.77
41,500
May 20, 2026
12.41
12.43
12.06
12.11
11.86
67,800
May 19, 2026
12.35
12.42
12.27
12.37
12.11
90,900
May 18, 2026
12.15
12.34
12.00
12.26
12.00
82,100
May 15, 2026
11.95
12.20
11.91
12.20
11.94
99,100
May 14, 2026
0.081 Dividend 

May 14, 2026
11.86
11.88
11.81
11.83
11.58
14,600
May 13, 2026
11.91
11.91
11.84
11.89
11.56
39,100
May 12, 2026
11.90
11.90
11.82
11.89
11.56
48,600
May 11, 2026
11.66
11.85
11.63
11.85
11.52
109,800
May 8, 2026
11.67
11.67
11.48
11.52
11.20
58,700
May 7, 2026
0.086 Dividend 

May 7, 2026
11.59
11.70
11.49
11.70
11.38
112,600
May 6, 2026
12.01
12.01
11.78
11.91
11.50
163,300
May 5, 2026
12.14
12.32
12.14
12.29
11.86
39,500
May 4, 2026
12.15
12.27
11.97
12.20
11.78
50,100
May 1, 2026
12.14
12.23
12.12
12.19
11.77
95,400
Apr 30, 2026
0.082 Dividend 

Apr 30, 2026
12.17
12.26
12.10
12.25
11.82
93,800
Apr 29, 2026
12.24
12.33
12.15
12.33
11.82
94,000
Apr 28, 2026
12.05
12.17
12.02
12.11
11.61
58,200
Apr 27, 2026
11.88
12.08
11.88
11.91
11.42
94,400
Apr 24, 2026
12.02
12.02
11.86
11.94
11.45
63,700
Apr 23, 2026
0.071 Dividend 

Apr 23, 2026
11.97
12.03
11.93
12.01
11.52
57,200
Apr 22, 2026
12.04
12.08
11.97
12.03
11.47
51,500
Apr 21, 2026
11.99
12.00
11.86
12.00
11.44
58,100
Apr 20, 2026
11.96
12.02
11.87
11.92
11.36
158,900
Apr 17, 2026
11.86
11.90
11.55
11.85
11.30
228,800
Apr 16, 2026
0.072 Dividend 

Apr 16, 2026
12.09
12.32
12.09
12.26
11.69
131,200
Apr 15, 2026
12.15
12.22
11.99
12.17
11.53
117,600
Apr 14, 2026
12.29
12.29
11.98
12.15
11.51
171,600
Apr 13, 2026
12.61
12.61
12.32
12.44
11.79
94,500
Apr 10, 2026
12.50
12.55
12.35
12.41
11.76
119,000
Apr 9, 2026
0.088 Dividend 

Apr 9, 2026
12.72
12.86
12.50
12.57
11.91
143,500
Apr 8, 2026
12.60
12.72
12.30
12.68
11.93
395,700
Apr 7, 2026
13.35
13.40
13.14
13.30
12.52
157,300
Apr 6, 2026
13.03
13.25
12.95
13.25
12.47
181,700
Apr 2, 2026
0.136 Dividend 

Apr 2, 2026
13.30
13.42
12.94
13.02
12.25
208,500
Apr 1, 2026
13.20
13.60
13.03
13.16
12.26
293,400
Mar 31, 2026
13.97
13.99
13.51
13.75
12.80
145,600
Mar 30, 2026
13.96
14.14
13.80
13.87
12.92
232,800
Mar 27, 2026
13.54
13.86
13.49
13.86
12.91
175,600
Mar 26, 2026
0.118 Dividend 

Mar 26, 2026
13.50
13.53
13.38
13.51
12.58
103,200
Mar 25, 2026
13.50
13.59
13.49
13.51
12.47
61,900
Mar 24, 2026
13.35
13.77
13.35
13.60
12.55
129,800
Mar 23, 2026
12.92
13.38
12.89
13.37
12.34
153,800
Mar 20, 2026
13.31
13.40
13.27
13.30
12.28
108,200
Mar 19, 2026
0.1 Dividend 

Mar 19, 2026
13.16
13.26
13.02
13.25
12.23
199,600
Mar 18, 2026
13.40
13.41
13.25
13.27
12.16
123,400
Mar 17, 2026
13.33
13.43
13.24
13.31
12.19
3,150,300
Mar 16, 2026
13.09
13.28
13.09
13.27
12.16
120,000
Mar 13, 2026
13.10
13.16
13.01
13.16
12.06
131,800
Mar 12, 2026
0.063 Dividend 

Mar 12, 2026
13.00
13.09
12.94
13.07
11.97
109,500
Mar 11, 2026
12.76
13.00
12.76
13.00
11.85
69,300
Mar 10, 2026
12.77
12.87
12.71
12.74
11.62
119,600
Mar 9, 2026
13.02
13.08
12.80
12.89
11.75
123,000
Mar 6, 2026
13.00
13.09
12.84
12.94
11.80
77,400
Mar 5, 2026
0.091 Dividend 

Mar 5, 2026
12.85
12.95
12.80
12.87
11.73
47,500
Mar 4, 2026
12.87
12.98
12.74
12.89
11.67
162,500
Mar 3, 2026
13.37
13.37
12.94
13.06
11.82
82,900
Mar 2, 2026
13.57
13.57
13.13
13.23
11.98
110,000
Feb 27, 2026
12.94
13.12
12.91
13.12
11.88
2,359,900
Feb 26, 2026
0.066 Dividend 

Feb 26, 2026
12.80
12.98
12.75
12.82
11.61
50,600
Feb 25, 2026
13.06
13.06
12.80
12.91
11.63
94,900
Feb 24, 2026
13.07
13.07
12.88
12.94
11.65
89,700
Feb 23, 2026
12.90
13.09
12.88
13.02
11.73
285,400
Feb 20, 2026
13.05
13.05
12.74
12.83
11.56
93,400
Feb 19, 2026
0.113 Dividend 

Feb 19, 2026
13.23
13.23
13.05
13.07
11.77
91,300
Feb 18, 2026
13.00
13.20
12.95
13.18
11.77
98,700
Feb 17, 2026
13.00
13.00
12.70
12.81
11.44
153,600
Feb 13, 2026
13.06
13.18
12.95
12.99
11.60
114,900
Feb 12, 2026
0.193 Dividend 

Feb 12, 2026
13.40
13.46
13.08
13.08
11.68
69,000
Feb 11, 2026
13.50
13.73
13.50
13.65
12.01
95,200
Feb 10, 2026
13.46
13.46
13.32
13.39
11.78
28,300
Feb 9, 2026
13.31
13.41
13.24
13.38
11.78
65,900
Feb 6, 2026
13.05
13.33
13.05
13.32
11.73
57,700
Feb 5, 2026
0.126 Dividend 

Feb 5, 2026
13.02
13.10
12.93
13.06
11.49
84,200
Feb 4, 2026
13.04
13.35
13.04
13.35
11.64
76,700
Feb 3, 2026
12.68
13.14
12.68
13.07
11.40
70,600
Feb 2, 2026
12.85
12.85
12.64
12.68
11.06
80,100
Jan 30, 2026
12.60
12.95
12.60
12.89
11.24
121,600
Jan 29, 2026
0.093 Dividend 

Jan 29, 2026
12.80
13.00
12.77
12.85
11.21
68,500
Jan 28, 2026
12.72
12.76
12.68
12.75
11.04
23,200
Jan 27, 2026
12.55
12.67
12.55
12.64
10.94
39,000
Jan 26, 2026
12.74
12.74
12.48
12.55
10.86
77,600
Jan 23, 2026
12.48
12.59
12.48
12.50
10.82
65,200
Jan 22, 2026
0.088 Dividend 

Jan 22, 2026
12.46
12.46
12.29
12.42
10.75
75,400
Jan 21, 2026
12.41
12.60
12.41
12.58
10.81
60,400
Jan 20, 2026
12.32
12.38
12.27
12.27
10.55
268,800
Jan 16, 2026
12.15
12.28
12.15
12.26
10.54
45,500
Jan 15, 2026
0.067 Dividend 

Jan 15, 2026
12.17
12.27
12.14
12.17
10.46
54,700
Jan 14, 2026
12.04
12.48
12.04
12.33
10.54
56,000
Jan 13, 2026
11.85
12.07
11.85
12.02
10.28
49,500
Jan 12, 2026
11.82
11.91
11.75
11.83
10.11
65,200
Jan 9, 2026
11.71
11.90
11.71
11.88
10.16
37,800
Jan 8, 2026
0.052 Dividend 

Jan 8, 2026
11.45
11.84
11.44
11.77
10.06
35,600
Jan 7, 2026
11.67
11.67
11.41
11.45
9.74
46,200
Jan 6, 2026
11.98
11.98
11.63
11.63
9.90
32,900
Jan 5, 2026
11.91
12.02
11.77
12.01
10.22
60,000
Jan 2, 2026
0.046 Dividend 

Jan 2, 2026
11.66
11.77
11.61
11.74
9.99
43,500
Dec 31, 2025
11.71
11.71
11.67
11.71
9.93
20,100
Dec 30, 2025
11.75
11.77
11.70
11.72
9.93
14,800
Dec 29, 2025
11.63
11.75
11.61
11.72
9.93
65,500
Dec 26, 2025
0.046 Dividend 

Dec 26, 2025
11.65
11.65
11.54
11.57
9.81
28,200
Dec 24, 2025
11.65
11.70
11.65
11.65
9.84
21,500
Dec 23, 2025
11.58
11.69
11.58
11.64
9.83
37,000
Dec 22, 2025
11.57
11.60
11.53
11.57
9.77
50,000
Dec 19, 2025
11.41
11.53
11.41
11.52
9.73
44,900
Dec 18, 2025
0.045 Dividend 

Dec 18, 2025
11.55
11.55
11.40
11.45
9.67
27,900
Dec 17, 2025
11.45
11.57
11.40
11.57
9.74
25,200
Dec 16, 2025
11.58
11.58
11.32
11.37
9.56
72,400
Dec 15, 2025
11.69
11.70
11.52
11.65
9.80
59,500
Dec 12, 2025
11.72
11.72
11.65
11.68
9.82
67,900
Dec 11, 2025
0.046 Dividend 

Dec 11, 2025
11.75
11.77
11.69
11.73
9.87
47,300
Dec 10, 2025
11.64
11.77
11.64
11.75
9.84
71,200
Dec 9, 2025
11.49
11.80
11.49
11.64
9.75
56,400
Dec 8, 2025
11.54
11.56
11.38
11.50
9.63
58,800
Dec 5, 2025
11.54
11.67
11.54
11.58
9.70
39,700
Dec 4, 2025
0.047 Dividend 

Dec 4, 2025
11.57
11.66
11.57
11.57
9.69
32,400
Dec 3, 2025
11.56
11.69
11.56
11.67
9.74
28,300
Dec 2, 2025
11.59
11.59
11.48
11.53
9.62
30,900
Dec 1, 2025
11.55
11.65
11.55
11.60
9.67
39,800
Nov 28, 2025
0.05 Dividend 

Nov 28, 2025
11.42
11.58
11.42
11.56
9.65
11,700
Nov 26, 2025
11.52
11.58
11.47
11.50
9.55
27,600
Nov 25, 2025
11.54
11.57
11.46
11.47
9.53
59,500
Nov 24, 2025
11.65
11.67
11.49
11.59
9.63
406,500
Nov 21, 2025
11.63
11.71
11.56
11.68
9.70
59,500
Nov 20, 2025
0.087 Dividend 

Nov 20, 2025
11.83
11.86
11.63
11.64
9.67
68,400
Nov 19, 2025
11.75
11.86
11.68
11.79
9.72
55,300
Nov 18, 2025
11.80
11.93
11.74
11.91
9.82
25,300
Nov 17, 2025
11.92
11.94
11.79
11.81
9.74
28,000
Nov 14, 2025
11.89
11.95
11.72
11.93
9.83
45,900
Nov 13, 2025
0.079 Dividend 

Nov 13, 2025
11.82
11.89
11.80
11.83
9.76
62,800
Nov 12, 2025
11.91
11.93
11.85
11.86
9.72
35,600
Nov 11, 2025
11.91
12.03
11.91
11.95
9.79
68,700
Nov 10, 2025
11.82
11.88
11.69
11.85
9.71
37,800
Nov 7, 2025
11.64
11.82
11.64
11.78
9.65
50,700
Nov 6, 2025
0.052 Dividend 

Nov 6, 2025
11.49
11.67
11.47
11.67
9.56
37,500
Nov 5, 2025
11.64
11.70
11.58
11.58
9.44
44,200
Nov 4, 2025
11.60
11.64
11.47
11.64
9.49
26,600
Nov 3, 2025
11.63
11.69
11.58
11.62
9.48
33,900
Oct 31, 2025
11.67
11.70
11.47
11.65
9.50
64,500
Oct 30, 2025
0.084 Dividend 

Oct 30, 2025
11.74
11.78
11.65
11.66
9.51
20,200
Oct 29, 2025
11.80
11.93
11.80
11.87
9.61
52,300
Oct 28, 2025
11.82
11.84
11.75
11.77
9.53
21,600
Oct 27, 2025
11.75
11.83
11.75
11.79
9.55
32,500
Oct 24, 2025
11.88
11.88
11.77
11.78
9.54
32,200
Oct 23, 2025
0.081 Dividend 

Oct 23, 2025
11.95
11.95
11.79
11.85
9.59
39,200
Oct 22, 2025
11.80
11.86
11.72
11.85
9.53
54,500
Oct 21, 2025
11.67
11.72
11.65
11.71
9.42
15,300
Oct 20, 2025
11.64
11.71
11.64
11.66
9.38
329,500
Oct 17, 2025
11.58
11.70
11.56
11.66
9.38
19,100
Oct 16, 2025
0.09 Dividend 

Oct 16, 2025
11.62
11.62
11.46
11.49
9.24
23,500
Oct 15, 2025
11.78
11.82
11.61
11.67
9.31
16,400
Oct 14, 2025
11.62
11.77
11.62
11.73
9.36
11,400
Oct 13, 2025
11.68
11.72
11.62
11.69
9.33
33,600
Oct 10, 2025
11.63
11.73
11.56
11.56
9.22
41,100
Oct 9, 2025
11.93
11.93
11.76
11.76
9.38
23,200
Oct 8, 2025
11.87
11.89
11.80
11.82
9.43
38,600
Oct 7, 2025
11.83
11.90
11.67
11.88
9.48
24,000
Oct 6, 2025
11.80
11.90
11.80
11.83
9.44
37,400
Oct 3, 2025
11.69
11.81
11.66
11.80
9.42
68,300
Oct 2, 2025
0.214 Dividend 

Oct 2, 2025
11.74
11.78
11.58
11.62
9.27
69,400
Oct 1, 2025
11.96
12.01
11.83
11.91
9.33
57,200
Sep 30, 2025
12.10
12.10
11.89
11.99
9.40
49,300
Sep 29, 2025
12.32
12.32
12.07
12.14
9.51
65,400
Sep 26, 2025
12.33
12.47
12.33
12.40
9.72
76,100
Sep 25, 2025
12.25
12.32
12.22
12.28
9.62
32,700
Sep 24, 2025
12.12
12.30
12.12
12.18
9.54
16,100
Sep 23, 2025
12.08
12.21
12.05
12.19
9.55
15,800
Sep 22, 2025
12.06
12.06
11.93
11.98
9.39
254,800
Sep 19, 2025
12.10
12.13
12.04
12.06
9.45
11,200
Sep 18, 2025
12.13
12.21
12.09
12.11
9.49
21,000
Sep 17, 2025
12.14
12.22
12.14
12.19
9.55
88,500
Sep 16, 2025
12.01
12.20
12.01
12.14
9.51
41,400
Sep 15, 2025
12.05
12.05
11.92
12.02
9.42
38,700
Sep 12, 2025
11.99
12.01
11.94
11.94
9.36
19,900
Sep 11, 2025
11.95
11.98
11.94
11.94
9.36
48,900
Sep 10, 2025
11.90
11.98
11.88
11.98
9.39
49,500
Sep 9, 2025
11.87
11.95
11.80
11.81
9.25
80,700
Sep 8, 2025
11.75
11.76
11.64
11.74
9.20
60,100
Sep 5, 2025
11.93
11.93
11.67
11.69
9.16
81,800
Sep 4, 2025
0.295 Dividend 

Sep 4, 2025
11.96
12.06
11.92
12.03
9.43
29,600
Sep 3, 2025
12.44
12.44
12.22
12.27
9.38
67,000
Sep 2, 2025
12.36
12.49
12.36
12.44
9.51
44,500
Aug 29, 2025
12.37
12.45
12.37
12.45
9.52
24,400
Aug 28, 2025
12.36
12.37
12.25
12.37
9.46
90,700
Aug 27, 2025
12.15
12.30
12.15
12.26
9.38
43,700
Aug 26, 2025
12.17
12.21
12.12
12.18
9.31
35,400
Aug 25, 2025
12.16
12.22
12.15
12.22
9.35
42,400
Aug 22, 2025
12.00
12.17
12.00
12.15
9.29
33,500
Aug 21, 2025
11.91
12.03
11.91
12.00
9.18
58,600
Aug 20, 2025
11.90
12.02
11.90
11.96
9.15
47,000
Aug 19, 2025
11.80
11.91
11.80
11.91
9.11
28,400
Aug 18, 2025
11.75
11.85
11.75
11.81
9.03
284,000
Aug 15, 2025
11.78
11.90
11.76
11.79
9.02
48,500
Aug 14, 2025
11.80
11.81
11.72
11.81
9.03
29,700
Aug 13, 2025
11.70
11.82
11.66
11.81
9.03
47,900
Aug 12, 2025
11.66
11.76
11.64
11.67
8.92
44,900
Aug 11, 2025
11.75
11.78
11.62
11.65
8.91
57,900
Aug 8, 2025
11.67
11.77
11.64
11.71
8.96
52,500
Aug 7, 2025
0.229 Dividend 

Aug 7, 2025
11.72
11.83
11.61
11.61
8.88
77,000
Aug 6, 2025
12.08
12.14
11.89
11.92
8.94
111,700
Aug 5, 2025
12.05
12.06
11.87
12.00
9.00
55,400
Aug 4, 2025
12.25
12.25
11.99
12.02
9.02
81,200
Aug 1, 2025
12.47
12.47
12.17
12.25
9.19
54,800
Jul 31, 2025
12.48
12.48
12.30
12.41
9.31
42,200
Jul 30, 2025
12.40
12.43
12.35
12.38
9.29
29,100
Jul 29, 2025
12.40
12.50
12.38
12.50
9.38
23,000
Jul 28, 2025
12.38
12.41
12.33
12.38
9.29
33,800
Jul 25, 2025
12.32
12.33
12.19
12.28
9.21
25,500
Jul 24, 2025
12.25
12.31
12.14
12.31
9.23
25,000
Jul 23, 2025
12.07
12.24
12.07
12.24
9.18
22,400
Jul 22, 2025
12.04
12.15
11.98
12.07
9.05
23,700
Jul 21, 2025
12.00
12.10
11.96
12.01
9.01
386,700
Jul 18, 2025
12.34
12.35
11.96
12.00
9.00
60,500
Jul 17, 2025
12.43
12.48
12.38
12.43
9.33
37,100
Jul 16, 2025
12.58
12.58
12.45
12.49
9.37
31,400
Jul 15, 2025
12.60
12.63
12.50
12.52
9.39
39,700
Jul 14, 2025
12.80
12.80
12.57
12.64
9.48
67,200
Jul 11, 2025
12.70
12.80
12.70
12.80
9.60
49,800
Jul 10, 2025
0.365 Dividend 

Jul 10, 2025
12.68
12.77
12.59
12.75
9.56
35,700
Jul 9, 2025
12.92
13.04
12.92
13.01
9.48
98,900
Jul 8, 2025
12.76
13.05
12.76
13.01
9.48
67,100
Jul 7, 2025
12.90
12.90
12.71
12.80
9.33
39,500
Jul 3, 2025
12.77
12.89
12.77
12.89
9.40
27,700
Jul 2, 2025
12.69
12.80
12.58
12.80
9.33
22,400
Jul 1, 2025
12.45
12.62
12.38
12.62
9.20
17,300
Jun 30, 2025
12.58
12.58
12.42
12.45
9.08
52,300
Jun 27, 2025
12.57
12.61
12.51
12.55
9.15
20,900
Jun 26, 2025
12.51
12.68
12.50
12.63
9.21
24,900
Jun 25, 2025
12.51
12.57
12.40
12.51
9.12
19,400
Jun 24, 2025
12.70
12.75
12.41
12.49
9.11
47,700
Jun 23, 2025
13.27
13.34
12.82
12.84
9.36
261,200
Jun 20, 2025
13.03
13.19
13.01
13.19
9.62
44,600
Jun 18, 2025
13.08
13.16
13.00
13.02
9.49
54,000
Jun 17, 2025
12.98
13.16
12.98
13.05
9.51
61,800
Jun 16, 2025
12.91
12.99
12.78
12.95
9.44
57,800
Jun 13, 2025
12.90
12.96
12.75
12.92
9.42
145,700
Jun 12, 2025
0.25 Dividend 

Jun 12, 2025
12.63
12.64
12.50
12.63
9.21
63,600
Jun 11, 2025
12.89
12.93
12.70
12.93
9.24
67,300
Jun 10, 2025
12.69
12.77
12.63
12.75
9.12
79,400
Jun 9, 2025
12.51
12.63
12.46
12.56
8.98
67,800
Jun 6, 2025
12.37
12.51
12.34
12.51
8.94
33,700
Jun 5, 2025
12.43
12.43
12.25
12.28
8.78
37,600
Jun 4, 2025
12.47
12.49
12.29
12.33
8.82
43,100
Jun 3, 2025
12.37
12.47
12.29
12.44
8.89
31,100
Jun 2, 2025
12.39
12.39
12.30
12.32
8.81
24,300
May 30, 2025
12.27
12.28
12.15
12.27
8.77
30,100
May 29, 2025
12.21
12.29
12.21
12.28
8.78
29,400
May 28, 2025
12.38
12.45
12.21
12.21
8.73
40,400
May 27, 2025
12.37
12.39
12.30
12.38
8.85
39,100
May 23, 2025
12.29
12.36
12.21
12.34
8.82
48,200
May 22, 2025
12.35
12.35
12.20
12.34
8.82
18,700
May 21, 2025
12.63
12.63
12.41
12.42
8.88
55,500
May 20, 2025
12.74
12.74
12.52
12.57
8.99
35,400
May 19, 2025
12.85
12.85
12.64
12.73
9.10
279,200
May 16, 2025
13.01
13.01
12.82
12.92
9.24
40,700
May 15, 2025
0.398 Dividend 

May 15, 2025
12.88
12.94
12.62
12.94
9.25
58,000
May 14, 2025
13.40
13.40
13.14
13.23
9.17
68,800
May 13, 2025
13.28
13.36
13.27
13.35
9.26
14,700
May 12, 2025
13.35
13.36
13.21
13.30
9.22
63,900
May 9, 2025
13.12
13.16
13.06
13.13
9.10
25,200
May 8, 2025
12.93
13.13
12.93
13.04
9.04
51,800
May 7, 2025
12.91
12.91
12.80
12.86
8.92
9,100
May 6, 2025
12.69
12.97
12.69
12.84
8.90
56,200
May 5, 2025
12.95
12.95
12.64
12.65
8.77
25,800
May 2, 2025
13.12
13.20
12.77
12.96
8.99
36,600
May 1, 2025
12.74
13.02
12.74
12.92
8.96
39,600
Apr 30, 2025
12.98
13.01
12.68
12.85
8.91
30,600
Apr 29, 2025
13.08
13.19
13.05
13.13
9.10
24,700
Apr 28, 2025
13.21
13.21
13.05
13.16
9.13
24,100
Apr 25, 2025
13.09
13.15
13.06
13.15
9.12
19,900
Apr 24, 2025
13.05
13.12
12.95
13.08
9.07
24,400
Apr 23, 2025
13.02
13.08
12.86
12.93
8.97
23,500
Apr 22, 2025
12.88
13.07
12.80
13.01
9.02
16,600
Apr 21, 2025
12.79
12.79
12.57
12.69
8.80
93,000
Apr 17, 2025
0.35 Dividend 

Apr 17, 2025
12.84
13.00
12.80
12.86
8.92
30,000
Apr 16, 2025
13.04
13.18
13.04
13.12
8.86
38,700
Apr 15, 2025
13.07
13.16
13.04
13.04
8.80
28,000
Apr 14, 2025
13.22
13.22
12.95
13.05
8.81
21,600
Apr 11, 2025
12.78
13.07
12.50
12.99
8.77
41,000
Apr 10, 2025
13.03
13.18
12.41
12.57
8.49
33,900
Apr 9, 2025
12.51
13.45
12.42
13.37
9.03
51,600
Apr 8, 2025
13.18
13.33
12.52
12.72
8.59
25,000
Apr 7, 2025
12.69
13.13
12.52
12.97
8.75
39,000
Apr 4, 2025
13.88
13.88
13.11
13.13
8.86
72,400
Apr 3, 2025
14.29
14.48
14.09
14.09
9.51
28,300
Apr 2, 2025
14.83
14.85
14.78
14.84
10.01
17,100
Apr 1, 2025
14.81
14.88
14.77
14.83
10.01
34,000
Mar 31, 2025
14.82
14.92
14.82
14.83
10.01
45,300
Mar 28, 2025
14.73
14.75
14.68
14.71
9.93
37,300
Mar 27, 2025
14.72
14.79
14.67
14.75
9.96
25,500
Mar 26, 2025
14.77
14.80
14.70
14.71
9.93
52,600
Mar 25, 2025
14.58
14.70
14.58
14.63
9.87
15,800
Mar 24, 2025
14.57
14.65
14.53
14.54
9.81
275,300
Mar 21, 2025
14.48
14.54
14.41
14.48
9.77
46,200
Mar 20, 2025
0.295 Dividend 

Mar 20, 2025
14.49
14.56
14.41
14.55
9.82
64,800
Mar 19, 2025
14.68
14.82
14.68
14.80
9.79
63,500
Mar 18, 2025
14.68
14.75
14.63
14.67
9.70
47,100
Mar 17, 2025
14.53
14.74
14.53
14.72
9.74
35,500
Mar 14, 2025
14.21
14.55
14.21
14.53
9.61
85,500
Mar 13, 2025
14.14
14.37
14.14
14.20
9.39
32,800
Mar 12, 2025
14.18
14.32
14.18
14.27
9.44
34,600
Mar 11, 2025
14.34
14.34
14.18
14.19
9.39
31,200
Mar 10, 2025
14.18
14.45
14.18
14.38
9.51
45,000
Mar 7, 2025
14.22
14.29
14.19
14.21
9.40
19,300
Mar 6, 2025
13.95
14.11
13.79
14.11
9.33
37,100
Mar 5, 2025
14.05
14.05
13.69
13.92
9.21
41,900
Mar 4, 2025
13.99
14.32
13.96
14.13
9.35
17,700
Mar 3, 2025
14.56
14.60
14.04
14.15
9.36
60,900
Feb 28, 2025
14.38
14.56
14.33
14.55
9.62
18,800
Feb 27, 2025
14.40
14.56
14.40
14.47
9.57
21,200
Feb 26, 2025
14.40
14.40
14.24
14.38
9.51
14,200
Feb 25, 2025
14.47
14.61
14.27
14.35
9.49
36,100
Feb 24, 2025
14.48
14.59
14.41
14.52
9.60
127,300
Feb 21, 2025
14.60
14.61
14.47
14.48
9.58
41,000
Feb 20, 2025
0.254 Dividend 

Feb 20, 2025
14.52
14.65
14.39
14.64
9.68
56,100
Feb 19, 2025
14.77
14.87
14.64
14.69
9.55
59,800
Feb 18, 2025
14.50
14.73
14.42
14.64
9.52
32,700
Feb 14, 2025
14.40
14.61
14.36
14.36
9.33
30,400
Feb 13, 2025
14.30
14.40
14.23
14.35
9.33
45,000
Feb 12, 2025
14.73
14.73
14.28
14.29
9.29
62,100
Feb 11, 2025
14.73
14.73
14.62
14.68
9.54
31,700
Feb 10, 2025
14.57
14.65
14.52
14.64
9.52
46,700
Feb 7, 2025
14.47
14.50
14.39
14.43
9.38
55,900
Feb 6, 2025
14.47
14.47
14.33
14.41
9.37
11,900
Feb 5, 2025
14.50
14.50
14.41
14.47
9.40
11,100
Feb 4, 2025
14.22
14.49
14.17
14.49
9.42
33,300
Feb 3, 2025
14.10
14.21
13.97
14.15
9.20
37,800
Jan 31, 2025
14.54
14.54
14.07
14.17
9.21
172,400
Jan 30, 2025
14.42
14.50
14.38
14.44
9.39
20,100
Jan 29, 2025
14.29
14.38
14.23
14.38
9.35
13,200
Jan 28, 2025
14.53
14.56
14.26
14.26
9.27
46,900
Jan 27, 2025
14.37
14.57
14.35
14.50
9.43
46,500
Jan 24, 2025
14.48
14.55
14.32
14.32
9.31
86,300
Jan 23, 2025
0.349 Dividend 

Jan 23, 2025
14.58
14.64
14.46
14.55
9.46
48,500
Jan 22, 2025
14.98
15.05
14.78
14.78
9.38
93,000
Jan 21, 2025
15.10
15.10
14.98
14.98
9.51
215,700
Jan 17, 2025
14.92
15.12
14.89
15.05
9.55
82,000
Jan 16, 2025
15.03
15.03
14.90
14.96
9.50
27,500
Jan 15, 2025
14.84
14.99
14.84
14.99
9.51
59,100
Jan 14, 2025
14.80
14.84
14.70
14.84
9.42
10,200
Jan 13, 2025
14.66
14.83
14.66
14.81
9.40
49,300
Jan 10, 2025
14.72
14.86
14.52
14.57
9.25
103,200
Jan 8, 2025
14.74
14.74
14.51
14.59
9.26
61,300
Jan 7, 2025
14.83
14.89
14.77
14.83
9.41
33,100
Jan 6, 2025
14.73
14.86
14.70
14.74
9.36
48,900
Jan 3, 2025
14.70
14.75
14.65
14.71
9.34
35,700
Jan 2, 2025
14.61
14.71
14.57
14.60
9.27
37,200
Dec 31, 2024
14.50
14.64
14.44
14.63
9.29
39,100
Dec 30, 2024
14.50
14.50
14.37
14.40
9.14
104,600
Dec 27, 2024
0.241 Dividend 

Dec 27, 2024
14.55
14.59
14.43
14.51
9.21
69,200
Dec 26, 2024
14.81
14.81
14.67
14.75
9.21
123,500
Dec 24, 2024
14.75
14.80
14.63
14.74
9.20
58,200
Dec 23, 2024
14.52
14.75
14.52
14.72
9.19
506,100
Dec 20, 2024
14.60
14.64
14.50
14.64
9.14
43,000
Dec 19, 2024
14.81
14.81
14.51
14.57
9.10
71,100
Dec 18, 2024
14.85
14.93
14.64
14.70
9.18
37,700
Dec 17, 2024
14.85
14.87
14.71
14.87
9.28
46,400
Dec 16, 2024
15.19
15.19
14.86
14.87
9.28
59,400
Dec 13, 2024
15.38
15.38
15.11
15.23
9.51
76,900
Dec 12, 2024
15.27
15.37
15.22
15.34
9.58
39,600
Dec 11, 2024
15.35
15.36
15.24
15.28
9.54
53,200
Dec 10, 2024
15.60
15.60
15.32
15.45
9.65
22,800
Dec 9, 2024
15.57
15.69
15.44
15.49
9.67
62,900
Dec 6, 2024
15.70
15.70
15.54
15.55
9.71
41,800
Dec 5, 2024
15.68
15.76
15.61
15.70
9.80
16,300
Dec 4, 2024
16.06
16.06
15.58
15.61
9.75
80,000
Dec 3, 2024
16.06
16.10
15.95
16.05
10.02
62,600
Dec 2, 2024
16.10
16.10
15.94
16.07
10.03
75,500
Nov 29, 2024
0.51 Dividend 

Nov 29, 2024
16.01
16.10
15.99
16.06
10.03
38,600
Nov 27, 2024
16.59
16.63
16.50
16.55
10.01
84,100
Nov 26, 2024
16.86
16.86
16.54
16.55
10.01
49,400
Nov 25, 2024
17.02
17.02
16.80
16.84
10.19
67,800
Nov 22, 2024
17.04
17.16
17.00
17.02
10.30
30,600
Nov 21, 2024
17.01
17.07
16.80
17.00
10.29
17,400
Nov 20, 2024
16.75
16.89
16.73
16.89
10.22
17,500
Nov 19, 2024
16.85
16.85
16.68
16.73
10.12
18,700
Nov 18, 2024
16.90
16.95
16.80
16.87
10.21
66,600
Nov 15, 2024
16.91
16.98
16.73
16.77
10.15
26,100
Nov 14, 2024
16.96
17.00
16.87
16.87
10.21
11,500
Nov 13, 2024
16.81
16.94
16.55
16.91
10.23
14,900
Nov 12, 2024
16.75
16.81
16.66
16.76
10.14
11,400
Nov 11, 2024
16.71
16.83
16.71
16.72
10.12
17,700
Nov 8, 2024
16.81
16.82
16.64
16.78
10.15
12,000
Nov 7, 2024
16.74
16.83
16.73
16.79
10.16
25,300
Nov 6, 2024
16.73
16.87
16.73
16.82
10.18
38,400
Nov 5, 2024
16.63
16.63
16.53
16.58
10.03
9,100
Nov 4, 2024
16.20
16.57
16.20
16.57
10.03
19,500
Nov 1, 2024
16.68
16.75
16.09
16.09
9.74
63,100
Oct 31, 2024
0.337 Dividend 

Oct 31, 2024
16.40
16.53
16.28
16.32
9.88
36,200
Oct 30, 2024
16.84
16.84
16.64
16.68
9.89
51,600
Oct 29, 2024
16.89
16.93
16.70
16.75
9.93
36,800
Oct 28, 2024
16.75
16.94
16.71
16.93
10.04
37,500
Oct 25, 2024
17.08
17.08
16.95
16.99
10.07
32,700
Oct 24, 2024
16.97
17.02
16.93
17.00
10.08
12,400
Oct 23, 2024
17.12
17.12
16.95
17.10
10.14
10,000
Oct 22, 2024
17.10
17.16
17.07
17.11
10.14
11,000
Oct 21, 2024
17.08
17.13
17.00
17.00
10.08
49,500
Oct 18, 2024
17.02
17.05
16.91
17.05
10.11
19,800
Oct 17, 2024
17.11
17.15
16.99
17.08
10.13
33,700
Oct 16, 2024
17.18
17.18
17.08
17.11
10.14
10,600
Oct 15, 2024
17.13
17.19
16.93
17.06
10.11
35,800
Oct 14, 2024
17.36
17.47
17.33
17.43
10.33
18,700
Oct 11, 2024
17.36
17.42
17.31
17.36
10.29
11,100
Oct 10, 2024
17.27
17.39
17.25
17.35
10.29
26,100
Oct 9, 2024
17.20
17.26
17.09
17.23
10.22
20,200
Oct 8, 2024
17.51
17.51
17.09
17.22
10.21
35,700
Oct 7, 2024
17.66
17.75
17.59
17.65
10.46
23,100
Oct 4, 2024
17.46
17.63
17.34
17.60
10.43
51,900
Oct 3, 2024
0.254 Dividend 

Oct 3, 2024
17.44
17.44
17.20
17.41
10.32
30,000
Oct 2, 2024
17.66
17.66
17.39
17.53
10.24
43,400
Oct 1, 2024
16.82
17.35
16.82
17.29
10.10
32,000
Sep 30, 2024
16.84
17.02
16.75
17.02
9.94
22,900
Sep 27, 2024
16.44
16.89
16.44
16.81
9.82
29,500
Sep 26, 2024
16.50
16.55
16.25
16.48
9.63
39,600
Sep 25, 2024
17.03
17.03
16.64
16.74
9.78
21,700
Sep 24, 2024
17.13
17.13
16.99
17.04
9.96
19,100
Sep 23, 2024
16.81
17.06
16.80
17.01
9.94
58,200
Sep 20, 2024
16.91
16.91
16.67
16.79
9.81
33,100
Sep 19, 2024
16.81
17.04
16.77
16.89
9.87
30,300
Sep 18, 2024
16.60
16.77
16.60
16.71
9.77
13,100
Sep 17, 2024
16.57
16.68
16.57
16.63
9.72
26,900
Sep 16, 2024
16.53
16.53
16.42
16.53
9.66
13,900
Sep 13, 2024
16.37
16.41
16.30
16.32
9.53
8,100
Sep 12, 2024
16.17
16.35
16.16
16.30
9.52
48,000
Sep 11, 2024
16.26
16.26
15.89
16.17
9.45
33,200
Sep 10, 2024
16.85
16.85
16.21
16.29
9.52
51,900
Sep 9, 2024
16.57
16.86
16.57
16.80
9.82
21,400
Sep 6, 2024
0.366 Dividend 

Sep 6, 2024
16.70
16.70
16.39
16.51
9.65
230,500
Sep 5, 2024
17.18
17.18
16.90
16.90
9.66
157,500
Sep 4, 2024
17.26
17.26
17.00
17.00
9.72
48,900
Sep 3, 2024
17.35
17.35
16.99
17.20
9.83
27,600
Aug 30, 2024
17.33
17.39
17.28
17.39
9.94
8,300
Aug 29, 2024
17.27
17.37
17.26
17.36
9.92
13,400
Aug 28, 2024
17.24
17.28
17.20
17.23
9.85
14,100
Aug 27, 2024
17.30
17.31
17.28
17.30
9.89
11,800
Aug 26, 2024
17.22
17.33
17.22
17.33
9.91
27,000
Aug 23, 2024
17.09
17.16
17.04
17.16
9.81
15,300
Aug 22, 2024
16.85
16.97
16.84
16.95
9.69
17,600
Aug 21, 2024
16.99
17.06
16.85
16.85
9.63
23,000
Aug 20, 2024
17.38
17.40
16.90
16.94
9.69
42,200
Aug 19, 2024
17.41
17.67
17.40
17.43
9.96
123,800
Aug 16, 2024
17.30
17.47
17.30
17.41
9.95
36,200
Aug 15, 2024
17.42
17.52
17.41
17.42
9.96
14,700
Aug 14, 2024
17.25
17.42
17.23
17.37
9.93
9,900
Aug 13, 2024
17.22
17.28
17.18
17.22
9.85
14,500
Aug 12, 2024
17.36
17.36
17.21
17.27
9.87
23,000
Aug 9, 2024
17.16
17.30
17.08
17.27
9.87
57,900
Aug 8, 2024
16.88
17.18
16.88
17.12
9.79
17,700
Aug 7, 2024
0.341 Dividend 

Aug 7, 2024
16.86
17.02
16.80
16.86
9.64
10,800
Aug 6, 2024
17.11
17.18
16.92
17.00
9.52
25,000
Aug 5, 2024
17.37
17.37
16.87
17.07
9.56
20,100
Aug 2, 2024
17.40
17.48
17.13
17.27
9.67
25,400
Aug 1, 2024
17.35
17.39
17.14
17.20
9.64
14,400
Jul 31, 2024
17.40
17.43
17.34
17.36
9.72
23,800
Jul 30, 2024
17.04
17.31
17.04
17.25
9.66
24,900
Jul 29, 2024
17.10
17.11
16.97
17.04
9.55
20,900
Jul 26, 2024
17.10
17.23
17.10
17.17
9.62
11,500
Jul 25, 2024
16.87
17.17
16.87
17.14
9.60
54,200
Jul 24, 2024
16.63
16.89
16.63
16.87
9.45
9,300
Jul 23, 2024
16.89
16.89
16.66
16.69
9.35
28,400
Jul 22, 2024
16.90
16.99
16.83
16.92
9.48
19,500
Jul 19, 2024
17.19
17.19
16.95
16.96
9.50
149,300
Jul 18, 2024
17.19
17.31
17.19
17.28
9.68
51,400
Jul 17, 2024
17.10
17.18
17.10
17.18
9.62
37,100
Jul 16, 2024
17.02
17.10
16.88
17.10
9.58
52,700
Jul 15, 2024
16.95
17.06
16.88
17.04
9.55
37,700
Jul 12, 2024
16.90
16.91
16.74
16.83
9.43
19,700
Jul 11, 2024
16.49
16.83
16.48
16.76
9.39
26,100
Jul 10, 2024
16.42
16.62
16.39
16.62
9.31
36,000
Jul 9, 2024
16.60
16.65
16.41
16.48
9.23
18,200
Jul 8, 2024
16.56
16.74
16.51
16.60
9.30
38,200
Jul 5, 2024
0.188 Dividend 

Jul 5, 2024
16.97
16.97
16.66
16.76
9.39
60,200
Jul 3, 2024
17.09
17.22
17.06
17.16
9.51
34,000
Jul 2, 2024
17.17
17.19
16.96
17.07
9.46
38,800
Jul 1, 2024
17.15
17.27
17.09
17.15
9.50
47,700
Jun 28, 2024
17.15
17.17
17.14
17.17
9.51
19,100
Jun 27, 2024
17.18
17.18
17.12
17.15
9.50
9,000
Jun 26, 2024
17.14
17.14
17.09
17.13
9.49
24,100
Jun 25, 2024
17.08
17.13
17.06
17.12
9.49
13,900
Jun 24, 2024
16.99
17.10
16.99
17.10
9.47
25,500
Jun 21, 2024
16.92
16.97
16.87
16.87
9.35
19,200
Jun 20, 2024
16.72
16.94
16.72
16.89
9.36
14,000
Jun 18, 2024
16.66
16.79
16.55
16.66
9.23
20,700
Jun 17, 2024
16.58
16.62
16.51
16.51
9.15
23,900
Jun 14, 2024
16.73
16.73
16.52
16.58
9.19
29,300
Jun 13, 2024
16.82
16.82
16.67
16.72
9.26
50,500
Jun 12, 2024
17.08
17.09
16.79
16.85
9.34
42,600
Jun 11, 2024
17.04
17.05
16.94
17.02
9.43
17,600
Jun 10, 2024
17.06
17.20
17.06
17.08
9.46
31,200
Jun 7, 2024
17.15
17.26
17.02
17.02
9.43
29,100
Jun 6, 2024
0.301 Dividend 

Jun 6, 2024
17.03
17.17
16.98
17.15
9.50
12,700
Jun 5, 2024
17.31
17.34
17.08
17.33
9.43
34,100
Jun 4, 2024
17.35
17.35
17.04
17.30
9.42
29,100
Jun 3, 2024
17.70
17.70
17.42
17.53
9.54
24,500
May 31, 2024
17.59
17.72
17.58
17.72
9.65
135,300
May 30, 2024
17.44
17.54
17.44
17.54
9.55
34,000
May 29, 2024
17.49
17.50
17.39
17.45
9.50
19,200
May 28, 2024
17.44
17.54
17.44
17.54
9.55
23,100
May 24, 2024
17.59
17.59
17.36
17.38
9.46
27,200
May 23, 2024
17.72
17.77
17.42
17.42
9.48
30,100
May 22, 2024
17.95
17.95
17.65
17.72
9.65
87,300
May 21, 2024
18.01
18.13
18.01
18.03
9.82
9,600
May 20, 2024
18.10
18.15
18.07
18.10
9.85
45,700
May 17, 2024
18.06
18.10
18.02
18.10
9.85
50,600
May 16, 2024
17.98
18.05
17.96
18.01
9.80
14,100
May 15, 2024
17.89
18.00
17.75
17.97
9.78
17,100
May 14, 2024
17.84
17.91
17.78
17.89
9.74
36,500
May 13, 2024
17.90
17.91
17.77
17.83
9.71
21,700
May 10, 2024
17.83
17.83
17.77
17.83
9.71
32,600
May 9, 2024
17.54
17.82
17.54
17.80
9.69
19,200
May 8, 2024
17.60
17.71
17.56
17.63
9.60
24,600
May 7, 2024
17.66
17.68
17.60
17.63
9.60
8,300
May 6, 2024
0.335 Dividend 

May 6, 2024
17.63
17.76
17.62
17.67
9.62
20,300
May 3, 2024
17.95
17.95
17.66
17.92
9.57
26,000
May 2, 2024
18.03
18.08
17.93
17.94
9.58
9,200
May 1, 2024
18.22
18.22
17.90
17.92
9.57
25,300
Apr 30, 2024
18.31
18.31
18.18
18.18
9.71
9,000
Apr 29, 2024
18.13
18.31
18.13
18.31
9.78
15,500
Apr 26, 2024
18.30
18.30
17.92
18.16
9.70
33,100
Apr 25, 2024
18.48
18.57
18.41
18.51
9.89
18,000
Apr 24, 2024
18.38
18.54
18.33
18.54
9.90
29,700
Apr 23, 2024
18.39
18.51
18.36
18.51
9.89
11,500
Apr 22, 2024
18.29
18.51
18.17
18.40
9.83
77,200
Apr 19, 2024
18.24
18.42
18.24
18.35
9.80
34,000
Apr 18, 2024
18.18
18.22
18.11
18.11
9.67
21,300
Apr 17, 2024
18.14
18.29
17.95
18.21
9.73
25,600
Apr 16, 2024
18.32
18.40
18.09
18.22
9.73
37,600
Apr 15, 2024
18.53
18.60
18.32
18.35
9.80
68,800
Apr 12, 2024
18.81
18.86
18.31
18.42
9.84
41,500
Apr 11, 2024
18.72
18.72
18.38
18.63
9.95
38,500
Apr 10, 2024
18.51
18.69
18.47
18.68
9.98
73,800
Apr 9, 2024
18.44
18.55
18.37
18.53
9.90
26,200
Apr 8, 2024
18.48
18.56
18.31
18.44
9.85
59,800
Apr 5, 2024
18.54
18.54
18.47
18.54
9.90
58,800
Apr 4, 2024
0.257 Dividend 

Apr 4, 2024
18.48
18.52
18.46
18.50
9.88
24,900
Apr 3, 2024
18.75
18.77
18.68
18.76
9.88
39,900
Apr 2, 2024
18.64
18.74
18.60
18.74
9.87
26,300
Apr 1, 2024
18.47
18.57
18.35
18.56
9.78
23,900
Mar 28, 2024
18.44
18.48
18.40
18.47
9.73
26,700
Mar 27, 2024
18.34
18.44
18.34
18.44
9.72
9,700
Mar 26, 2024
18.38
18.38
18.31
18.36
9.67
17,100
Mar 25, 2024
18.31
18.41
18.31
18.38
9.68
36,100
Mar 22, 2024
18.21
18.27
18.20
18.24
9.61
27,000
Mar 21, 2024
18.13
18.22
18.13
18.20
9.59
23,700
Mar 20, 2024
18.12
18.17
18.08
18.14
9.56
26,000
Mar 19, 2024
18.04
18.18
18.04
18.16
9.57
122,100
Mar 18, 2024
17.95
18.09
17.93
18.06
9.52
41,100
Mar 15, 2024
17.88
17.92
17.86
17.92
9.44
22,900
Mar 14, 2024
17.80
17.86
17.73
17.84
9.40
29,400
Mar 13, 2024
17.66
17.76
17.66
17.72
9.34
15,600
Mar 12, 2024
17.65
17.65
17.52
17.60
9.27
29,600
Mar 11, 2024
17.50
17.65
17.40
17.65
9.30
13,700
Mar 8, 2024
17.33
17.50
17.33
17.50
9.22
29,100
Mar 7, 2024
17.44
17.45
17.39
17.44
9.19
36,400
Mar 6, 2024
0.279 Dividend 

Mar 6, 2024
17.34
17.43
17.34
17.43
9.18
20,300
Mar 5, 2024
17.62
17.68
17.59
17.68
9.17
28,300
Mar 4, 2024
17.66
17.66
17.57
17.58
9.12
7,700
Mar 1, 2024
17.60
17.68
17.60
17.68
9.17
42,500
Feb 29, 2024
17.57
17.59
17.54
17.58
9.12
17,300
Feb 28, 2024
17.50
17.59
17.50
17.56
9.11
27,300
Feb 27, 2024
17.56
17.56
17.50
17.53
9.09
15,200
Feb 26, 2024
17.45
17.56
17.42
17.55
9.10
41,100
Feb 23, 2024
17.44
17.48
17.39
17.47
9.06
15,400
Feb 22, 2024
17.39
17.46
17.38
17.46
9.05
11,900
Feb 21, 2024
17.32
17.42
17.32
17.37
9.01
12,900
Feb 20, 2024
17.36
17.36
17.28
17.29
8.97
21,400
Feb 16, 2024
17.36
17.40
17.34
17.40
9.02
18,400
Feb 15, 2024
16.98
17.36
16.98
17.36
9.00
18,000
Feb 14, 2024
17.11
17.18
16.96
17.03
8.83
25,700
Feb 13, 2024
17.15
17.22
16.96
17.08
8.86
26,100
Feb 12, 2024
16.98
17.16
16.97
17.12
8.88
31,400
Feb 9, 2024
17.29
17.35
16.93
16.97
8.80
44,300
Feb 8, 2024
17.10
17.31
17.08
17.25
8.95
13,900
Feb 7, 2024
0.222 Dividend 

Feb 7, 2024
17.04
17.04
16.86
17.00
8.81
15,400
Feb 6, 2024
17.15
17.29
17.13
17.22
8.81
16,900
Feb 5, 2024
17.07
17.19
16.99
17.12
8.76
12,300
Feb 2, 2024
17.31
17.34
17.13
17.13
8.77
13,200
Feb 1, 2024
17.28
17.31
17.07
17.17
8.79
10,800
Jan 31, 2024
17.44
17.44
17.20
17.22
8.81
18,000
Jan 30, 2024
17.20
17.43
17.18
17.43
8.92
14,900
Jan 29, 2024
17.20
17.24
17.07
17.24
8.83
18,900
Jan 26, 2024
17.09
17.10
17.04
17.10
8.75
23,000
Jan 25, 2024
17.04
17.09
17.02
17.09
8.75
15,100
Jan 24, 2024
16.95
17.04
16.89
17.04
8.72
15,100
Jan 23, 2024
16.77
16.92
16.77
16.86
8.63
15,100
Jan 22, 2024
16.75
16.76
16.58
16.72
8.56
24,700
Jan 19, 2024
16.74
16.75
16.67
16.75
8.57
25,500
Jan 18, 2024
16.78
16.78
16.54
16.71
8.55
31,900
Jan 17, 2024
16.71
16.89
16.68
16.71
8.55
27,700
Jan 16, 2024
17.16
17.16
16.85
16.87
8.64
27,000
Jan 12, 2024
17.13
17.19
17.03
17.17
8.79
22,300
Jan 11, 2024
17.02
17.02
16.93
16.97
8.69
39,300
Jan 10, 2024
17.02
17.05
16.87
16.92
8.66
20,000
Jan 9, 2024
17.27
17.27
17.06
17.13
8.77
13,400
Jan 8, 2024
17.36
17.36
16.99
17.29
8.85
32,900
Jan 5, 2024
0.31 Dividend 

Jan 5, 2024
17.58
17.58
17.44
17.53
8.97
14,300
Jan 4, 2024
17.86
17.89
17.72
17.75
8.92
30,700
Jan 3, 2024
17.70
17.83
17.65
17.81
8.96
12,100
Jan 2, 2024
17.47
17.78
17.47
17.70
8.90
12,700
Dec 29, 2023
17.41
17.47
17.33
17.40
8.75
12,000
Dec 28, 2023
17.61
17.61
17.41
17.41
8.76
13,300
Dec 27, 2023
17.70
17.73
17.63
17.63
8.87
19,600
Dec 26, 2023
17.74
17.79
17.71
17.72
8.91
14,500
Dec 22, 2023
17.72
17.74
17.63
17.66
8.88
11,000
Dec 21, 2023
17.54
17.60
17.48
17.60
8.85
15,300
Dec 20, 2023
17.70
17.72
17.50
17.52
8.81
22,400
Dec 19, 2023
17.55
17.69
17.55
17.69
8.90
9,300
Dec 18, 2023
17.51
17.65
17.51
17.53
8.82
19,800
Dec 15, 2023
17.50
17.50
17.31
17.38
8.74
33,000
Dec 14, 2023
17.23
17.53
17.23
17.45
8.78
33,700
Dec 13, 2023
16.89
17.09
16.86
17.09
8.60
27,600
Dec 12, 2023
16.95
17.00
16.81
16.92
8.51
18,600
Dec 11, 2023
17.17
17.20
17.02
17.15
8.63
20,200
Dec 8, 2023
17.10
17.14
17.01
17.14
8.62
11,700
Dec 7, 2023
0.199 Dividend 

Dec 7, 2023
17.23
17.25
16.91
16.96
8.53
48,600
Dec 6, 2023
17.40
17.50
17.13
17.23
8.56
49,200
Dec 5, 2023
17.80
17.80
17.47
17.48
8.69
38,800
Dec 4, 2023
17.73
17.88
17.71
17.81
8.85
28,200
Dec 1, 2023
17.72
17.99
17.72
17.86
8.88
16,500
Nov 30, 2023
17.88
18.02
17.68
17.82
8.86
12,100
Nov 29, 2023
18.07
18.07
17.63
17.73
8.81
26,000
Nov 28, 2023
18.03
18.11
17.97
17.98
8.94
21,800
Nov 27, 2023
17.98
17.98
17.85
17.96
8.93
22,800
Nov 24, 2023
17.96
18.11
17.96
18.04
8.97
11,300
Nov 22, 2023
17.71
17.94
17.60
17.92
8.91
18,100
Nov 21, 2023
17.93
17.97
17.81
17.97
8.93
12,800
Nov 20, 2023
18.03
18.09
18.00
18.00
8.95
20,900
Nov 17, 2023
17.71
18.04
17.66
18.01
8.95
21,300
Nov 16, 2023
17.71
17.71
17.48
17.58
8.74
40,000
Nov 15, 2023
17.81
17.92
17.75
17.76
8.83
15,100
Nov 14, 2023
17.83
17.87
17.78
17.85
8.87
16,700
Nov 13, 2023
17.67
17.77
17.61
17.77
8.83
19,100
Nov 10, 2023
17.63
17.64
17.47
17.56
8.73
26,000
Nov 9, 2023
17.63
17.68
17.54
17.54
8.72
13,800
Nov 8, 2023
0.407 Dividend 

Nov 8, 2023
17.66
17.82
17.54
17.54
8.72
25,200
Nov 7, 2023
18.21
18.40
17.99
18.16
8.83
45,400
Nov 6, 2023
18.68
18.70
18.42
18.43
8.96
21,400
Nov 3, 2023
18.77
18.79
18.53
18.70
9.09
11,900
Nov 2, 2023
18.35
18.77
18.35
18.77
9.12
6,000
Nov 1, 2023
18.46
18.46
18.34
18.34
8.91
16,500
Oct 31, 2023
18.25
18.33
18.23
18.32
8.91
12,600
Oct 30, 2023
18.20
18.31
18.20
18.31
8.90
9,900
Oct 27, 2023
18.77
18.77
18.11
18.18
8.84
23,700
Oct 26, 2023
18.58
18.60
18.41
18.53
9.00
7,700
Oct 25, 2023
18.56
18.81
18.56
18.73
9.10
6,900
Oct 24, 2023
18.83
18.84
18.67
18.71
9.09
10,300
Oct 23, 2023
18.93
18.97
18.73
18.82
9.14
13,700
Oct 20, 2023
19.11
19.11
19.04
19.05
9.26
9,900
Oct 19, 2023
19.07
19.12
18.97
19.08
9.28
22,500
Oct 18, 2023
18.96
19.07
18.96
19.04
9.25
12,800
Oct 17, 2023
18.85
18.97
18.82
18.93
9.20
15,300
Oct 16, 2023
18.82
18.82
18.66
18.77
9.12
23,200
Oct 13, 2023
18.46
18.92
18.38
18.72
9.10
20,700
Oct 12, 2023
18.43
18.43
18.24
18.24
8.86
11,500
Oct 11, 2023
19.00
19.00
18.04
18.22
8.85
40,800
Oct 10, 2023
18.87
18.98
18.80
18.88
9.18
7,700
Oct 9, 2023
18.75
18.95
18.65
18.85
9.16
26,800
Oct 6, 2023
0.286 Dividend 

Oct 6, 2023
18.12
18.52
18.02
18.33
8.91
29,200
Oct 5, 2023
19.07
19.17
18.90
18.94
9.06
24,300
Oct 4, 2023
19.88
19.88
19.25
19.41
9.29
21,600
Oct 3, 2023
19.99
20.18
19.99
20.09
9.62
8,200
Oct 2, 2023
20.38
20.38
19.93
20.11
9.63
25,500
Sep 29, 2023
20.45
20.48
20.29
20.43
9.78
17,600
Sep 28, 2023
20.48
20.51
20.40
20.47
9.80
15,300
Sep 27, 2023
20.29
20.47
20.27
20.45
9.79
27,700
Sep 26, 2023
20.00
20.19
20.00
20.15
9.65
14,900
Sep 25, 2023
19.98
20.17
19.96
20.10
9.62
12,000
Sep 22, 2023
20.03
20.14
19.94
19.94
9.55
11,000
Sep 21, 2023
20.22
20.24
19.90
19.91
9.53
18,200
Sep 20, 2023
20.23
20.46
20.20
20.20
9.67
17,600
Sep 19, 2023
20.53
20.54
20.26
20.35
9.74
13,600
Sep 18, 2023
20.26
20.49
20.21
20.44
9.78
50,100
Sep 15, 2023
20.41
20.47
20.23
20.26
9.70
20,800
Sep 14, 2023
20.53
20.56
20.50
20.56
9.84
26,700
Sep 13, 2023
20.51
20.51
20.48
20.51
9.82
21,100
Sep 12, 2023
20.44
20.51
20.44
20.51
9.82
33,600
Sep 11, 2023
20.47
20.47
20.33
20.36
9.74
32,400
Sep 8, 2023
20.30
20.44
20.30
20.44
9.78
23,400
Sep 7, 2023
20.29
20.37
20.29
20.33
9.73
20,800
Sep 6, 2023
20.28
20.35
20.26
20.34
9.74
38,500
Sep 5, 2023
20.33
20.41
20.25
20.26
9.70
54,200
Sep 1, 2023
21.25
23.38
20.15
20.28
9.71
57,700
Aug 31, 2023
20.00
20.02
19.94
20.00
9.58
54,500
