Date
Open
High
Low
Close 

Adj Close 

Volume
May 26, 2026
54.31
54.65
54.31
54.57
54.57
69,493
May 22, 2026
54.16
54.34
54.11
54.21
54.21
40,800
May 21, 2026
53.64
54.05
53.55
53.99
53.99
37,400
May 20, 2026
53.38
53.90
53.35
53.90
53.90
37,500
May 19, 2026
53.28
53.57
53.14
53.32
53.32
96,900
May 18, 2026
53.78
54.19
53.28
53.61
53.61
69,300
May 15, 2026
53.84
54.31
53.61
53.61
53.61
63,000
May 14, 2026
53.88
54.41
53.87
54.32
54.32
179,400
May 13, 2026
0.9 Dividend 

May 13, 2026
53.46
54.11
53.44
53.98
53.98
119,000
May 12, 2026
54.60
54.60
54.07
54.57
53.67
137,400
May 11, 2026
54.48
54.73
54.44
54.61
53.71
143,300
May 8, 2026
54.39
54.53
54.22
54.51
53.61
96,600
May 7, 2026
54.46
54.46
53.88
54.00
53.11
77,600
May 6, 2026
53.91
54.26
53.78
54.11
53.22
92,400
May 5, 2026
53.27
53.58
53.27
53.49
52.61
100,400
May 4, 2026
53.30
53.33
52.83
53.06
52.18
113,900
May 1, 2026
53.34
53.54
53.18
53.18
52.30
116,400
Apr 30, 2026
52.63
53.14
52.45
53.02
52.15
64,000
Apr 29, 2026
52.44
52.55
52.30
52.47
51.60
30,400
Apr 28, 2026
52.72
52.72
52.37
52.56
51.69
57,900
Apr 27, 2026
52.73
52.81
52.55
52.81
51.94
40,600
Apr 24, 2026
52.42
52.77
52.40
52.71
51.84
46,200
Apr 23, 2026
52.43
52.62
51.96
52.32
51.46
37,700
Apr 22, 2026
52.40
52.51
52.28
52.50
51.63
44,000
Apr 21, 2026
52.52
52.82
51.95
51.99
51.13
29,000
Apr 20, 2026
52.44
52.59
52.15
52.30
51.44
33,300
Apr 17, 2026
52.12
52.58
52.09
52.39
51.53
75,500
Apr 16, 2026
51.83
51.94
51.60
51.75
50.90
26,100
Apr 15, 2026
51.43
51.70
51.26
51.64
50.79
61,300
Apr 14, 2026
50.90
51.29
50.77
51.25
50.40
49,000
Apr 13, 2026
50.10
50.64
49.99
50.63
49.79
35,000
Apr 10, 2026
50.22
50.38
50.11
50.30
49.47
33,900
Apr 9, 2026
49.77
50.30
49.74
50.19
49.36
54,200
Apr 8, 2026
0.9 Dividend 

Apr 8, 2026
49.81
49.99
49.70
49.90
49.08
69,400
Apr 7, 2026
49.41
49.65
49.00
49.56
47.86
113,800
Apr 6, 2026
49.44
49.65
49.32
49.50
47.80
68,800
Apr 2, 2026
48.75
49.42
48.55
49.28
47.59
40,300
Apr 1, 2026
49.04
49.52
49.04
49.20
47.51
33,500
Mar 31, 2026
48.09
48.96
48.00
48.78
47.10
24,500
Mar 30, 2026
48.04
48.27
47.35
47.47
45.84
54,600
Mar 27, 2026
48.48
48.48
47.63
47.70
46.06
51,500
Mar 26, 2026
49.11
49.29
48.49
48.51
46.84
47,000
Mar 25, 2026
49.49
49.65
49.27
49.38
47.68
22,700
Mar 24, 2026
49.07
49.38
48.92
49.09
47.40
25,600
Mar 23, 2026
49.39
49.85
49.22
49.27
47.58
75,200
Mar 20, 2026
49.53
49.53
48.56
48.72
47.05
70,500
Mar 19, 2026
49.35
49.66
49.14
49.45
47.75
42,300
Mar 18, 2026
50.06
50.20
49.55
49.65
47.94
63,300
Mar 17, 2026
50.38
50.58
50.27
50.34
48.61
48,000
Mar 16, 2026
50.00
50.35
50.00
50.16
48.44
83,000
Mar 13, 2026
50.12
50.41
49.62
49.65
47.95
70,600
Mar 12, 2026
50.40
50.40
49.98
50.00
48.28
101,300
Mar 11, 2026
0.9 Dividend 

Mar 11, 2026
50.93
51.00
50.55
50.71
48.97
54,100
Mar 10, 2026
51.77
52.12
51.53
51.77
49.12
137,000
Mar 9, 2026
50.92
51.86
50.59
51.78
49.13
83,800
Mar 6, 2026
51.35
51.63
51.19
51.37
48.74
78,700
Mar 5, 2026
52.19
52.34
51.59
52.12
49.45
101,200
Mar 4, 2026
52.07
52.47
51.89
52.32
49.64
138,900
Mar 3, 2026
51.57
52.14
51.16
51.99
49.33
108,700
Mar 2, 2026
52.00
52.55
52.00
52.40
49.72
46,800
Feb 27, 2026
52.10
52.45
52.07
52.45
49.77
77,600
Feb 26, 2026
52.95
52.95
52.28
52.59
49.90
48,200
Feb 25, 2026
52.63
53.06
52.63
53.01
50.30
92,500
Feb 24, 2026
52.52
52.56
51.96
52.51
49.82
63,500
Feb 23, 2026
52.45
52.65
51.98
52.06
49.40
69,800
Feb 20, 2026
52.17
52.67
52.01
52.63
49.94
54,200
Feb 19, 2026
52.30
52.50
52.05
52.29
49.62
109,900
Feb 18, 2026
52.34
52.60
52.15
52.35
49.68
78,500
Feb 17, 2026
51.86
52.31
51.64
52.15
49.48
78,700
Feb 13, 2026
52.15
52.44
51.78
52.10
49.44
100,200
Feb 12, 2026
53.10
53.13
52.03
52.11
49.45
155,200
Feb 11, 2026
0.9 Dividend 

Feb 11, 2026
53.35
53.35
52.66
52.93
50.22
119,000
Feb 10, 2026
54.15
54.15
53.80
53.81
50.20
291,200
Feb 9, 2026
53.67
54.10
53.55
53.97
50.35
247,100
Feb 6, 2026
53.00
53.81
52.97
53.72
50.12
68,200
Feb 5, 2026
53.12
53.16
52.55
52.73
49.20
59,100
Feb 4, 2026
53.71
53.75
53.00
53.37
49.79
68,600
Feb 3, 2026
54.19
54.19
53.21
53.64
50.05
63,900
Feb 2, 2026
53.65
54.19
53.45
54.09
50.47
51,300
Jan 30, 2026
53.80
53.94
53.47
53.83
50.22
46,200
Jan 29, 2026
54.20
54.23
53.31
54.00
50.38
74,100
Jan 28, 2026
54.13
54.24
53.99
54.19
50.56
52,000
Jan 27, 2026
54.02
54.17
53.92
54.12
50.49
36,200
Jan 26, 2026
53.76
53.98
53.70
53.88
50.27
52,900
Jan 23, 2026
53.61
53.73
53.45
53.63
50.04
43,000
Jan 22, 2026
53.71
53.77
53.45
53.61
50.02
54,000
Jan 21, 2026
53.01
53.53
52.74
53.29
49.72
55,700
Jan 20, 2026
53.07
53.23
52.63
52.71
49.18
98,900
Jan 16, 2026
53.86
53.98
53.67
53.76
50.16
48,200
Jan 15, 2026
54.02
54.07
53.79
53.81
50.20
78,300
Jan 14, 2026
0.9 Dividend 

Jan 14, 2026
53.65
53.80
53.38
53.73
50.13
72,700
Jan 13, 2026
55.06
55.06
54.67
54.88
50.37
141,600
Jan 12, 2026
54.75
55.06
54.67
55.00
50.47
100,300
Jan 9, 2026
54.67
54.99
54.54
54.84
50.33
82,500
Jan 8, 2026
54.52
54.62
54.33
54.56
50.07
56,900
Jan 7, 2026
54.70
54.88
54.53
54.56
50.07
62,600
Jan 6, 2026
54.38
54.75
54.38
54.73
50.23
85,000
Jan 5, 2026
54.16
54.50
54.16
54.38
49.90
63,500
Jan 2, 2026
54.34
54.34
53.76
54.03
49.58
59,300
Dec 31, 2025
54.41
54.41
53.87
53.91
49.47
28,800
Dec 30, 2025
54.42
54.44
54.30
54.34
49.87
37,100
Dec 29, 2025
54.29
54.45
54.26
54.34
49.87
69,700
Dec 26, 2025
54.60
54.68
54.49
54.54
50.05
24,900
Dec 24, 2025
54.38
54.58
54.38
54.52
50.03
24,400
Dec 23, 2025
53.97
54.38
53.97
54.36
49.89
42,400
Dec 22, 2025
53.99
54.17
53.97
54.13
49.68
35,600
Dec 19, 2025
53.53
53.85
53.53
53.83
49.40
20,100
Dec 18, 2025
53.28
53.65
53.24
53.28
48.89
44,900
Dec 17, 2025
53.67
53.67
52.91
52.91
48.56
40,500
Dec 16, 2025
53.46
53.68
53.23
53.57
49.16
28,600
Dec 15, 2025
53.92
54.00
53.59
53.72
49.30
51,800
Dec 12, 2025
54.35
54.35
53.60
53.81
49.38
50,200
Dec 11, 2025
54.11
54.37
53.82
54.37
49.89
77,700
Dec 10, 2025
0.953 Dividend 

Dec 10, 2025
53.90
54.33
53.77
54.24
49.78
84,100
Dec 9, 2025
54.88
55.04
54.85
54.88
49.49
194,500
Dec 8, 2025
55.23
55.43
54.76
54.93
49.54
121,100
Dec 5, 2025
55.03
55.28
55.01
55.14
49.72
55,700
Dec 4, 2025
55.14
55.14
54.75
54.99
49.59
60,900
Dec 3, 2025
54.74
54.99
54.56
54.93
49.53
44,200
Dec 2, 2025
54.83
54.90
54.59
54.75
49.37
52,400
Dec 1, 2025
54.58
54.86
54.52
54.62
49.25
47,600
Nov 28, 2025
54.57
54.85
54.57
54.85
49.47
18,500
Nov 26, 2025
54.30
54.74
54.30
54.61
49.24
26,200
Nov 25, 2025
54.25
54.26
53.39
54.25
48.92
43,800
Nov 24, 2025
53.34
53.78
53.13
53.76
48.48
31,600
Nov 21, 2025
53.00
53.37
52.33
52.91
47.71
35,100
Nov 20, 2025
54.10
54.56
52.41
52.44
47.29
62,300
Nov 19, 2025
53.01
53.59
53.00
53.26
48.03
49,200
Nov 18, 2025
53.04
53.36
52.70
53.08
47.87
39,600
Nov 17, 2025
53.94
54.21
53.26
53.44
48.19
54,200
Nov 14, 2025
53.30
54.25
53.29
53.98
48.68
29,600
Nov 13, 2025
54.72
54.72
53.87
54.02
48.71
48,800
Nov 12, 2025
0.953 Dividend 

Nov 12, 2025
54.92
55.28
54.75
54.93
49.53
65,500
Nov 11, 2025
55.69
55.93
55.50
55.89
49.54
95,600
Nov 10, 2025
55.97
56.00
55.24
55.75
49.42
72,000
Nov 7, 2025
54.78
54.89
54.13
54.89
48.65
46,400
Nov 6, 2025
55.45
55.45
54.67
54.83
48.60
40,600
Nov 5, 2025
55.28
55.73
55.12
55.45
49.15
24,400
Nov 4, 2025
55.50
55.61
55.15
55.25
48.97
45,800
Nov 3, 2025
56.01
56.33
55.64
55.90
49.55
42,200
Oct 31, 2025
56.51
56.51
55.55
55.80
49.46
18,100
Oct 30, 2025
55.96
56.01
55.59
55.59
49.27
19,200
Oct 29, 2025
56.43
56.43
55.89
56.10
49.72
32,000
Oct 28, 2025
56.25
56.29
55.88
56.18
49.79
30,100
Oct 27, 2025
55.79
56.10
55.79
56.09
49.72
25,900
Oct 24, 2025
55.37
55.47
55.26
55.36
49.07
23,000
Oct 23, 2025
54.55
55.01
54.55
54.88
48.64
24,900
Oct 22, 2025
55.03
55.03
54.22
54.56
48.37
25,600
Oct 21, 2025
55.04
55.04
54.80
54.88
48.64
26,100
Oct 20, 2025
54.70
54.95
54.66
54.88
48.64
23,700
Oct 17, 2025
53.50
54.40
53.50
54.31
48.14
22,100
Oct 16, 2025
54.66
54.66
53.86
54.04
47.90
29,200
Oct 15, 2025
54.46
54.84
54.04
54.38
48.20
14,700
Oct 14, 2025
53.81
54.42
53.43
54.17
48.01
22,800
Oct 13, 2025
53.94
54.33
53.94
54.21
48.05
27,400
Oct 10, 2025
54.93
55.17
53.40
53.46
47.39
44,100
Oct 9, 2025
55.01
55.01
54.78
54.91
48.67
46,200
Oct 8, 2025
0.953 Dividend 

Oct 8, 2025
54.73
55.11
54.73
55.04
48.79
63,200
Oct 7, 2025
56.25
56.25
55.62
55.73
48.55
121,100
Oct 6, 2025
55.98
56.03
55.78
55.96
48.76
76,700
Oct 3, 2025
55.84
56.03
55.73
55.81
48.62
21,700
Oct 2, 2025
55.91
56.12
55.54
55.76
48.58
32,100
Oct 1, 2025
55.40
55.77
55.27
55.76
48.58
25,200
Sep 30, 2025
55.25
55.55
55.15
55.52
48.37
30,100
Sep 29, 2025
55.48
55.49
55.16
55.31
48.19
53,600
Sep 26, 2025
54.86
55.17
54.82
55.13
48.03
11,200
Sep 25, 2025
54.90
54.95
54.55
54.77
47.72
19,200
Sep 24, 2025
55.29
55.30
54.95
55.08
47.99
18,000
Sep 23, 2025
55.59
55.60
55.11
55.24
48.13
19,800
Sep 22, 2025
55.23
55.57
55.15
55.53
48.38
15,800
Sep 19, 2025
55.26
55.32
55.01
55.32
48.19
14,300
Sep 18, 2025
54.53
55.19
54.53
54.99
47.91
33,600
Sep 17, 2025
54.73
54.95
54.37
54.72
47.68
27,700
Sep 16, 2025
55.00
55.00
54.75
54.75
47.70
12,300
Sep 15, 2025
54.71
54.88
54.71
54.85
47.79
33,100
Sep 12, 2025
54.56
54.74
54.56
54.62
47.59
42,600
Sep 11, 2025
54.43
54.67
54.28
54.59
47.56
50,900
Sep 10, 2025
0.953 Dividend 

Sep 10, 2025
54.50
54.50
54.09
54.20
47.22
47,600
Sep 9, 2025
55.00
55.15
54.75
55.05
47.13
120,700
Sep 8, 2025
54.90
54.97
54.77
54.91
47.01
59,400
Sep 5, 2025
55.25
55.25
54.40
54.74
46.87
21,000
Sep 4, 2025
54.53
54.90
54.39
54.90
47.00
33,800
Sep 3, 2025
54.30
54.57
54.21
54.43
46.60
16,300
Sep 2, 2025
54.00
54.16
53.69
54.15
46.36
43,400
Aug 29, 2025
54.92
54.92
54.41
54.50
46.66
26,100
Aug 28, 2025
54.62
54.94
54.60
54.92
47.02
23,500
Aug 27, 2025
54.67
54.74
54.48
54.72
46.85
27,400
Aug 26, 2025
54.30
54.60
54.30
54.57
46.72
15,300
Aug 25, 2025
54.50
54.60
54.33
54.35
46.53
15,700
Aug 22, 2025
54.22
54.62
53.91
54.54
46.70
15,400
Aug 21, 2025
53.83
53.90
53.59
53.71
45.98
24,100
Aug 20, 2025
54.05
54.05
53.47
53.97
46.21
17,100
Aug 19, 2025
54.41
54.47
54.03
54.08
46.30
9,100
Aug 18, 2025
54.41
54.46
54.27
54.38
46.56
27,400
Aug 15, 2025
54.69
54.69
54.38
54.38
46.56
9,200
Aug 14, 2025
54.44
54.59
54.21
54.51
46.67
38,000
Aug 13, 2025
54.60
54.60
54.30
54.54
46.69
17,500
Aug 12, 2025
54.00
54.30
53.88
54.22
46.42
38,400
Aug 11, 2025
53.84
53.99
53.69
53.69
45.96
18,500
Aug 8, 2025
53.99
53.99
53.53
53.86
46.11
17,100
Aug 7, 2025
53.71
53.80
53.21
53.37
45.69
46,500
Aug 6, 2025
0.953 Dividend 

Aug 6, 2025
53.28
53.61
53.15
53.49
45.80
44,300
Aug 5, 2025
54.35
54.53
54.01
54.10
45.50
92,700
Aug 4, 2025
53.96
54.34
53.96
54.32
45.69
55,200
Aug 1, 2025
54.15
54.15
53.30
53.56
45.05
47,200
Jul 31, 2025
55.80
55.80
54.34
54.50
45.84
40,200
Jul 30, 2025
54.77
54.82
54.37
54.56
45.89
26,400
Jul 29, 2025
55.03
55.03
54.62
54.69
46.00
10,600
Jul 28, 2025
54.82
54.95
54.77
54.87
46.15
26,100
Jul 25, 2025
54.77
54.89
54.67
54.88
46.16
11,600
Jul 24, 2025
54.70
54.74
54.52
54.73
46.03
15,600
Jul 23, 2025
54.47
54.56
54.25
54.52
45.86
24,100
Jul 22, 2025
54.06
54.22
53.97
54.16
45.55
11,700
Jul 21, 2025
54.18
54.38
54.01
54.04
45.45
34,500
Jul 18, 2025
54.21
54.21
53.93
54.00
45.42
6,900
Jul 17, 2025
53.75
54.11
53.75
54.08
45.48
14,800
Jul 16, 2025
53.76
53.80
53.50
53.78
45.23
19,700
Jul 15, 2025
53.96
53.96
53.63
53.63
45.11
16,000
Jul 14, 2025
53.71
53.93
53.47
53.73
45.19
19,300
Jul 11, 2025
53.80
53.90
53.59
53.74
45.20
17,300
Jul 10, 2025
53.80
54.06
53.55
54.02
45.43
31,900
Jul 9, 2025
0.953 Dividend 

Jul 9, 2025
53.60
53.80
53.50
53.72
45.19
51,500
Jul 8, 2025
54.59
54.61
54.34
54.42
44.97
92,400
Jul 7, 2025
54.49
54.81
54.23
54.41
44.96
41,300
Jul 3, 2025
54.63
54.83
54.33
54.83
45.30
15,200
Jul 2, 2025
54.42
54.42
53.98
54.33
44.90
9,500
Jul 1, 2025
54.17
54.20
54.03
54.17
44.76
9,200
Jun 30, 2025
54.24
54.27
53.97
54.24
44.82
7,500
Jun 27, 2025
53.83
54.08
53.53
53.83
44.48
9,600
Jun 26, 2025
53.49
53.64
53.38
53.55
44.25
15,800
Jun 25, 2025
53.19
53.42
53.12
53.16
43.93
12,500
Jun 24, 2025
53.00
53.22
52.99
53.20
43.96
14,300
Jun 23, 2025
52.23
52.54
51.95
52.54
43.42
10,900
Jun 20, 2025
52.60
52.60
52.04
52.04
43.00
13,900
Jun 18, 2025
52.19
52.64
52.14
52.15
43.09
22,500
Jun 17, 2025
52.52
52.54
52.19
52.30
43.22
22,000
Jun 16, 2025
52.40
52.81
52.40
52.75
43.59
7,300
Jun 13, 2025
52.22
52.50
52.05
52.05
43.01
23,000
Jun 12, 2025
52.53
52.84
52.47
52.74
43.58
9,000
Jun 11, 2025
0.953 Dividend 

Jun 11, 2025
52.90
53.01
52.45
52.57
43.44
14,600
Jun 10, 2025
53.57
53.76
53.44
53.76
43.64
42,700
Jun 9, 2025
53.50
53.70
53.30
53.45
43.38
40,900
Jun 6, 2025
53.38
54.05
53.22
53.40
43.34
42,500
Jun 5, 2025
54.00
54.00
52.68
52.87
42.91
39,500
Jun 4, 2025
53.17
53.26
53.13
53.17
43.16
9,100
Jun 3, 2025
52.77
53.17
52.77
53.09
43.10
8,400
Jun 2, 2025
52.28
52.86
52.24
52.86
42.91
5,800
May 30, 2025
52.47
52.65
52.00
52.60
42.69
11,800
May 29, 2025
52.91
52.91
52.43
52.61
42.70
14,600
May 28, 2025
52.74
52.82
52.36
52.43
42.56
6,400
May 27, 2025
52.31
52.69
52.31
52.69
42.77
8,100
