Date
Open
High
Low
Close 

Adj Close 

Volume
Jun 5, 2026
52.44
52.65
50.06
50.22
50.22
364,500
Jun 4, 2026
52.62
53.39
52.56
53.22
53.22
157,200
Jun 3, 2026
0.922 Dividend 

Jun 3, 2026
53.77
53.85
53.20
53.42
53.42
294,300
Jun 2, 2026
54.37
54.70
54.11
54.66
53.74
748,200
Jun 1, 2026
53.92
54.52
53.82
54.35
53.43
682,500
May 29, 2026
53.86
54.30
53.84
54.08
53.17
340,200
May 28, 2026
53.57
53.94
53.38
53.92
53.01
206,300
May 27, 2026
53.73
53.76
53.27
53.57
52.67
216,100
May 26, 2026
53.29
53.64
53.22
53.56
52.66
361,500
May 22, 2026
52.95
53.05
52.67
52.86
51.97
212,000
May 21, 2026
52.20
52.72
52.02
52.61
51.72
197,900
May 20, 2026
51.98
52.40
51.85
52.38
51.50
186,400
May 19, 2026
51.65
51.99
51.22
51.63
50.76
116,700
May 18, 2026
52.31
52.33
51.49
51.90
51.02
196,000
May 15, 2026
52.09
52.47
51.82
52.05
51.17
166,900
May 14, 2026
52.53
52.86
52.46
52.75
51.86
184,700
May 13, 2026
52.19
52.55
51.80
52.46
51.58
308,900
May 12, 2026
51.90
52.16
51.17
51.99
51.11
512,500
May 11, 2026
52.14
52.39
52.04
52.39
51.51
210,600
May 8, 2026
51.52
52.10
51.47
52.10
51.22
255,600
May 7, 2026
51.16
51.55
50.86
51.07
50.21
272,300
May 6, 2026
0.856 Dividend 

May 6, 2026
50.75
51.13
50.61
51.08
50.22
272,100
May 5, 2026
50.91
51.18
50.83
51.04
49.34
342,500
May 4, 2026
50.66
50.78
50.15
50.46
48.78
468,700
May 1, 2026
50.24
50.74
50.24
50.63
48.94
187,000
Apr 30, 2026
49.97
50.07
49.38
50.00
48.33
213,000
Apr 29, 2026
49.57
49.70
49.40
49.70
48.04
135,100
Apr 28, 2026
49.47
49.56
49.18
49.50
47.85
120,700
Apr 27, 2026
49.78
49.84
49.60
49.64
47.98
218,200
Apr 24, 2026
49.58
49.92
49.35
49.88
48.22
232,400
Apr 23, 2026
49.22
49.39
48.70
49.09
47.45
104,300
Apr 22, 2026
49.03
49.32
48.85
49.17
47.53
81,700
Apr 21, 2026
48.96
48.97
48.47
48.61
46.99
81,600
Apr 20, 2026
48.88
48.93
48.52
48.88
47.25
124,100
Apr 17, 2026
48.79
48.99
48.65
48.95
47.32
102,200
Apr 16, 2026
48.38
48.50
48.13
48.39
46.78
71,200
Apr 15, 2026
47.74
48.20
47.59
48.20
46.59
71,700
Apr 14, 2026
47.11
47.60
47.05
47.60
46.01
91,400
Apr 13, 2026
46.22
46.87
46.10
46.87
45.31
86,000
Apr 10, 2026
46.33
46.49
46.17
46.27
44.73
93,300
Apr 9, 2026
45.80
46.26
45.65
46.26
44.72
76,500
Apr 8, 2026
0.767 Dividend 

Apr 8, 2026
46.17
46.17
45.54
45.75
44.22
145,900
Apr 7, 2026
44.97
45.23
44.28
45.23
42.98
136,900
Apr 6, 2026
44.98
45.32
44.90
45.26
43.01
107,300
Apr 2, 2026
43.71
44.87
43.62
44.82
42.59
144,800
Apr 1, 2026
44.60
45.12
44.49
44.81
42.58
158,700
Mar 31, 2026
42.60
44.26
42.60
44.15
41.95
69,400
Mar 30, 2026
42.87
43.01
41.68
41.92
39.83
83,300
Mar 27, 2026
43.51
43.51
42.38
42.59
40.47
98,900
Mar 26, 2026
44.80
44.99
43.75
43.76
41.58
85,800
Mar 25, 2026
45.55
45.73
45.16
45.42
43.16
90,500
Mar 24, 2026
45.04
45.27
44.75
44.86
42.63
50,400
Mar 23, 2026
45.64
46.13
45.16
45.42
43.16
133,500
Mar 20, 2026
45.72
45.72
44.27
44.67
42.45
110,500
Mar 19, 2026
45.51
46.11
45.08
45.84
43.56
37,100
Mar 18, 2026
46.74
46.85
46.03
46.08
43.79
41,600
Mar 17, 2026
46.90
47.13
46.77
46.92
44.59
34,500
Mar 16, 2026
46.50
46.78
46.42
46.56
44.24
50,100
Mar 13, 2026
46.47
46.64
45.63
45.76
43.48
63,200
Mar 12, 2026
46.81
46.84
46.12
46.15
43.85
44,900
Mar 11, 2026
47.33
47.51
47.00
47.14
44.79
36,200
Mar 10, 2026
47.10
47.63
46.91
47.07
44.73
67,200
Mar 9, 2026
45.73
47.16
45.52
47.10
44.76
59,000
Mar 6, 2026
46.50
46.87
46.20
46.32
44.02
57,600
Mar 5, 2026
47.16
47.53
46.63
47.09
44.75
40,200
Mar 4, 2026
0.814 Dividend 

Mar 4, 2026
46.71
47.62
46.71
47.43
45.07
52,100
Mar 3, 2026
46.91
47.52
46.47
47.47
44.33
78,200
Mar 2, 2026
47.12
48.10
47.10
47.95
44.78
59,800
Feb 27, 2026
47.47
47.88
47.30
47.84
44.68
79,000
Feb 26, 2026
48.76
48.76
47.53
48.11
44.93
78,200
Feb 25, 2026
48.24
48.78
48.11
48.76
45.54
57,200
Feb 24, 2026
47.31
47.96
46.87
47.83
44.67
32,800
Feb 23, 2026
47.70
47.75
46.85
47.02
43.91
72,200
Feb 20, 2026
47.01
48.01
47.00
47.84
44.68
69,100
Feb 19, 2026
47.21
47.54
47.03
47.36
44.23
50,500
Feb 18, 2026
47.25
47.97
47.04
47.57
44.43
35,800
Feb 17, 2026
46.82
47.22
46.30
47.11
44.00
33,600
Feb 13, 2026
47.01
47.54
46.80
47.09
43.98
27,000
Feb 12, 2026
48.30
48.44
46.86
46.99
43.89
47,500
Feb 11, 2026
48.60
48.60
47.80
48.26
45.07
63,300
Feb 10, 2026
48.42
48.54
48.07
48.10
44.92
78,800
Feb 9, 2026
47.80
48.51
47.59
48.35
45.16
57,300
Feb 6, 2026
47.20
48.02
47.07
47.96
44.79
34,500
Feb 5, 2026
47.09
47.34
46.56
46.75
43.66
35,300
Feb 4, 2026
0.85 Dividend 

Feb 4, 2026
48.32
48.69
47.12
47.51
44.37
52,700
Feb 3, 2026
50.20
50.20
48.88
49.27
45.22
54,500
