Date
Open
High
Low
Close 

Adj Close 

Volume
Jun 5, 2026
49.89
49.91
48.51
48.65
48.65
65,000
Jun 4, 2026
49.66
50.28
49.66
50.22
50.22
37,500
Jun 3, 2026
0.713 Dividend 

Jun 3, 2026
50.31
50.33
49.95
49.99
49.99
79,700
Jun 2, 2026
50.97
51.17
50.86
51.15
50.44
97,900
Jun 1, 2026
50.81
51.13
50.71
51.04
50.33
131,200
May 29, 2026
50.87
51.00
50.71
50.88
50.17
92,100
May 28, 2026
50.53
50.87
50.41
50.86
50.15
49,000
May 27, 2026
50.55
50.62
50.36
50.56
49.86
53,200
May 26, 2026
50.49
50.64
50.31
50.58
49.87
80,500
May 22, 2026
50.00
50.38
50.00
50.21
49.51
71,200
May 21, 2026
49.63
50.04
49.63
49.85
49.16
35,500
May 20, 2026
49.57
49.88
49.37
49.88
49.18
30,000
May 19, 2026
49.48
49.63
49.27
49.36
48.67
28,800
May 18, 2026
49.70
49.84
49.31
49.67
48.98
71,000
May 15, 2026
49.84
49.88
49.58
49.65
48.96
58,100
May 14, 2026
49.97
50.26
49.86
50.26
49.56
30,000
May 13, 2026
49.44
49.88
49.40
49.82
49.13
20,100
May 12, 2026
49.35
49.58
49.04
49.56
48.87
53,200
May 11, 2026
49.30
49.70
49.30
49.68
48.99
57,600
May 8, 2026
49.19
49.50
49.19
49.43
48.74
43,900
May 7, 2026
49.39
49.39
48.98
49.05
48.37
97,500
May 6, 2026
0.683 Dividend 

May 6, 2026
48.96
49.28
48.86
49.24
48.55
95,600
May 5, 2026
49.04
49.43
49.04
49.32
47.96
91,600
May 4, 2026
49.09
49.20
48.70
48.92
47.57
144,100
May 1, 2026
49.16
49.39
49.13
49.17
47.81
73,900
Apr 30, 2026
48.59
49.00
48.50
48.96
47.61
33,700
Apr 29, 2026
48.57
48.64
48.35
48.64
47.30
22,900
Apr 28, 2026
48.58
48.64
48.41
48.58
47.24
28,700
Apr 27, 2026
48.63
48.87
48.55
48.72
47.38
48,800
Apr 24, 2026
48.36
48.75
48.30
48.65
47.31
46,300
Apr 23, 2026
48.42
48.56
48.01
48.33
47.00
34,900
Apr 22, 2026
48.32
48.47
48.23
48.38
47.04
21,500
Apr 21, 2026
48.52
48.53
48.00
48.02
46.69
82,800
Apr 20, 2026
48.40
48.43
48.27
48.33
47.00
27,000
Apr 17, 2026
48.31
48.53
48.23
48.43
47.09
31,000
Apr 16, 2026
48.00
48.00
47.78
47.95
46.63
39,900
Apr 15, 2026
47.67
47.87
47.56
47.83
46.51
32,200
Apr 14, 2026
47.19
47.53
47.18
47.52
46.21
32,700
Apr 13, 2026
46.47
46.97
46.32
46.97
45.67
30,400
Apr 10, 2026
46.56
46.71
46.43
46.48
45.20
42,400
Apr 9, 2026
46.06
46.64
46.06
46.60
45.31
17,700
Apr 8, 2026
0.638 Dividend 

Apr 8, 2026
46.27
46.35
46.00
46.20
44.93
51,800
Apr 7, 2026
45.51
45.56
44.98
45.56
43.68
37,700
Apr 6, 2026
45.43
45.61
45.40
45.54
43.66
67,000
Apr 2, 2026
44.34
45.36
44.34
45.19
43.33
28,200
Apr 1, 2026
45.05
45.58
45.05
45.28
43.41
23,900
Mar 31, 2026
43.72
44.95
43.66
44.85
43.00
18,400
Mar 30, 2026
43.83
43.83
42.70
42.99
41.22
17,500
Mar 27, 2026
44.00
44.05
43.16
43.27
41.49
21,600
Mar 26, 2026
45.00
45.34
44.33
44.37
42.54
23,600
Mar 25, 2026
45.79
45.97
45.35
45.50
43.62
48,000
Mar 24, 2026
45.06
45.49
44.88
45.11
43.25
10,100
Mar 23, 2026
45.73
46.10
45.20
45.43
43.56
20,000
Mar 20, 2026
45.48
45.51
44.38
44.80
42.95
35,300
Mar 19, 2026
45.60
45.89
45.27
45.68
43.80
18,800
Mar 18, 2026
46.60
46.60
45.90
45.98
44.09
20,900
Mar 17, 2026
46.92
47.11
46.68
46.74
44.81
13,700
Mar 16, 2026
46.46
46.79
46.33
46.55
44.63
18,300
Mar 13, 2026
46.50
46.75
45.62
45.86
43.97
33,900
Mar 12, 2026
46.80
46.80
46.24
46.26
44.35
25,900
Mar 11, 2026
47.43
47.53
46.97
47.19
45.25
30,800
Mar 10, 2026
47.45
47.75
47.09
47.17
45.23
25,000
Mar 9, 2026
46.33
47.36
45.90
47.26
45.31
23,900
Mar 6, 2026
46.97
47.15
46.57
46.79
44.86
43,400
Mar 5, 2026
47.76
47.97
47.16
47.63
45.67
50,600
Mar 4, 2026
0.682 Dividend 

Mar 4, 2026
47.72
48.14
47.50
47.98
46.00
35,900
Mar 3, 2026
47.79
48.41
47.26
48.29
45.65
80,000
Mar 2, 2026
48.14
48.92
48.14
48.77
46.10
30,500
Feb 27, 2026
48.49
48.73
48.41
48.69
46.02
42,700
Feb 26, 2026
49.41
49.41
48.59
48.94
46.26
34,100
Feb 25, 2026
49.10
49.32
49.05
49.31
46.61
80,200
Feb 24, 2026
48.31
48.86
48.10
48.78
46.11
26,900
Feb 23, 2026
48.87
49.06
48.13
48.23
45.59
29,100
Feb 20, 2026
48.32
48.95
48.30
48.91
46.23
29,300
Feb 19, 2026
48.54
48.68
48.29
48.55
45.89
37,000
Feb 18, 2026
48.41
48.93
48.39
48.70
46.03
20,500
Feb 17, 2026
47.88
48.50
47.73
48.30
45.66
23,300
Feb 13, 2026
48.25
48.58
47.90
48.19
45.55
15,500
Feb 12, 2026
49.38
49.38
48.16
48.17
45.53
38,200
Feb 11, 2026
49.58
49.59
48.93
49.17
46.48
42,100
Feb 10, 2026
49.39
49.49
49.14
49.14
46.45
33,200
Feb 9, 2026
48.86
49.47
48.80
49.33
46.63
32,100
Feb 6, 2026
48.37
49.11
48.37
49.09
46.40
37,800
Feb 5, 2026
47.99
48.35
47.76
47.84
45.22
13,200
Feb 4, 2026
0.7 Dividend 

Feb 4, 2026
48.97
49.04
48.23
48.60
45.94
33,300
Feb 3, 2026
50.14
50.19
49.08
49.57
46.19
48,300
