Date
Open
High
Low
Close 

Adj Close 

Volume
May 26, 2026
40.47
40.57
40.47
40.54
40.54
795,671
May 22, 2026
40.43
40.48
40.39
40.42
40.42
322,500
May 21, 2026
40.15
40.37
40.12
40.36
40.36
1,109,400
May 20, 2026
40.09
40.28
40.05
40.27
40.27
854,100
May 19, 2026
40.05
40.13
39.97
40.04
40.04
859,800
May 18, 2026
0.401 Dividend 

May 18, 2026
40.20
40.22
40.00
40.16
40.16
1,478,300
May 15, 2026
40.62
40.67
40.41
40.52
40.12
511,400
May 14, 2026
40.64
40.65
40.60
40.62
40.22
483,100
May 13, 2026
40.64
40.64
40.59
40.62
40.22
460,000
May 12, 2026
40.61
40.61
40.57
40.60
40.20
635,200
May 11, 2026
40.55
40.61
40.55
40.60
40.20
607,400
May 8, 2026
40.60
40.60
40.55
40.59
40.19
519,700
May 7, 2026
40.55
40.56
40.51
40.52
40.12
513,100
May 6, 2026
40.53
40.54
40.49
40.53
40.13
475,400
May 5, 2026
40.47
40.47
40.37
40.45
40.05
526,500
May 4, 2026
40.33
40.40
40.23
40.33
39.93
559,800
May 1, 2026
40.38
40.41
40.33
40.34
39.94
498,000
Apr 30, 2026
40.20
40.31
40.09
40.28
39.88
383,200
Apr 29, 2026
40.07
40.10
39.98
40.09
39.69
581,700
Apr 28, 2026
40.02
40.09
39.99
40.08
39.68
450,800
Apr 27, 2026
40.01
40.15
40.01
40.15
39.75
916,400
Apr 24, 2026
39.99
40.07
39.93
40.06
39.66
580,500
Apr 23, 2026
39.95
40.00
39.67
39.92
39.52
1,545,200
Apr 22, 2026
39.93
39.97
39.88
39.97
39.57
638,300
Apr 21, 2026
39.94
39.94
39.67
39.73
39.34
962,300
Apr 20, 2026
0.352 Dividend 

Apr 20, 2026
39.86
39.90
39.79
39.88
39.49
871,500
Apr 17, 2026
40.14
40.34
39.98
40.30
39.55
1,037,800
Apr 16, 2026
40.00
40.00
39.95
39.97
39.23
929,600
Apr 15, 2026
40.00
40.00
39.95
39.97
39.23
556,300
Apr 14, 2026
39.98
40.00
39.94
39.97
39.23
626,000
Apr 13, 2026
39.90
39.95
39.90
39.95
39.21
902,200
Apr 10, 2026
39.96
39.96
39.89
39.93
39.19
481,000
Apr 9, 2026
39.85
39.91
39.84
39.91
39.17
1,203,000
Apr 8, 2026
39.90
39.90
39.76
39.83
39.09
1,539,400
Apr 7, 2026
39.46
39.48
39.24
39.47
38.74
1,160,400
Apr 6, 2026
39.44
39.55
39.41
39.49
38.76
1,026,100
Apr 2, 2026
39.05
39.39
38.99
39.37
38.64
463,900
Apr 1, 2026
39.29
39.42
39.23
39.31
38.58
689,000
Mar 31, 2026
38.71
39.19
38.66
39.13
38.40
1,485,200
Mar 30, 2026
38.63
38.70
38.22
38.36
37.65
953,700
Mar 27, 2026
38.64
38.70
38.31
38.36
37.65
985,000
Mar 26, 2026
38.99
39.09
38.77
38.78
38.06
1,026,600
Mar 25, 2026
39.19
39.25
39.06
39.15
38.42
1,057,500
Mar 24, 2026
38.93
39.13
38.88
39.01
38.29
1,428,800
Mar 23, 2026
0.391 Dividend 

Mar 23, 2026
39.15
39.28
39.00
39.06
38.34
2,185,000
Mar 20, 2026
39.57
39.57
39.03
39.19
38.08
1,134,900
Mar 19, 2026
39.49
39.84
39.38
39.64
38.52
1,337,300
Mar 18, 2026
40.17
40.25
39.76
39.76
38.63
1,027,900
Mar 17, 2026
40.40
40.53
40.28
40.32
39.18
805,900
Mar 16, 2026
40.12
40.38
40.11
40.23
39.09
1,057,500
Mar 13, 2026
40.15
40.34
39.75
39.79
38.66
2,337,600
Mar 12, 2026
40.27
40.30
39.99
40.00
38.87
1,941,600
Mar 11, 2026
40.52
40.68
40.36
40.51
39.36
1,678,100
Mar 10, 2026
40.51
40.79
40.41
40.49
39.34
1,741,100
Mar 9, 2026
39.90
40.58
39.71
40.50
39.35
2,188,800
Mar 6, 2026
40.18
40.37
40.05
40.18
39.04
4,882,900
Mar 5, 2026
40.62
40.78
40.34
40.63
39.48
1,448,800
Mar 4, 2026
40.61
40.82
40.51
40.76
39.61
837,600
Mar 3, 2026
40.25
40.61
40.00
40.52
39.37
2,729,100
Mar 2, 2026
40.40
40.82
40.40
40.74
39.59
2,103,400
Feb 27, 2026
40.60
40.74
40.53
40.73
39.58
1,111,500
Feb 26, 2026
40.93
40.95
40.63
40.85
39.69
1,071,200
Feb 25, 2026
40.81
40.91
40.79
40.91
39.75
816,800
Feb 24, 2026
40.50
40.73
40.41
40.69
39.54
818,100
Feb 23, 2026
0.341 Dividend 

Feb 23, 2026
40.63
40.74
40.40
40.53
39.38
1,342,600
Feb 20, 2026
40.71
41.10
40.68
41.06
39.57
1,207,600
Feb 19, 2026
40.81
40.90
40.65
40.83
39.34
1,100,800
Feb 18, 2026
40.80
41.04
40.71
40.90
39.41
618,300
Feb 17, 2026
40.55
40.80
40.29
40.70
39.22
1,126,600
Feb 13, 2026
40.48
40.81
40.35
40.61
39.13
1,018,700
Feb 12, 2026
40.99
41.06
40.49
40.49
39.02
1,102,100
Feb 11, 2026
41.06
41.06
40.81
40.95
39.46
443,200
Feb 10, 2026
41.00
41.02
40.90
40.92
39.43
559,500
Feb 9, 2026
40.74
41.00
40.69
40.94
39.45
715,000
Feb 6, 2026
40.42
40.86
40.41
40.80
39.31
593,300
Feb 5, 2026
40.32
40.46
40.10
40.21
38.75
784,200
Feb 4, 2026
40.75
40.77
40.38
40.57
39.09
1,410,100
Feb 3, 2026
40.92
40.93
40.47
40.71
39.23
1,137,400
Feb 2, 2026
40.68
40.93
40.67
40.89
39.40
737,800
Jan 30, 2026
40.75
40.81
40.57
40.74
39.26
766,400
Jan 29, 2026
40.82
40.83
40.45
40.78
39.30
819,200
Jan 28, 2026
40.84
40.85
40.75
40.80
39.31
707,700
Jan 27, 2026
40.80
40.83
40.75
40.80
39.31
552,200
Jan 26, 2026
40.64
40.77
40.64
40.73
39.25
663,700
Jan 23, 2026
40.60
40.66
40.54
40.62
39.14
897,600
Jan 22, 2026
40.59
40.64
40.50
40.59
39.11
1,008,100
Jan 21, 2026
40.15
40.53
40.13
40.42
38.95
1,156,900
Jan 20, 2026
0.36 Dividend 

Jan 20, 2026
40.22
40.36
40.03
40.10
38.64
1,537,300
Jan 16, 2026
41.06
41.06
40.82
40.91
39.07
738,100
Jan 15, 2026
41.01
41.02
41.00
41.02
39.18
523,900
Jan 14, 2026
40.98
41.00
40.95
41.00
39.16
901,400
Jan 13, 2026
40.99
41.00
40.97
40.99
39.15
1,034,900
Jan 12, 2026
40.95
40.99
40.94
40.99
39.15
501,100
Jan 9, 2026
40.93
40.97
40.91
40.97
39.13
456,100
Jan 8, 2026
40.88
40.91
40.86
40.88
39.05
535,700
Jan 7, 2026
40.90
40.93
40.87
40.87
39.04
594,200
Jan 6, 2026
40.84
40.90
40.84
40.88
39.05
751,100
Jan 5, 2026
40.79
40.85
40.79
40.84
39.01
857,300
Jan 2, 2026
40.77
40.78
40.63
40.72
38.89
1,457,100
Dec 31, 2025
40.74
40.76
40.63
40.63
38.81
810,100
Dec 30, 2025
40.74
40.76
40.73
40.74
38.91
1,084,300
Dec 29, 2025
40.72
40.76
40.70
40.74
38.91
918,900
Dec 26, 2025
40.73
40.76
40.72
40.75
38.92
401,400
Dec 24, 2025
40.68
40.73
40.67
40.73
38.90
320,100
Dec 23, 2025
40.58
40.68
40.58
40.67
38.84
625,800
Dec 22, 2025
0.325 Dividend 

Dec 22, 2025
40.59
40.62
40.55
40.59
38.77
1,588,000
Dec 19, 2025
40.55
40.80
40.55
40.79
38.65
1,256,600
Dec 18, 2025
40.53
40.54
40.51
40.53
38.40
684,100
Dec 17, 2025
40.51
40.53
40.50
40.50
38.37
541,900
Dec 16, 2025
40.49
40.52
40.49
40.52
38.39
684,000
Dec 15, 2025
40.51
40.51
40.49
40.50
38.37
932,300
Dec 12, 2025
40.51
40.51
40.46
40.50
38.37
900,400
Dec 11, 2025
40.48
40.50
40.46
40.49
38.36
1,088,000
Dec 10, 2025
40.48
40.48
40.43
40.48
38.35
796,500
Dec 9, 2025
40.44
40.45
40.43
40.44
38.32
407,300
Dec 8, 2025
40.44
40.45
40.41
40.43
38.31
842,300
Dec 5, 2025
40.42
40.44
40.40
40.44
38.32
666,000
Dec 4, 2025
40.40
40.42
40.37
40.42
38.30
549,100
Dec 3, 2025
40.33
40.38
40.32
40.37
38.25
469,200
Dec 2, 2025
40.33
40.35
40.30
40.34
38.22
665,900
Dec 1, 2025
40.25
40.33
40.25
40.30
38.18
670,900
Nov 28, 2025
40.26
40.31
40.26
40.31
38.19
296,400
Nov 26, 2025
40.21
40.26
40.19
40.25
38.14
414,200
Nov 25, 2025
40.02
40.17
39.92
40.14
38.03
841,600
Nov 24, 2025
0.4 Dividend 

Nov 24, 2025
39.88
40.04
39.83
40.01
37.91
1,050,400
Nov 21, 2025
39.82
40.25
39.61
40.08
37.60
1,578,400
Nov 20, 2025
40.17
40.20
39.63
39.67
37.21
1,649,700
Nov 19, 2025
39.82
40.02
39.82
39.98
37.50
1,207,700
Nov 18, 2025
39.81
39.93
39.64
39.81
37.34
1,109,400
Nov 17, 2025
39.95
40.04
39.81
39.95
37.48
1,076,500
Nov 14, 2025
39.77
40.03
39.73
39.96
37.48
892,600
Nov 13, 2025
40.03
40.07
39.90
39.94
37.47
907,300
Nov 12, 2025
40.09
40.09
40.05
40.08
37.60
1,612,000
Nov 11, 2025
40.04
40.07
40.02
40.07
37.59
431,700
Nov 10, 2025
39.97
40.04
39.96
40.04
37.56
746,600
Nov 7, 2025
39.74
39.84
39.55
39.83
37.36
835,500
Nov 6, 2025
39.91
39.91
39.74
39.77
37.31
545,400
Nov 5, 2025
39.84
39.95
39.82
39.90
37.43
377,600
Nov 4, 2025
39.81
39.90
39.80
39.82
37.35
621,500
Nov 3, 2025
39.92
39.95
39.86
39.93
37.46
654,700
Oct 31, 2025
39.91
39.93
39.81
39.83
37.36
625,600
Oct 30, 2025
39.88
39.91
39.83
39.84
37.37
987,200
Oct 29, 2025
39.93
39.93
39.85
39.89
37.42
827,000
Oct 28, 2025
39.92
39.92
39.88
39.89
37.42
476,700
Oct 27, 2025
39.89
39.90
39.86
39.90
37.43
639,000
Oct 24, 2025
39.78
39.80
39.76
39.78
37.32
535,600
Oct 23, 2025
39.60
39.69
39.56
39.66
37.20
796,700
Oct 22, 2025
39.62
39.64
39.41
39.55
37.10
1,137,600
Oct 21, 2025
39.58
39.66
39.58
39.62
37.17
884,700
Oct 20, 2025
0.397 Dividend 

Oct 20, 2025
39.46
39.64
39.46
39.62
37.17
802,100
Oct 17, 2025
39.40
39.77
39.40
39.77
36.93
1,409,800
Oct 16, 2025
39.55
39.60
39.29
39.45
36.64
1,498,500
Oct 15, 2025
39.55
39.59
39.30
39.50
36.68
799,400
Oct 14, 2025
39.19
39.50
39.02
39.40
36.59
834,500
Oct 13, 2025
39.27
39.46
39.26
39.42
36.61
1,680,500
Oct 10, 2025
39.54
39.56
38.93
38.94
36.16
3,252,100
Oct 9, 2025
39.52
39.53
39.46
39.49
36.67
612,500
Oct 8, 2025
39.45
39.51
39.44
39.51
36.69
527,300
Oct 7, 2025
39.48
39.49
39.38
39.42
36.61
600,600
Oct 6, 2025
39.44
39.47
39.41
39.47
36.66
657,500
Oct 3, 2025
39.39
39.44
39.36
39.39
36.58
1,456,100
Oct 2, 2025
39.43
39.43
39.31
39.36
36.55
619,700
Oct 1, 2025
39.22
39.35
39.21
39.34
36.53
734,300
Sep 30, 2025
39.19
39.28
39.16
39.26
36.46
875,700
Sep 29, 2025
39.23
39.24
39.16
39.21
36.41
768,800
Sep 26, 2025
39.04
39.15
38.99
39.13
36.34
610,900
Sep 25, 2025
38.94
39.02
38.85
38.98
36.20
1,091,900
Sep 24, 2025
39.12
39.13
38.99
39.05
36.27
969,600
Sep 23, 2025
39.17
39.18
39.04
39.08
36.29
599,800
Sep 22, 2025
0.302 Dividend 

Sep 22, 2025
39.10
39.17
39.02
39.16
36.37
736,800
Sep 19, 2025
39.43
39.43
39.25
39.39
36.30
894,500
Sep 18, 2025
39.40
39.40
39.39
39.39
36.30
771,800
Sep 17, 2025
39.34
39.39
39.34
39.39
36.30
1,907,700
Sep 16, 2025
39.37
39.37
39.36
39.36
36.27
578,700
Sep 15, 2025
39.35
39.37
39.34
39.35
36.26
670,800
Sep 12, 2025
39.33
39.35
39.32
39.33
36.25
738,400
Sep 11, 2025
39.29
39.31
39.27
39.30
36.22
654,800
Sep 10, 2025
39.28
39.28
39.21
39.23
36.15
551,000
Sep 9, 2025
39.16
39.21
39.13
39.21
36.13
633,200
Sep 8, 2025
39.14
39.18
39.13
39.17
36.10
739,100
Sep 5, 2025
39.19
39.25
38.96
39.10
36.03
1,045,900
Sep 4, 2025
39.00
39.10
38.96
39.10
36.03
546,100
Sep 3, 2025
38.90
38.95
38.83
38.93
35.88
637,900
Sep 2, 2025
38.73
38.81
38.57
38.81
35.77
805,800
Aug 29, 2025
38.98
39.02
38.88
38.95
35.89
630,500
Aug 28, 2025
38.97
39.04
38.94
39.01
35.95
540,100
Aug 27, 2025
38.93
38.97
38.88
38.95
35.89
819,500
Aug 26, 2025
38.83
38.92
38.81
38.91
35.86
630,700
Aug 25, 2025
38.83
38.92
38.82
38.82
35.78
602,600
Aug 22, 2025
38.58
38.90
38.58
38.87
35.82
838,000
Aug 21, 2025
38.55
38.60
38.45
38.52
35.50
872,800
Aug 20, 2025
38.67
38.67
38.41
38.62
35.59
756,800
Aug 19, 2025
38.77
38.80
38.62
38.67
35.64
664,900
Aug 18, 2025
0.316 Dividend 

Aug 18, 2025
38.75
38.78
38.73
38.77
35.73
528,300
Aug 15, 2025
39.30
39.30
38.99
39.07
35.71
744,300
Aug 14, 2025
39.25
39.26
39.25
39.26
35.89
384,400
Aug 13, 2025
39.25
39.25
39.24
39.25
35.88
388,400
Aug 12, 2025
39.20
39.23
39.19
39.23
35.86
642,100
Aug 11, 2025
39.17
39.20
39.14
39.16
35.80
579,200
Aug 8, 2025
39.12
39.17
39.10
39.17
35.81
589,800
Aug 7, 2025
39.08
39.11
38.95
39.03
35.68
1,012,800
Aug 6, 2025
38.92
39.04
38.90
39.03
35.68
758,500
Aug 5, 2025
38.94
38.99
38.83
38.89
35.55
656,100
Aug 4, 2025
38.74
38.96
38.73
38.96
35.61
688,700
Aug 1, 2025
38.70
38.73
38.45
38.58
35.27
1,299,300
Jul 31, 2025
39.05
39.05
38.85
38.90
35.56
694,600
Jul 30, 2025
38.95
39.00
38.86
38.95
35.60
719,100
Jul 29, 2025
39.00
39.01
38.92
38.94
35.60
670,600
Jul 28, 2025
38.98
38.99
38.94
38.98
35.63
826,200
Jul 25, 2025
38.90
38.95
38.88
38.95
35.60
495,700
Jul 24, 2025
38.88
38.90
38.86
38.86
35.52
642,100
Jul 23, 2025
38.77
38.85
38.73
38.85
35.51
959,200
Jul 22, 2025
38.69
38.71
38.59
38.71
35.39
729,400
Jul 21, 2025
0.313 Dividend 

Jul 21, 2025
38.65
38.76
38.64
38.67
35.35
703,100
Jul 18, 2025
39.14
39.15
38.92
38.99
35.36
805,100
Jul 17, 2025
39.10
39.12
39.10
39.10
35.45
825,400
Jul 16, 2025
39.11
39.11
39.09
39.11
35.46
674,800
Jul 15, 2025
39.11
39.11
39.09
39.09
35.45
531,000
Jul 14, 2025
39.08
39.10
39.08
39.10
35.45
607,600
Jul 11, 2025
39.09
39.09
39.07
39.07
35.43
450,300
Jul 10, 2025
39.06
39.08
39.06
39.07
35.43
493,300
Jul 9, 2025
39.05
39.06
39.03
39.05
35.41
764,000
Jul 8, 2025
39.07
39.07
39.01
39.04
35.40
511,400
Jul 7, 2025
39.02
39.10
38.98
39.10
35.45
703,000
Jul 3, 2025
39.01
39.02
39.00
39.02
35.38
322,200
Jul 2, 2025
38.92
38.97
38.92
38.96
35.33
740,600
Jul 1, 2025
38.91
38.96
38.91
38.96
35.33
489,300
Jun 30, 2025
38.91
38.95
38.89
38.94
35.31
717,800
Jun 27, 2025
38.85
38.89
38.82
38.88
35.26
572,400
Jun 26, 2025
38.81
38.83
38.78
38.83
35.21
542,800
Jun 25, 2025
38.75
38.76
38.70
38.75
35.14
729,700
Jun 24, 2025
38.68
38.74
38.65
38.73
35.12
845,300
Jun 23, 2025
0.387 Dividend 

Jun 23, 2025
38.40
38.54
38.28
38.54
34.95
964,600
Jun 20, 2025
38.95
39.04
38.64
38.77
34.80
889,600
Jun 18, 2025
38.88
38.94
38.81
38.91
34.93
580,500
Jun 17, 2025
38.85
38.90
38.79
38.81
34.84
758,800
Jun 16, 2025
38.91
38.94
38.79
38.89
34.91
710,300
Jun 13, 2025
38.77
38.84
38.69
38.73
34.77
783,300
Jun 12, 2025
38.80
38.85
38.75
38.85
34.88
588,700
Jun 11, 2025
38.84
38.86
38.76
38.79
34.82
1,306,300
Jun 10, 2025
38.77
38.83
38.76
38.82
34.85
423,000
Jun 9, 2025
38.75
38.79
38.72
38.75
34.79
448,000
Jun 6, 2025
38.67
38.73
38.66
38.73
34.77
736,000
Jun 5, 2025
38.64
38.66
38.46
38.48
34.54
741,200
Jun 4, 2025
38.60
38.61
38.56
38.57
34.63
757,700
Jun 3, 2025
38.44
38.58
38.44
38.56
34.62
344,300
Jun 2, 2025
38.29
38.45
38.18
38.43
34.50
508,900
May 30, 2025
38.28
38.36
38.06
38.30
34.38
655,900
May 29, 2025
38.41
38.41
38.13
38.28
34.36
617,200
May 28, 2025
38.30
38.36
38.19
38.21
34.30
389,100
May 27, 2025
38.09
38.33
38.04
38.33
34.41
765,600
