Date
Open
High
Low
Close 

Adj Close 

Volume
May 26, 2026
28.76
28.87
28.76
28.82
28.82
22,434
May 22, 2026
28.66
28.79
28.63
28.68
28.68
22,400
May 21, 2026
28.63
28.65
28.43
28.61
28.61
22,500
May 20, 2026
28.30
28.57
28.30
28.53
28.53
14,700
May 19, 2026
28.48
28.48
28.22
28.30
28.30
21,800
May 18, 2026
0.136 Dividend 

May 18, 2026
28.40
28.55
28.27
28.43
28.43
18,200
May 15, 2026
28.75
28.78
28.53
28.59
28.46
13,100
May 14, 2026
28.63
28.84
28.63
28.80
28.66
13,200
May 13, 2026
28.52
28.72
28.52
28.66
28.52
11,400
May 12, 2026
28.62
28.62
28.44
28.59
28.45
10,400
May 11, 2026
28.40
28.64
28.40
28.58
28.44
13,200
May 8, 2026
28.50
28.60
28.46
28.53
28.39
19,400
May 7, 2026
28.49
28.50
28.15
28.15
28.02
31,100
May 6, 2026
28.32
28.49
28.32
28.47
28.34
11,500
May 5, 2026
28.18
28.28
28.14
28.20
28.07
25,100
May 4, 2026
28.21
28.21
28.02
28.09
27.95
12,200
May 1, 2026
28.12
28.29
28.12
28.21
28.08
30,600
Apr 30, 2026
27.86
28.10
27.86
28.08
27.95
15,300
Apr 29, 2026
27.84
27.91
27.80
27.88
27.75
15,500
Apr 28, 2026
27.93
27.93
27.77
27.88
27.74
14,500
Apr 27, 2026
27.92
27.97
27.89
27.94
27.81
17,700
Apr 24, 2026
27.76
27.91
27.76
27.91
27.78
79,200
Apr 23, 2026
27.85
27.88
27.63
27.76
27.63
10,700
Apr 22, 2026
27.81
27.89
27.76
27.84
27.71
6,500
Apr 21, 2026
27.86
27.86
27.61
27.61
27.48
74,700
Apr 20, 2026
0.119 Dividend 

Apr 20, 2026
27.77
27.81
27.70
27.79
27.66
28,700
Apr 17, 2026
27.78
27.95
27.74
27.90
27.65
86,000
Apr 16, 2026
27.61
27.69
27.58
27.65
27.40
12,000
Apr 15, 2026
27.49
27.61
27.49
27.61
27.37
7,200
Apr 14, 2026
27.39
27.55
27.35
27.49
27.24
14,800
Apr 13, 2026
27.17
27.33
27.14
27.33
27.08
14,400
Apr 10, 2026
27.22
27.22
27.12
27.15
26.91
14,800
Apr 9, 2026
27.12
27.22
27.02
27.20
26.96
37,800
Apr 8, 2026
27.06
27.15
26.97
27.11
26.87
20,800
Apr 7, 2026
26.41
26.57
26.40
26.56
26.32
5,400
Apr 6, 2026
26.44
26.65
26.44
26.57
26.33
27,500
Apr 2, 2026
26.20
26.56
26.20
26.46
26.22
8,100
Apr 1, 2026
26.41
26.57
26.41
26.51
26.27
16,600
Mar 31, 2026
25.99
26.66
25.91
26.28
26.04
21,200
Mar 30, 2026
25.90
25.94
25.63
25.66
25.43
29,500
Mar 27, 2026
26.00
26.00
25.73
25.73
25.50
26,900
Mar 26, 2026
26.34
26.40
26.09
26.15
25.91
11,000
Mar 25, 2026
26.46
26.56
26.44
26.44
26.21
6,100
Mar 24, 2026
26.25
26.45
26.16
26.30
26.06
10,300
Mar 23, 2026
0.17 Dividend 

Mar 23, 2026
26.42
26.60
26.36
26.36
26.12
30,700
Mar 20, 2026
26.57
26.57
26.23
26.28
25.87
45,600
Mar 19, 2026
26.60
26.75
26.49
26.66
26.25
35,100
Mar 18, 2026
27.09
27.10
26.80
26.80
26.38
11,200
Mar 17, 2026
27.15
27.28
27.13
27.15
26.73
11,200
Mar 16, 2026
27.06
27.16
27.04
27.04
26.62
13,100
Mar 13, 2026
27.06
27.19
26.75
26.75
26.34
6,400
Mar 12, 2026
27.05
27.11
26.91
26.91
26.50
8,900
Mar 11, 2026
27.33
27.40
27.17
27.28
26.86
10,700
Mar 10, 2026
27.38
27.49
27.25
27.29
26.87
30,500
Mar 9, 2026
26.95
27.33
26.76
27.29
26.87
49,500
Mar 6, 2026
27.20
27.24
27.05
27.09
26.67
29,800
Mar 5, 2026
27.50
27.55
27.21
27.39
26.97
19,400
Mar 4, 2026
27.39
27.64
27.37
27.61
27.18
14,700
Mar 3, 2026
27.25
27.45
27.00
27.33
26.91
8,700
Mar 2, 2026
27.25
27.64
27.25
27.54
27.12
12,000
Feb 27, 2026
27.53
27.58
27.46
27.52
27.10
11,700
Feb 26, 2026
27.80
27.80
27.50
27.67
27.24
10,300
Feb 25, 2026
27.64
27.75
27.64
27.75
27.32
12,200
Feb 24, 2026
27.49
27.60
27.42
27.55
27.13
16,300
Feb 23, 2026
0.114 Dividend 

Feb 23, 2026
27.51
27.65
27.33
27.44
27.02
17,000
Feb 20, 2026
27.66
27.75
27.57
27.75
27.21
6,600
Feb 19, 2026
27.39
27.60
27.39
27.55
27.02
6,800
Feb 18, 2026
27.60
27.73
27.57
27.63
27.09
7,700
Feb 17, 2026
27.34
27.53
27.20
27.46
26.93
17,500
Feb 13, 2026
27.41
27.64
27.33
27.42
26.89
7,500
Feb 12, 2026
27.80
27.83
27.45
27.47
26.94
9,900
Feb 11, 2026
27.87
27.88
27.69
27.76
27.22
11,500
Feb 10, 2026
27.82
27.85
27.78
27.81
27.27
11,300
Feb 9, 2026
27.65
27.86
27.65
27.80
27.26
15,000
Feb 6, 2026
27.38
27.75
27.38
27.75
27.21
11,300
Feb 5, 2026
27.52
27.52
27.22
27.23
26.70
8,200
Feb 4, 2026
27.69
27.69
27.40
27.56
27.03
55,400
Feb 3, 2026
27.88
27.88
27.49
27.69
27.15
23,200
Feb 2, 2026
27.65
27.90
27.65
27.85
27.31
16,400
Jan 30, 2026
27.72
27.79
27.58
27.73
27.19
59,000
Jan 29, 2026
27.85
27.85
27.51
27.77
27.23
53,900
Jan 28, 2026
27.84
27.91
27.80
27.83
27.29
22,000
Jan 27, 2026
27.75
27.90
27.75
27.84
27.30
33,200
Jan 26, 2026
27.59
27.79
27.59
27.77
27.23
42,900
Jan 23, 2026
27.61
27.67
27.54
27.64
27.11
29,900
Jan 22, 2026
27.65
27.69
27.56
27.63
27.09
41,800
Jan 21, 2026
27.26
27.57
27.24
27.51
26.97
19,900
Jan 20, 2026
0.121 Dividend 

Jan 20, 2026
27.37
27.45
27.21
27.21
26.68
49,300
Jan 16, 2026
27.84
27.84
27.72
27.79
27.13
35,800
Jan 15, 2026
27.79
27.91
27.79
27.80
27.14
17,200
Jan 14, 2026
27.77
27.78
27.69
27.74
27.08
21,500
Jan 13, 2026
27.88
27.92
27.79
27.87
27.21
90,700
Jan 12, 2026
27.77
27.90
27.70
27.84
27.18
33,900
Jan 9, 2026
27.75
27.88
27.75
27.87
27.21
58,100
Jan 8, 2026
27.68
27.75
27.64
27.69
27.03
33,400
Jan 7, 2026
27.75
27.80
27.70
27.72
27.06
37,300
Jan 6, 2026
27.65
27.81
27.65
27.81
27.15
39,900
Jan 5, 2026
27.61
27.71
27.56
27.65
26.99
62,800
Jan 2, 2026
27.56
27.97
27.39
27.53
26.88
57,300
Dec 31, 2025
27.67
27.67
27.50
27.50
26.85
36,900
Dec 30, 2025
2.141 Dividend 

Dec 30, 2025
27.71
27.71
27.56
27.61
26.95
37,200
Dec 29, 2025
29.72
29.83
29.72
29.82
27.02
73,400
Dec 26, 2025
29.78
29.91
29.76
29.79
27.00
51,000
Dec 24, 2025
29.74
29.80
29.72
29.78
26.99
17,900
Dec 23, 2025
29.64
29.78
29.60
29.75
26.96
20,400
Dec 22, 2025
0.119 Dividend 

Dec 22, 2025
29.60
29.71
29.59
29.70
26.91
66,700
Dec 19, 2025
29.51
29.68
29.51
29.65
26.76
78,500
Dec 18, 2025
29.45
29.53
29.40
29.44
26.57
25,800
Dec 17, 2025
29.50
29.50
29.22
29.22
26.37
44,600
Dec 16, 2025
29.50
29.58
29.32
29.49
26.62
37,500
Dec 15, 2025
29.60
29.61
29.45
29.51
26.63
48,500
Dec 12, 2025
29.66
29.71
29.45
29.57
26.69
44,000
Dec 11, 2025
29.58
29.75
29.49
29.72
26.82
30,100
Dec 10, 2025
29.50
29.74
29.44
29.66
26.77
40,500
Dec 9, 2025
29.72
29.72
29.46
29.48
26.61
52,700
Dec 8, 2025
29.63
29.63
29.50
29.56
26.68
84,400
Dec 5, 2025
29.77
29.77
29.57
29.59
26.71
46,900
Dec 4, 2025
29.63
29.63
29.49
29.59
26.71
43,500
Dec 3, 2025
29.44
29.57
29.44
29.54
26.66
30,200
Dec 2, 2025
29.49
29.53
29.40
29.45
26.58
23,700
Dec 1, 2025
29.40
29.50
29.37
29.45
26.58
22,300
Nov 28, 2025
29.42
29.50
29.41
29.47
26.60
12,100
Nov 26, 2025
29.31
29.45
29.31
29.41
26.54
18,500
Nov 25, 2025
29.06
29.29
29.03
29.25
26.40
27,300
Nov 24, 2025
0.211 Dividend 

Nov 24, 2025
28.92
29.08
28.83
29.06
26.23
16,200
Nov 21, 2025
28.81
29.10
28.58
28.98
25.97
16,600
Nov 20, 2025
29.25
29.34
28.68
28.68
25.70
31,100
Nov 19, 2025
28.85
29.09
28.85
28.96
25.94
22,400
Nov 18, 2025
29.02
29.02
28.75
28.92
25.91
26,400
Nov 17, 2025
29.20
29.23
28.90
29.02
26.00
27,800
Nov 14, 2025
29.00
29.28
28.97
29.20
26.16
11,500
Nov 13, 2025
29.40
29.41
29.14
29.17
26.13
48,700
Nov 12, 2025
29.55
29.55
29.44
29.51
26.44
20,400
Nov 11, 2025
29.31
29.50
29.31
29.49
26.42
15,200
Nov 10, 2025
29.25
29.43
29.22
29.41
26.35
16,000
Nov 7, 2025
29.00
29.16
28.77
29.11
26.08
28,500
Nov 6, 2025
29.29
29.29
29.05
29.09
26.06
28,500
Nov 5, 2025
29.25
29.38
29.24
29.31
26.26
32,600
Nov 4, 2025
29.20
29.31
29.12
29.21
26.17
20,300
Nov 3, 2025
29.43
29.45
29.29
29.39
26.33
44,100
Oct 31, 2025
29.49
29.49
29.30
29.37
26.31
14,700
Oct 30, 2025
29.32
29.43
29.25
29.31
26.26
13,800
Oct 29, 2025
29.59
29.59
29.35
29.45
26.39
10,600
Oct 28, 2025
29.53
29.60
29.41
29.58
26.50
26,200
Oct 27, 2025
29.29
29.43
29.29
29.38
26.32
27,100
Oct 24, 2025
29.14
29.26
29.14
29.20
26.16
8,700
Oct 23, 2025
28.96
29.06
28.89
29.04
26.02
10,300
Oct 22, 2025
29.02
29.06
28.79
28.92
25.92
15,200
Oct 21, 2025
29.06
29.09
28.95
29.05
26.03
17,300
Oct 20, 2025
0.186 Dividend 

Oct 20, 2025
28.95
29.07
28.88
29.07
26.05
11,200
Oct 17, 2025
28.75
28.96
28.68
28.96
25.78
14,300
Oct 16, 2025
29.03
29.03
28.71
28.77
25.62
27,600
Oct 15, 2025
28.87
29.07
28.73
28.84
25.67
8,800
Oct 14, 2025
28.52
28.92
28.52
28.78
25.62
8,000
Oct 13, 2025
28.72
28.89
28.66
28.76
25.60
17,700
Oct 10, 2025
29.01
29.04
28.41
28.46
25.34
19,200
Oct 9, 2025
29.06
29.14
28.93
29.07
25.88
14,400
Oct 8, 2025
28.99
29.05
28.98
29.03
25.84
15,700
Oct 7, 2025
29.03
29.05
28.91
28.95
25.77
13,700
Oct 6, 2025
29.01
29.03
28.93
29.01
25.83
13,500
Oct 3, 2025
28.94
29.06
28.86
28.95
25.77
14,600
Oct 2, 2025
28.95
28.97
28.82
28.93
25.75
16,700
Oct 1, 2025
28.70
28.91
28.70
28.91
25.74
12,700
Sep 30, 2025
28.76
28.80
28.67
28.80
25.64
9,200
Sep 29, 2025
28.80
28.84
28.66
28.78
25.62
21,500
Sep 26, 2025
28.53
28.74
28.53
28.63
25.49
10,700
Sep 25, 2025
28.57
28.59
28.40
28.50
25.38
16,600
Sep 24, 2025
28.67
28.75
28.58
28.67
25.52
12,500
Sep 23, 2025
28.83
28.84
28.60
28.65
25.50
41,200
Sep 22, 2025
0.11 Dividend 

Sep 22, 2025
28.71
28.84
28.62
28.83
25.66
78,800
Sep 19, 2025
28.85
29.00
28.71
28.87
25.60
18,400
Sep 18, 2025
28.75
28.83
28.70
28.81
25.55
18,500
Sep 17, 2025
28.68
28.74
28.60
28.62
25.38
11,300
Sep 16, 2025
28.71
28.74
28.63
28.69
25.44
17,500
Sep 15, 2025
28.68
28.75
28.65
28.69
25.45
23,700
Sep 12, 2025
28.59
28.69
28.59
28.64
25.40
20,000
Sep 11, 2025
28.48
28.66
28.47
28.59
25.35
12,700
Sep 10, 2025
28.57
28.57
28.44
28.48
25.25
21,900
Sep 9, 2025
28.40
28.48
28.29
28.46
25.24
11,600
Sep 8, 2025
28.28
28.41
28.28
28.34
25.14
23,400
Sep 5, 2025
28.41
28.41
28.18
28.24
25.04
13,000
Sep 4, 2025
28.26
28.37
28.15
28.33
25.13
6,400
Sep 3, 2025
28.19
28.21
28.05
28.14
24.96
8,800
Sep 2, 2025
28.06
28.11
27.83
28.11
24.93
7,900
Aug 29, 2025
28.23
28.36
28.12
28.19
25.00
11,300
Aug 28, 2025
28.26
28.37
28.23
28.30
25.10
20,300
Aug 27, 2025
28.18
28.31
28.18
28.28
25.08
8,500
Aug 26, 2025
28.13
28.19
28.04
28.18
25.00
16,500
Aug 25, 2025
28.13
28.45
28.11
28.13
24.95
19,600
Aug 22, 2025
27.92
28.24
27.92
28.23
25.04
10,100
Aug 21, 2025
27.89
27.91
27.82
27.87
24.72
9,600
Aug 20, 2025
27.96
28.01
27.74
27.94
24.78
12,700
Aug 19, 2025
28.11
28.12
27.91
27.97
24.80
10,300
Aug 18, 2025
0.113 Dividend 

Aug 18, 2025
28.15
28.15
28.03
28.11
24.93
13,700
Aug 15, 2025
28.36
28.36
28.17
28.20
24.91
13,100
Aug 14, 2025
28.28
28.37
28.20
28.34
25.03
11,200
Aug 13, 2025
28.35
28.37
28.16
28.26
24.96
23,300
Aug 12, 2025
28.22
28.29
28.08
28.28
24.98
29,400
Aug 11, 2025
28.09
28.17
28.05
28.05
24.77
17,300
Aug 8, 2025
28.02
28.13
27.98
28.11
24.83
16,500
Aug 7, 2025
28.09
28.10
27.59
27.94
24.68
9,100
Aug 6, 2025
27.80
27.99
27.80
27.98
24.72
14,400
Aug 5, 2025
27.88
28.00
27.73
27.82
24.57
27,100
Aug 4, 2025
27.69
27.91
27.69
27.89
24.64
11,900
Aug 1, 2025
27.75
27.75
27.48
27.58
24.36
12,000
Jul 31, 2025
28.13
28.13
27.85
27.85
24.60
15,200
Jul 30, 2025
28.00
28.09
27.87
27.95
24.69
11,200
Jul 29, 2025
28.05
28.08
27.91
27.99
24.72
12,800
Jul 28, 2025
28.09
28.11
27.96
28.02
24.75
23,100
Jul 25, 2025
28.00
28.07
27.94
28.06
24.78
14,100
Jul 24, 2025
27.93
28.04
27.93
28.00
24.73
28,600
Jul 23, 2025
27.80
27.94
27.79
27.92
24.66
21,800
Jul 22, 2025
27.73
27.80
27.62
27.73
24.49
36,600
Jul 21, 2025
0.11 Dividend 

Jul 21, 2025
27.78
27.88
27.67
27.67
24.44
26,200
Jul 18, 2025
27.98
27.98
27.78
27.87
24.52
28,000
Jul 17, 2025
27.90
27.93
27.81
27.93
24.57
29,500
Jul 16, 2025
27.86
27.86
27.69
27.85
24.50
13,600
Jul 15, 2025
27.85
27.88
27.74
27.77
24.43
17,900
Jul 14, 2025
27.75
27.86
27.72
27.85
24.50
21,900
Jul 11, 2025
27.80
27.83
27.72
27.73
24.40
12,200
Jul 10, 2025
27.78
27.88
27.77
27.77
24.43
26,600
Jul 9, 2025
27.72
27.82
27.68
27.75
24.41
20,900
Jul 8, 2025
27.71
27.75
27.65
27.73
24.40
32,600
Jul 7, 2025
27.81
27.81
27.63
27.65
24.33
24,500
Jul 3, 2025
27.64
27.84
27.64
27.79
24.45
6,800
Jul 2, 2025
27.55
27.69
27.55
27.61
24.29
33,900
Jul 1, 2025
27.58
27.64
27.51
27.54
24.23
21,300
Jun 30, 2025
27.56
27.60
27.48
27.53
24.22
13,900
Jun 27, 2025
27.54
27.59
27.36
27.55
24.24
15,400
Jun 26, 2025
27.29
27.40
27.29
27.38
24.09
13,100
Jun 25, 2025
27.36
27.36
27.22
27.24
23.97
11,500
Jun 24, 2025
27.10
27.26
27.10
27.10
23.84
19,700
Jun 23, 2025
0.133 Dividend 

Jun 23, 2025
26.78
27.11
26.78
27.11
23.85
40,200
Jun 20, 2025
27.14
27.19
26.92
26.93
23.58
7,700
Jun 18, 2025
27.16
27.16
27.03
27.10
23.72
9,900
Jun 17, 2025
27.18
27.19
27.03
27.03
23.67
28,200
Jun 16, 2025
27.06
27.25
27.05
27.25
23.86
14,900
Jun 13, 2025
27.10
27.15
26.94
27.06
23.69
9,500
Jun 12, 2025
27.05
27.22
27.05
27.13
23.75
16,200
Jun 11, 2025
27.24
27.29
27.05
27.08
23.71
13,700
Jun 10, 2025
27.11
27.20
27.06
27.20
23.81
13,000
Jun 9, 2025
27.05
27.14
27.02
27.08
23.71
12,700
Jun 6, 2025
26.99
27.14
26.93
27.02
23.65
13,900
Jun 5, 2025
27.03
27.03
26.74
26.90
23.55
7,700
Jun 4, 2025
26.99
27.00
26.88
26.89
23.54
6,900
Jun 3, 2025
26.84
26.94
26.81
26.88
23.53
8,900
Jun 2, 2025
26.64
26.79
26.58
26.76
23.43
6,900
May 30, 2025
26.66
26.74
26.52
26.64
23.32
24,500
May 29, 2025
26.76
26.78
26.61
26.69
23.36
15,700
May 28, 2025
26.77
26.77
26.58
26.58
23.27
17,300
May 27, 2025
26.51
26.78
26.48
26.78
23.44
12,800
