Date
Open
High
Low
Close 

Adj Close 

Volume

May 22, 2026
25.70
25.78
25.30
25.50
25.50
11,900
May 21, 2026
0.305 Dividend 

May 21, 2026
26.29
26.29
25.68
25.76
25.76
34,500
May 20, 2026
26.54
27.02
25.98
26.81
26.51
10,700
May 19, 2026
26.54
26.82
26.04
26.26
25.96
22,700
May 18, 2026
26.50
26.96
26.33
26.67
26.37
28,600
May 15, 2026
26.66
26.75
26.45
26.45
26.15
15,600
May 14, 2026
0.484 Dividend 

May 14, 2026
26.55
26.97
26.22
26.81
26.50
14,000
May 13, 2026
27.46
27.46
26.38
26.43
25.65
32,600
May 12, 2026
28.10
28.10
27.41
27.65
26.84
18,900
May 11, 2026
28.60
28.60
27.85
27.94
27.12
45,100
May 8, 2026
28.75
29.25
27.86
27.97
27.15
30,500
May 7, 2026
0.471 Dividend 

May 7, 2026
27.68
27.68
27.04
27.06
26.26
24,100
May 6, 2026
28.29
28.29
27.53
27.81
26.53
23,100
May 5, 2026
28.01
28.31
27.67
27.98
26.70
17,000
May 4, 2026
28.27
28.55
28.08
28.08
26.79
9,600
May 1, 2026
27.56
28.25
27.56
28.16
26.87
21,900
Apr 30, 2026
0.452 Dividend 

Apr 30, 2026
27.46
27.63
26.84
27.57
26.30
15,800
Apr 29, 2026
27.61
27.86
27.30
27.67
25.97
32,000
Apr 28, 2026
28.24
28.32
27.65
27.74
26.03
20,800
Apr 27, 2026
28.25
28.40
27.95
28.24
26.51
17,400
Apr 24, 2026
27.79
28.37
27.79
28.30
26.56
20,800
Apr 23, 2026
0.583 Dividend 

Apr 23, 2026
28.51
28.51
27.53
27.76
26.06
28,000
Apr 22, 2026
29.63
29.63
28.91
29.11
26.77
25,900
Apr 21, 2026
29.58
29.94
28.80
28.98
26.65
19,000
Apr 20, 2026
28.60
29.58
28.60
29.58
27.20
24,000
Apr 17, 2026
28.08
29.00
28.08
28.77
26.46
19,200
Apr 16, 2026
0.346 Dividend 

Apr 16, 2026
27.61
28.07
27.60
27.92
25.67
21,300
Apr 15, 2026
27.91
28.21
27.79
28.16
25.58
14,400
Apr 14, 2026
27.22
27.61
27.04
27.61
25.08
18,800
Apr 13, 2026
26.02
26.92
25.88
26.92
24.45
19,700
Apr 10, 2026
26.00
26.10
25.88
26.02
23.64
20,400
Apr 9, 2026
0.354 Dividend 

Apr 9, 2026
26.01
26.12
25.47
26.10
23.71
5,800
Apr 8, 2026
26.46
27.23
26.46
26.49
23.74
8,900
Apr 7, 2026
25.86
25.86
25.65
25.69
23.03
10,000
Apr 6, 2026
25.91
26.14
25.75
25.94
23.25
12,400
Apr 2, 2026
0.302 Dividend 

Apr 2, 2026
25.08
25.60
24.72
25.60
22.94
8,300
Apr 1, 2026
26.09
26.19
25.77
25.77
22.83
13,300
Mar 31, 2026
25.25
26.00
25.22
25.89
22.93
13,600
Mar 30, 2026
24.52
25.17
24.52
24.90
22.06
17,900
Mar 27, 2026
25.21
25.22
24.42
24.42
21.63
27,900
Mar 26, 2026
0.378 Dividend 

Mar 26, 2026
25.36
26.57
25.36
25.61
22.68
7,400
Mar 25, 2026
26.51
26.72
26.07
26.21
22.88
17,300
Mar 24, 2026
26.31
26.31
25.83
26.13
22.81
7,000
Mar 23, 2026
26.66
26.77
26.25
26.51
23.14
20,900
Mar 20, 2026
26.21
26.26
25.55
25.87
22.58
20,600
Mar 19, 2026
0.516 Dividend 

Mar 19, 2026
25.00
25.86
24.99
25.66
22.40
9,400
Mar 18, 2026
26.86
27.35
25.66
25.85
22.12
31,400
Mar 17, 2026
26.66
27.24
26.66
26.77
22.90
968,100
Mar 16, 2026
27.09
27.09
26.53
26.72
22.86
16,600
Mar 13, 2026
27.92
27.92
26.62
26.64
22.79
9,900
Mar 12, 2026
0.569 Dividend 

Mar 12, 2026
28.02
28.46
26.55
26.55
22.71
18,300
Mar 11, 2026
29.44
29.99
28.66
29.17
24.47
28,600
Mar 10, 2026
29.16
29.83
29.16
29.47
24.72
3,200
Mar 9, 2026
29.62
29.62
28.66
29.35
24.62
6,900
Mar 6, 2026
29.45
29.71
29.44
29.63
24.86
18,700
Mar 5, 2026
0.353 Dividend 

Mar 5, 2026
29.03
29.68
28.94
29.60
24.83
5,300
Mar 4, 2026
28.73
29.68
28.73
29.48
24.43
8,500
Mar 3, 2026
28.21
29.19
28.20
28.79
23.86
5,400
Mar 2, 2026
27.95
29.45
27.64
29.29
24.28
15,200
Feb 27, 2026
28.01
29.71
27.99
29.03
24.06
544,100
Feb 26, 2026
0.242 Dividend 

Feb 26, 2026
24.80
25.58
24.80
25.58
21.20
30,500
Feb 25, 2026
24.45
24.86
24.34
24.75
20.31
11,600
Feb 24, 2026
24.23
24.69
23.93
24.42
20.04
6,400
Feb 23, 2026
25.16
25.16
24.06
24.40
20.03
80,400
Feb 20, 2026
25.25
25.63
25.24
25.32
20.78
7,700
Feb 19, 2026
0.247 Dividend 

Feb 19, 2026
25.64
25.64
25.19
25.27
20.74
8,600
Feb 18, 2026
25.59
26.06
25.59
26.06
21.19
9,200
Feb 17, 2026
24.55
25.04
24.53
24.86
20.21
9,200
Feb 13, 2026
24.25
24.67
24.25
24.57
19.98
7,600
Feb 12, 2026
0.262 Dividend 

Feb 12, 2026
26.60
26.60
24.02
24.18
19.66
13,000
Feb 11, 2026
28.02
28.02
26.69
26.81
21.58
8,100
Feb 10, 2026
27.49
28.46
27.49
28.06
22.58
8,300
Feb 9, 2026
27.54
28.11
27.54
27.89
22.45
9,500
Feb 6, 2026
26.88
27.70
26.88
27.63
22.24
13,800
Feb 5, 2026
0.25 Dividend 

Feb 5, 2026
27.71
28.04
26.39
26.39
21.24
23,200
Feb 4, 2026
28.10
28.67
27.95
28.49
22.73
19,500
Feb 3, 2026
29.09
29.09
28.07
28.26
22.55
20,300
Feb 2, 2026
29.43
30.10
29.43
30.00
23.94
14,300
Jan 30, 2026
30.57
30.57
29.80
30.01
23.95
13,200
Jan 29, 2026
0.272 Dividend 

Jan 29, 2026
31.81
31.81
30.70
30.79
24.57
14,600
Jan 28, 2026
32.18
32.67
32.08
32.08
25.38
8,400
Jan 27, 2026
32.38
32.38
31.87
32.19
25.47
8,900
Jan 26, 2026
33.00
33.07
32.58
32.68
25.86
9,500
Jan 23, 2026
32.45
33.40
32.45
33.02
26.12
37,400
Jan 22, 2026
0.26 Dividend 

Jan 22, 2026
32.27
32.76
32.27
32.56
25.76
5,400
Jan 21, 2026
31.71
32.74
31.71
32.29
25.34
7,900
Jan 20, 2026
32.14
32.55
31.61
31.61
24.81
19,700
Jan 16, 2026
32.96
33.04
32.68
32.99
25.89
12,000
Jan 15, 2026
0.378 Dividend 

Jan 15, 2026
32.87
32.98
32.45
32.98
25.88
28,500
Jan 14, 2026
34.13
34.17
32.91
33.28
25.82
8,500
Jan 13, 2026
34.40
34.69
33.99
34.29
26.61
10,400
Jan 12, 2026
35.82
35.88
35.09
35.64
27.65
16,200
Jan 9, 2026
35.55
35.55
34.83
35.14
27.26
12,100
Jan 8, 2026
0.345 Dividend 

Jan 8, 2026
36.31
36.31
35.35
35.45
27.51
12,800
Jan 7, 2026
36.00
36.84
35.96
36.84
28.32
17,400
Jan 6, 2026
35.17
35.71
34.99
35.71
27.45
18,600
Jan 5, 2026
33.39
35.40
33.39
35.10
26.98
21,800
Jan 2, 2026
0.334 Dividend 

Jan 2, 2026
34.20
34.20
32.62
33.58
25.81
28,700
Dec 31, 2025
34.21
34.35
34.00
34.00
25.88
14,900
Dec 30, 2025
34.30
34.54
34.18
34.28
26.09
10,000
Dec 29, 2025
34.11
34.40
34.11
34.33
26.13
22,700
Dec 26, 2025
0.331 Dividend 

Dec 26, 2025
34.37
34.47
34.10
34.43
26.20
8,900
Dec 24, 2025
33.75
34.85
33.75
34.68
26.14
7,300
Dec 23, 2025
34.01
34.10
33.69
34.10
25.71
5,300
Dec 22, 2025
34.38
34.51
34.08
34.20
25.78
31,200
Dec 19, 2025
33.60
34.20
33.60
34.15
25.74
15,800
Dec 18, 2025
0.359 Dividend 

Dec 18, 2025
33.56
34.06
33.56
33.74
25.43
5,800
Dec 17, 2025
34.20
34.40
33.65
33.65
25.09
25,100
Dec 16, 2025
33.54
34.32
33.54
34.27
25.56
15,600
Dec 15, 2025
34.28
34.68
33.85
33.85
25.25
37,600
Dec 12, 2025
33.35
34.20
33.35
34.10
25.43
12,600
Dec 11, 2025
0.35 Dividend 

Dec 11, 2025
33.70
33.70
33.50
33.61
25.07
6,700
Dec 10, 2025
32.93
33.78
32.93
33.76
24.92
8,400
Dec 9, 2025
32.81
33.22
32.60
33.09
24.42
12,900
Dec 8, 2025
32.75
33.04
32.60
32.81
24.22
18,400
Dec 5, 2025
32.88
33.38
32.70
32.80
24.21
12,400
Dec 4, 2025
0.681 Dividend 

Dec 4, 2025
32.93
33.36
32.66
33.30
24.58
13,700
Dec 3, 2025
32.72
34.18
32.72
33.40
24.15
13,900
Dec 2, 2025
34.85
35.60
32.71
32.71
23.65
31,300
Dec 1, 2025
1:5 Stock Splits 

Dec 1, 2025
34.91
36.14
34.91
35.19
25.44
30,500
Nov 28, 2025
0.49 Dividend 

Nov 28, 2025
35.50
36.41
35.50
36.10
26.10
8,520
Nov 26, 2025
35.50
36.35
35.45
36.00
25.67
9,600
Nov 25, 2025
34.45
35.50
34.45
35.50
25.32
11,480
Nov 24, 2025
34.50
35.00
34.40
34.70
24.75
60,300
Nov 21, 2025
34.80
35.00
33.50
34.60
24.67
18,440
Nov 20, 2025
0.495 Dividend 

Nov 20, 2025
35.85
36.12
34.60
34.60
24.67
17,500
Nov 19, 2025
32.75
35.50
32.65
35.15
24.71
19,280
Nov 18, 2025
33.20
33.65
32.83
33.40
23.48
22,520
Nov 17, 2025
34.55
34.75
33.25
33.70
23.69
45,040
Nov 14, 2025
35.00
35.26
34.25
34.75
24.43
37,520
Nov 13, 2025
0.515 Dividend 

Nov 13, 2025
36.20
36.83
35.00
35.20
24.75
13,440
Nov 12, 2025
37.50
37.50
37.03
37.30
25.86
13,060
Nov 11, 2025
37.60
37.60
37.20
37.50
26.00
7,280
Nov 10, 2025
37.50
37.90
36.88
37.50
26.00
21,700
Nov 7, 2025
35.35
37.67
35.10
37.00
25.66
62,660
Nov 6, 2025
0.44 Dividend 

Nov 6, 2025
41.70
42.12
40.00
40.20
27.87
31,540
Nov 5, 2025
41.80
42.45
41.56
42.00
28.82
13,020
Nov 4, 2025
42.10
42.10
41.00
41.50
28.47
22,880
Nov 3, 2025
43.10
43.40
41.95
42.40
29.09
17,240
Oct 31, 2025
42.75
43.15
42.25
42.92
29.45
22,140
Oct 30, 2025
0.755 Dividend 

Oct 30, 2025
43.50
43.50
41.80
41.86
28.72
20,520
Oct 29, 2025
45.30
45.30
43.50
44.20
29.81
19,060
Oct 28, 2025
45.30
46.25
45.30
45.65
30.79
13,100
Oct 27, 2025
46.00
46.25
45.63
45.70
30.82
13,680
Oct 24, 2025
45.10
45.70
45.10
45.30
30.55
15,200
Oct 23, 2025
0.53 Dividend 

Oct 23, 2025
43.60
45.15
43.60
44.90
30.28
9,820
Oct 22, 2025
45.50
45.50
44.05
44.55
29.69
11,000
Oct 21, 2025
44.45
45.50
44.45
45.25
30.15
7,220
Oct 20, 2025
44.55
44.70
43.80
44.50
29.65
60,880
Oct 17, 2025
42.90
44.20
42.90
44.10
29.39
26,620
Oct 16, 2025
1.09 Dividend 

Oct 16, 2025
44.55
44.95
43.46
44.00
29.32
19,540
Oct 15, 2025
45.75
45.99
44.90
45.15
29.36
13,280
Oct 14, 2025
44.20
45.85
43.05
45.30
29.46
13,740
Oct 13, 2025
45.15
45.28
44.30
44.65
29.04
8,460
Oct 10, 2025
47.55
47.65
44.20
44.40
28.87
32,480
Oct 9, 2025
48.00
48.00
47.30
47.70
31.02
17,560
Oct 8, 2025
46.90
47.97
46.90
47.65
30.99
24,000
Oct 7, 2025
46.85
47.25
46.40
46.85
30.47
13,360
Oct 6, 2025
46.35
46.75
45.90
46.30
30.11
25,860
Oct 3, 2025
45.85
46.45
45.52
46.00
29.91
14,680
Oct 2, 2025
44.50
45.88
44.50
45.78
29.77
23,440
Oct 1, 2025
43.85
44.45
43.58
44.40
28.87
28,840
Sep 30, 2025
45.00
45.25
43.40
43.70
28.42
77,280
Sep 29, 2025
44.50
45.40
44.50
45.15
29.36
41,620
Sep 26, 2025
44.65
44.65
43.15
44.45
28.91
51,020
Sep 25, 2025
1.39 Dividend 

Sep 25, 2025
45.30
45.58
44.00
44.40
28.87
34,320
Sep 24, 2025
47.60
48.35
47.17
47.50
29.99
33,660
Sep 23, 2025
48.00
48.55
46.83
47.50
29.99
32,400
Sep 22, 2025
47.55
47.95
46.45
47.60
30.05
48,020
Sep 19, 2025
48.00
48.00
47.15
47.65
30.08
16,460
Sep 18, 2025
47.55
48.10
47.25
47.65
30.08
17,600
Sep 17, 2025
47.10
47.70
46.80
47.30
29.86
25,600
Sep 16, 2025
46.45
47.15
46.25
47.05
29.70
10,920
Sep 15, 2025
45.80
46.85
45.75
46.65
29.45
26,400
Sep 12, 2025
46.30
46.40
45.70
45.70
28.85
12,720
Sep 11, 2025
46.40
46.70
46.05
46.30
29.23
16,460
Sep 10, 2025
47.00
47.60
45.75
46.10
29.10
37,420
Sep 9, 2025
47.00
47.49
46.78
46.95
29.64
16,760
Sep 8, 2025
46.60
47.15
46.60
47.15
29.76
15,240
Sep 5, 2025
47.25
47.50
46.05
46.60
29.42
23,300
Sep 4, 2025
47.00
47.15
45.95
47.05
29.70
23,580
Sep 3, 2025
47.55
47.55
46.85
47.25
29.83
17,680
Sep 2, 2025
47.50
47.85
46.68
47.35
29.89
35,480
Aug 29, 2025
50.05
50.44
49.10
49.25
31.09
114,780
Aug 28, 2025
2.165 Dividend 

Aug 28, 2025
49.35
50.13
49.35
50.00
31.56
37,340
Aug 27, 2025
51.00
51.63
51.00
51.50
31.14
24,500
Aug 26, 2025
51.20
51.25
50.58
51.25
30.99
35,760
Aug 25, 2025
50.95
51.75
50.85
51.30
31.02
33,880
Aug 22, 2025
49.00
51.30
48.80
51.20
30.96
44,680
Aug 21, 2025
48.75
48.90
48.04
48.90
29.57
13,740
Aug 20, 2025
48.75
48.95
47.31
48.90
29.57
17,020
Aug 19, 2025
50.35
50.35
48.95
49.15
29.72
16,620
Aug 18, 2025
49.70
50.50
49.70
50.20
30.36
39,940
Aug 15, 2025
50.15
50.25
49.45
50.00
30.24
17,340
Aug 14, 2025
49.90
50.15
48.90
49.75
30.09
13,700
Aug 13, 2025
49.05
50.25
49.05
50.15
30.33
26,060
Aug 12, 2025
48.20
49.35
48.20
48.80
29.51
10,780
Aug 11, 2025
48.30
48.75
47.58
47.85
28.94
38,320
Aug 8, 2025
52.25
53.00
47.95
48.10
29.09
68,020
Aug 7, 2025
49.25
49.80
48.97
49.50
29.93
44,500
Aug 6, 2025
48.70
49.45
48.70
49.10
29.69
21,640
Aug 5, 2025
49.00
49.05
47.90
48.55
29.36
28,040
Aug 4, 2025
48.40
49.40
48.25
49.15
29.72
41,820
Aug 1, 2025
48.70
48.74
47.35
48.00
29.03
46,180
Jul 31, 2025
3.395 Dividend 

Jul 31, 2025
49.85
50.25
49.10
49.85
30.15
43,240
Jul 30, 2025
53.65
54.00
53.05
53.40
30.24
85,660
Jul 29, 2025
54.80
55.17
53.31
53.75
30.44
42,220
Jul 28, 2025
55.30
55.80
54.86
54.90
31.09
47,400
Jul 25, 2025
54.45
55.25
54.25
55.00
31.15
25,060
Jul 24, 2025
54.15
54.80
54.10
54.30
30.75
16,440
Jul 23, 2025
54.45
54.45
53.55
54.30
30.75
23,340
Jul 22, 2025
53.45
54.00
53.35
54.00
30.58
16,060
Jul 21, 2025
53.60
53.60
52.76
53.15
30.10
79,140
Jul 18, 2025
50.50
51.00
50.10
51.00
28.88
32,600
Jul 17, 2025
49.50
50.20
49.45
49.80
28.20
23,460
Jul 16, 2025
48.00
49.10
47.65
49.05
27.78
18,000
Jul 15, 2025
48.70
48.75
47.42
47.50
26.90
23,060
Jul 14, 2025
47.40
49.27
47.40
48.90
27.69
37,300
Jul 11, 2025
48.35
48.85
46.65
46.65
26.42
26,920
Jul 10, 2025
49.20
49.25
48.50
49.10
27.80
17,720
Jul 9, 2025
48.75
49.20
48.15
49.20
27.86
25,840
Jul 8, 2025
49.70
50.20
48.25
48.40
27.41
39,980
Jul 7, 2025
48.95
49.72
48.45
49.20
27.86
101,080
Jul 3, 2025
2.2 Dividend 

Jul 3, 2025
49.35
49.35
48.75
49.00
27.75
36,700
Jul 2, 2025
51.05
51.80
51.00
51.25
27.78
78,020
Jul 1, 2025
51.25
51.29
50.35
51.15
27.72
85,880
Jun 30, 2025
51.20
51.25
50.50
51.25
27.78
122,520
Jun 27, 2025
49.75
50.50
49.52
50.50
27.37
37,960
Jun 26, 2025
49.65
49.65
48.50
49.50
26.83
24,480
Jun 25, 2025
49.50
49.50
48.75
49.15
26.64
19,000
Jun 24, 2025
48.50
49.30
48.50
49.25
26.69
11,160
Jun 23, 2025
48.05
48.35
47.10
48.00
26.01
65,040
Jun 20, 2025
48.40
48.40
47.60
48.15
26.10
15,380
Jun 18, 2025
48.05
48.05
46.40
47.75
25.88
27,440
Jun 17, 2025
48.25
48.50
47.60
47.80
25.91
15,820
Jun 16, 2025
47.10
48.70
47.10
48.40
26.23
12,800
Jun 13, 2025
47.20
47.40
46.30
47.00
25.47
19,580
Jun 12, 2025
48.00
48.70
47.75
48.00
26.01
13,040
Jun 11, 2025
48.55
48.67
47.75
47.80
25.91
21,180
Jun 10, 2025
48.80
48.83
47.85
48.25
26.15
21,820
Jun 9, 2025
48.25
49.05
48.15
48.60
26.34
29,160
Jun 6, 2025
48.30
48.40
47.69
48.40
26.23
39,900
Jun 5, 2025
4.365 Dividend 

Jun 5, 2025
47.70
48.00
47.35
48.00
26.01
49,460
Jun 4, 2025
51.70
52.50
51.25
52.50
26.09
148,700
Jun 3, 2025
51.80
51.90
50.90
51.65
25.67
15,620
Jun 2, 2025
49.85
50.75
49.35
50.75
25.22
22,660
May 30, 2025
50.60
50.80
49.35
50.80
25.24
10,480
May 29, 2025
50.75
51.15
50.42
50.80
25.24
7,960
May 28, 2025
50.50
50.78
50.10
50.40
25.04
6,860
May 27, 2025
49.45
50.80
49.45
50.65
25.17
10,620
May 23, 2025
47.00
48.95
46.85
48.00
23.85
6,500
May 22, 2025
46.25
48.72
46.25
48.25
23.98
8,140
May 21, 2025
47.15
47.40
46.20
46.25
22.98
8,780
May 20, 2025
48.00
48.35
47.40
47.50
23.60
5,860
May 19, 2025
46.40
48.30
46.40
48.25
23.98
102,600
May 16, 2025
46.75
47.95
46.75
47.75
23.73
10,840
May 15, 2025
47.45
47.72
46.65
47.35
23.53
7,500
May 14, 2025
48.95
48.95
47.65
48.05
23.88
15,940
May 13, 2025
46.25
48.20
46.20
47.75
23.73
25,600
May 12, 2025
45.00
46.15
45.00
46.10
22.91
33,200
May 9, 2025
43.55
44.15
43.30
43.70
21.71
26,500
May 8, 2025
2.07 Dividend 

May 8, 2025
43.45
43.85
43.15
43.75
21.74
17,380
May 7, 2025
44.95
45.10
44.60
45.10
21.38
25,060
May 6, 2025
43.65
44.90
43.65
44.60
21.14
28,960
May 5, 2025
43.80
44.20
43.05
44.20
20.96
40,820
May 2, 2025
43.00
44.42
42.25
44.20
20.96
120,200
May 1, 2025
54.70
55.00
54.11
54.40
25.79
21,800
Apr 30, 2025
53.35
54.20
52.85
54.20
25.70
3,080
Apr 29, 2025
54.35
54.99
54.22
54.95
26.05
5,080
Apr 28, 2025
54.25
54.60
53.35
54.05
25.63
5,020
Apr 25, 2025
52.95
53.90
52.95
53.51
25.37
6,580
Apr 24, 2025
52.25
53.20
52.25
53.05
25.15
3,620
Apr 23, 2025
52.60
53.70
52.00
52.15
24.72
6,800
Apr 22, 2025
50.90
51.75
50.40
51.60
24.46
8,060
Apr 21, 2025
50.80
50.80
49.25
50.10
23.75
10,540
Apr 17, 2025
51.10
51.44
50.50
50.90
24.13
3,520
Apr 16, 2025
51.65
52.10
50.20
51.05
24.20
2,320
Apr 15, 2025
51.10
52.08
51.10
51.60
24.46
8,760
Apr 14, 2025
51.30
51.55
50.40
51.35
24.35
7,780
Apr 11, 2025
49.60
50.33
48.30
50.22
23.81
12,720
Apr 10, 2025
2.205 Dividend 

Apr 10, 2025
50.50
50.50
47.90
49.10
23.28
9,660
Apr 9, 2025
48.35
53.35
47.10
53.15
24.15
18,320
Apr 8, 2025
50.20
51.40
47.17
47.85
21.74
12,060
Apr 7, 2025
46.00
50.40
45.45
49.05
22.29
21,700
Apr 4, 2025
48.70
50.40
45.70
48.65
22.11
20,080
Apr 3, 2025
52.00
53.65
51.00
52.25
23.74
8,980
Apr 2, 2025
52.55
55.80
52.35
55.30
25.13
12,080
Apr 1, 2025
50.75
53.49
50.75
53.47
24.30
10,840
Mar 31, 2025
51.95
52.85
50.70
52.45
23.84
25,160
Mar 28, 2025
54.75
54.75
52.85
53.45
24.29
11,600
Mar 27, 2025
56.40
56.55
54.70
54.70
24.86
6,960
Mar 26, 2025
58.45
59.07
56.70
56.70
25.77
6,380
Mar 25, 2025
60.60
60.60
58.80
58.95
26.79
5,920
Mar 24, 2025
59.30
60.15
59.30
59.70
27.13
16,420
Mar 21, 2025
58.05
58.95
57.33
58.65
26.65
5,460
Mar 20, 2025
58.05
59.35
58.05
58.45
26.56
5,780
Mar 19, 2025
58.20
59.20
57.56
58.45
26.56
9,600
Mar 18, 2025
57.70
57.75
57.05
57.70
26.22
6,840
Mar 17, 2025
55.90
57.40
55.65
57.10
25.95
10,700
Mar 14, 2025
53.90
56.15
53.90
55.85
25.38
16,620
Mar 13, 2025
2.505 Dividend 

Mar 13, 2025
54.85
54.85
52.90
53.20
24.18
9,680
Mar 12, 2025
58.00
58.00
56.75
57.40
24.95
13,260
Mar 11, 2025
56.10
57.29
55.30
56.70
24.64
21,400
Mar 10, 2025
59.85
59.85
54.90
56.15
24.40
22,040
Mar 7, 2025
60.95
61.49
58.91
61.10
26.55
10,720
Mar 6, 2025
60.25
61.65
59.80
60.80
26.42
9,380
Mar 5, 2025
61.00
62.33
60.18
62.05
26.97
12,740
Mar 4, 2025
61.40
61.92
59.00
60.15
26.14
19,920
Mar 3, 2025
65.75
66.80
63.00
63.00
27.38
8,260
Feb 28, 2025
64.50
65.65
63.75
65.50
28.47
9,440
Feb 27, 2025
65.00
66.48
64.70
64.85
28.18
10,660
Feb 26, 2025
63.55
65.45
63.55
64.50
28.03
10,600
Feb 25, 2025
66.30
66.53
63.00
63.15
27.45
28,300
Feb 24, 2025
68.45
68.55
65.37
66.40
28.86
129,720
Feb 21, 2025
74.65
75.50
67.45
68.10
29.60
146,920
Feb 20, 2025
81.55
83.25
80.05
81.13
35.26
18,400
Feb 19, 2025
81.35
82.35
80.80
81.75
35.53
12,800
Feb 18, 2025
82.00
82.80
81.05
82.20
35.72
21,700
Feb 14, 2025
81.60
82.20
80.45
81.70
35.51
22,760
Feb 13, 2025
2.92 Dividend 

Feb 13, 2025
82.00
82.69
80.75
82.25
35.75
13,620
Feb 12, 2025
83.00
84.25
82.50
84.25
35.35
26,900
Feb 11, 2025
85.00
85.51
83.50
83.75
35.14
19,040
Feb 10, 2025
87.10
87.10
85.10
85.70
35.95
23,600
Feb 7, 2025
87.45
88.50
85.65
86.20
36.16
37,400
Feb 6, 2025
86.75
87.85
85.75
86.55
36.31
6,960
Feb 5, 2025
87.60
87.60
85.80
86.40
36.25
9,620
Feb 4, 2025
90.20
90.20
86.07
86.45
36.27
26,540
Feb 3, 2025
88.75
90.76
87.61
89.60
37.59
27,980
Jan 31, 2025
92.50
92.50
89.80
90.15
37.82
12,520
Jan 30, 2025
92.05
93.00
91.15
92.15
38.66
11,280
Jan 29, 2025
88.05
90.55
88.05
89.85
37.70
12,320
Jan 28, 2025
86.85
89.00
85.50
89.00
37.34
11,360
Jan 27, 2025
86.70
88.05
85.55
85.55
35.89
22,060
Jan 24, 2025
88.45
89.90
88.45
88.80
37.26
11,360
Jan 23, 2025
88.20
89.15
87.05
88.45
37.11
10,520
Jan 22, 2025
90.30
90.45
87.80
87.80
36.84
12,980
Jan 21, 2025
88.70
90.15
88.55
89.75
37.65
29,220
Jan 17, 2025
88.10
88.82
87.43
88.05
36.94
24,720
Jan 16, 2025
3.17 Dividend 

Jan 16, 2025
87.40
88.55
86.40
88.55
37.15
25,280
Jan 15, 2025
90.95
91.00
89.35
89.75
36.32
20,300
Jan 14, 2025
87.95
88.95
87.20
88.05
35.64
12,360
Jan 13, 2025
85.70
87.50
85.70
87.10
35.25
19,480
Jan 10, 2025
90.85
90.85
87.10
87.90
35.57
26,440
Jan 8, 2025
93.55
93.55
90.95
92.05
37.25
14,520
Jan 7, 2025
96.65
98.04
91.82
92.90
37.60
14,540
Jan 6, 2025
98.70
98.70
96.21
97.00
39.26
18,120
Jan 3, 2025
94.85
97.35
94.30
97.15
39.32
12,260
Jan 2, 2025
91.50
92.65
90.80
92.15
37.30
8,600
Dec 31, 2024
92.85
93.28
90.60
90.60
36.67
17,160
Dec 30, 2024
93.20
93.93
92.42
92.75
37.54
35,340
Dec 27, 2024
96.00
96.03
93.28
94.30
38.17
12,880
Dec 26, 2024
94.75
96.45
94.75
96.35
38.99
14,840
Dec 24, 2024
94.65
95.80
93.96
95.80
38.77
17,580
Dec 23, 2024
93.75
94.30
92.45
94.30
38.17
86,700
Dec 20, 2024
91.50
94.58
90.95
93.75
37.94
21,300
Dec 19, 2024
3.27 Dividend 

Dec 19, 2024
95.50
95.95
91.80
92.20
37.32
27,880
Dec 18, 2024
102.25
103.15
94.79
95.05
37.15
63,180
Dec 17, 2024
101.55
102.95
101.00
102.75
40.15
46,840
Dec 16, 2024
100.65
102.05
99.30
101.55
39.69
56,680
Dec 13, 2024
102.90
102.90
99.60
100.60
39.31
53,420
Dec 12, 2024
104.60
104.68
101.45
101.55
39.69
32,740
Dec 11, 2024
103.10
105.50
102.88
105.15
41.09
22,200
Dec 10, 2024
103.90
103.90
100.95
101.20
39.55
19,180
Dec 9, 2024
104.05
104.45
101.40
102.55
40.08
28,620
Dec 6, 2024
104.50
105.10
102.85
104.75
40.94
23,360
Dec 5, 2024
106.10
106.10
102.50
102.95
40.23
17,040
Dec 4, 2024
103.10
105.45
102.00
105.45
41.21
21,300
Dec 3, 2024
100.95
101.65
99.45
101.25
39.57
32,300
Dec 2, 2024
100.55
103.20
100.35
101.00
39.47
21,980
Nov 29, 2024
98.80
98.80
97.20
97.35
38.04
14,160
Nov 27, 2024
98.45
98.88
96.71
97.20
37.99
13,720
Nov 26, 2024
97.75
99.00
97.10
97.55
38.12
32,020
Nov 25, 2024
101.10
101.10
97.90
99.45
38.86
29,480
Nov 22, 2024
101.00
102.43
100.46
100.85
39.41
47,020
Nov 21, 2024
8.35 Dividend 

Nov 21, 2024
99.30
101.25
98.05
100.45
39.26
31,640
Nov 20, 2024
109.00
109.05
106.15
106.65
38.42
76,620
Nov 19, 2024
106.55
108.85
106.11
108.50
39.08
56,740
Nov 18, 2024
101.55
106.95
101.00
106.70
38.43
54,940
Nov 15, 2024
100.65
101.45
98.60
101.20
36.45
18,620
Nov 14, 2024
103.10
103.10
99.80
100.40
36.16
10,760
Nov 13, 2024
104.90
107.05
102.45
102.89
37.06
38,120
Nov 12, 2024
101.50
105.25
100.75
105.25
37.91
18,040
Nov 11, 2024
93.50
102.48
93.50
102.15
36.79
33,540
Nov 8, 2024
90.15
93.20
87.25
93.14
33.55
23,700
Nov 7, 2024
95.20
95.20
91.80
92.35
33.26
16,420
Nov 6, 2024
92.90
94.90
90.60
94.30
33.97
29,500
Nov 5, 2024
89.20
90.20
89.00
89.70
32.31
7,680
Nov 4, 2024
89.50
90.75
89.24
90.05
32.44
12,960
Nov 1, 2024
89.10
90.25
88.75
89.15
32.11
7,100
Oct 31, 2024
89.20
90.22
88.65
89.45
32.22
10,640
Oct 30, 2024
89.80
90.75
89.55
89.85
32.36
18,240
Oct 29, 2024
90.25
90.30
89.65
89.80
32.35
13,240
Oct 28, 2024
88.90
90.10
88.90
90.05
32.44
24,800
Oct 25, 2024
88.80
89.35
88.30
88.55
31.90
32,300
Oct 24, 2024
5.1 Dividend 

Oct 24, 2024
88.85
89.05
87.85
88.45
31.86
23,800
Oct 23, 2024
94.10
95.20
91.92
92.90
31.63
50,560
Oct 22, 2024
95.35
95.45
94.05
94.50
32.17
39,760
Oct 21, 2024
96.70
96.70
94.81
95.35
32.46
58,200
Oct 18, 2024
95.55
96.21
94.30
96.10
32.71
20,760
Oct 17, 2024
94.70
95.45
94.40
94.75
32.26
21,440
Oct 16, 2024
94.10
95.00
93.00
95.00
32.34
8,480
Oct 15, 2024
93.75
93.90
92.00
93.45
31.81
10,460
Oct 14, 2024
91.85
93.30
90.75
93.30
31.76
12,860
Oct 11, 2024
91.50
91.80
90.10
91.10
31.01
9,860
Oct 10, 2024
90.50
92.35
90.47
91.50
31.15
8,140
Oct 9, 2024
91.20
91.20
89.75
90.80
30.91
5,940
Oct 8, 2024
88.90
90.80
88.75
90.50
30.81
9,680
Oct 7, 2024
89.65
89.80
88.00
88.50
30.13
11,400
Oct 4, 2024
89.00
89.65
88.40
89.60
30.50
6,840
Oct 3, 2024
87.55
88.35
87.00
88.35
30.08
6,440
Oct 2, 2024
88.60
88.95
86.60
87.66
29.84
11,140
Oct 1, 2024
90.50
90.50
87.20
89.10
30.33
7,760
Sep 30, 2024
89.75
91.25
89.68
90.10
30.67
6,460
Sep 27, 2024
89.70
90.55
87.96
90.10
30.67
7,620
Sep 26, 2024
88.75
89.41
87.50
89.25
30.38
5,200
Sep 25, 2024
90.70
91.00
87.75
87.75
29.87
6,940
Sep 24, 2024
91.85
91.85
89.45
90.70
30.88
6,700
Sep 23, 2024
90.90
91.60
89.90
90.60
30.84
16,940
Sep 20, 2024
91.65
91.65
89.05
90.40
30.77
20,160
Sep 19, 2024
91.95
92.15
90.85
91.10
31.01
23,240
Sep 18, 2024
90.75
91.10
89.68
90.04
30.65
7,420
Sep 17, 2024
89.50
91.00
89.50
90.55
30.83
8,240
Sep 16, 2024
87.70
89.50
87.15
89.20
30.37
9,200
Sep 13, 2024
87.50
88.00
87.00
87.30
29.72
9,280
Sep 12, 2024
86.95
87.05
85.28
87.00
29.62
9,260
Sep 11, 2024
83.35
86.35
82.65
86.20
29.34
7,320
Sep 10, 2024
84.10
84.10
81.11
84.10
28.63
12,160
Sep 9, 2024
84.65
85.45
83.50
83.70
28.49
9,280
Sep 6, 2024
6.38 Dividend 

Sep 6, 2024
88.45
88.90
83.18
83.35
28.37
12,560
Sep 5, 2024
93.75
94.90
93.30
94.35
29.95
12,360
Sep 4, 2024
93.30
94.93
93.10
94.00
29.84
1,640
Sep 3, 2024
94.95
95.07
93.05
93.55
29.69
8,120
Aug 30, 2024
96.50
96.50
94.25
95.70
30.38
3,880
Aug 29, 2024
94.10
96.95
94.10
95.80
30.41
2,900
Aug 28, 2024
95.15
95.24
92.50
93.30
29.61
2,100
Aug 27, 2024
94.00
95.32
93.15
95.15
30.20
5,460
Aug 26, 2024
93.85
94.95
93.85
94.00
29.84
3,660
Aug 23, 2024
92.00
93.95
92.00
93.50
29.68
1,680
Aug 22, 2024
93.55
93.55
91.45
91.60
29.07
3,000
Aug 21, 2024
93.15
93.80
92.25
93.80
29.77
3,560
Aug 20, 2024
94.80
95.00
92.75
93.05
29.53
10,300
Aug 19, 2024
94.15
94.90
93.65
94.60
30.03
14,760
Aug 16, 2024
92.05
93.55
92.05
93.55
29.69
6,380
Aug 15, 2024
91.80
92.50
91.80
92.50
29.36
4,700
Aug 14, 2024
91.10
91.10
89.80
90.15
28.61
3,320
Aug 13, 2024
89.05
91.18
89.05
90.95
28.87
3,520
Aug 12, 2024
89.20
89.75
87.60
88.40
28.06
17,060
Aug 9, 2024
88.95
89.81
88.00
89.55
28.42
10,120
Aug 8, 2024
85.35
88.69
85.35
88.35
28.04
6,460
Aug 7, 2024
3.185 Dividend 

Aug 7, 2024
84.55
86.15
83.40
83.89
26.63
10,800
Aug 6, 2024
86.55
87.50
85.35
85.35
26.08
8,640
Aug 5, 2024
80.95
88.07
80.95
86.35
26.39
16,440
Aug 2, 2024
86.05
89.73
85.40
89.30
27.29
5,980
Aug 1, 2024
91.10
92.10
87.50
88.10
26.92
6,360
Jul 31, 2024
88.75
90.75
88.50
90.15
27.55
6,360
Jul 30, 2024
90.05
91.00
87.50
88.00
26.89
5,260
Jul 29, 2024
88.10
90.38
88.10
88.90
27.16
4,640
Jul 26, 2024
88.50
89.35
86.85
88.05
26.90
10,600
Jul 25, 2024
89.90
91.65
89.40
89.50
27.35
7,380
Jul 24, 2024
95.90
95.90
89.60
89.85
27.45
9,080
Jul 23, 2024
98.10
98.80
96.90
97.10
29.67
12,560
Jul 22, 2024
98.00
98.69
97.00
98.25
30.02
5,400
Jul 19, 2024
98.20
98.70
97.32
97.70
29.85
30,760
Jul 18, 2024
101.75
101.75
97.65
97.95
29.93
3,240
Jul 17, 2024
99.80
101.45
99.80
101.35
30.97
4,120
Jul 16, 2024
101.25
101.70
100.71
101.10
30.89
4,880
Jul 15, 2024
98.70
101.19
98.42
101.10
30.89
7,260
Jul 12, 2024
97.90
98.85
97.60
98.35
30.05
11,600
Jul 11, 2024
95.70
97.53
95.70
97.50
29.79
10,000
Jul 10, 2024
95.15
95.40
93.55
95.30
29.12
13,640
Jul 9, 2024
94.90
95.60
94.50
95.35
29.14
8,660
Jul 8, 2024
95.90
96.79
94.70
94.90
29.00
10,220
Jul 5, 2024
3.49 Dividend 

Jul 5, 2024
94.70
96.17
94.20
96.15
29.38
7,220
Jul 3, 2024
97.95
98.38
97.50
98.10
28.91
10,420
Jul 2, 2024
97.15
98.10
97.00
97.95
28.86
6,140
Jul 1, 2024
97.60
97.60
95.72
96.95
28.57
7,500
Jun 28, 2024
95.80
97.25
95.75
97.25
28.66
6,060
Jun 27, 2024
95.60
96.20
94.75
95.65
28.19
4,980
Jun 26, 2024
96.05
96.05
94.65
95.45
28.13
3,760
Jun 25, 2024
96.00
96.35
95.45
95.95
28.28
4,240
Jun 24, 2024
94.85
96.30
94.85
95.95
28.28
5,280
Jun 21, 2024
94.25
94.45
93.00
94.45
27.83
4,700
Jun 20, 2024
92.15
94.42
92.00
94.15
27.75
6,880
Jun 18, 2024
92.65
94.01
92.65
92.90
27.38
14,740
Jun 17, 2024
92.55
93.30
91.40
93.30
27.49
10,040
Jun 14, 2024
92.80
92.85
92.00
92.55
27.27
6,360
Jun 13, 2024
96.55
96.89
92.81
92.90
27.38
7,560
Jun 12, 2024
96.70
97.72
95.20
95.60
28.17
9,960
Jun 11, 2024
94.25
95.05
93.50
95.05
28.01
7,260
Jun 10, 2024
95.00
95.44
93.90
94.80
27.94
11,480
Jun 7, 2024
95.20
95.75
95.15
95.50
28.14
9,960
Jun 6, 2024
4.82 Dividend 

Jun 6, 2024
94.40
95.80
94.40
95.60
28.17
9,340
Jun 5, 2024
99.05
99.80
98.40
99.40
27.87
18,880
Jun 4, 2024
98.35
99.30
98.00
98.60
27.65
6,640
Jun 3, 2024
98.20
98.85
97.93
98.45
27.61
8,920
May 31, 2024
100.05
100.15
96.10
97.80
27.42
12,800
May 30, 2024
100.80
101.15
99.45
99.95
28.03
7,180
May 29, 2024
100.00
101.00
99.25
100.52
28.19
4,320
May 28, 2024
101.95
101.95
99.60
101.35
28.42
10,040
May 24, 2024
102.05
102.07
100.75
101.05
28.33
4,860
May 23, 2024
102.85
103.20
100.60
101.35
28.42
10,400
May 22, 2024
106.95
106.95
102.20
102.50
28.74
19,440
May 21, 2024
110.50
110.50
107.25
108.75
30.49
7,940
May 20, 2024
110.05
110.95
108.90
110.80
31.07
5,800
May 17, 2024
108.95
110.14
108.30
109.30
30.65
3,080
May 16, 2024
107.70
108.67
107.35
108.50
30.42
2,440
May 15, 2024
108.43
109.00
107.74
107.74
30.21
7,200
May 14, 2024
105.80
107.55
105.70
107.00
30.00
2,300
May 13, 2024
107.75
107.75
104.95
104.95
29.43
4,740
May 10, 2024
108.40
108.40
106.10
106.45
29.85
3,180
May 9, 2024
106.35
107.95
105.40
107.95
30.27
8,780
May 8, 2024
105.70
106.40
104.90
105.70
29.64
5,540
May 7, 2024
106.90
107.11
105.80
106.03
29.73
4,660
May 6, 2024
5.6 Dividend 

May 6, 2024
104.00
106.75
104.00
106.05
29.74
4,380
May 3, 2024
120.00
120.00
107.85
108.65
28.90
13,660
May 2, 2024
106.35
109.15
105.00
109.15
29.03
3,160
May 1, 2024
106.05
106.57
102.25
103.80
27.61
5,560
Apr 30, 2024
114.60
114.60
111.00
111.45
29.64
2,000
Apr 29, 2024
114.10
114.94
113.45
114.03
30.32
2,180
Apr 26, 2024
113.00
114.05
113.00
113.30
30.13
2,380
Apr 25, 2024
109.60
111.65
109.38
111.25
29.59
1,160
Apr 24, 2024
112.50
113.20
111.75
112.25
29.85
4,140
Apr 23, 2024
109.00
112.55
109.00
112.55
29.93
1,680
Apr 22, 2024
107.95
109.80
107.25
109.05
29.00
7,140
Apr 19, 2024
108.85
109.10
106.75
107.25
28.52
2,640
Apr 18, 2024
112.30
112.30
109.30
109.35
29.08
2,680
Apr 17, 2024
111.45
112.90
109.55
111.55
29.67
3,940
Apr 16, 2024
110.20
112.54
109.70
110.90
29.49
5,820
Apr 15, 2024
116.00
116.79
111.35
111.35
29.61
4,940
Apr 12, 2024
117.75
118.35
114.60
115.60
30.74
12,180
Apr 11, 2024
117.70
119.00
116.60
118.90
31.62
5,040
Apr 10, 2024
115.05
117.53
115.05
116.95
31.10
6,780
Apr 9, 2024
116.15
117.75
115.90
117.70
31.30
4,920
Apr 8, 2024
114.95
116.39
114.95
116.28
30.92
6,320
Apr 5, 2024
108.65
114.95
108.25
114.75
30.52
6,360
Apr 4, 2024
3.195 Dividend 

Apr 4, 2024
116.55
119.30
110.90
111.45
29.64
23,180
Apr 3, 2024
119.15
122.62
118.80
121.45
31.45
11,680
Apr 2, 2024
121.95
121.95
117.85
120.75
31.27
8,140
Apr 1, 2024
127.55
127.55
123.61
123.95
32.10
6,300
Mar 28, 2024
126.20
127.40
126.10
127.35
32.98
4,540
Mar 27, 2024
126.55
126.55
124.25
125.15
32.41
3,700
Mar 26, 2024
124.00
126.25
124.00
125.15
32.41
4,000
Mar 25, 2024
120.65
124.55
120.65
123.60
32.01
4,520
Mar 22, 2024
124.65
124.65
121.25
121.25
31.40
7,740
Mar 21, 2024
122.00
124.90
122.00
124.50
32.24
8,540
Mar 20, 2024
118.15
121.75
116.96
121.20
31.39
4,480
Mar 19, 2024
119.25
119.65
116.75
118.50
30.69
7,660
Mar 18, 2024
118.95
120.70
118.45
119.90
31.05
4,820
Mar 15, 2024
118.85
120.53
118.55
119.25
30.88
8,240
Mar 14, 2024
120.60
120.75
118.55
119.30
30.89
5,660
Mar 13, 2024
119.25
121.00
118.45
120.65
31.24
9,560
Mar 12, 2024
118.75
119.13
116.40
118.85
30.78
7,740
Mar 11, 2024
117.35
119.10
117.35
118.10
30.58
11,160
Mar 8, 2024
114.05
117.65
114.05
117.00
30.30
13,940
Mar 7, 2024
112.70
114.30
111.39
113.40
29.37
4,840
Mar 6, 2024
3.27 Dividend 

Mar 6, 2024
110.55
113.20
110.50
111.00
28.74
5,160
Mar 5, 2024
115.10
115.50
111.80
112.55
28.30
12,720
Mar 4, 2024
119.40
119.54
116.10
116.10
29.19
9,100
Mar 1, 2024
119.05
119.95
117.75
118.75
29.86
5,900
Feb 29, 2024
119.50
120.92
117.82
119.10
29.95
3,080
Feb 28, 2024
114.90
119.35
114.90
117.40
29.52
6,060
Feb 27, 2024
112.85
116.70
112.85
116.20
29.22
5,700
Feb 26, 2024
116.70
116.70
111.65
111.65
28.07
8,860
Feb 23, 2024
116.45
120.55
116.45
117.80
29.62
60,920
Feb 22, 2024
103.35
106.21
103.35
105.86
26.62
16,260
Feb 21, 2024
101.90
101.90
100.25
101.45
25.51
7,100
Feb 20, 2024
101.80
103.30
101.80
102.89
25.87
7,640
Feb 16, 2024
104.90
105.15
102.50
102.55
25.78
11,540
Feb 15, 2024
105.25
108.00
105.25
107.70
27.08
14,600
Feb 14, 2024
102.30
105.30
102.20
104.70
26.32
8,420
Feb 13, 2024
102.05
102.95
100.20
100.95
25.38
10,180
Feb 12, 2024
103.15
106.60
103.15
105.75
26.59
17,140
Feb 9, 2024
105.80
107.35
103.25
103.25
25.96
22,860
Feb 8, 2024
103.85
106.55
103.32
105.80
26.60
14,000
Feb 7, 2024
1.91 Dividend 

Feb 7, 2024
102.90
105.60
101.15
104.65
26.31
14,980
Feb 6, 2024
102.80
106.97
102.80
104.97
25.91
32,480
Feb 5, 2024
105.65
105.65
102.70
103.40
25.52
16,560
Feb 2, 2024
104.70
106.65
102.50
106.10
26.19
7,660
Feb 1, 2024
104.95
105.30
101.75
104.40
25.77
6,800
Jan 31, 2024
105.55
105.55
101.82
101.95
25.17
9,740
Jan 30, 2024
105.75
106.15
105.56
105.82
26.12
12,880
Jan 29, 2024
104.35
105.80
104.00
105.80
26.12
8,980
Jan 26, 2024
100.95
103.75
100.65
103.47
25.54
6,380
Jan 25, 2024
101.95
101.95
99.95
101.20
24.98
11,160
Jan 24, 2024
106.10
106.10
100.95
101.06
24.95
20,200
Jan 23, 2024
105.80
106.05
104.68
105.09
25.94
11,800
Jan 22, 2024
105.05
106.35
104.88
105.18
25.96
10,940
Jan 19, 2024
103.10
104.55
102.15
104.49
25.79
11,800
Jan 18, 2024
102.75
103.30
101.40
102.90
25.40
21,020
Jan 17, 2024
103.10
103.10
100.00
102.71
25.35
14,400
Jan 16, 2024
104.75
105.55
103.11
104.75
25.86
34,120
Jan 12, 2024
108.75
109.10
106.10
106.25
26.23
21,580
Jan 11, 2024
109.20
109.25
105.75
108.11
26.69
23,840
Jan 10, 2024
110.65
110.65
107.55
108.10
26.68
24,000
Jan 9, 2024
109.35
110.95
109.05
110.04
27.16
18,760
Jan 8, 2024
107.50
109.49
107.00
109.49
27.03
17,980
Jan 5, 2024
8.085 Dividend 

Jan 5, 2024
107.85
108.35
105.65
106.10
26.19
44,400
Jan 4, 2024
116.45
117.55
114.05
116.40
26.74
56,240
Jan 3, 2024
118.00
120.00
116.50
117.10
26.90
34,840
Jan 2, 2024
128.48
129.05
121.84
122.79
28.21
59,080
Dec 29, 2023
133.05
133.49
130.00
131.15
30.13
30,120
Dec 28, 2023
133.00
133.35
132.30
133.01
30.55
18,940
Dec 27, 2023
131.35
132.55
130.80
132.55
30.45
21,500
Dec 26, 2023
130.10
131.04
129.40
130.82
30.05
34,440
Dec 22, 2023
129.10
129.85
128.09
129.20
29.68
14,440
Dec 21, 2023
128.75
128.95
127.00
128.49
29.52
13,660
Dec 20, 2023
128.55
129.80
127.10
127.25
29.23
10,240
Dec 19, 2023
125.35
128.35
125.00
128.12
29.43
15,640
Dec 18, 2023
124.40
125.15
123.25
124.00
28.48
10,520
Dec 15, 2023
125.55
125.55
123.22
124.13
28.51
17,960
Dec 14, 2023
124.50
125.25
123.95
125.00
28.71
15,920
Dec 13, 2023
122.80
122.80
118.17
122.60
28.16
16,080
Dec 12, 2023
121.05
121.60
120.00
121.60
27.93
10,820
Dec 11, 2023
120.75
121.45
119.50
120.15
27.60
14,780
Dec 8, 2023
119.65
121.35
119.07
120.74
27.73
14,500
Dec 7, 2023
10.73 Dividend 

Dec 7, 2023
118.60
120.00
117.15
119.80
27.52
22,980
Dec 6, 2023
126.90
130.95
126.30
129.65
27.32
60,600
Dec 5, 2023
123.55
124.71
122.38
124.71
26.28
1,520
Dec 4, 2023
124.50
125.15
124.50
125.15
26.37
1,080
Dec 1, 2023
122.96
124.95
122.96
124.77
26.29
1,660
Nov 30, 2023
122.60
122.60
121.00
121.81
25.67
1,020
Nov 29, 2023
123.35
123.50
123.20
123.38
25.99
1,340
Nov 28, 2023
121.05
123.25
121.05
123.11
25.94
1,000
Nov 27, 2023
119.65
121.10
119.21
120.63
25.42
2,160
Nov 24, 2023
118.55
119.40
118.55
119.40
25.16
160
Nov 22, 2023
118.60
119.35
118.60
119.00
25.07
760
Nov 21, 2023
118.03
118.03
117.60
117.85
24.83
380
Nov 20, 2023
116.65
118.36
116.40
118.36
24.94
900
Nov 17, 2023
115.80
116.90
115.55
116.64
24.57
6,720
Nov 16, 2023
115.68
115.79
115.50
115.74
24.39
2,220
Nov 15, 2023
115.75
115.90
115.61
115.88
24.42
2,940
Nov 14, 2023
116.15
116.15
114.86
115.32
24.30
1,460
Nov 13, 2023
110.85
112.31
110.70
112.31
23.66
800
Nov 10, 2023
110.43
111.49
110.43
111.49
23.49
840
Nov 9, 2023
112.15
112.30
109.90
110.20
23.22
1,100
Nov 8, 2023
2.185 Dividend 

Nov 8, 2023
109.75
111.85
109.15
111.37
23.47
2,420
Nov 7, 2023
109.40
112.40
109.40
111.85
23.11
2,800
Nov 6, 2023
108.40
108.93
106.45
108.93
22.50
2,420
Nov 3, 2023
108.95
110.05
107.35
107.79
22.27
2,440
Nov 2, 2023
95.75
96.66
95.59
96.46
19.93
780
Nov 1, 2023
87.60
90.87
87.55
90.87
18.77
1,020
Oct 31, 2023
87.36
89.15
87.36
89.15
18.42
240
Oct 30, 2023
88.65
89.25
87.55
87.58
18.09
580
Oct 27, 2023
89.30
90.03
87.05
88.96
18.38
1,240
Oct 26, 2023
94.05
94.90
92.25
92.43
19.09
420
Oct 25, 2023
96.50
96.50
91.78
92.35
19.08
4,280
Oct 24, 2023
98.95
100.35
98.95
99.50
20.56
2,440
Oct 23, 2023
96.55
97.95
95.00
96.91
20.02
880
Oct 20, 2023
97.40
97.65
96.50
96.71
19.98
300
Oct 19, 2023
99.30
99.30
97.05
97.05
20.05
600
Oct 18, 2023
99.47
99.69
98.00
98.00
20.24
1,180
Oct 17, 2023
97.40
101.19
97.40
100.26
20.71
1,860
Oct 16, 2023
96.30
98.40
96.30
98.14
20.27
1,080
Oct 13, 2023
97.75
97.75
94.81
94.81
19.59
1,320
Oct 12, 2023
100.50
101.45
98.60
99.20
20.49
2,800
Oct 11, 2023
100.95
101.15
100.40
100.96
20.86
860
