Date
Open
High
Low
Close 

Adj Close 

Volume
Jun 5, 2026
19.16
19.16
18.26
18.64
18.64
42,000
Jun 4, 2026
0.165 Dividend 

Jun 4, 2026
19.46
19.75
19.39
19.53
19.53
51,300
Jun 3, 2026
20.66
20.67
20.19
20.29
20.13
41,100
Jun 2, 2026
21.25
21.25
20.50
20.81
20.64
43,800
Jun 1, 2026
22.00
22.15
21.75
21.96
21.78
36,600
May 29, 2026
22.45
22.74
22.32
22.50
22.32
54,300
May 28, 2026
0.191 Dividend 

May 28, 2026
22.40
22.58
22.26
22.58
22.40
26,400
May 27, 2026
23.25
23.25
23.01
23.13
22.75
34,300
May 26, 2026
23.63
23.74
23.32
23.43
23.05
18,700
May 22, 2026
23.76
23.76
23.31
23.31
22.93
17,300
May 21, 2026
0.183 Dividend 

May 21, 2026
23.67
23.81
23.49
23.77
23.38
23,800
May 20, 2026
23.84
23.92
23.72
23.92
23.35
14,200
May 19, 2026
23.64
23.73
23.54
23.63
23.07
45,200
May 18, 2026
23.88
23.88
23.46
23.74
23.17
36,500
May 15, 2026
24.53
24.53
24.11
24.28
23.70
32,400
May 14, 2026
0.236 Dividend 

May 14, 2026
24.41
24.87
24.40
24.76
24.17
39,000
May 13, 2026
24.72
24.72
24.35
24.60
23.78
28,900
May 12, 2026
24.81
24.82
24.60
24.81
23.99
28,600
May 11, 2026
24.84
25.08
24.72
25.03
24.20
56,100
May 8, 2026
24.59
24.67
24.48
24.63
23.81
44,700
May 7, 2026
0.32 Dividend 

May 7, 2026
25.15
25.15
24.55
24.71
23.89
36,500
May 6, 2026
25.36
25.49
25.27
25.34
24.19
28,000
May 5, 2026
25.43
25.49
25.23
25.42
24.26
32,400
May 4, 2026
24.73
25.19
24.63
25.00
23.86
21,800
May 1, 2026
24.40
24.73
24.40
24.55
23.43
24,800
Apr 30, 2026
0.332 Dividend 

Apr 30, 2026
24.09
24.25
24.04
24.15
23.05
11,700
Apr 29, 2026
24.53
24.60
24.10
24.18
22.76
23,000
Apr 28, 2026
24.40
24.45
24.22
24.45
23.02
19,500
Apr 27, 2026
24.74
24.85
24.44
24.57
23.13
17,000
Apr 24, 2026
24.76
24.84
24.65
24.71
23.26
21,400
Apr 23, 2026
0.269 Dividend 

Apr 23, 2026
24.51
24.84
24.51
24.66
23.21
17,100
Apr 22, 2026
25.01
25.23
24.97
25.11
23.39
32,200
Apr 21, 2026
24.67
24.67
24.14
24.36
22.69
237,800
Apr 20, 2026
24.27
24.61
24.17
24.61
22.92
22,000
Apr 17, 2026
24.77
25.06
24.72
24.86
23.15
38,200
Apr 16, 2026
0.278 Dividend 

Apr 16, 2026
24.59
24.60
24.25
24.60
22.91
17,800
Apr 15, 2026
24.75
24.84
24.53
24.83
22.87
20,400
Apr 14, 2026
24.84
25.02
24.55
24.71
22.76
43,800
Apr 13, 2026
23.89
24.48
23.80
24.46
22.53
18,900
Apr 10, 2026
24.16
24.44
24.16
24.44
22.51
20,400
Apr 9, 2026
0.273 Dividend 

Apr 9, 2026
24.01
24.31
23.91
24.24
22.32
7,800
Apr 8, 2026
24.61
24.61
24.25
24.39
22.21
18,200
Apr 7, 2026
23.81
23.82
23.55
23.82
21.69
13,300
Apr 6, 2026
23.88
24.10
23.83
23.94
21.80
18,400
Apr 2, 2026
0.262 Dividend 

Apr 2, 2026
23.06
23.33
22.79
23.28
21.20
26,100
Apr 1, 2026
23.97
24.04
23.76
23.83
21.46
19,000
Mar 31, 2026
23.65
23.86
23.29
23.71
21.35
15,900
Mar 30, 2026
23.75
23.75
23.20
23.28
20.97
22,400
Mar 27, 2026
23.42
23.42
22.95
23.15
20.85
17,200
Mar 26, 2026
0.273 Dividend 

Mar 26, 2026
24.24
24.27
23.75
23.88
21.51
16,600
Mar 25, 2026
24.86
25.00
24.75
24.75
22.04
28,000
Mar 24, 2026
24.43
24.47
24.21
24.31
21.65
7,900
Mar 23, 2026
24.61
24.87
24.51
24.61
21.92
21,000
Mar 20, 2026
24.50
24.50
24.27
24.44
21.77
16,000
Mar 19, 2026
0.375 Dividend 

Mar 19, 2026
24.44
24.53
24.06
24.50
21.82
20,900
Mar 18, 2026
25.61
25.61
25.03
25.03
21.96
30,800
Mar 17, 2026
25.84
25.96
25.66
25.93
22.75
805,400
Mar 16, 2026
25.71
25.81
25.51
25.76
22.60
26,300
Mar 13, 2026
25.42
25.58
24.99
25.04
21.97
36,700
Mar 12, 2026
0.323 Dividend 

Mar 12, 2026
24.84
24.93
24.70
24.84
21.79
21,900
Mar 11, 2026
24.85
25.37
24.85
25.26
21.88
35,400
Mar 10, 2026
25.22
25.42
24.99
25.03
21.68
11,700
Mar 9, 2026
24.68
24.90
24.63
24.77
21.45
14,500
Mar 6, 2026
24.60
24.67
24.45
24.49
21.21
25,800
Mar 5, 2026
0.296 Dividend 

Mar 5, 2026
25.72
25.72
24.99
25.05
21.70
15,700
Mar 4, 2026
25.61
26.11
25.49
25.88
22.16
20,400
Mar 3, 2026
24.35
24.77
24.14
24.61
21.07
11,700
Mar 2, 2026
23.62
25.10
23.62
24.86
21.29
13,100
Feb 27, 2026
23.88
24.08
23.74
23.82
20.40
523,900
Feb 26, 2026
0.246 Dividend 

Feb 26, 2026
24.66
24.66
24.14
24.37
20.87
12,300
Feb 25, 2026
24.08
25.21
24.08
25.09
21.27
107,900
Feb 24, 2026
23.35
23.75
23.09
23.65
20.05
16,700
Feb 23, 2026
24.37
24.37
23.45
23.65
20.05
152,400
Feb 20, 2026
24.32
24.56
24.30
24.53
20.80
36,400
Feb 19, 2026
0.24 Dividend 

Feb 19, 2026
24.03
24.32
23.93
24.29
20.59
16,300
Feb 18, 2026
24.43
24.78
24.21
24.25
20.36
18,400
Feb 17, 2026
24.70
24.70
24.34
24.63
20.68
24,000
Feb 13, 2026
24.44
24.99
24.43
24.77
20.79
24,500
Feb 12, 2026
0.219 Dividend 

Feb 12, 2026
24.56
24.64
23.83
23.89
20.05
13,800
Feb 11, 2026
24.94
24.94
24.17
24.68
20.54
14,400
Feb 10, 2026
25.18
25.31
24.87
24.94
20.75
22,700
Feb 9, 2026
25.00
25.69
24.94
25.56
21.27
18,800
Feb 6, 2026
24.31
25.68
24.31
25.31
21.06
80,300
Feb 5, 2026
0.238 Dividend 

Feb 5, 2026
25.75
25.75
22.83
23.15
19.26
127,200
Feb 4, 2026
27.48
27.59
26.40
26.83
22.12
36,100
Feb 3, 2026
28.52
28.58
26.72
27.93
23.03
33,200
Feb 2, 2026
28.58
29.00
28.48
28.53
23.53
47,600
Jan 30, 2026
30.18
30.61
29.93
30.43
25.09
23,300
Jan 29, 2026
0.251 Dividend 

Jan 29, 2026
31.90
31.90
30.25
30.50
25.15
32,900
Jan 28, 2026
32.68
32.75
32.48
32.54
26.63
13,700
Jan 27, 2026
32.25
32.53
31.97
32.53
26.61
17,100
Jan 26, 2026
32.14
32.32
31.84
31.99
26.18
30,400
Jan 23, 2026
32.42
32.98
32.28
32.52
26.61
26,000
Jan 22, 2026
0.336 Dividend 

Jan 22, 2026
32.58
32.65
32.18
32.51
26.60
24,400
Jan 21, 2026
32.90
33.19
32.18
33.13
26.83
20,700
Jan 20, 2026
33.43
33.48
32.80
32.90
26.65
53,000
Jan 16, 2026
35.06
35.06
34.54
34.99
28.34
19,600
Jan 15, 2026
0.236 Dividend 

Jan 15, 2026
35.49
35.49
34.88
34.94
28.30
20,900
Jan 14, 2026
35.38
36.03
35.26
36.03
28.99
17,400
Jan 13, 2026
34.25
34.99
34.25
34.95
28.12
18,200
Jan 12, 2026
33.75
34.31
33.75
34.08
27.42
14,600
Jan 9, 2026
33.81
34.14
33.66
33.71
27.13
19,400
Jan 8, 2026
0.305 Dividend 

Jan 8, 2026
33.78
34.14
33.59
33.98
27.34
10,800
Jan 7, 2026
34.29
34.63
34.25
34.36
27.40
21,500
Jan 6, 2026
35.42
35.46
34.51
34.84
27.79
17,400
Jan 5, 2026
34.90
35.63
34.90
35.52
28.33
31,300
Jan 2, 2026
0.285 Dividend 

Jan 2, 2026
33.85
34.50
33.73
34.05
27.16
47,500
Dec 31, 2025
34.15
34.15
33.63
33.75
26.69
41,300
Dec 30, 2025
33.90
34.35
33.81
33.81
26.74
52,900
Dec 29, 2025
33.69
33.89
33.56
33.64
26.60
42,600
Dec 26, 2025
0.301 Dividend 

Dec 26, 2025
34.23
34.23
33.45
33.70
26.65
19,900
Dec 24, 2025
33.86
33.99
33.74
33.97
26.62
16,500
Dec 23, 2025
34.12
34.25
33.83
34.10
26.73
25,800
Dec 22, 2025
34.83
35.00
34.21
34.33
26.91
36,400
Dec 19, 2025
34.17
34.50
33.85
34.20
26.80
28,300
Dec 18, 2025
0.281 Dividend 

Dec 18, 2025
34.43
34.57
33.02
33.05
25.90
27,000
Dec 17, 2025
34.44
35.27
33.69
33.77
26.25
27,000
Dec 16, 2025
34.17
34.47
34.17
34.46
26.78
41,600
Dec 15, 2025
34.98
35.08
33.64
33.70
26.19
42,600
Dec 12, 2025
35.59
35.80
35.01
35.22
27.37
43,900
Dec 11, 2025
0.279 Dividend 

Dec 11, 2025
35.19
35.65
34.92
35.65
27.71
27,300
Dec 10, 2025
35.98
36.66
35.81
36.10
27.84
24,200
Dec 9, 2025
35.36
36.75
35.35
36.25
27.96
21,000
Dec 8, 2025
35.70
35.85
35.20
35.58
27.44
25,200
Dec 5, 2025
35.19
35.37
34.74
35.08
27.06
64,800
Dec 4, 2025
0.694 Dividend 

Dec 4, 2025
35.72
35.87
35.29
35.64
27.49
30,700
Dec 3, 2025
36.36
36.67
36.25
36.48
27.60
33,000
Dec 2, 2025
35.31
36.39
35.22
36.00
27.24
65,400
Dec 1, 2025
1:5 Stock Splits 

Dec 1, 2025
34.25
34.76
33.62
34.25
25.91
54,800
Nov 28, 2025
0.35 Dividend 

Nov 28, 2025
36.80
36.80
35.80
35.95
27.20
35,000
Nov 26, 2025
35.20
36.25
35.07
36.00
26.97
44,720
Nov 25, 2025
35.25
35.55
34.85
35.28
26.43
33,520
Nov 24, 2025
34.60
35.92
34.45
35.90
26.90
79,080
Nov 21, 2025
33.75
34.50
33.30
34.10
25.55
115,460
Nov 20, 2025
0.375 Dividend 

Nov 20, 2025
36.25
36.75
34.58
34.80
26.07
192,620
Nov 19, 2025
36.95
37.47
35.95
36.25
26.88
82,100
Nov 18, 2025
37.15
38.00
36.90
37.45
27.77
64,980
Nov 17, 2025
37.95
38.63
36.97
37.10
27.51
102,700
Nov 14, 2025
38.25
39.15
37.90
37.90
28.10
133,980
Nov 13, 2025
0.38 Dividend 

Nov 13, 2025
41.00
41.28
39.40
39.45
29.25
81,620
Nov 12, 2025
41.70
42.05
40.90
41.10
30.19
36,500
Nov 11, 2025
41.88
42.00
41.42
41.45
30.45
37,840
Nov 10, 2025
42.25
42.45
41.92
42.30
31.07
69,040
Nov 7, 2025
40.30
41.69
40.15
41.60
30.56
101,660
Nov 6, 2025
0.365 Dividend 

Nov 6, 2025
41.35
41.41
40.47
40.70
29.90
77,400
Nov 5, 2025
41.50
42.35
41.45
42.10
30.66
62,180
Nov 4, 2025
42.20
42.45
40.45
40.90
29.78
72,180
Nov 3, 2025
43.70
43.70
42.65
43.05
31.35
58,680
Oct 31, 2025
44.00
44.40
43.65
44.10
32.12
48,680
Oct 30, 2025
0.675 Dividend 

Oct 30, 2025
43.65
43.65
42.83
42.95
31.28
57,600
Oct 29, 2025
46.05
46.05
44.70
45.05
32.32
56,820
Oct 28, 2025
46.15
46.45
45.85
45.85
32.89
58,220
Oct 27, 2025
45.95
46.40
45.95
46.15
33.10
65,260
Oct 24, 2025
45.20
45.20
44.65
44.90
32.21
44,160
Oct 23, 2025
0.405 Dividend 

Oct 23, 2025
44.40
45.05
44.25
44.70
32.06
52,260
Oct 22, 2025
44.20
44.75
44.15
44.25
31.45
77,140
Oct 21, 2025
44.60
46.15
44.35
45.45
32.30
62,960
Oct 20, 2025
44.50
45.45
44.50
45.10
32.06
85,100
Oct 17, 2025
43.60
44.00
42.90
43.70
31.06
90,920
Oct 16, 2025
1.225 Dividend 

Oct 16, 2025
45.85
45.85
44.10
44.35
31.52
76,020
Oct 15, 2025
47.30
47.30
46.28
46.75
32.36
54,060
Oct 14, 2025
46.70
47.65
46.10
47.20
32.67
70,780
Oct 13, 2025
48.25
48.60
47.72
48.55
33.60
48,260
Oct 10, 2025
50.50
50.50
48.50
48.75
33.74
63,280
Oct 9, 2025
50.50
50.55
49.70
50.15
34.71
30,240
Oct 8, 2025
50.20
50.75
50.15
50.50
34.95
27,440
Oct 7, 2025
51.05
51.05
49.80
50.10
34.68
44,840
Oct 6, 2025
50.60
51.40
50.60
51.10
35.37
60,760
Oct 3, 2025
49.90
50.83
49.65
50.40
34.88
103,260
Oct 2, 2025
1.54 Dividend 

Oct 2, 2025
49.75
50.00
49.25
49.90
34.54
44,860
Oct 1, 2025
50.40
50.80
50.35
50.55
33.92
65,580
Sep 30, 2025
49.70
49.95
49.35
49.90
33.49
65,720
Sep 29, 2025
48.85
49.83
48.85
49.80
33.42
47,180
Sep 26, 2025
47.90
48.25
47.65
47.90
32.14
24,080
Sep 25, 2025
48.80
48.80
47.58
47.95
32.18
42,660
Sep 24, 2025
48.85
49.60
48.85
49.35
33.12
158,320
Sep 23, 2025
48.95
49.38
48.65
48.70
32.68
47,300
Sep 22, 2025
49.50
49.50
48.75
48.75
32.71
57,020
Sep 19, 2025
50.60
50.60
49.90
49.95
33.52
56,180
Sep 18, 2025
50.70
50.80
50.50
50.65
33.99
28,400
Sep 17, 2025
50.05
50.15
49.60
50.10
33.62
38,380
Sep 16, 2025
49.90
50.30
49.65
50.25
33.72
31,780
Sep 15, 2025
49.60
49.92
49.50
49.80
33.42
43,500
Sep 12, 2025
49.80
50.30
49.75
50.25
33.72
66,940
Sep 11, 2025
49.50
49.65
49.35
49.60
33.28
33,460
Sep 10, 2025
49.25
49.45
49.20
49.30
33.08
44,120
Sep 9, 2025
48.85
49.05
48.31
48.55
32.58
47,420
Sep 8, 2025
48.55
49.10
48.55
48.75
32.71
69,600
Sep 5, 2025
48.65
48.85
47.94
48.55
32.58
82,800
Sep 4, 2025
1.385 Dividend 

Sep 4, 2025
48.30
48.30
47.55
47.70
32.01
59,520
Sep 3, 2025
49.80
50.35
49.60
49.95
32.59
64,800
Sep 2, 2025
49.25
49.75
48.75
49.50
32.30
83,600
Aug 29, 2025
49.15
49.25
48.25
48.35
31.55
67,380
Aug 28, 2025
50.00
50.38
49.80
49.85
32.52
43,520
Aug 27, 2025
49.70
50.10
49.30
49.90
32.56
42,620
Aug 26, 2025
49.05
49.50
48.70
49.50
32.30
99,940
Aug 25, 2025
49.95
50.08
49.17
49.25
32.13
96,560
Aug 22, 2025
49.75
51.48
49.56
51.30
33.47
40,220
Aug 21, 2025
49.95
50.45
49.55
49.60
32.36
40,240
Aug 20, 2025
50.00
50.60
49.65
50.50
32.95
67,060
Aug 19, 2025
51.50
51.50
49.75
50.00
32.62
55,960
Aug 18, 2025
51.30
51.65
50.80
51.40
33.54
71,260
Aug 15, 2025
52.90
52.90
51.60
51.65
33.70
54,060
Aug 14, 2025
52.50
52.69
51.75
52.10
33.99
55,680
Aug 13, 2025
53.25
53.65
53.22
53.55
34.94
48,460
Aug 12, 2025
52.90
53.20
52.85
53.15
34.68
50,600
Aug 11, 2025
52.60
53.20
52.60
52.80
34.45
102,440
Aug 8, 2025
52.35
52.50
52.00
52.15
34.02
76,100
Aug 7, 2025
2.71 Dividend 

Aug 7, 2025
52.15
52.55
51.80
52.55
34.29
52,100
Aug 6, 2025
54.00
54.85
53.60
54.45
33.76
140,900
Aug 5, 2025
54.05
54.08
53.13
53.65
33.26
61,620
Aug 4, 2025
53.75
54.55
53.75
54.15
33.57
70,060
Aug 1, 2025
54.50
54.50
53.26
53.35
33.08
63,860
Jul 31, 2025
55.15
55.69
54.75
54.80
33.97
34,440
Jul 30, 2025
55.05
55.45
54.22
54.75
33.94
38,060
Jul 29, 2025
55.40
55.45
54.65
54.95
34.07
48,020
Jul 28, 2025
55.00
55.45
54.85
55.10
34.16
84,200
Jul 25, 2025
54.25
54.50
53.58
54.30
33.66
85,800
Jul 24, 2025
55.05
55.60
54.83
55.40
34.35
60,840
Jul 23, 2025
55.00
55.15
54.60
55.05
34.13
40,140
Jul 22, 2025
54.80
55.67
54.60
55.25
34.25
121,660
Jul 21, 2025
54.75
55.20
54.08
54.10
33.54
103,680
Jul 18, 2025
55.00
55.05
54.29
54.30
33.66
38,080
Jul 17, 2025
54.55
55.20
54.39
54.85
34.01
45,760
Jul 16, 2025
54.50
55.00
54.50
54.80
33.97
49,380
Jul 15, 2025
54.50
54.50
53.55
53.80
33.35
68,140
Jul 14, 2025
55.00
55.20
54.45
54.60
33.85
107,360
Jul 11, 2025
53.80
54.25
53.78
54.15
33.57
153,080
Jul 10, 2025
1.905 Dividend 

Jul 10, 2025
52.40
53.20
52.10
52.90
32.80
151,680
Jul 9, 2025
53.70
54.60
53.40
54.50
32.61
105,420
Jul 8, 2025
53.60
53.65
53.13
53.45
31.98
76,500
Jul 7, 2025
53.50
53.50
52.85
53.15
31.80
106,800
Jul 3, 2025
53.30
53.80
53.30
53.50
32.01
67,680
Jul 2, 2025
52.50
53.50
52.50
53.45
31.98
41,940
Jul 1, 2025
52.75
52.75
51.95
52.00
31.11
47,200
Jun 30, 2025
52.75
52.99
52.50
52.90
31.65
59,040
Jun 27, 2025
52.40
52.70
52.25
52.45
31.38
67,100
Jun 26, 2025
52.45
52.63
52.25
52.50
31.41
95,320
Jun 25, 2025
52.60
52.60
52.25
52.55
31.44
108,480
Jun 24, 2025
51.45
51.97
51.45
51.65
30.90
114,000
Jun 23, 2025
49.88
50.90
49.15
50.70
30.33
137,980
Jun 20, 2025
51.50
51.85
50.33
50.70
30.33
109,600
Jun 18, 2025
51.20
51.50
50.75
50.80
30.39
67,140
Jun 17, 2025
51.50
51.65
50.56
51.15
30.60
70,940
Jun 16, 2025
51.70
52.72
51.65
52.50
31.41
122,420
Jun 13, 2025
51.30
51.60
50.80
50.95
30.48
109,840
Jun 12, 2025
1.655 Dividend 

Jun 12, 2025
52.25
52.60
51.85
51.95
31.08
105,420
Jun 11, 2025
54.80
54.88
54.24
54.40
31.56
241,500
Jun 10, 2025
54.85
54.85
54.30
54.60
31.67
172,860
Jun 9, 2025
54.05
54.35
53.80
54.35
31.53
132,220
Jun 6, 2025
52.25
53.30
52.25
52.70
30.57
65,900
