Date
Open
High
Low
Close 

Adj Close 

Volume
May 26, 2026
14.28
14.56
13.97
14.15
14.15
10,708
May 22, 2026
14.46
14.46
13.85
13.90
13.90
7,400
May 21, 2026
14.15
14.36
13.96
14.36
14.36
1,700
May 20, 2026
0.198 Dividend 

May 20, 2026
13.81
14.18
13.73
14.18
14.18
2,200
May 19, 2026
13.81
13.90
13.73
13.88
13.68
3,900
May 18, 2026
14.08
14.33
13.85
13.95
13.75
10,000
May 15, 2026
15.66
15.66
14.78
14.78
14.57
16,300
May 14, 2026
15.51
16.33
15.28
16.08
15.85
7,400
May 13, 2026
0.205 Dividend 

May 13, 2026
15.78
15.78
15.49
15.49
15.27
3,700
May 12, 2026
16.25
16.27
15.90
16.04
15.61
10,400
May 11, 2026
16.47
16.90
16.39
16.82
16.36
8,100
May 8, 2026
16.03
16.37
15.90
16.28
15.84
7,600
May 7, 2026
16.26
16.54
15.80
16.13
15.70
5,800
May 6, 2026
0.221 Dividend 

May 6, 2026
16.70
16.75
16.62
16.65
16.20
2,500
May 5, 2026
17.00
17.00
16.73
16.87
16.20
2,300
May 4, 2026
16.50
16.65
16.45
16.65
15.99
1,800
May 1, 2026
16.13
16.20
16.02
16.14
15.50
1,600
Apr 30, 2026
15.26
15.82
15.26
15.82
15.19
2,400
Apr 29, 2026
0.143 Dividend 

Apr 29, 2026
15.35
15.35
15.05
15.32
14.72
2,000
Apr 28, 2026
15.61
16.00
15.44
16.00
15.23
3,300
Apr 27, 2026
16.17
16.17
15.94
16.04
15.27
3,600
Apr 24, 2026
16.54
16.54
16.12
16.37
15.58
10,200
Apr 23, 2026
16.70
16.71
16.23
16.29
15.50
3,100
Apr 22, 2026
0.14 Dividend 

Apr 22, 2026
16.92
17.11
16.74
17.11
16.28
4,200
Apr 21, 2026
16.58
16.69
16.16
16.16
15.25
2,200
Apr 20, 2026
16.40
16.72
16.15
16.66
15.72
6,800
Apr 17, 2026
16.86
17.41
16.78
16.81
15.86
4,700
Apr 16, 2026
16.33
16.47
16.00
16.47
15.54
1,900
Apr 15, 2026
0.141 Dividend 

Apr 15, 2026
15.70
16.38
15.70
16.38
15.46
4,800
Apr 14, 2026
16.55
16.90
15.67
15.92
14.89
7,300
Apr 13, 2026
16.00
16.05
15.85
15.89
14.86
2,600
Apr 10, 2026
15.87
15.95
15.69
15.69
14.68
2,600
Apr 9, 2026
15.56
15.80
15.56
15.69
14.68
1,500
Apr 8, 2026
0.149 Dividend 

Apr 8, 2026
15.86
15.86
15.45
15.71
14.69
3,200
Apr 7, 2026
15.03
15.05
14.62
15.05
13.94
2,800
Apr 6, 2026
14.99
15.44
14.99
15.30
14.16
22,000
Apr 2, 2026
13.82
14.65
13.82
14.65
13.57
5,800
Apr 1, 2026
0.189 Dividend 

Apr 1, 2026
14.89
15.15
14.65
14.80
13.70
9,800
Mar 31, 2026
14.23
15.06
13.99
15.02
13.73
4,400
Mar 30, 2026
14.14
14.30
13.78
13.91
12.72
12,700
Mar 27, 2026
14.33
14.39
13.94
13.95
12.75
20,200
Mar 26, 2026
15.69
15.69
14.59
14.76
13.50
6,000
Mar 25, 2026
0.167 Dividend 

Mar 25, 2026
16.45
16.45
15.80
16.06
14.68
12,200
Mar 24, 2026
16.06
16.12
15.86
15.86
14.35
9,700
Mar 23, 2026
16.00
16.43
15.93
16.20
14.66
3,800
Mar 20, 2026
15.87
15.91
15.64
15.90
14.39
3,100
Mar 19, 2026
15.65
16.11
15.65
16.11
14.57
3,600
Mar 18, 2026
0.18 Dividend 

Mar 18, 2026
16.89
16.89
16.31
16.31
14.75
1,400
Mar 17, 2026
17.47
17.47
17.28
17.31
15.49
6,700
Mar 16, 2026
16.64
17.15
16.64
17.14
15.34
3,000
Mar 13, 2026
16.51
16.51
15.70
15.70
14.05
800
Mar 12, 2026
16.07
16.07
15.48
15.81
14.16
3,400
Mar 11, 2026
0.123 Dividend 

Mar 11, 2026
16.09
16.09
16.09
16.09
14.41
200
Mar 10, 2026
16.16
16.22
15.92
15.95
14.17
1,700
Mar 9, 2026
14.99
15.73
14.99
15.73
13.97
800
Mar 6, 2026
14.53
14.75
14.40
14.43
12.82
3,600
Mar 5, 2026
15.99
15.99
15.15
15.45
13.73
1,700
Mar 4, 2026
0.14 Dividend 

Mar 4, 2026
15.81
16.45
15.81
15.99
14.20
3,500
Mar 3, 2026
15.74
15.74
14.88
14.99
13.20
1,000
Mar 2, 2026
15.15
15.89
15.15
15.58
13.71
1,400
Feb 27, 2026
15.02
15.02
14.48
14.50
12.76
7,700
Feb 26, 2026
16.12
16.12
15.44
15.61
13.74
1,600
Feb 25, 2026
0.101 Dividend 

Feb 25, 2026
15.90
16.51
15.90
16.25
14.30
12,700
Feb 24, 2026
14.55
14.94
14.55
14.94
13.06
1,800
Feb 23, 2026
14.95
15.01
14.54
14.72
12.87
4,900
Feb 20, 2026
15.23
15.51
15.23
15.35
13.42
1,900
Feb 19, 2026
14.89
15.23
14.89
15.23
13.31
1,200
Feb 18, 2026
0.107 Dividend 

Feb 18, 2026
15.32
15.38
15.22
15.22
13.30
5,500
Feb 17, 2026
15.78
15.78
15.28
15.48
13.43
3,000
Feb 13, 2026
15.69
16.05
15.69
15.89
13.79
20,500
Feb 12, 2026
14.99
15.19
14.56
15.19
13.19
4,300
Feb 11, 2026
0.215 Dividend 

Feb 11, 2026
15.11
15.11
14.65
14.96
12.98
3,900
Feb 10, 2026
15.80
16.09
15.43
15.43
13.20
5,900
Feb 9, 2026
14.97
16.11
14.97
16.11
13.79
32,500
Feb 6, 2026
14.79
15.56
14.74
15.50
13.27
6,500
Feb 5, 2026
14.88
15.43
13.50
13.52
11.57
19,500
Feb 4, 2026
0.204 Dividend 

Feb 4, 2026
16.74
17.05
15.56
15.77
13.50
24,500
Feb 3, 2026
17.90
17.90
16.64
17.57
14.87
22,700
Feb 2, 2026
18.23
18.65
17.76
17.89
15.14
11,900
Jan 30, 2026
20.41
20.44
19.62
19.62
16.60
9,200
Jan 29, 2026
22.17
22.17
20.42
20.67
17.48
4,900
Jan 28, 2026
0.341 Dividend 

Jan 28, 2026
23.33
23.40
22.83
22.94
19.41
18,600
Jan 27, 2026
21.91
23.03
21.91
23.00
19.17
5,900
Jan 26, 2026
21.86
22.43
21.78
21.80
18.17
8,000
Jan 23, 2026
22.11
22.88
22.00
22.44
18.70
2,700
Jan 22, 2026
22.98
23.04
22.53
22.53
18.78
9,600
Jan 21, 2026
0.369 Dividend 

Jan 21, 2026
22.17
22.93
21.28
22.93
19.11
6,200
Jan 20, 2026
23.01
23.10
22.42
22.42
18.38
11,000
Jan 16, 2026
23.80
24.47
23.73
24.47
20.06
8,400
Jan 15, 2026
24.86
25.26
24.28
24.28
19.90
2,500
Jan 14, 2026
0.275 Dividend 

Jan 14, 2026
25.62
25.98
25.27
25.54
20.94
2,500
Jan 13, 2026
24.75
25.03
24.72
24.72
20.04
1,700
Jan 12, 2026
23.80
24.69
23.80
24.64
19.97
2,300
Jan 9, 2026
23.66
24.78
23.66
23.83
19.31
1,000
Jan 8, 2026
23.45
24.69
23.45
24.69
20.01
1,600
Jan 7, 2026
0.243 Dividend 

Jan 7, 2026
23.92
24.33
23.83
23.93
19.40
1,300
Jan 6, 2026
26.27
26.27
24.87
25.58
20.54
2,400
Jan 5, 2026
25.35
26.01
25.35
26.01
20.88
1,900
Jan 2, 2026
21.89
24.59
21.89
24.59
19.75
7,400
Dec 31, 2025
0.246 Dividend 

Dec 31, 2025
22.04
22.04
21.44
21.48
17.25
6,500
Dec 30, 2025
22.69
23.01
22.07
22.07
17.52
5,300
Dec 29, 2025
23.19
23.19
22.39
22.68
18.01
7,100
Dec 26, 2025
22.20
22.62
22.20
22.44
17.82
1,200
Dec 24, 2025
0.464 Dividend 

Dec 24, 2025
23.22
23.26
23.10
23.25
18.46
2,900
Dec 23, 2025
24.10
24.36
23.83
24.10
18.77
3,000
Dec 22, 2025
24.51
25.90
24.50
25.07
19.52
10,000
Dec 19, 2025
24.48
25.34
24.48
25.34
19.73
1,200
Dec 18, 2025
24.97
24.97
22.85
22.85
17.80
3,900
Dec 17, 2025
0.448 Dividend 

Dec 17, 2025
23.68
25.71
23.50
23.50
18.30
3,300
Dec 16, 2025
25.37
25.76
25.37
25.64
19.62
1,000
Dec 15, 2025
26.65
26.89
25.28
25.28
19.34
1,800
Dec 12, 2025
30.36
30.36
28.09
28.09
21.49
2,600
Dec 11, 2025
30.37
30.84
30.11
30.50
23.34
3,300
Dec 10, 2025
0.187 Dividend 

Dec 10, 2025
30.42
30.98
30.29
30.87
23.62
6,100
Dec 9, 2025
28.57
30.39
28.57
30.39
23.10
5,700
Dec 8, 2025
28.03
28.75
27.62
28.61
21.75
2,800
Dec 5, 2025
28.29
29.13
27.36
27.36
20.80
3,800
Dec 4, 2025
26.38
28.85
26.35
28.76
21.87
4,700
Dec 3, 2025
0.115 Dividend 

Dec 3, 2025
25.54
26.70
25.54
26.70
20.31
3,100
Dec 2, 2025
24.50
25.72
24.50
25.50
19.31
4,800
Dec 1, 2025
24.34
24.36
23.02
23.75
17.98
27,500
Nov 28, 2025
27.22
29.33
26.81
26.81
20.30
16,600
Nov 26, 2025
24.62
25.75
23.84
25.52
19.32
7,800
Nov 25, 2025
24.43
24.75
23.28
23.37
17.69
8,500
