Date
Open
High
Low
Close 

Adj Close 

Volume
Jun 5, 2026
17.56
17.56
16.69
16.87
16.87
179,600
Jun 4, 2026
17.83
18.20
17.78
17.93
17.93
150,700
Jun 3, 2026
0.125 Dividend 

Jun 3, 2026
18.93
18.94
18.44
18.44
18.44
157,900
Jun 2, 2026
19.80
19.86
18.88
19.09
18.97
198,500
Jun 1, 2026
20.50
20.50
20.05
20.28
20.15
91,400
May 29, 2026
20.69
21.00
20.51
20.78
20.64
65,400
May 28, 2026
20.67
20.90
20.50
20.74
20.60
120,400
May 27, 2026
0.131 Dividend 

May 27, 2026
21.20
21.43
21.10
21.23
21.09
82,400
May 26, 2026
21.75
22.00
21.51
21.56
21.29
77,700
May 22, 2026
21.99
21.99
21.44
21.58
21.31
73,800
May 21, 2026
21.91
22.13
21.75
22.01
21.73
53,600
May 20, 2026
0.131 Dividend 

May 20, 2026
21.83
22.02
21.79
21.86
21.58
102,600
May 19, 2026
21.77
21.95
21.71
21.75
21.35
36,300
May 18, 2026
21.98
22.01
21.70
21.90
21.49
65,300
May 15, 2026
22.80
22.81
22.37
22.51
22.10
78,500
May 14, 2026
22.68
23.25
22.65
23.16
22.73
84,100
May 13, 2026
0.152 Dividend 

May 13, 2026
22.80
22.80
22.41
22.67
22.25
55,800
May 12, 2026
23.10
23.10
22.84
23.10
22.52
50,100
May 11, 2026
23.06
23.29
23.00
23.25
22.67
78,900
May 8, 2026
23.14
23.14
22.69
22.92
22.35
39,300
May 7, 2026
22.97
22.97
22.70
22.85
22.28
162,200
May 6, 2026
0.172 Dividend 

May 6, 2026
22.93
23.02
22.91
23.02
22.44
47,600
May 5, 2026
23.06
23.18
22.98
23.09
22.35
92,700
May 4, 2026
22.53
22.85
22.47
22.77
22.04
107,300
May 1, 2026
22.39
22.58
22.35
22.48
21.75
138,300
Apr 30, 2026
21.74
21.93
21.67
21.71
21.01
98,400
Apr 29, 2026
0.127 Dividend 

Apr 29, 2026
21.95
22.01
21.43
21.58
20.88
87,900
Apr 28, 2026
22.06
22.06
21.75
21.97
21.14
55,600
Apr 27, 2026
22.22
22.37
21.97
22.10
21.27
108,500
Apr 24, 2026
22.41
22.43
22.13
22.20
21.36
53,600
Apr 23, 2026
22.23
22.48
22.01
22.40
21.55
102,800
Apr 22, 2026
0.145 Dividend 

Apr 22, 2026
22.37
22.64
22.35
22.53
21.68
155,100
Apr 21, 2026
21.85
21.97
21.58
21.62
20.66
137,400
Apr 20, 2026
21.72
21.97
21.52
21.91
20.94
213,100
Apr 17, 2026
22.17
22.32
22.16
22.27
21.28
170,300
Apr 16, 2026
22.21
22.21
21.42
21.89
20.92
135,900
Apr 15, 2026
0.195 Dividend 

Apr 15, 2026
21.59
21.80
21.46
21.75
20.79
91,300
Apr 14, 2026
21.76
22.05
21.65
21.70
20.55
99,300
Apr 13, 2026
21.00
21.55
20.85
21.49
20.35
147,600
Apr 10, 2026
21.50
21.52
21.48
21.51
20.37
109,300
Apr 9, 2026
21.35
21.56
21.35
21.49
20.35
116,400
Apr 8, 2026
0.159 Dividend 

Apr 8, 2026
21.32
21.42
21.25
21.25
20.13
58,200
Apr 7, 2026
20.95
21.14
20.81
21.14
19.87
59,200
Apr 6, 2026
21.10
21.26
21.06
21.06
19.80
88,700
Apr 2, 2026
20.36
20.72
20.22
20.62
19.38
141,800
Apr 1, 2026
0.148 Dividend 

Apr 1, 2026
20.95
21.07
20.82
20.90
19.64
81,700
Mar 31, 2026
20.63
21.06
20.55
21.06
19.66
96,100
Mar 30, 2026
20.76
20.85
20.43
20.60
19.23
181,800
Mar 27, 2026
20.56
20.56
20.16
20.33
18.98
141,900
Mar 26, 2026
21.39
21.49
20.97
21.10
19.69
81,100
Mar 25, 2026
0.17 Dividend 

Mar 25, 2026
21.93
22.07
21.72
21.77
20.32
62,900
Mar 24, 2026
21.79
21.87
21.35
21.43
19.84
101,000
Mar 23, 2026
21.88
22.08
21.68
21.85
20.24
120,500
Mar 20, 2026
21.86
21.87
21.49
21.86
20.24
89,600
Mar 19, 2026
21.49
21.86
21.29
21.72
20.11
148,500
Mar 18, 2026
0.165 Dividend 

Mar 18, 2026
22.40
22.48
21.89
22.13
20.49
176,500
Mar 17, 2026
22.79
23.14
22.74
23.14
21.27
90,400
Mar 16, 2026
22.72
22.88
22.57
22.62
20.80
310,200
Mar 13, 2026
22.37
22.50
22.00
22.04
20.26
105,800
Mar 12, 2026
21.72
21.86
21.50
21.86
20.10
94,900
Mar 11, 2026
0.159 Dividend 

Mar 11, 2026
21.67
21.93
21.59
21.81
20.05
112,700
Mar 10, 2026
21.85
22.11
21.55
21.70
19.80
79,700
Mar 9, 2026
21.30
21.55
21.24
21.43
19.56
141,200
Mar 6, 2026
21.27
21.35
21.04
21.23
19.38
129,500
Mar 5, 2026
21.52
21.60
21.36
21.60
19.71
107,900
Mar 4, 2026
0.165 Dividend 

Mar 4, 2026
21.34
21.60
21.31
21.38
19.51
84,900
Mar 3, 2026
20.84
21.22
20.60
21.22
19.22
195,600
Mar 2, 2026
20.31
21.33
20.26
21.01
19.03
129,300
Feb 27, 2026
20.57
20.65
20.30
20.47
18.53
92,400
Feb 26, 2026
20.99
21.20
20.72
20.90
18.93
203,700
Feb 25, 2026
0.167 Dividend 

Feb 25, 2026
20.66
21.49
20.57
21.41
19.38
111,000
Feb 24, 2026
19.76
20.31
19.71
20.13
18.08
267,200
Feb 23, 2026
20.57
20.76
20.05
20.07
18.02
240,700
Feb 20, 2026
20.91
21.29
20.87
21.10
18.95
101,500
Feb 19, 2026
20.58
20.98
20.53
20.82
18.70
185,800
Feb 18, 2026
0.21 Dividend 

Feb 18, 2026
21.00
21.37
20.60
20.86
18.73
206,600
Feb 17, 2026
21.38
21.50
21.00
21.41
19.04
122,100
Feb 13, 2026
21.15
21.76
20.96
21.59
19.20
124,300
Feb 12, 2026
21.28
21.42
20.40
20.40
18.14
206,000
Feb 11, 2026
0.207 Dividend 

Feb 11, 2026
21.00
21.40
20.59
21.06
18.73
246,800
Feb 10, 2026
21.92
22.13
21.50
21.92
19.31
392,800
Feb 9, 2026
21.71
22.39
21.59
22.34
19.68
208,400
Feb 6, 2026
21.02
22.45
21.01
22.18
19.54
206,200
Feb 5, 2026
21.91
22.22
19.54
19.80
17.44
632,400
Feb 4, 2026
0.218 Dividend 

Feb 4, 2026
23.20
23.76
22.65
23.11
20.36
245,700
Feb 3, 2026
24.77
24.85
23.16
24.16
21.09
295,800
Feb 2, 2026
24.75
25.15
24.60
24.85
21.69
337,900
Jan 30, 2026
26.07
26.64
25.80
26.40
23.04
195,800
Jan 29, 2026
27.64
27.72
26.19
26.75
23.35
256,600
Jan 28, 2026
0.237 Dividend 

Jan 28, 2026
28.27
28.37
28.00
28.08
24.51
66,300
Jan 27, 2026
28.05
28.41
27.74
28.41
24.59
146,500
Jan 26, 2026
27.90
28.15
27.68
27.87
24.12
160,600
Jan 23, 2026
28.36
28.85
28.00
28.35
24.54
120,900
Jan 22, 2026
28.37
28.44
27.98
28.34
24.53
135,900
Jan 21, 2026
0.195 Dividend 

Jan 21, 2026
28.12
28.61
27.58
28.31
24.51
313,000
Jan 20, 2026
29.00
29.08
28.41
28.41
24.42
278,800
Jan 16, 2026
30.36
30.36
30.25
30.30
26.05
105,400
Jan 15, 2026
30.31
30.31
30.22
30.25
26.00
150,400
Jan 14, 2026
0.282 Dividend 

Jan 14, 2026
30.20
30.30
30.16
30.27
26.02
181,000
Jan 13, 2026
29.80
30.32
29.76
30.30
25.81
162,300
Jan 12, 2026
29.30
29.90
29.30
29.67
25.27
146,600
Jan 9, 2026
29.38
29.81
29.26
29.42
25.06
210,700
Jan 8, 2026
28.95
29.57
28.94
29.47
25.10
170,000
Jan 7, 2026
0.197 Dividend 

Jan 7, 2026
29.61
29.69
29.34
29.43
25.06
132,900
Jan 6, 2026
30.06
30.06
29.59
29.85
25.25
184,700
Jan 5, 2026
29.79
30.04
29.74
29.98
25.36
207,300
Jan 2, 2026
28.90
29.36
28.76
29.34
24.82
251,800
Dec 31, 2025
1.385 Dividend 

Dec 31, 2025
28.81
28.81
28.26
28.45
24.07
190,500
Dec 30, 2025
29.87
30.19
29.80
29.85
24.08
221,700
Dec 29, 2025
29.67
29.84
29.55
29.60
23.88
145,500
Dec 26, 2025
30.18
30.18
29.34
29.70
23.96
212,700
Dec 24, 2025
0.859 Dividend 

Dec 24, 2025
29.85
29.85
29.25
29.59
23.87
128,100
Dec 23, 2025
30.55
30.76
30.19
30.60
23.99
135,200
Dec 22, 2025
31.25
31.40
30.60
30.60
23.99
182,000
Dec 19, 2025
30.72
31.19
30.32
30.66
24.04
134,700
Dec 18, 2025
30.84
31.16
29.42
29.51
23.14
137,500
Dec 17, 2025
0.21 Dividend 

Dec 17, 2025
30.56
31.46
29.75
29.90
23.45
98,600
Dec 16, 2025
30.54
30.90
30.50
30.76
23.96
166,100
Dec 15, 2025
31.39
31.50
29.90
30.38
23.66
247,200
Dec 12, 2025
32.26
32.44
31.37
31.61
24.62
108,400
Dec 11, 2025
31.50
32.17
31.30
32.17
25.05
148,400
Dec 10, 2025
0.215 Dividend 

Dec 10, 2025
31.91
32.54
31.88
32.15
25.04
426,600
Dec 9, 2025
31.65
32.62
31.64
32.61
25.23
158,100
Dec 8, 2025
31.90
32.03
31.45
31.64
24.48
131,000
Dec 5, 2025
31.77
32.08
30.95
31.34
24.25
141,300
Dec 4, 2025
32.50
32.60
31.96
32.48
25.13
97,700
Dec 3, 2025
0.198 Dividend 

Dec 3, 2025
32.26
32.57
32.11
32.52
25.16
110,500
Dec 2, 2025
31.23
32.38
31.20
32.04
24.64
209,300
Dec 1, 2025
30.46
30.88
29.65
30.19
23.21
289,700
Nov 28, 2025
32.35
32.35
31.76
31.88
24.51
136,400
Nov 26, 2025
0.225 Dividend 

Nov 26, 2025
30.57
31.47
30.41
31.14
23.94
148,100
Nov 25, 2025
30.79
31.07
30.40
30.89
23.58
93,300
Nov 24, 2025
30.24
31.30
30.10
31.30
23.89
91,000
Nov 21, 2025
29.43
30.10
29.06
29.72
22.68
352,200
Nov 20, 2025
31.65
32.24
30.12
30.12
22.99
382,300
Nov 19, 2025
0.281 Dividend 

Nov 19, 2025
32.21
32.48
31.11
31.44
24.00
264,300
Nov 18, 2025
32.51
33.25
32.28
33.21
25.13
204,700
Nov 17, 2025
33.20
33.83
32.28
32.62
24.69
263,700
Nov 14, 2025
33.67
34.40
33.19
33.19
25.12
236,600
Nov 13, 2025
36.18
36.50
34.60
34.89
26.40
231,300
Nov 12, 2025
0.302 Dividend 

Nov 12, 2025
36.78
36.99
35.69
35.95
27.21
129,500
Nov 11, 2025
37.09
37.20
36.58
36.77
27.60
136,700
Nov 10, 2025
37.60
37.60
36.75
37.47
28.12
149,800
Nov 7, 2025
35.60
36.87
35.25
36.80
27.62
181,100
Nov 6, 2025
36.49
36.56
35.58
35.76
26.84
234,900
Nov 5, 2025
0.302 Dividend 

Nov 5, 2025
36.39
37.08
36.25
36.84
27.65
133,800
Nov 4, 2025
37.26
37.49
35.65
36.11
26.88
329,700
Nov 3, 2025
38.40
38.62
37.62
38.13
28.38
242,000
Oct 31, 2025
39.12
39.48
38.65
39.10
29.10
190,700
Oct 30, 2025
38.50
38.58
37.78
37.88
28.20
222,900
Oct 29, 2025
0.297 Dividend 

Oct 29, 2025
39.99
40.10
38.90
39.10
29.10
150,300
Oct 28, 2025
40.65
40.80
40.27
40.31
29.78
153,600
Oct 27, 2025
40.38
40.67
40.38
40.50
29.92
203,600
Oct 24, 2025
39.50
39.53
39.12
39.49
29.18
151,100
Oct 23, 2025
38.69
39.37
38.57
39.16
28.93
160,400
Oct 22, 2025
0.367 Dividend 

Oct 22, 2025
38.48
38.91
38.23
38.35
28.33
163,100
Oct 21, 2025
38.78
39.83
38.74
39.57
28.96
168,600
Oct 20, 2025
39.15
39.45
39.00
39.00
28.55
200,400
Oct 17, 2025
37.75
38.50
37.45
38.10
27.89
382,600
Oct 16, 2025
39.80
39.98
38.56
38.87
28.45
326,100
Oct 15, 2025
0.389 Dividend 

Oct 15, 2025
40.00
40.31
39.46
39.86
29.18
225,500
Oct 14, 2025
40.30
41.09
39.73
40.72
29.52
272,800
Oct 13, 2025
41.50
42.00
41.14
41.87
30.35
290,600
Oct 10, 2025
43.83
44.06
41.66
41.82
30.32
424,500
Oct 9, 2025
44.25
44.30
43.10
43.58
31.59
247,700
Oct 8, 2025
0.378 Dividend 

Oct 8, 2025
43.81
44.45
43.74
44.29
32.11
239,900
Oct 7, 2025
44.84
44.93
43.72
44.06
31.67
281,100
Oct 6, 2025
44.63
45.08
44.55
44.87
32.25
324,300
Oct 3, 2025
44.41
44.41
44.19
44.28
31.83
263,300
Oct 2, 2025
44.29
44.29
44.16
44.19
31.76
275,500
Oct 1, 2025
0.4 Dividend 

Oct 1, 2025
44.37
44.42
44.15
44.15
31.73
240,600
Sep 30, 2025
44.30
44.79
44.25
44.79
31.91
188,500
Sep 29, 2025
44.22
44.63
44.02
44.20
31.49
225,800
Sep 26, 2025
43.55
43.85
43.18
43.43
30.94
218,100
Sep 25, 2025
44.49
44.50
43.15
43.41
30.92
348,800
Sep 24, 2025
0.41 Dividend 

Sep 24, 2025
44.90
45.30
44.88
45.11
32.13
139,400
Sep 23, 2025
45.42
45.54
44.75
44.82
31.64
264,000
Sep 22, 2025
45.35
45.54
44.75
44.95
31.73
374,300
Sep 19, 2025
46.70
46.70
45.80
46.22
32.62
276,500
Sep 18, 2025
46.65
46.93
46.53
46.70
32.96
232,200
Sep 17, 2025
0.395 Dividend 

Sep 17, 2025
46.30
46.44
45.63
46.05
32.50
240,800
Sep 16, 2025
46.35
46.72
46.00
46.70
32.68
166,900
Sep 15, 2025
46.55
46.55
45.85
46.40
32.47
308,000
Sep 12, 2025
46.25
46.67
46.25
46.63
32.63
254,300
Sep 11, 2025
45.82
46.25
45.82
46.25
32.37
173,100
Sep 10, 2025
0.382 Dividend 

Sep 10, 2025
45.80
46.03
45.62
45.65
31.95
231,400
Sep 9, 2025
45.95
46.00
45.15
45.44
31.53
304,800
Sep 8, 2025
45.57
46.01
45.50
45.67
31.69
284,700
Sep 5, 2025
45.50
45.53
44.83
45.22
31.38
259,900
Sep 4, 2025
45.00
45.14
44.42
44.76
31.06
239,100
Sep 3, 2025
0.462 Dividend 

Sep 3, 2025
44.93
45.11
44.70
45.05
31.26
189,800
Sep 2, 2025
44.46
45.21
44.41
45.12
30.99
255,800
Aug 29, 2025
45.50
45.67
44.01
44.01
30.23
765,700
Aug 28, 2025
46.29
46.44
45.71
46.13
31.69
240,500
Aug 27, 2025
0.498 Dividend 

Aug 27, 2025
45.66
46.01
45.42
45.96
31.57
178,100
Aug 26, 2025
46.10
46.10
45.25
45.98
31.24
323,000
Aug 25, 2025
47.81
47.81
45.67
45.70
31.05
368,400
Aug 22, 2025
46.27
48.18
45.97
47.84
32.50
213,200
Aug 21, 2025
46.73
46.80
45.91
46.19
31.38
199,100
Aug 20, 2025
0.484 Dividend 

Aug 20, 2025
46.81
46.95
46.09
46.81
31.80
187,600
Aug 19, 2025
48.15
48.15
46.70
46.94
31.56
276,500
Aug 18, 2025
47.94
48.15
47.50
48.07
32.32
229,900
Aug 15, 2025
48.21
48.33
47.93
48.05
32.31
114,800
Aug 14, 2025
48.00
48.27
47.82
48.15
32.38
156,400
Aug 13, 2025
0.342 Dividend 

Aug 13, 2025
48.85
48.85
48.25
48.43
32.57
146,400
Aug 12, 2025
48.55
48.65
48.37
48.59
32.44
287,200
Aug 11, 2025
48.48
48.76
48.25
48.65
32.48
256,200
Aug 8, 2025
47.66
48.05
47.50
48.05
32.08
156,700
Aug 7, 2025
47.48
47.73
47.33
47.73
31.87
172,600
Aug 6, 2025
0.506 Dividend 

Aug 6, 2025
46.95
47.30
46.49
47.30
31.58
132,300
Aug 5, 2025
47.21
47.78
46.63
47.07
31.09
230,400
Aug 4, 2025
47.16
47.54
47.00
47.30
31.24
166,400
Aug 1, 2025
47.54
47.74
46.27
46.35
30.61
197,600
Jul 31, 2025
48.51
48.80
48.10
48.13
31.79
152,900
Jul 30, 2025
0.44 Dividend 

Jul 30, 2025
48.14
48.73
47.51
48.04
31.73
267,000
Jul 29, 2025
49.01
49.15
48.43
48.58
31.80
233,000
Jul 28, 2025
48.50
49.00
48.50
48.63
31.83
193,800
Jul 25, 2025
48.19
48.25
47.43
48.16
31.52
273,100
Jul 24, 2025
48.72
49.21
48.56
48.89
32.00
198,100
Jul 23, 2025
0.525 Dividend 

Jul 23, 2025
48.71
48.72
48.26
48.72
31.89
197,000
Jul 22, 2025
49.08
49.52
48.83
49.20
31.86
258,500
Jul 21, 2025
49.08
49.18
48.26
48.43
31.36
197,100
Jul 18, 2025
49.54
49.54
48.57
48.87
31.65
346,400
Jul 17, 2025
48.80
49.60
48.50
49.60
32.12
196,500
Jul 16, 2025
0.453 Dividend 

Jul 16, 2025
48.95
49.24
48.62
49.09
31.79
204,600
Jul 15, 2025
49.00
49.21
48.28
48.55
31.14
224,400
Jul 14, 2025
49.71
49.80
49.16
49.37
31.67
254,700
Jul 11, 2025
48.93
48.98
48.51
48.77
31.29
253,400
Jul 10, 2025
47.71
48.59
47.49
48.44
31.07
139,100
Jul 9, 2025
0.311 Dividend 

Jul 9, 2025
47.30
47.87
46.74
47.80
30.66
181,600
Jul 8, 2025
47.25
47.53
46.80
47.53
30.29
173,200
Jul 7, 2025
47.26
47.30
46.50
46.77
29.81
246,800
Jul 3, 2025
46.97
47.50
46.97
47.20
30.08
149,600
Jul 2, 2025
0.275 Dividend 

Jul 2, 2025
46.18
47.13
46.17
46.97
29.93
138,200
Jul 1, 2025
46.51
46.55
45.50
45.70
28.95
285,400
Jun 30, 2025
46.75
46.75
46.16
46.64
29.55
151,000
Jun 27, 2025
46.36
46.36
45.81
46.20
29.27
122,800
Jun 26, 2025
0.275 Dividend 

Jun 26, 2025
45.96
46.16
45.81
46.04
29.16
78,800
Jun 25, 2025
45.86
46.32
45.86
46.30
29.16
107,100
Jun 24, 2025
45.38
45.81
45.13
45.58
28.70
165,200
Jun 23, 2025
43.87
44.75
43.40
44.75
28.18
214,200
Jun 20, 2025
45.70
45.82
44.21
44.66
28.12
194,800
Jun 18, 2025
0.201 Dividend 

Jun 18, 2025
45.57
45.62
44.70
44.76
28.19
216,500
Jun 17, 2025
46.19
46.41
44.90
45.64
28.61
158,400
Jun 16, 2025
46.25
46.91
45.93
46.91
29.41
147,500
Jun 13, 2025
45.50
45.89
45.08
45.48
28.51
116,500
Jun 12, 2025
0.203 Dividend 

Jun 12, 2025
46.56
46.78
46.00
46.19
28.96
93,000
Jun 11, 2025
47.09
47.32
46.81
47.19
29.46
122,800
Jun 10, 2025
47.20
47.20
46.60
47.08
29.39
102,300
Jun 9, 2025
46.30
46.73
46.16
46.70
29.15
113,500
Jun 6, 2025
44.94
45.55
44.90
45.20
28.22
138,500
Jun 5, 2025
0.424 Dividend 

Jun 5, 2025
45.75
45.79
43.92
44.01
27.47
153,400
Jun 4, 2025
45.97
46.07
45.46
45.90
28.39
146,800
Jun 3, 2025
46.10
46.45
45.74
46.38
28.68
129,800
Jun 2, 2025
45.43
45.74
45.20
45.74
28.29
196,700
May 30, 2025
46.57
46.85
45.07
45.45
28.11
155,000
May 29, 2025
0.243 Dividend 

May 29, 2025
47.26
47.97
45.90
46.02
28.46
154,200
May 28, 2025
47.33
47.73
46.77
46.77
28.78
141,200
May 27, 2025
47.81
48.11
47.49
47.98
29.52
202,500
May 23, 2025
46.52
47.41
46.52
47.14
29.00
140,600
May 22, 2025
0.515 Dividend 

May 22, 2025
47.31
47.32
46.92
47.21
29.05
105,600
May 21, 2025
46.58
47.33
46.34
47.20
28.72
195,500
May 20, 2025
45.64
46.97
45.61
46.33
28.19
153,300
May 19, 2025
45.00
46.11
44.91
46.02
28.01
93,000
May 16, 2025
45.37
45.66
44.99
45.59
27.74
83,000
May 15, 2025
0.493 Dividend 

May 15, 2025
44.89
45.50
44.29
45.12
27.46
103,300
May 14, 2025
45.96
46.11
45.35
45.65
27.48
188,700
May 13, 2025
45.66
46.17
45.38
46.16
27.79
105,300
May 12, 2025
45.76
45.87
44.47
45.10
27.15
196,300
May 9, 2025
45.17
45.35
45.02
45.25
27.24
126,200
May 8, 2025
0.26 Dividend 

May 8, 2025
43.50
44.76
43.50
44.63
26.87
124,200
May 7, 2025
42.85
43.38
42.69
42.76
25.58
79,900
May 6, 2025
42.39
42.42
41.62
42.38
25.36
61,400
May 5, 2025
42.05
42.38
41.65
42.38
25.35
120,100
May 2, 2025
43.00
43.31
42.86
43.09
25.78
188,300
May 1, 2025
0.237 Dividend 

May 1, 2025
42.80
43.07
42.56
42.88
25.66
99,700
Apr 30, 2025
42.50
42.63
41.72
42.36
25.20
123,700
Apr 29, 2025
42.77
43.05
42.45
43.05
25.61
90,000
Apr 28, 2025
42.78
42.80
41.97
42.56
25.32
98,900
Apr 25, 2025
42.80
42.85
42.60
42.61
25.35
123,300
Apr 24, 2025
0.445 Dividend 

Apr 24, 2025
42.59
43.00
42.39
42.70
25.41
79,600
Apr 23, 2025
43.80
43.80
42.81
43.10
25.38
159,700
Apr 22, 2025
42.52
42.83
42.34
42.79
25.20
150,300
Apr 21, 2025
41.76
42.22
41.31
41.73
24.57
180,500
Apr 17, 2025
40.47
41.04
40.20
40.66
23.94
114,700
Apr 16, 2025
0.443 Dividend 

Apr 16, 2025
40.50
40.93
39.96
40.38
23.78
92,500
Apr 15, 2025
41.51
41.61
40.61
40.90
23.82
112,200
Apr 14, 2025
40.99
41.19
40.39
40.96
23.86
72,500
Apr 11, 2025
39.52
40.43
39.03
40.35
23.50
83,800
Apr 10, 2025
0.309 Dividend 

Apr 10, 2025
39.36
39.36
37.58
38.58
22.47
92,500
Apr 9, 2025
37.04
40.08
37.04
39.27
22.69
150,800
Apr 8, 2025
38.90
38.91
36.75
37.43
21.63
150,400
Apr 7, 2025
36.63
39.09
36.43
37.55
21.70
221,400
Apr 4, 2025
39.32
40.80
39.15
40.15
23.20
171,100
Apr 3, 2025
0.282 Dividend 

Apr 3, 2025
39.63
39.71
38.86
39.27
22.69
114,800
Apr 2, 2025
41.00
41.78
40.60
41.78
23.98
73,200
Apr 1, 2025
40.41
40.97
39.75
40.97
23.52
130,100
Mar 31, 2025
39.92
40.21
39.17
39.97
22.94
78,200
Mar 28, 2025
41.17
41.17
40.00
40.29
23.12
85,000
Mar 27, 2025
0.328 Dividend 

Mar 27, 2025
41.07
41.73
41.00
41.47
23.80
42,400
Mar 26, 2025
42.01
42.08
41.29
41.60
23.69
63,400
Mar 25, 2025
41.93
42.15
41.65
41.99
23.91
75,800
Mar 24, 2025
42.00
42.00
41.35
41.93
23.88
120,500
Mar 21, 2025
40.89
41.00
40.00
41.00
23.35
76,800
Mar 20, 2025
0.564 Dividend 

Mar 20, 2025
40.99
41.43
40.14
40.53
23.08
98,600
Mar 19, 2025
40.99
41.73
40.64
41.56
23.34
116,000
Mar 18, 2025
41.05
41.05
39.48
40.14
22.55
62,700
Mar 17, 2025
40.46
41.12
40.11
41.05
23.06
79,000
Mar 14, 2025
40.39
41.28
40.02
41.12
23.10
53,500
Mar 13, 2025
0.324 Dividend 

Mar 13, 2025
40.02
40.06
38.71
38.72
21.75
41,600
Mar 12, 2025
41.18
41.18
39.43
40.59
22.62
40,700
Mar 11, 2025
39.58
40.83
38.54
40.44
22.53
51,900
Mar 10, 2025
40.80
41.23
37.72
38.95
21.70
179,000
Mar 7, 2025
42.68
43.00
41.79
42.55
23.71
79,400
Mar 6, 2025
0.244 Dividend 

Mar 6, 2025
42.47
42.65
41.85
42.36
23.60
43,600
Mar 5, 2025
42.50
42.80
41.99
42.70
23.66
66,300
Mar 4, 2025
40.00
42.28
39.61
41.65
23.08
109,700
Mar 3, 2025
43.60
43.60
41.00
41.20
22.83
133,400
Feb 28, 2025
39.40
41.11
39.08
40.62
22.51
107,500
Feb 27, 2025
0.23 Dividend 

Feb 27, 2025
41.71
42.09
39.87
40.36
22.36
94,500
Feb 26, 2025
41.73
43.02
39.90
41.10
22.64
139,600
Feb 25, 2025
43.54
43.54
41.67
42.54
23.44
212,500
Feb 24, 2025
46.44
46.44
45.57
45.77
25.22
132,700
Feb 21, 2025
48.11
48.22
46.00
46.00
25.34
139,900
Feb 20, 2025
0.281 Dividend 

Feb 20, 2025
47.72
47.97
47.05
47.97
26.43
127,700
Feb 19, 2025
46.88
47.62
46.63
47.10
25.79
113,100
Feb 18, 2025
47.60
47.67
45.55
46.14
25.27
237,500
Feb 14, 2025
47.24
48.24
46.90
47.76
26.16
109,300
Feb 13, 2025
0.293 Dividend 

Feb 13, 2025
46.94
47.18
46.41
46.85
25.66
124,200
Feb 12, 2025
46.40
47.96
46.18
47.96
26.10
115,700
Feb 11, 2025
47.62
47.80
46.42
46.69
25.41
132,400
Feb 10, 2025
48.34
48.34
47.40
47.60
25.91
193,700
Feb 7, 2025
48.95
48.97
46.75
47.34
25.77
168,400
Feb 6, 2025
0.565 Dividend 

Feb 6, 2025
48.57
48.87
46.70
47.45
25.83
185,200
Feb 5, 2025
49.22
49.36
47.75
48.96
26.34
246,900
Feb 4, 2025
49.41
49.80
48.50
49.07
26.40
254,400
Feb 3, 2025
47.73
50.36
47.44
50.36
27.09
341,900
Jan 31, 2025
51.73
52.21
50.01
50.20
27.01
241,200
Jan 30, 2025
0.88 Dividend 

Jan 30, 2025
51.69
52.43
51.63
52.10
28.03
112,300
Jan 29, 2025
51.30
52.44
50.85
52.35
27.69
245,800
Jan 28, 2025
51.12
51.74
50.75
51.36
27.17
88,700
Jan 27, 2025
50.76
51.00
49.57
50.77
26.86
212,600
Jan 24, 2025
52.30
53.08
51.67
52.44
27.74
99,700
Jan 23, 2025
0.383 Dividend 

Jan 23, 2025
50.90
52.41
50.75
51.13
27.05
87,000
Jan 22, 2025
52.17
52.34
51.53
52.08
27.35
109,900
Jan 21, 2025
52.37
52.98
51.06
52.95
27.80
183,100
Jan 17, 2025
51.81
51.87
51.50
51.65
27.12
123,200
Jan 16, 2025
0.35 Dividend 

Jan 16, 2025
50.91
51.25
50.00
51.25
26.91
74,000
Jan 15, 2025
50.95
51.43
50.56
51.15
26.67
95,200
Jan 14, 2025
49.98
50.43
49.32
49.95
26.05
76,500
Jan 13, 2025
47.55
48.67
46.26
48.40
25.24
149,100
Jan 10, 2025
49.27
49.50
47.73
49.04
25.57
110,600
Jan 8, 2025
0.535 Dividend 

Jan 8, 2025
49.39
49.49
47.78
48.94
25.52
136,600
Jan 7, 2025
52.39
52.40
50.08
50.82
26.22
172,200
Jan 6, 2025
51.61
52.84
51.45
52.70
27.19
144,100
Jan 3, 2025
50.40
51.32
50.35
51.32
26.48
162,200
Jan 2, 2025
1.036 Dividend 

Jan 2, 2025
50.00
50.74
49.75
50.44
26.03
119,900
Dec 31, 2024
50.85
50.95
49.28
49.74
25.13
172,100
Dec 30, 2024
1.632 Dividend 

Dec 30, 2024
49.35
50.67
48.23
50.67
25.60
109,200
Dec 27, 2024
52.52
52.52
50.76
51.99
25.45
80,800
Dec 26, 2024
52.72
53.74
51.73
53.05
25.96
81,100
Dec 24, 2024
52.00
53.76
52.00
53.76
26.31
43,900
Dec 23, 2024
52.86
52.86
50.28
50.67
24.80
102,800
Dec 20, 2024
51.19
53.05
50.99
52.00
25.45
53,000
Dec 19, 2024
55.22
55.25
51.65
52.85
25.86
66,300
Dec 18, 2024
56.24
56.57
53.85
55.20
27.01
80,800
Dec 17, 2024
57.25
57.25
56.33
56.85
27.82
74,300
Dec 16, 2024
56.00
58.31
55.80
57.69
28.23
110,600
Dec 13, 2024
54.50
55.37
54.42
55.35
27.09
64,200
Dec 12, 2024
54.46
54.82
54.09
54.57
26.71
25,400
Dec 11, 2024
53.81
54.56
53.44
54.56
26.70
24,400
Dec 10, 2024
53.55
53.55
52.01
53.10
25.99
18,200
Dec 9, 2024
53.41
54.00
52.75
53.16
26.02
34,300
Dec 6, 2024
53.46
54.00
53.00
54.00
26.43
27,700
Dec 5, 2024
54.38
54.63
52.80
52.92
25.90
49,600
Dec 4, 2024
52.11
53.47
51.60
53.47
26.17
43,500
Dec 3, 2024
51.53
52.22
51.31
52.10
25.50
23,600
Dec 2, 2024
52.10
52.50
51.50
51.53
25.22
43,300
Nov 29, 2024
52.00
52.69
51.90
52.02
25.46
53,300
Nov 27, 2024
1.773 Dividend 

Nov 27, 2024
50.84
52.24
50.84
51.50
25.20
69,200
Nov 26, 2024
52.89
53.50
52.00
52.43
24.79
95,100
Nov 25, 2024
53.82
54.09
52.66
53.62
25.35
42,000
Nov 22, 2024
53.95
54.06
53.23
54.06
25.56
21,200
Nov 21, 2024
53.89
53.89
52.66
53.78
25.43
38,900
Nov 20, 2024
52.83
53.05
52.12
52.74
24.94
33,400
Nov 19, 2024
50.54
52.42
50.54
51.66
24.43
15,500
Nov 18, 2024
52.50
53.98
50.70
51.50
24.35
31,400
Nov 15, 2024
50.00
51.26
49.89
51.02
24.12
14,900
Nov 14, 2024
50.02
50.87
49.68
49.68
23.49
20,900
Nov 13, 2024
51.40
51.40
50.35
50.87
24.05
29,800
Nov 12, 2024
50.35
51.30
50.02
51.30
24.26
46,800
Nov 11, 2024
51.11
51.40
50.47
50.69
23.97
45,700
Nov 8, 2024
47.76
49.50
47.76
48.89
23.12
21,500
Nov 7, 2024
49.00
49.00
47.74
48.97
23.16
31,200
Nov 6, 2024
46.58
48.47
46.05
48.34
22.86
77,000
Nov 5, 2024
44.17
45.15
44.17
44.62
21.10
17,900
Nov 4, 2024
44.40
44.40
43.46
43.90
20.76
22,900
Nov 1, 2024
45.45
45.75
44.43
45.05
21.30
40,100
Oct 31, 2024
46.20
46.23
44.93
45.54
21.53
42,300
Oct 30, 2024
0.884 Dividend 

Oct 30, 2024
46.62
46.62
45.79
46.25
21.87
52,800
Oct 29, 2024
47.29
47.73
46.14
47.73
22.15
74,300
Oct 28, 2024
45.95
46.26
45.05
46.26
21.47
53,000
Oct 25, 2024
45.69
45.69
43.66
44.17
20.50
77,500
Oct 24, 2024
44.82
45.88
44.50
45.88
21.29
25,100
Oct 23, 2024
44.53
44.53
43.03
44.51
20.66
29,300
Oct 22, 2024
44.55
44.73
44.00
44.49
20.65
18,200
Oct 21, 2024
45.57
45.57
44.08
45.00
20.88
35,100
Oct 18, 2024
45.61
45.61
44.53
45.27
21.01
25,100
Oct 17, 2024
44.48
44.88
44.06
44.56
20.68
15,000
Oct 16, 2024
44.69
44.74
44.31
44.55
20.68
21,900
Oct 15, 2024
44.31
44.41
43.32
44.32
20.57
20,600
Oct 14, 2024
42.55
43.80
42.30
43.32
20.10
48,300
Oct 11, 2024
40.50
42.24
40.50
42.06
19.52
13,500
Oct 10, 2024
40.52
41.27
39.61
40.07
18.60
32,500
Oct 9, 2024
40.60
41.75
40.52
40.52
18.81
22,500
Oct 8, 2024
41.75
42.16
41.22
41.50
19.26
23,500
Oct 7, 2024
41.65
42.50
41.51
41.75
19.38
22,200
Oct 4, 2024
40.95
41.69
40.60
41.51
19.26
17,400
Oct 3, 2024
40.00
40.99
39.85
40.42
18.76
22,800
Oct 2, 2024
40.96
41.24
40.00
41.11
19.08
35,600
Oct 1, 2024
42.40
42.40
40.98
41.25
19.14
34,500
Sep 30, 2024
41.74
42.25
41.50
41.81
19.40
81,500
Sep 27, 2024
2.11 Dividend 

Sep 27, 2024
43.10
43.24
42.44
42.85
19.88
37,800
Sep 26, 2024
45.28
45.46
44.30
45.46
20.12
114,700
Sep 25, 2024
44.17
44.44
43.76
44.00
19.47
20,900
Sep 24, 2024
44.39
44.39
43.51
44.30
19.61
25,400
Sep 23, 2024
44.33
44.33
43.32
43.78
19.37
28,100
Sep 20, 2024
43.81
43.81
42.98
43.71
19.34
18,400
Sep 19, 2024
43.87
44.25
43.26
43.28
19.15
23,000
Sep 18, 2024
42.41
43.23
41.75
42.61
18.86
10,500
Sep 17, 2024
41.74
43.23
41.71
43.09
19.07
20,500
Sep 16, 2024
42.00
42.00
40.36
41.57
18.40
26,900
Sep 13, 2024
41.38
42.58
40.72
42.58
18.84
20,900
Sep 12, 2024
41.12
41.50
40.31
41.50
18.37
16,500
Sep 11, 2024
41.00
41.22
39.31
41.22
18.24
19,000
Sep 10, 2024
40.98
41.00
39.95
41.00
18.14
17,400
Sep 9, 2024
39.16
41.17
38.60
41.17
18.22
28,900
Sep 6, 2024
39.56
39.79
37.50
37.50
16.60
50,300
Sep 5, 2024
39.85
40.37
39.40
39.47
17.47
48,300
Sep 4, 2024
40.38
41.40
39.60
41.40
18.32
36,100
Sep 3, 2024
42.39
42.39
40.59
40.80
18.06
34,200
Aug 30, 2024
42.80
42.80
41.00
41.45
18.34
71,500
Aug 29, 2024
1.612 Dividend 

Aug 29, 2024
42.69
43.32
41.59
41.59
18.41
60,000
Aug 28, 2024
45.25
45.30
43.27
44.78
19.10
96,600
Aug 27, 2024
46.00
46.22
45.19
45.55
19.43
58,000
Aug 26, 2024
46.26
46.56
45.70
46.56
19.86
39,300
Aug 23, 2024
45.14
46.00
44.60
46.00
19.62
21,300
Aug 22, 2024
44.64
44.64
43.70
43.70
18.64
22,700
Aug 21, 2024
44.63
45.37
43.64
45.37
19.36
20,100
Aug 20, 2024
46.47
46.47
43.32
43.93
18.74
21,400
Aug 19, 2024
43.99
45.33
42.85
45.33
19.34
37,200
Aug 16, 2024
44.17
44.17
42.95
43.96
18.75
26,900
Aug 15, 2024
44.34
44.34
42.25
43.37
18.50
24,800
Aug 14, 2024
45.36
45.36
43.08
43.42
18.52
24,700
Aug 13, 2024
44.93
45.36
43.25
45.36
19.35
24,200
Aug 12, 2024
43.02
44.68
42.93
43.02
18.35
45,300
Aug 9, 2024
42.94
44.70
42.94
44.24
18.87
19,700
Aug 8, 2024
40.78
43.81
40.78
43.41
18.52
23,700
Aug 7, 2024
42.75
42.75
40.17
40.28
17.18
24,900
Aug 6, 2024
40.55
42.01
40.23
41.89
17.87
26,300
Aug 5, 2024
43.93
43.93
37.50
39.50
16.85
65,700
Aug 2, 2024
48.08
48.08
45.59
46.14
19.68
31,800
Aug 1, 2024
47.91
47.91
45.72
46.51
19.84
30,600
Jul 31, 2024
48.55
48.67
47.35
47.90
20.44
41,200
Jul 30, 2024
2.062 Dividend 

Jul 30, 2024
48.43
48.98
46.50
48.04
20.49
26,700
Jul 29, 2024
52.27
52.27
50.63
51.01
20.88
68,500
Jul 26, 2024
49.95
50.90
49.95
50.60
20.71
20,600
Jul 25, 2024
48.81
50.00
48.06
48.86
20.00
27,800
Jul 24, 2024
50.10
50.10
49.14
50.10
20.51
10,700
Jul 23, 2024
49.80
50.01
48.81
49.98
20.46
11,400
Jul 22, 2024
50.91
50.91
49.53
50.73
20.77
22,400
Jul 19, 2024
46.76
50.36
46.76
49.59
20.30
22,700
Jul 18, 2024
48.82
48.82
47.21
48.00
19.65
17,800
Jul 17, 2024
48.34
49.20
47.54
48.18
19.72
26,800
Jul 16, 2024
47.16
48.72
46.75
48.40
19.81
22,800
Jul 15, 2024
45.73
47.42
45.68
47.42
19.41
28,200
Jul 12, 2024
43.01
43.86
43.01
43.31
17.73
10,800
Jul 11, 2024
43.02
44.09
42.87
42.87
17.55
10,800
Jul 10, 2024
43.20
43.97
43.02
43.97
18.00
10,200
Jul 9, 2024
42.07
43.24
42.07
42.60
17.44
18,800
Jul 8, 2024
42.64
43.13
41.50
41.92
17.16
31,000
Jul 5, 2024
44.65
44.68
41.15
42.64
17.46
54,700
Jul 3, 2024
45.50
45.50
44.55
44.95
18.40
23,000
Jul 2, 2024
47.00
47.00
45.76
45.98
18.82
19,700
Jul 1, 2024
45.38
47.15
44.19
46.25
18.93
34,100
Jun 28, 2024
45.89
46.16
44.42
45.18
18.50
56,500
Jun 27, 2024
0.912 Dividend 

Jun 27, 2024
46.30
47.07
45.70
45.70
18.71
46,700
Jun 26, 2024
48.99
49.00
46.67
47.87
19.22
40,500
Jun 25, 2024
48.80
49.10
48.00
48.02
19.28
54,300
Jun 24, 2024
50.01
51.50
49.05
49.56
19.90
28,700
Jun 21, 2024
49.99
50.07
48.50
49.82
20.01
33,800
Jun 20, 2024
50.51
53.49
49.59
50.48
20.27
20,500
Jun 18, 2024
51.01
51.11
49.21
50.05
20.10
28,000
Jun 17, 2024
50.11
51.17
49.90
50.42
20.25
24,700
Jun 14, 2024
51.00
51.46
49.64
49.98
20.07
37,300
Jun 13, 2024
53.17
53.17
50.85
51.49
20.68
25,000
Jun 12, 2024
52.97
53.20
51.75
52.85
21.22
16,800
Jun 11, 2024
52.40
53.03
50.90
51.73
20.77
29,000
Jun 10, 2024
53.64
53.79
52.65
53.79
21.60
18,400
Jun 7, 2024
53.43
54.00
52.00
52.37
21.03
27,000
Jun 6, 2024
53.77
53.77
52.91
53.61
21.53
15,200
Jun 5, 2024
53.00
53.87
52.68
53.42
21.45
23,900
Jun 4, 2024
52.00
53.68
52.00
53.06
21.31
28,000
Jun 3, 2024
51.75
53.00
51.75
53.00
21.28
26,600
May 31, 2024
52.84
53.29
51.00
51.75
20.78
74,100
May 30, 2024
1.843 Dividend 

May 30, 2024
52.25
52.90
51.84
51.86
20.83
20,600
May 29, 2024
54.74
54.74
53.51
53.77
20.85
38,900
May 28, 2024
56.00
56.00
54.00
54.55
21.16
42,100
May 24, 2024
54.77
55.00
53.00
54.59
21.17
15,700
May 23, 2024
55.01
55.10
52.50
53.32
20.68
27,700
May 22, 2024
55.03
55.03
53.93
53.93
20.92
16,300
May 21, 2024
54.80
55.16
53.95
54.34
21.07
16,500
May 20, 2024
53.59
54.00
52.45
53.89
20.90
16,200
May 17, 2024
52.53
53.25
51.64
52.55
20.38
15,000
May 16, 2024
52.50
52.50
50.90
51.34
19.91
8,100
May 15, 2024
51.51
51.95
50.66
51.46
19.96
14,200
May 14, 2024
49.90
50.73
48.72
50.73
19.67
17,700
May 13, 2024
50.17
50.60
49.75
50.31
19.51
19,000
May 10, 2024
51.00
51.00
48.63
48.93
18.97
12,600
May 9, 2024
50.09
50.09
48.60
49.54
19.21
10,700
May 8, 2024
49.55
50.30
49.24
49.67
19.26
24,500
May 7, 2024
49.90
51.14
49.90
50.01
19.39
10,200
May 6, 2024
49.19
51.14
49.19
49.90
19.35
25,700
May 3, 2024
48.51
49.38
48.51
48.99
19.00
17,500
May 2, 2024
47.20
48.19
47.20
47.89
18.57
16,500
May 1, 2024
48.00
48.00
45.60
45.93
17.81
27,300
Apr 30, 2024
50.61
50.94
48.36
48.36
18.75
23,700
Apr 29, 2024
51.03
51.49
50.00
50.69
19.66
25,400
Apr 26, 2024
2.048 Dividend 

Apr 26, 2024
52.06
52.43
50.86
51.60
20.01
27,400
Apr 25, 2024
53.92
55.22
53.15
54.35
20.28
24,000
Apr 24, 2024
55.08
55.43
53.53
53.80
20.08
26,300
Apr 23, 2024
54.58
55.46
54.49
55.00
20.53
29,600
Apr 22, 2024
54.73
56.90
53.39
54.57
20.37
51,900
Apr 19, 2024
54.38
54.88
53.02
53.20
19.85
19,000
Apr 18, 2024
52.50
53.57
51.31
52.83
19.72
7,600
Apr 17, 2024
52.66
52.77
50.00
51.25
19.13
19,800
Apr 16, 2024
54.58
54.58
51.25
52.35
19.54
13,100
Apr 15, 2024
54.65
55.85
52.00
52.00
19.41
32,800
Apr 12, 2024
59.00
59.00
55.31
55.52
20.72
34,200
Apr 11, 2024
58.24
58.24
56.00
57.35
21.40
18,800
Apr 10, 2024
55.81
58.45
55.30
56.88
21.23
11,700
Apr 9, 2024
57.12
57.99
54.31
55.27
20.63
22,300
Apr 8, 2024
56.78
58.00
56.19
56.62
21.13
23,000
Apr 5, 2024
55.19
55.38
54.45
54.45
20.32
8,300
Apr 4, 2024
55.15
55.92
54.61
55.19
20.60
11,900
Apr 3, 2024
52.50
53.92
52.50
53.48
19.96
18,400
Apr 2, 2024
54.00
54.00
52.52
53.80
20.08
25,000
Apr 1, 2024
55.23
55.60
54.55
54.80
20.45
26,000
Mar 28, 2024
55.03
56.43
55.03
55.16
20.58
31,900
Mar 27, 2024
55.10
57.83
55.06
55.07
20.55
19,600
Mar 26, 2024
4.125 Dividend 

Mar 26, 2024
54.57
57.01
54.57
56.68
21.15
45,800
Mar 25, 2024
56.96
59.61
56.96
58.92
20.45
74,600
Mar 22, 2024
56.00
57.25
54.23
55.31
19.20
21,900
Mar 21, 2024
58.23
58.23
56.00
56.40
19.57
13,700
Mar 20, 2024
55.79
57.15
54.96
57.15
19.83
5,900
Mar 19, 2024
54.73
55.07
53.21
54.56
18.94
11,300
Mar 18, 2024
57.94
57.94
55.38
56.33
19.55
7,800
Mar 15, 2024
56.50
56.78
56.32
56.69
19.68
5,400
Mar 14, 2024
57.12
57.12
56.12
56.44
19.59
3,200
Mar 13, 2024
56.95
57.24
56.12
56.36
19.56
5,800
Mar 12, 2024
55.97
56.67
55.97
56.63
19.65
6,600
Mar 11, 2024
57.49
57.49
56.25
56.45
19.59
12,300
Mar 8, 2024
56.50
56.51
56.19
56.19
19.50
11,400
Mar 7, 2024
56.22
56.45
56.00
56.22
19.51
6,100
Mar 6, 2024
56.20
56.35
55.88
56.10
19.47
3,600
Mar 5, 2024
56.41
56.41
55.13
55.38
19.22
15,200
Mar 4, 2024
56.02
56.33
55.74
56.19
19.50
14,700
Mar 1, 2024
55.80
55.85
55.30
55.52
19.27
11,500
Feb 29, 2024
55.59
55.84
54.70
55.25
19.18
11,300
Feb 28, 2024
55.11
55.63
54.71
54.81
19.02
13,300
Feb 27, 2024
1.812 Dividend 

Feb 27, 2024
53.61
54.20
53.50
53.82
18.68
8,500
Feb 26, 2024
53.00
54.79
53.00
54.37
18.24
15,700
Feb 23, 2024
52.21
52.24
52.03
52.18
17.51
1,500
Feb 22, 2024
52.00
52.51
52.00
52.51
17.62
3,000
Feb 21, 2024
52.00
52.29
52.00
52.05
17.46
2,600
Feb 20, 2024
52.22
52.45
52.00
52.45
17.60
2,000
Feb 16, 2024
52.55
52.55
52.06
52.22
17.52
1,900
Feb 15, 2024
51.84
52.41
51.84
52.21
17.52
1,600
Feb 14, 2024
52.69
52.72
52.32
52.32
17.55
8,700
Feb 13, 2024
52.17
52.60
51.91
52.33
17.56
2,500
Feb 12, 2024
52.16
52.49
52.01
52.37
17.57
8,500
Feb 9, 2024
52.22
52.61
52.13
52.20
17.51
13,600
Feb 8, 2024
51.11
51.89
51.11
51.84
17.39
7,500
Feb 7, 2024
50.38
51.00
49.75
51.00
17.11
6,800
Feb 6, 2024
49.18
50.21
49.18
50.21
16.85
3,200
Feb 5, 2024
50.70
50.70
49.28
49.28
16.53
5,200
Feb 2, 2024
49.70
50.06
49.69
49.75
16.69
5,700
Feb 1, 2024
49.29
49.76
49.23
49.64
16.66
3,600
Jan 31, 2024
49.50
50.01
49.17
49.17
16.50
16,500
Jan 30, 2024
50.51
52.18
49.56
49.71
16.68
46,100
Jan 29, 2024
1.334 Dividend 

Jan 29, 2024
49.05
49.97
48.33
49.49
16.60
14,000
Jan 26, 2024
49.56
50.12
49.56
50.12
16.37
2,100
Jan 25, 2024
47.81
47.96
47.80
47.96
15.66
600
Jan 24, 2024
47.65
48.19
47.56
47.56
15.53
5,100
Jan 23, 2024
47.01
47.65
47.01
47.17
15.40
1,400
Jan 22, 2024
48.24
48.50
47.16
47.91
15.65
3,400
Jan 19, 2024
48.68
49.41
48.53
49.12
16.04
3,000
Jan 18, 2024
49.55
49.55
48.08
48.54
15.85
2,900
