Date
Open
High
Low
Close 

Adj Close 

Volume
Jun 5, 2026
8.45
8.51
7.77
7.89
7.89
289,300
Jun 4, 2026
8.92
9.05
8.87
8.96
8.96
107,300
Jun 3, 2026
0.081 Dividend 

Jun 3, 2026
9.46
9.55
9.08
9.08
9.08
169,400
Jun 2, 2026
9.99
10.04
9.59
9.70
9.62
214,200
Jun 1, 2026
10.02
10.15
9.93
10.14
10.06
88,500
May 29, 2026
10.09
10.32
10.00
10.17
10.09
72,200
May 28, 2026
10.05
10.24
9.95
10.16
10.08
114,200
May 27, 2026
0.087 Dividend 

May 27, 2026
10.45
10.45
10.29
10.29
10.20
71,600
May 26, 2026
10.65
10.74
10.47
10.51
10.34
104,300
May 22, 2026
10.90
10.90
10.44
10.54
10.37
111,200
May 21, 2026
10.74
10.92
10.66
10.80
10.62
110,700
May 20, 2026
0.088 Dividend 

May 20, 2026
10.80
11.07
10.71
10.84
10.66
33,600
May 19, 2026
10.95
10.95
10.72
10.82
10.55
56,500
May 18, 2026
11.05
11.17
10.64
10.79
10.53
130,100
May 15, 2026
11.49
11.57
11.21
11.33
11.05
67,800
May 14, 2026
11.51
11.74
11.41
11.71
11.42
89,200
May 13, 2026
0.088 Dividend 

May 13, 2026
11.60
11.60
11.35
11.42
11.14
82,000
May 12, 2026
11.70
11.76
11.55
11.76
11.39
137,400
May 11, 2026
11.89
11.93
11.76
11.89
11.51
71,700
May 8, 2026
11.65
11.82
11.55
11.80
11.42
123,400
May 7, 2026
11.88
11.88
11.61
11.77
11.40
136,500
May 6, 2026
0.116 Dividend 

May 6, 2026
11.97
12.04
11.89
11.92
11.54
83,700
May 5, 2026
12.14
12.14
12.02
12.09
11.59
89,000
May 4, 2026
11.89
12.07
11.87
12.01
11.52
82,500
May 1, 2026
11.82
11.90
11.71
11.71
11.23
106,900
Apr 30, 2026
11.63
11.63
11.16
11.59
11.11
69,300
Apr 29, 2026
0.11 Dividend 

Apr 29, 2026
11.83
11.83
11.37
11.37
10.90
82,000
Apr 28, 2026
11.73
11.90
11.68
11.90
11.30
53,100
Apr 27, 2026
11.95
12.00
11.70
11.85
11.26
209,200
Apr 24, 2026
11.95
11.95
11.81
11.95
11.35
124,100
Apr 23, 2026
11.97
12.01
11.72
11.78
11.19
68,800
Apr 22, 2026
0.111 Dividend 

Apr 22, 2026
12.31
12.40
12.23
12.27
11.66
102,400
Apr 21, 2026
12.12
12.12
11.85
11.92
11.22
117,100
Apr 20, 2026
12.20
12.20
11.80
11.97
11.27
133,800
Apr 17, 2026
12.44
12.61
12.37
12.61
11.87
130,700
Apr 16, 2026
12.10
12.23
11.86
12.15
11.43
133,800
Apr 15, 2026
0.143 Dividend 

Apr 15, 2026
11.91
12.23
11.91
12.12
11.41
127,900
Apr 14, 2026
12.45
12.45
12.06
12.20
11.35
125,600
Apr 13, 2026
11.55
11.87
11.52
11.87
11.04
102,300
Apr 10, 2026
11.72
11.87
11.72
11.82
10.99
91,300
Apr 9, 2026
11.61
11.80
11.53
11.80
10.98
90,500
Apr 8, 2026
0.137 Dividend 

Apr 8, 2026
11.77
11.79
11.58
11.75
10.93
60,800
Apr 7, 2026
11.36
11.48
11.23
11.48
10.55
87,900
Apr 6, 2026
11.48
11.59
11.40
11.49
10.56
98,000
Apr 2, 2026
10.94
11.22
10.91
11.20
10.29
53,500
Apr 1, 2026
0.133 Dividend 

Apr 1, 2026
11.30
11.39
11.27
11.37
10.45
59,200
Mar 31, 2026
11.10
11.40
11.10
11.39
10.35
61,200
Mar 30, 2026
11.10
11.26
10.96
11.03
10.02
61,900
Mar 27, 2026
10.88
10.97
10.55
10.81
9.82
139,900
Mar 26, 2026
11.30
11.35
11.02
11.04
10.03
88,600
Mar 25, 2026
0.131 Dividend 

Mar 25, 2026
11.73
11.95
11.65
11.69
10.62
27,200
Mar 24, 2026
11.70
11.79
11.52
11.60
10.42
46,600
Mar 23, 2026
11.71
11.90
11.55
11.67
10.48
57,800
Mar 20, 2026
11.73
11.73
11.51
11.66
10.47
124,000
Mar 19, 2026
11.62
11.69
11.42
11.69
10.50
88,500
Mar 18, 2026
0.105 Dividend 

Mar 18, 2026
11.99
12.00
11.71
11.86
10.65
71,600
Mar 17, 2026
12.25
12.33
12.18
12.28
10.93
202,200
Mar 16, 2026
12.01
12.24
12.01
12.24
10.90
370,900
Mar 13, 2026
11.68
11.88
11.38
11.42
10.17
199,000
Mar 12, 2026
11.21
11.37
11.09
11.31
10.07
119,800
Mar 11, 2026
0.194 Dividend 

Mar 11, 2026
11.11
11.30
11.03
11.30
10.06
132,500
Mar 10, 2026
11.22
11.46
11.13
11.21
9.81
171,500
Mar 9, 2026
11.01
11.25
11.01
11.21
9.81
132,100
Mar 6, 2026
10.83
10.97
10.75
10.97
9.60
103,500
Mar 5, 2026
11.00
11.00
10.88
11.00
9.62
84,100
Mar 4, 2026
0.177 Dividend 

Mar 4, 2026
10.90
11.01
10.82
10.90
9.54
99,100
Mar 3, 2026
10.67
10.88
10.56
10.86
9.35
94,700
Mar 2, 2026
10.59
11.00
10.56
10.99
9.46
97,700
Feb 27, 2026
10.72
10.83
10.49
10.60
9.12
68,600
Feb 26, 2026
11.22
11.22
10.81
11.03
9.49
47,200
Feb 25, 2026
0.135 Dividend 

Feb 25, 2026
10.66
11.06
10.66
11.01
9.48
105,200
Feb 24, 2026
10.09
10.32
9.97
10.31
8.76
98,700
Feb 23, 2026
10.56
10.65
10.19
10.33
8.77
171,300
Feb 20, 2026
10.74
10.83
10.58
10.81
9.18
174,900
Feb 19, 2026
10.64
10.75
10.52
10.75
9.13
151,600
Feb 18, 2026
0.15 Dividend 

Feb 18, 2026
10.86
11.06
10.61
10.70
9.09
118,300
Feb 17, 2026
11.02
11.18
10.83
11.16
9.35
118,800
Feb 13, 2026
10.86
11.44
10.85
11.35
9.51
242,300
Feb 12, 2026
10.92
10.99
10.47
10.59
8.87
247,200
Feb 11, 2026
0.148 Dividend 

Feb 11, 2026
11.00
11.05
10.51
10.80
9.05
183,400
Feb 10, 2026
11.32
11.42
11.13
11.28
9.33
221,600
Feb 9, 2026
11.20
11.82
11.19
11.74
9.71
129,500
Feb 6, 2026
10.74
11.56
10.74
11.40
9.43
336,900
Feb 5, 2026
11.36
11.57
10.10
10.26
8.49
442,700
Feb 4, 2026
0.164 Dividend 

Feb 4, 2026
12.07
12.25
11.45
11.87
9.82
294,700
Feb 3, 2026
13.09
13.09
11.82
12.82
10.47
527,600
Feb 2, 2026
13.30
13.36
12.93
13.01
10.62
411,200
Jan 30, 2026
15.49
15.49
14.60
14.89
12.16
194,400
Jan 29, 2026
16.28
16.28
15.21
15.55
12.70
268,900
Jan 28, 2026
0.245 Dividend 

Jan 28, 2026
16.54
16.59
16.36
16.59
13.54
72,200
Jan 27, 2026
16.34
16.82
16.28
16.70
13.43
127,000
Jan 26, 2026
16.16
16.41
16.08
16.28
13.10
101,500
Jan 23, 2026
16.35
16.71
16.03
16.40
13.19
149,400
Jan 22, 2026
16.54
16.66
16.15
16.30
13.11
130,400
Jan 21, 2026
0.26 Dividend 

Jan 21, 2026
16.47
16.94
15.92
16.81
13.52
146,700
Jan 20, 2026
17.65
17.65
16.74
16.98
13.45
379,400
Jan 16, 2026
18.55
18.55
18.18
18.30
14.50
103,000
Jan 15, 2026
18.58
18.60
18.43
18.55
14.69
101,400
Jan 14, 2026
0.26 Dividend 

Jan 14, 2026
18.55
18.60
18.40
18.42
14.59
140,500
Jan 13, 2026
18.45
18.60
18.33
18.54
14.48
114,500
Jan 12, 2026
17.94
18.30
17.94
18.16
14.18
101,300
Jan 9, 2026
18.02
18.35
17.89
18.06
14.11
75,600
Jan 8, 2026
18.12
18.30
17.81
18.21
14.22
101,200
Jan 7, 2026
0.18 Dividend 

Jan 7, 2026
18.56
18.58
18.21
18.33
14.32
98,600
Jan 6, 2026
18.99
18.99
18.60
18.83
14.57
180,500
Jan 5, 2026
18.30
18.80
18.30
18.75
14.50
85,300
Jan 2, 2026
17.86
18.24
17.85
18.20
14.08
105,400
Dec 31, 2025
0.174 Dividend 

Dec 31, 2025
17.62
17.70
17.44
17.51
13.54
120,600
Dec 30, 2025
17.74
17.82
17.58
17.70
13.56
130,000
Dec 29, 2025
17.49
17.63
17.35
17.57
13.46
153,900
Dec 26, 2025
17.59
17.71
17.19
17.28
13.24
173,300
Dec 24, 2025
0.204 Dividend 

Dec 24, 2025
17.25
17.49
17.15
17.46
13.37
50,900
Dec 23, 2025
17.32
17.45
17.00
17.45
13.21
112,100
Dec 22, 2025
17.79
17.81
17.29
17.49
13.24
120,100
Dec 19, 2025
17.16
17.50
17.07
17.50
13.25
109,100
Dec 18, 2025
17.21
17.50
16.22
16.38
12.40
106,900
Dec 17, 2025
0.197 Dividend 

Dec 17, 2025
17.23
17.67
16.31
16.54
12.52
127,500
Dec 16, 2025
17.21
17.57
17.21
17.26
12.92
146,700
Dec 15, 2025
18.17
18.34
17.12
17.20
12.87
131,100
Dec 12, 2025
18.81
18.84
17.81
18.01
13.48
61,100
Dec 11, 2025
18.48
18.74
18.30
18.74
14.02
143,100
Dec 10, 2025
0.189 Dividend 

Dec 10, 2025
19.07
19.07
18.65
18.88
14.13
96,500
Dec 9, 2025
18.12
19.09
18.08
18.97
14.05
116,600
Dec 8, 2025
18.13
18.37
17.99
18.12
13.43
108,700
Dec 5, 2025
18.12
18.30
17.50
17.77
13.17
146,400
Dec 4, 2025
18.35
18.44
17.84
18.31
13.57
86,600
Dec 3, 2025
0.186 Dividend 

Dec 3, 2025
17.79
18.10
17.67
18.00
13.34
113,300
Dec 2, 2025
17.10
17.72
16.78
17.61
12.91
135,300
Dec 1, 2025
16.84
16.91
16.11
16.37
12.00
245,900
Nov 28, 2025
17.78
17.90
17.56
17.79
13.04
111,600
Nov 26, 2025
0.233 Dividend 

Nov 26, 2025
17.06
17.55
16.94
17.37
12.73
108,800
Nov 25, 2025
17.17
17.39
16.86
17.30
12.51
152,400
Nov 24, 2025
16.46
17.35
16.44
17.35
12.55
108,100
Nov 21, 2025
16.07
16.48
15.73
16.09
11.64
256,900
Nov 20, 2025
17.68
17.79
16.52
16.76
12.12
272,800
Nov 19, 2025
0.238 Dividend 

Nov 19, 2025
17.92
18.30
16.93
17.45
12.62
189,700
Nov 18, 2025
18.01
18.85
18.00
18.74
13.38
199,400
Nov 17, 2025
18.53
18.93
17.63
17.98
12.84
208,900
Nov 14, 2025
18.38
19.17
18.31
18.51
13.22
188,600
Nov 13, 2025
20.38
20.40
18.58
18.70
13.35
329,000
Nov 12, 2025
0.305 Dividend 

Nov 12, 2025
20.90
20.90
19.86
20.07
14.33
103,600
Nov 11, 2025
21.05
21.15
20.49
20.65
14.53
153,000
Nov 10, 2025
21.34
21.98
20.77
21.27
14.96
185,700
Nov 7, 2025
19.16
20.52
18.90
20.30
14.28
162,900
Nov 6, 2025
20.17
20.17
19.18
19.54
13.75
237,800
Nov 5, 2025
0.283 Dividend 

Nov 5, 2025
19.50
20.46
19.44
20.44
14.38
140,500
Nov 4, 2025
20.91
21.30
18.88
19.41
13.46
333,000
Nov 3, 2025
22.33
22.55
21.12
21.36
14.81
416,100
Oct 31, 2025
23.32
23.39
22.72
23.39
16.21
418,100
Oct 30, 2025
22.87
22.91
22.00
22.20
15.39
185,000
Oct 29, 2025
0.274 Dividend 

Oct 29, 2025
24.01
24.13
22.90
23.38
16.21
161,000
Oct 28, 2025
24.52
24.63
24.15
24.29
16.65
187,600
Oct 27, 2025
24.38
24.70
24.10
24.60
16.86
243,700
Oct 24, 2025
23.16
23.54
22.90
23.46
16.08
199,300
Oct 23, 2025
22.94
23.08
22.50
22.97
15.74
176,500
Oct 22, 2025
0.323 Dividend 

Oct 22, 2025
23.00
23.17
22.35
22.59
15.48
232,900
Oct 21, 2025
23.40
24.17
23.11
23.94
16.19
169,800
Oct 20, 2025
23.53
23.78
23.16
23.39
15.81
172,000
Oct 17, 2025
22.58
22.98
22.20
22.51
15.22
206,300
Oct 16, 2025
24.00
24.18
22.92
23.15
15.65
276,200
Oct 15, 2025
0.349 Dividend 

Oct 15, 2025
24.26
24.29
23.40
23.77
16.07
284,800
Oct 14, 2025
23.89
24.79
23.41
24.66
16.44
310,300
Oct 13, 2025
24.90
25.28
24.44
25.28
16.85
213,500
Oct 10, 2025
26.23
26.30
23.68
24.10
16.06
534,200
Oct 9, 2025
26.95
26.95
25.86
26.01
17.34
381,100
Oct 8, 2025
0.362 Dividend 

Oct 8, 2025
27.21
27.50
26.95
27.20
18.13
273,400
Oct 7, 2025
28.35
28.45
27.04
27.67
18.20
345,800
Oct 6, 2025
27.59
28.24
27.51
28.13
18.51
283,300
Oct 3, 2025
27.30
27.34
27.05
27.21
17.90
209,600
Oct 2, 2025
27.25
27.31
27.02
27.28
17.95
258,600
Oct 1, 2025
0.384 Dividend 

Oct 1, 2025
26.80
27.11
26.66
26.91
17.70
190,600
Sep 30, 2025
26.69
26.81
26.30
26.67
17.29
236,300
Sep 29, 2025
26.62
26.84
26.25
26.57
17.23
247,700
Sep 26, 2025
24.90
25.99
24.65
25.99
16.85
232,200
Sep 25, 2025
25.90
25.92
24.20
24.58
15.94
415,700
Sep 24, 2025
0.392 Dividend 

Sep 24, 2025
27.09
27.09
26.48
26.50
17.18
268,000
Sep 23, 2025
27.12
27.52
27.08
27.35
17.48
317,700
Sep 22, 2025
27.74
27.74
26.70
26.70
17.06
742,700
Sep 19, 2025
29.15
29.35
28.55
28.86
18.44
317,100
Sep 18, 2025
29.36
29.69
29.16
29.34
18.75
256,700
Sep 17, 2025
0.392 Dividend 

Sep 17, 2025
28.91
28.99
28.35
28.99
18.53
327,500
Sep 16, 2025
29.38
29.40
28.72
29.25
18.44
446,000
Sep 15, 2025
29.47
29.66
29.00
29.21
18.42
433,800
Sep 12, 2025
29.00
30.21
29.00
30.21
19.05
340,000
Sep 11, 2025
28.65
28.88
28.39
28.88
18.21
193,000
Sep 10, 2025
0.445 Dividend 

Sep 10, 2025
28.50
28.63
27.85
28.15
17.75
297,300
Sep 9, 2025
28.48
28.64
28.15
28.50
17.69
313,500
Sep 8, 2025
28.53
28.76
28.16
28.36
17.60
234,600
Sep 5, 2025
28.74
29.03
27.70
28.42
17.64
206,700
Sep 4, 2025
28.63
28.74
27.74
27.95
17.35
333,700
Sep 3, 2025
0.515 Dividend 

Sep 3, 2025
28.69
29.25
28.51
29.25
18.15
183,500
Sep 2, 2025
28.97
29.22
28.65
28.65
17.46
353,700
Aug 29, 2025
28.99
29.18
28.28
28.85
17.58
225,700
Aug 28, 2025
30.44
30.47
29.38
29.38
17.91
206,400
Aug 27, 2025
0.39 Dividend 

Aug 27, 2025
30.09
30.51
29.50
30.51
18.60
174,400
Aug 26, 2025
29.75
30.59
29.45
30.59
18.41
296,900
Aug 25, 2025
31.13
31.46
29.33
29.61
17.82
567,200
Aug 22, 2025
28.50
31.78
28.32
31.78
19.12
196,800
Aug 21, 2025
28.57
28.79
28.08
28.11
16.92
114,600
Aug 20, 2025
0.435 Dividend 

Aug 20, 2025
27.89
28.97
27.43
28.91
17.40
173,800
Aug 19, 2025
28.97
29.15
27.83
28.19
16.70
267,500
Aug 18, 2025
28.85
29.29
28.45
29.11
17.25
172,800
Aug 15, 2025
29.00
29.26
28.70
29.06
17.22
151,800
Aug 14, 2025
28.55
29.02
28.55
29.02
17.19
198,400
Aug 13, 2025
0.247 Dividend 

Aug 13, 2025
29.23
29.25
28.65
28.94
17.15
208,200
Aug 12, 2025
29.00
29.20
28.74
29.15
17.12
236,000
Aug 11, 2025
27.88
28.92
27.88
28.78
16.91
244,400
Aug 8, 2025
27.40
27.64
27.22
27.64
16.24
99,300
Aug 7, 2025
27.14
27.31
27.02
27.29
16.03
143,600
Aug 6, 2025
0.239 Dividend 

Aug 6, 2025
26.05
26.67
25.90
26.67
15.67
167,500
Aug 5, 2025
26.44
26.60
25.90
26.13
15.21
227,800
Aug 4, 2025
25.99
26.77
25.73
26.77
15.58
185,700
Aug 1, 2025
26.69
26.69
25.28
25.28
14.71
203,100
Jul 31, 2025
27.91
27.99
27.10
27.28
15.88
147,500
Jul 30, 2025
0.293 Dividend 

Jul 30, 2025
27.54
27.88
26.81
27.68
16.11
221,800
Jul 29, 2025
28.46
28.48
27.42
27.77
16.00
260,600
Jul 28, 2025
28.07
29.52
27.54
27.94
16.09
232,300
Jul 25, 2025
27.61
27.69
26.88
27.11
15.61
109,400
Jul 24, 2025
26.77
27.75
26.76
27.75
15.98
133,100
Jul 23, 2025
0.345 Dividend 

Jul 23, 2025
27.21
27.21
26.30
26.56
15.30
174,600
Jul 22, 2025
27.56
27.88
27.07
27.66
15.73
251,000
Jul 21, 2025
27.69
27.86
27.50
27.81
15.82
358,600
Jul 18, 2025
27.24
27.35
26.90
27.00
15.36
213,700
Jul 17, 2025
26.77
26.78
26.47
26.73
15.20
211,300
Jul 16, 2025
0.385 Dividend 

Jul 16, 2025
25.64
26.56
25.50
26.47
15.05
223,200
Jul 15, 2025
25.60
25.97
25.15
25.77
14.44
325,400
Jul 14, 2025
25.57
25.68
25.22
25.31
14.18
150,400
Jul 11, 2025
25.50
25.50
24.92
25.33
14.19
139,700
Jul 10, 2025
24.90
25.10
24.64
25.10
14.06
121,000
Jul 9, 2025
0.359 Dividend 

Jul 9, 2025
24.45
24.99
24.00
24.99
14.00
190,300
Jul 8, 2025
24.32
24.50
23.92
24.50
13.53
250,700
Jul 7, 2025
24.15
24.15
23.75
23.98
13.24
164,700
Jul 3, 2025
23.95
24.13
23.85
24.13
13.32
151,600
Jul 2, 2025
1.52 Dividend 

Jul 2, 2025
23.29
24.08
22.97
24.08
13.29
167,600
Jul 1, 2025
24.65
24.77
24.34
24.41
12.64
389,200
Jun 30, 2025
24.60
24.97
24.50
24.97
12.93
60,500
Jun 27, 2025
24.24
24.55
24.00
24.38
12.62
61,600
Jun 26, 2025
24.30
24.59
24.16
24.59
12.73
87,200
Jun 25, 2025
24.26
24.74
23.87
24.16
12.51
47,000
Jun 24, 2025
23.92
24.37
23.78
24.37
12.62
60,500
Jun 23, 2025
22.89
23.17
22.10
23.01
11.91
68,600
Jun 20, 2025
25.14
25.15
23.45
23.88
12.36
84,700
Jun 18, 2025
25.00
25.00
24.45
24.76
12.82
25,600
Jun 17, 2025
25.26
25.31
24.30
24.94
12.91
71,800
Jun 16, 2025
25.71
26.06
25.41
25.65
13.28
64,900
Jun 13, 2025
25.37
25.47
24.60
24.79
12.83
21,200
Jun 12, 2025
25.79
26.27
25.79
25.92
13.42
22,400
Jun 11, 2025
26.05
26.38
25.97
26.31
13.62
34,300
Jun 10, 2025
26.15
26.18
25.63
26.18
13.55
25,900
Jun 9, 2025
24.53
25.08
24.45
24.88
12.88
40,300
Jun 6, 2025
24.25
24.52
24.06
24.09
12.47
54,000
Jun 5, 2025
25.02
25.11
24.36
24.36
12.61
15,400
Jun 4, 2025
24.88
25.40
24.80
25.23
13.06
20,100
Jun 3, 2025
24.72
25.16
24.72
25.07
12.98
22,500
Jun 2, 2025
23.90
24.52
23.87
24.10
12.48
26,800
May 30, 2025
24.62
24.74
24.26
24.35
12.61
71,400
May 29, 2025
1.352 Dividend 

May 29, 2025
25.24
25.24
24.75
24.96
12.92
26,300
May 28, 2025
26.48
26.53
26.05
26.20
12.86
91,800
May 27, 2025
26.10
26.66
26.10
26.66
13.09
75,800
May 23, 2025
25.74
25.85
25.02
25.71
12.62
14,400
May 22, 2025
25.57
26.14
25.57
25.86
12.70
16,300
May 21, 2025
25.08
25.86
24.71
25.42
12.48
21,700
May 20, 2025
25.30
25.35
24.86
25.35
12.45
25,900
May 19, 2025
25.32
25.36
24.53
25.05
12.30
37,700
May 16, 2025
26.07
26.12
25.80
26.03
12.78
22,500
May 15, 2025
25.75
26.11
25.75
26.11
12.82
10,800
May 14, 2025
25.93
26.02
25.56
25.99
12.76
27,900
May 13, 2025
26.21
26.21
25.57
25.98
12.75
13,500
May 12, 2025
26.35
26.35
25.47
25.47
12.50
21,800
May 9, 2025
25.76
25.95
25.40
25.95
12.74
14,500
May 8, 2025
24.89
25.60
24.89
25.40
12.47
16,400
May 7, 2025
24.68
24.69
24.07
24.33
11.94
31,200
May 6, 2025
24.33
24.46
24.00
24.46
12.01
9,500
May 5, 2025
24.36
24.69
24.16
24.69
12.12
17,000
May 2, 2025
24.77
24.77
24.03
24.65
12.10
14,300
May 1, 2025
24.23
24.80
24.23
24.60
12.08
18,400
Apr 30, 2025
24.00
24.37
23.65
24.00
11.78
40,800
Apr 29, 2025
1.089 Dividend 

Apr 29, 2025
24.54
24.54
24.07
24.43
11.99
49,700
Apr 28, 2025
25.58
25.58
24.88
25.44
11.96
97,200
Apr 25, 2025
25.41
25.41
24.88
25.24
11.86
57,100
Apr 24, 2025
25.01
25.14
25.00
25.14
11.81
46,600
Apr 23, 2025
25.49
25.49
24.93
25.18
11.83
14,800
Apr 22, 2025
24.36
24.77
24.02
24.72
11.62
16,400
Apr 21, 2025
24.48
24.48
23.61
23.73
11.15
22,000
Apr 17, 2025
24.00
24.29
23.62
23.96
11.26
13,900
Apr 16, 2025
24.12
24.16
23.40
24.07
11.31
14,400
Apr 15, 2025
25.00
25.00
24.16
24.36
11.45
26,600
Apr 14, 2025
25.61
25.61
24.43
24.79
11.65
14,800
Apr 11, 2025
23.53
23.81
23.14
23.69
11.13
12,000
Apr 10, 2025
24.31
24.31
22.30
22.84
10.73
20,900
Apr 9, 2025
21.75
24.95
21.52
24.41
11.47
33,700
Apr 8, 2025
24.10
24.10
21.72
22.14
10.40
34,700
Apr 7, 2025
25.48
25.48
22.07
22.97
10.79
41,900
Apr 4, 2025
26.09
27.08
26.09
26.64
12.52
23,400
Apr 3, 2025
26.47
27.19
26.20
26.48
12.44
23,900
Apr 2, 2025
27.00
28.14
27.00
27.72
13.03
39,100
Apr 1, 2025
27.02
27.91
27.02
27.78
13.05
50,200
Mar 31, 2025
27.37
27.37
26.48
26.50
12.45
55,100
Mar 28, 2025
1.515 Dividend 

Mar 28, 2025
28.02
28.02
27.19
27.19
12.78
34,800
Mar 27, 2025
30.36
30.56
30.22
30.49
13.62
55,100
Mar 26, 2025
31.00
31.01
30.24
30.40
13.58
31,400
Mar 25, 2025
32.00
32.00
30.46
30.90
13.80
30,000
Mar 24, 2025
31.53
31.53
30.17
30.95
13.82
30,600
Mar 21, 2025
29.98
30.27
29.59
30.13
13.46
16,200
Mar 20, 2025
30.78
30.78
29.92
30.32
13.54
19,900
Mar 19, 2025
30.17
31.31
30.17
31.11
13.89
17,100
Mar 18, 2025
29.50
29.53
28.88
29.28
13.08
14,300
Mar 17, 2025
29.52
30.01
29.00
29.86
13.34
31,000
Mar 14, 2025
29.04
29.83
29.04
29.77
13.29
14,000
Mar 13, 2025
28.69
29.03
28.18
28.49
12.72
22,500
Mar 12, 2025
29.64
29.64
28.33
28.81
12.87
15,300
Mar 11, 2025
28.69
29.70
28.11
29.47
13.16
31,600
Mar 10, 2025
32.51
32.51
27.89
28.68
12.81
66,600
Mar 7, 2025
33.35
33.80
32.69
33.11
14.79
19,400
Mar 6, 2025
33.58
33.80
32.87
33.50
14.96
13,900
Mar 5, 2025
33.55
33.91
32.60
33.91
15.14
15,400
Mar 4, 2025
31.60
33.05
30.30
32.52
14.52
33,200
Mar 3, 2025
34.87
34.87
31.52
31.63
14.13
74,100
Feb 28, 2025
32.32
33.53
32.15
33.10
14.78
70,400
Feb 27, 2025
1.893 Dividend 

Feb 27, 2025
35.00
35.23
33.43
33.43
14.93
44,700
Feb 26, 2025
37.41
38.58
36.18
37.08
15.71
150,100
Feb 25, 2025
38.29
39.03
37.00
38.25
16.21
53,700
Feb 24, 2025
40.73
40.97
40.01
40.73
17.26
47,600
Feb 21, 2025
42.95
43.55
40.53
40.90
17.33
67,300
Feb 20, 2025
42.75
42.82
41.65
42.29
17.92
32,300
Feb 19, 2025
42.05
42.42
41.53
42.42
17.98
26,000
Feb 18, 2025
42.07
42.49
41.00
41.44
17.56
59,600
Feb 14, 2025
41.42
42.69
41.20
41.74
17.69
28,300
Feb 13, 2025
40.00
40.77
40.00
40.09
16.99
19,300
Feb 12, 2025
39.30
41.20
39.10
40.72
17.26
21,000
Feb 11, 2025
40.86
40.96
39.55
39.88
16.90
32,700
Feb 10, 2025
41.00
41.19
40.20
40.90
17.33
23,900
Feb 7, 2025
42.47
42.47
39.55
39.77
16.85
30,600
Feb 6, 2025
42.52
43.06
40.18
41.39
17.54
58,100
Feb 5, 2025
42.35
43.51
41.25
41.75
17.69
84,600
Feb 4, 2025
42.90
43.76
42.04
42.79
18.13
61,500
Feb 3, 2025
47.05
47.95
42.65
42.90
18.18
145,700
Jan 31, 2025
49.63
50.35
48.60
49.50
20.98
36,100
Jan 30, 2025
3.599 Dividend 

Jan 30, 2025
49.24
49.95
48.60
49.50
20.98
37,200
Jan 29, 2025
55.07
55.07
50.83
51.25
20.19
140,000
Jan 28, 2025
52.48
52.72
51.21
51.38
20.24
28,800
Jan 27, 2025
51.47
52.16
50.75
51.26
20.20
25,700
Jan 24, 2025
54.16
55.13
53.54
53.54
21.10
51,100
Jan 23, 2025
53.11
53.30
52.50
53.01
20.89
9,800
Jan 22, 2025
53.60
53.65
52.84
53.00
20.88
12,600
Jan 21, 2025
53.70
53.70
51.50
53.41
21.05
61,300
Jan 17, 2025
54.03
55.32
53.88
55.26
21.77
12,000
Jan 16, 2025
53.29
53.29
51.46
52.48
20.68
10,600
Jan 15, 2025
50.68
54.89
50.68
53.83
21.21
4,400
Jan 14, 2025
50.50
51.06
49.75
50.44
19.88
4,900
Jan 13, 2025
51.86
51.86
48.13
49.16
19.37
12,700
Jan 10, 2025
51.06
51.63
50.74
51.38
20.25
8,800
Jan 8, 2025
51.12
52.32
50.38
51.06
20.12
12,100
Jan 7, 2025
55.03
55.03
52.20
52.20
20.57
11,100
Jan 6, 2025
54.21
55.27
53.70
54.96
21.66
16,200
Jan 3, 2025
52.50
53.61
52.50
53.61
21.12
23,800
Jan 2, 2025
51.30
52.86
51.12
51.83
20.42
9,800
Dec 31, 2024
50.90
51.67
50.25
50.63
19.95
17,300
Dec 30, 2024
2.577 Dividend 

Dec 30, 2024
51.11
51.44
50.01
51.40
20.25
14,000
Dec 27, 2024
54.22
56.78
53.00
53.08
19.90
45,100
Dec 26, 2024
54.66
54.66
52.00
53.50
20.06
8,100
Dec 24, 2024
54.14
55.90
52.95
55.90
20.96
9,700
Dec 23, 2024
53.14
53.73
52.14
52.68
19.75
14,500
Dec 20, 2024
53.00
55.35
53.00
55.00
20.62
6,900
Dec 19, 2024
56.65
57.56
52.85
54.56
20.45
9,900
Dec 18, 2024
57.82
59.12
56.89
56.89
21.33
6,900
Dec 17, 2024
59.50
59.50
59.00
59.05
22.14
4,500
Dec 16, 2024
57.33
59.17
57.33
59.14
22.17
14,400
Dec 13, 2024
58.69
58.69
57.50
58.18
21.81
5,900
Dec 12, 2024
58.38
58.40
57.50
57.50
21.56
7,600
Dec 11, 2024
56.77
57.69
56.14
57.11
21.41
5,700
Dec 10, 2024
56.49
56.49
54.70
55.15
20.68
8,400
Dec 9, 2024
58.00
58.15
56.58
56.77
21.28
9,900
Dec 6, 2024
57.73
58.35
57.73
58.08
21.77
13,200
Dec 5, 2024
58.25
58.36
57.15
57.73
21.64
17,100
Dec 4, 2024
54.30
57.01
54.30
56.77
21.28
24,700
Dec 3, 2024
53.80
54.49
53.72
54.09
20.28
4,500
Dec 2, 2024
53.62
55.64
53.62
54.55
20.45
7,400
Nov 29, 2024
52.34
53.83
48.69
53.71
20.13
12,300
Nov 27, 2024
1.66 Dividend 

Nov 27, 2024
52.61
54.51
51.42
53.80
20.17
25,500
Nov 26, 2024
55.75
55.75
52.50
53.03
19.26
25,100
Nov 25, 2024
53.52
55.00
53.16
54.19
19.68
24,300
Nov 22, 2024
53.48
53.48
52.22
52.53
19.08
16,000
Nov 21, 2024
52.13
53.81
52.13
53.08
19.27
8,400
Nov 20, 2024
50.45
51.23
50.39
50.39
18.30
7,700
Nov 19, 2024
51.03
51.23
51.00
51.01
18.53
11,600
Nov 18, 2024
50.35
51.82
49.64
50.74
18.43
16,800
Nov 15, 2024
50.00
50.63
49.08
50.35
18.29
10,000
Nov 14, 2024
51.60
51.60
50.52
50.52
18.35
4,500
Nov 13, 2024
52.00
52.00
50.40
50.60
18.37
6,500
Nov 12, 2024
52.49
52.63
51.39
51.39
18.66
6,700
Nov 11, 2024
52.78
53.00
52.00
52.80
19.17
17,900
Nov 8, 2024
51.26
52.15
51.26
51.63
18.75
3,600
Nov 7, 2024
50.98
51.75
50.02
51.70
18.78
8,400
Nov 6, 2024
46.00
50.10
46.00
50.10
18.19
10,600
Nov 5, 2024
47.05
47.25
46.10
46.20
16.78
7,800
Nov 4, 2024
47.00
47.00
45.79
46.05
16.72
11,500
Nov 1, 2024
47.95
48.22
47.01
47.51
17.25
10,500
Oct 31, 2024
48.11
48.95
46.89
47.54
17.27
16,700
Oct 30, 2024
2.299 Dividend 

Oct 30, 2024
49.25
50.02
48.77
49.26
17.89
25,100
Oct 29, 2024
51.50
52.05
50.07
51.57
17.89
40,400
Oct 28, 2024
50.48
50.48
49.20
50.10
17.38
14,900
Oct 25, 2024
49.90
50.11
48.83
48.83
16.94
20,800
Oct 24, 2024
49.95
51.00
49.61
49.90
17.31
6,500
Oct 23, 2024
50.77
50.77
49.30
49.55
17.19
7,900
Oct 22, 2024
51.29
51.29
50.96
51.05
17.71
6,800
Oct 21, 2024
51.96
51.96
51.02
51.49
17.87
6,800
Oct 18, 2024
51.21
53.09
50.72
51.13
17.74
6,200
Oct 17, 2024
53.09
53.09
50.24
51.21
17.77
2,000
Oct 16, 2024
50.90
51.60
50.29
51.60
17.90
4,300
Oct 15, 2024
51.16
51.41
50.37
50.70
17.59
7,900
Oct 14, 2024
50.15
51.33
50.14
51.18
17.76
4,600
Oct 11, 2024
49.10
49.51
48.00
48.89
16.96
5,300
Oct 10, 2024
47.86
48.45
47.34
47.34
16.42
2,600
Oct 9, 2024
48.80
49.14
48.02
48.02
16.66
2,400
Oct 8, 2024
48.85
48.94
48.32
48.62
16.87
3,900
Oct 7, 2024
51.12
51.12
47.41
47.90
16.62
4,200
Oct 4, 2024
50.08
50.08
46.39
47.60
16.52
3,100
Oct 3, 2024
46.90
46.90
46.30
46.30
16.06
6,100
Oct 2, 2024
46.50
48.13
46.50
46.83
16.25
4,700
Oct 1, 2024
49.45
49.58
47.25
48.48
16.82
11,800
Sep 30, 2024
50.25
51.05
49.22
49.45
17.16
12,700
Sep 27, 2024
3.854 Dividend 

Sep 27, 2024
52.30
52.30
49.51
50.31
17.46
14,700
Sep 26, 2024
53.75
54.82
52.96
54.54
17.59
42,800
Sep 25, 2024
52.72
52.72
52.27
52.27
16.85
500
Sep 24, 2024
52.46
52.46
52.13
52.36
16.88
1,800
Sep 23, 2024
51.58
52.34
51.58
52.34
16.88
400
Sep 20, 2024
51.57
51.61
51.40
51.40
16.57
900
Sep 19, 2024
51.00
51.20
50.63
50.63
16.33
500
Sep 18, 2024
47.74
47.74
47.63
47.63
15.36
500
Sep 17, 2024
48.08
48.89
48.08
48.34
15.59
1,300
Sep 16, 2024
48.43
48.46
46.92
46.92
15.13
1,600
Sep 13, 2024
49.54
49.54
49.54
49.54
15.98
100
Sep 12, 2024
48.21
48.40
47.63
48.40
15.61
900
Sep 11, 2024
47.90
48.02
47.49
48.02
15.48
900
Sep 10, 2024
48.56
48.59
48.56
48.59
15.67
400
Sep 9, 2024
48.00
48.00
48.00
48.00
15.48
100
Sep 6, 2024
45.43
45.68
45.43
45.68
14.73
600
Sep 5, 2024
48.25
48.25
48.00
48.00
15.48
600
Sep 4, 2024
49.09
50.00
48.72
49.55
15.98
1,100
