Date
Open
High
Low
Close 

Adj Close 

Volume
Jun 5, 2026
12.48
12.54
12.07
12.10
12.10
1,088,200
Jun 4, 2026
12.46
12.56
12.46
12.52
12.52
693,700
Jun 3, 2026
0.112 Dividend 

Jun 3, 2026
12.50
12.55
12.38
12.44
12.44
1,046,000
Jun 2, 2026
12.72
12.76
12.58
12.66
12.55
962,900
Jun 1, 2026
12.87
12.90
12.73
12.73
12.62
1,403,200
May 29, 2026
12.90
12.91
12.83
12.90
12.79
1,154,500
May 28, 2026
12.78
12.90
12.78
12.89
12.78
672,700
May 27, 2026
0.113 Dividend 

May 27, 2026
12.76
12.82
12.72
12.82
12.71
1,172,800
May 26, 2026
12.85
12.89
12.79
12.89
12.66
1,205,200
May 22, 2026
12.82
12.88
12.79
12.79
12.57
885,300
May 21, 2026
12.76
12.88
12.69
12.82
12.60
1,237,100
May 20, 2026
0.153 Dividend 

May 20, 2026
12.70
12.81
12.65
12.81
12.59
1,194,500
May 19, 2026
12.89
12.93
12.73
12.80
12.43
1,548,700
May 18, 2026
13.00
13.04
12.85
12.94
12.56
1,774,200
May 15, 2026
13.03
13.11
12.94
13.00
12.62
1,341,800
May 14, 2026
13.05
13.18
13.05
13.13
12.75
1,205,500
May 13, 2026
0.15 Dividend 

May 13, 2026
12.92
13.12
12.83
13.09
12.71
1,351,000
May 12, 2026
13.09
13.09
12.93
13.04
12.51
1,809,200
May 11, 2026
13.05
13.15
13.00
13.09
12.56
1,064,000
May 8, 2026
13.08
13.13
13.04
13.09
12.56
1,846,000
May 7, 2026
12.98
13.08
12.98
13.02
12.49
1,955,200
May 6, 2026
0.18 Dividend 

May 6, 2026
12.78
12.95
12.73
12.92
12.40
843,400
May 5, 2026
12.96
13.00
12.90
12.95
12.25
777,600
May 4, 2026
12.88
12.94
12.81
12.88
12.19
1,237,100
May 1, 2026
12.87
12.95
12.85
12.89
12.20
1,576,600
Apr 30, 2026
12.90
12.90
12.58
12.80
12.11
1,936,600
Apr 29, 2026
0.12 Dividend 

Apr 29, 2026
12.87
12.91
12.78
12.86
12.17
1,179,600
Apr 28, 2026
12.95
13.02
12.91
13.00
12.19
747,500
Apr 27, 2026
12.95
13.05
12.88
13.05
12.23
805,200
Apr 24, 2026
12.86
12.98
12.81
12.93
12.12
705,700
Apr 23, 2026
12.95
12.95
12.66
12.79
11.99
592,700
Apr 22, 2026
0.099 Dividend 

Apr 22, 2026
12.80
12.94
12.78
12.94
12.13
332,700
Apr 21, 2026
12.95
12.98
12.85
12.88
11.98
316,500
Apr 20, 2026
13.00
13.00
12.84
12.92
12.02
407,400
Apr 17, 2026
12.93
13.07
12.93
13.02
12.11
426,200
Apr 16, 2026
12.86
12.91
12.73
12.86
11.96
406,900
Apr 15, 2026
0.083 Dividend 

Apr 15, 2026
12.60
12.85
12.60
12.84
11.94
541,000
Apr 14, 2026
12.50
12.68
12.48
12.67
11.71
386,200
Apr 13, 2026
12.25
12.40
12.24
12.39
11.45
537,200
Apr 10, 2026
12.23
12.32
12.23
12.29
11.36
529,700
Apr 9, 2026
12.08
12.24
12.03
12.22
11.29
3,170,500
Apr 8, 2026
0.081 Dividend 

Apr 8, 2026
12.20
12.23
12.02
12.07
11.15
375,000
Apr 7, 2026
11.89
11.93
11.72
11.92
10.94
511,800
Apr 6, 2026
11.95
12.00
11.89
11.93
10.95
851,100
Apr 2, 2026
11.86
11.95
11.77
11.92
10.94
1,259,700
Apr 1, 2026
0.087 Dividend 

Apr 1, 2026
11.99
12.04
11.91
11.97
10.99
933,600
Mar 31, 2026
11.67
11.97
11.67
11.95
10.89
1,715,500
Mar 30, 2026
11.60
11.70
11.47
11.51
10.49
1,039,800
Mar 27, 2026
11.67
11.74
11.51
11.53
10.51
1,856,500
Mar 26, 2026
12.08
12.08
11.79
11.81
10.76
1,484,300
Mar 25, 2026
0.086 Dividend 

Mar 25, 2026
12.18
12.26
12.11
12.15
11.07
769,300
Mar 24, 2026
12.27
12.27
12.13
12.13
10.97
1,006,400
Mar 23, 2026
12.25
12.38
12.24
12.29
11.12
1,283,100
Mar 20, 2026
12.27
12.28
12.03
12.12
10.97
1,945,300
Mar 19, 2026
12.33
12.38
12.26
12.31
11.14
1,784,400
Mar 18, 2026
0.087 Dividend 

Mar 18, 2026
12.53
12.60
12.43
12.43
11.25
885,300
Mar 17, 2026
12.64
12.72
12.63
12.67
11.38
928,400
Mar 16, 2026
12.55
12.69
12.55
12.62
11.34
1,360,800
Mar 13, 2026
12.63
12.66
12.43
12.44
11.18
745,000
Mar 12, 2026
12.70
12.74
12.60
12.65
11.37
772,900
Mar 11, 2026
0.094 Dividend 

Mar 11, 2026
12.77
12.88
12.73
12.80
11.50
1,645,700
Mar 10, 2026
12.82
12.91
12.79
12.86
11.47
1,407,600
Mar 9, 2026
12.53
12.83
12.50
12.83
11.44
2,026,800
Mar 6, 2026
12.68
12.78
12.64
12.67
11.30
1,307,300
Mar 5, 2026
12.85
12.88
12.73
12.86
11.47
1,089,200
Mar 4, 2026
0.099 Dividend 

Mar 4, 2026
12.76
12.91
12.74
12.86
11.47
1,662,200
Mar 3, 2026
12.63
12.84
12.60
12.80
11.33
1,081,400
Mar 2, 2026
12.58
12.89
12.57
12.84
11.36
934,300
Feb 27, 2026
12.82
12.87
12.74
12.81
11.34
1,616,600
Feb 26, 2026
13.05
13.06
12.88
12.97
11.48
1,206,100
Feb 25, 2026
0.09 Dividend 

Feb 25, 2026
12.96
13.10
12.95
13.09
11.59
965,300
Feb 24, 2026
12.83
13.02
12.80
13.00
11.43
1,345,700
Feb 23, 2026
12.97
13.02
12.81
12.86
11.30
1,247,600
Feb 20, 2026
12.86
13.04
12.83
13.01
11.44
1,323,200
Feb 19, 2026
12.83
12.94
12.82
12.89
11.33
1,159,700
Feb 18, 2026
0.108 Dividend 

Feb 18, 2026
12.81
12.97
12.81
12.90
11.34
1,474,600
Feb 17, 2026
12.82
12.97
12.70
12.90
11.24
886,500
Feb 13, 2026
12.97
12.99
12.83
12.86
11.21
790,500
Feb 12, 2026
13.30
13.30
12.95
13.06
11.38
1,243,900
Feb 11, 2026
0.115 Dividend 

Feb 11, 2026
13.37
13.42
13.21
13.21
11.51
622,000
Feb 10, 2026
13.54
13.54
13.41
13.41
11.59
1,532,100
Feb 9, 2026
13.30
13.53
13.28
13.46
11.63
964,200
Feb 6, 2026
13.21
13.37
13.14
13.31
11.50
740,400
Feb 5, 2026
13.24
13.39
13.11
13.27
11.47
1,054,100
Feb 4, 2026
0.083 Dividend 

Feb 4, 2026
13.70
13.76
13.40
13.48
11.65
1,168,200
Feb 3, 2026
14.02
14.03
13.70
13.77
11.83
903,600
Feb 2, 2026
13.87
14.07
13.87
13.99
12.02
1,497,700
Jan 30, 2026
13.97
14.10
13.95
13.95
11.98
945,700
Jan 29, 2026
14.08
14.13
13.78
14.01
12.03
2,338,500
Jan 28, 2026
0.075 Dividend 

Jan 28, 2026
14.15
14.15
14.01
14.05
12.07
1,655,200
Jan 27, 2026
14.08
14.19
14.07
14.15
12.09
1,617,000
Jan 26, 2026
13.97
14.09
13.95
14.01
11.97
1,278,300
Jan 23, 2026
13.82
14.02
13.82
13.93
11.90
1,997,900
Jan 22, 2026
13.69
13.86
13.69
13.80
11.79
1,631,300
Jan 21, 2026
0.086 Dividend 

Jan 21, 2026
13.51
13.72
13.42
13.59
11.61
3,651,700
Jan 20, 2026
13.68
13.73
13.52
13.54
11.49
2,244,200
Jan 16, 2026
13.94
14.01
13.89
13.90
11.80
1,439,100
Jan 15, 2026
14.00
14.01
13.89
13.91
11.81
2,152,400
Jan 14, 2026
0.063 Dividend 

Jan 14, 2026
14.01
14.02
13.84
13.90
11.80
1,934,900
Jan 13, 2026
14.13
14.22
14.08
14.13
11.94
1,136,000
Jan 12, 2026
14.11
14.24
14.10
14.15
11.96
582,000
Jan 9, 2026
14.08
14.19
14.05
14.15
11.96
731,300
Jan 8, 2026
14.10
14.11
14.00
14.08
11.90
606,800
Jan 7, 2026
0.05 Dividend 

Jan 7, 2026
14.08
14.23
14.08
14.11
11.93
1,025,000
Jan 6, 2026
14.20
14.22
14.09
14.14
11.91
712,300
Jan 5, 2026
14.17
14.27
14.15
14.20
11.96
904,700
Jan 2, 2026
14.34
14.37
14.04
14.12
11.89
958,800
Dec 31, 2025
0.099 Dividend 

Dec 31, 2025
14.33
14.34
14.21
14.23
11.98
655,400
Dec 30, 2025
14.40
14.46
14.39
14.42
12.06
721,900
Dec 29, 2025
14.41
14.41
14.35
14.39
12.04
856,700
Dec 26, 2025
14.49
14.54
14.45
14.45
12.09
834,900
Dec 24, 2025
0.093 Dividend 

Dec 24, 2025
14.50
14.52
14.44
14.52
12.14
557,100
Dec 23, 2025
14.47
14.58
14.47
14.57
12.11
629,100
Dec 22, 2025
14.48
14.51
14.43
14.47
12.03
727,700
Dec 19, 2025
14.35
14.41
14.33
14.40
11.97
1,240,800
Dec 18, 2025
14.24
14.40
14.19
14.30
11.88
595,300
Dec 17, 2025
0.132 Dividend 

Dec 17, 2025
14.36
14.38
14.10
14.10
11.72
607,000
Dec 16, 2025
14.36
14.52
14.32
14.46
11.91
1,075,600
Dec 15, 2025
14.46
14.49
14.33
14.39
11.85
505,600
Dec 12, 2025
14.47
14.53
14.27
14.39
11.85
1,097,800
Dec 11, 2025
14.50
14.50
14.34
14.47
11.92
629,800
Dec 10, 2025
0.128 Dividend 

Dec 10, 2025
14.51
14.56
14.43
14.53
11.96
797,900
Dec 9, 2025
14.60
14.69
14.57
14.64
11.95
456,300
Dec 8, 2025
14.68
14.71
14.57
14.63
11.94
660,200
Dec 5, 2025
14.69
14.73
14.65
14.71
12.01
506,400
Dec 4, 2025
14.72
14.73
14.58
14.65
11.96
650,800
Dec 3, 2025
0.097 Dividend 

Dec 3, 2025
14.58
14.66
14.55
14.60
11.92
612,000
Dec 2, 2025
14.65
14.77
14.64
14.71
11.93
738,300
Dec 1, 2025
14.58
14.68
14.55
14.64
11.87
777,100
Nov 28, 2025
14.57
14.65
14.57
14.64
11.87
747,900
Nov 26, 2025
0.123 Dividend 

Nov 26, 2025
14.54
14.60
14.49
14.55
11.80
864,300
Nov 25, 2025
14.62
14.65
14.42
14.63
11.76
793,300
Nov 24, 2025
14.33
14.59
14.33
14.57
11.72
968,800
Nov 21, 2025
14.15
14.36
13.99
14.19
11.41
1,518,700
Nov 20, 2025
14.60
14.68
14.08
14.10
11.34
1,699,800
Nov 19, 2025
0.094 Dividend 

Nov 19, 2025
14.23
14.47
14.20
14.30
11.50
676,500
Nov 18, 2025
14.45
14.50
14.19
14.31
11.43
1,199,800
Nov 17, 2025
14.55
14.70
14.45
14.56
11.63
1,144,300
Nov 14, 2025
14.30
14.68
14.25
14.58
11.65
1,522,100
Nov 13, 2025
14.80
14.81
14.48
14.55
11.62
1,778,400
Nov 12, 2025
0.174 Dividend 

Nov 12, 2025
15.04
15.06
14.78
14.86
11.87
1,189,400
Nov 11, 2025
15.13
15.18
15.04
15.17
11.98
1,030,900
Nov 10, 2025
15.07
15.17
15.04
15.16
11.97
1,137,500
Nov 7, 2025
14.88
14.90
14.60
14.85
11.73
2,575,300
Nov 6, 2025
15.23
15.23
14.90
14.95
11.80
1,723,100
Nov 5, 2025
0.132 Dividend 

Nov 5, 2025
15.18
15.30
15.08
15.20
12.00
944,000
Nov 4, 2025
15.34
15.42
15.24
15.25
11.94
1,326,600
Nov 3, 2025
15.54
15.60
15.51
15.53
12.16
754,100
Oct 31, 2025
15.65
15.65
15.34
15.39
12.05
1,348,700
Oct 30, 2025
15.52
15.52
15.26
15.27
11.95
1,486,400
Oct 29, 2025
0.135 Dividend 

Oct 29, 2025
15.65
15.68
15.52
15.65
12.25
1,732,300
Oct 28, 2025
15.65
15.74
15.58
15.68
12.17
1,404,300
Oct 27, 2025
15.40
15.55
15.40
15.51
12.04
1,416,800
Oct 24, 2025
15.24
15.26
15.20
15.23
11.82
1,189,900
Oct 23, 2025
15.02
15.18
14.96
15.16
11.76
1,201,400
Oct 22, 2025
0.217 Dividend 

Oct 22, 2025
15.14
15.15
14.89
15.04
11.67
1,482,800
Oct 21, 2025
15.35
15.35
15.27
15.30
11.70
1,150,900
Oct 20, 2025
15.21
15.35
15.21
15.35
11.74
1,121,900
Oct 17, 2025
14.99
15.17
14.94
15.14
11.58
836,400
Oct 16, 2025
15.11
15.19
14.90
15.02
11.49
1,074,300
Oct 15, 2025
0.201 Dividend 

Oct 15, 2025
15.16
15.18
14.94
15.10
11.55
1,054,300
Oct 14, 2025
15.19
15.30
15.00
15.20
11.47
724,800
Oct 13, 2025
15.27
15.35
15.17
15.35
11.59
1,006,500
Oct 10, 2025
15.54
15.59
15.00
15.01
11.33
2,051,800
Oct 9, 2025
0.209 Dividend 

Oct 9, 2025
15.52
15.54
15.39
15.54
11.73
633,700
Oct 8, 2025
15.58
15.71
15.57
15.68
11.68
1,088,200
Oct 7, 2025
15.68
15.69
15.55
15.58
11.60
753,100
Oct 6, 2025
15.55
15.69
15.47
15.66
11.66
738,200
Oct 3, 2025
15.64
15.68
15.44
15.53
11.57
951,400
Oct 2, 2025
0.099 Dividend 

Oct 2, 2025
15.74
15.74
15.60
15.64
11.65
809,800
Oct 1, 2025
15.62
15.79
15.60
15.75
11.66
1,472,300
Sep 30, 2025
15.71
15.71
15.57
15.71
11.63
1,011,200
Sep 29, 2025
15.70
15.76
15.64
15.68
11.61
1,147,700
Sep 26, 2025
15.55
15.65
15.47
15.65
11.58
776,800
Sep 25, 2025
0.152 Dividend 

Sep 25, 2025
15.55
15.61
15.42
15.53
11.49
669,200
Sep 24, 2025
15.84
15.86
15.69
15.78
11.57
1,169,400
Sep 23, 2025
16.01
16.01
15.74
15.78
11.57
865,000
Sep 22, 2025
15.89
16.00
15.89
15.98
11.71
1,014,100
Sep 19, 2025
15.77
15.89
15.77
15.85
11.62
541,600
Sep 18, 2025
0.14 Dividend 

Sep 18, 2025
15.81
15.82
15.73
15.74
11.54
679,500
Sep 17, 2025
15.84
15.87
15.68
15.83
11.50
1,078,000
Sep 16, 2025
15.85
15.90
15.81
15.88
11.54
652,700
Sep 15, 2025
15.73
15.85
15.72
15.80
11.48
662,300
Sep 12, 2025
15.45
15.59
15.41
15.56
11.31
590,000
Sep 11, 2025
0.143 Dividend 

Sep 11, 2025
15.38
15.43
15.28
15.43
11.21
566,400
Sep 10, 2025
15.58
15.58
15.40
15.41
11.09
911,400
Sep 9, 2025
15.46
15.52
15.43
15.51
11.16
647,000
Sep 8, 2025
15.45
15.55
15.43
15.44
11.11
816,200
Sep 5, 2025
15.50
15.51
15.32
15.39
11.08
838,500
Sep 4, 2025
0.083 Dividend 

Sep 4, 2025
15.34
15.47
15.30
15.44
11.11
820,800
Sep 3, 2025
15.30
15.43
15.28
15.38
11.01
962,700
Sep 2, 2025
15.02
15.14
14.94
15.10
10.81
1,281,200
Aug 29, 2025
15.39
15.39
15.21
15.24
10.91
792,300
Aug 28, 2025
0.118 Dividend 

Aug 28, 2025
15.35
15.44
15.31
15.44
11.05
683,100
Aug 27, 2025
15.44
15.46
15.37
15.41
10.95
615,100
Aug 26, 2025
15.37
15.42
15.29
15.42
10.96
438,600
Aug 25, 2025
15.32
15.42
15.26
15.37
10.92
754,100
Aug 22, 2025
15.02
15.33
14.98
15.31
10.88
823,300
Aug 21, 2025
0.149 Dividend 

Aug 21, 2025
15.02
15.09
14.93
14.99
10.65
671,200
Aug 20, 2025
15.34
15.36
15.01
15.20
10.69
1,158,100
Aug 19, 2025
15.59
15.59
15.35
15.38
10.82
831,400
Aug 18, 2025
15.58
15.60
15.52
15.60
10.97
914,000
Aug 15, 2025
15.67
15.70
15.57
15.62
10.99
885,000
Aug 14, 2025
0.162 Dividend 

Aug 14, 2025
15.61
15.67
15.56
15.66
11.02
471,300
Aug 13, 2025
15.83
15.85
15.71
15.73
10.95
872,900
Aug 12, 2025
15.68
15.78
15.61
15.76
10.97
631,600
Aug 11, 2025
15.60
15.72
15.58
15.60
10.86
670,100
Aug 8, 2025
15.47
15.62
15.47
15.59
10.85
871,300
Aug 7, 2025
0.08 Dividend 

Aug 7, 2025
15.48
15.55
15.37
15.49
10.78
760,800
Aug 6, 2025
15.28
15.51
15.28
15.50
10.74
896,100
Aug 5, 2025
15.35
15.41
15.25
15.25
10.56
895,400
Aug 4, 2025
15.21
15.34
15.20
15.32
10.61
824,700
Aug 1, 2025
15.24
15.28
14.99
15.07
10.44
1,288,900
Jul 31, 2025
0.075 Dividend 

Jul 31, 2025
15.61
15.64
15.40
15.44
10.69
946,000
Jul 30, 2025
15.42
15.45
15.28
15.40
10.61
1,175,100
Jul 29, 2025
15.50
15.51
15.37
15.39
10.61
594,600
Jul 28, 2025
15.44
15.47
15.40
15.47
10.66
931,900
Jul 25, 2025
15.31
15.45
15.30
15.39
10.61
602,900
Jul 24, 2025
0.203 Dividend 

Jul 24, 2025
15.33
15.33
15.22
15.27
10.53
521,300
Jul 23, 2025
15.48
15.53
15.41
15.53
10.56
920,900
Jul 22, 2025
15.48
15.49
15.30
15.41
10.48
617,200
Jul 21, 2025
15.40
15.52
15.40
15.46
10.52
812,500
Jul 18, 2025
15.34
15.39
15.29
15.36
10.45
788,400
Jul 17, 2025
0.152 Dividend 

Jul 17, 2025
15.25
15.32
15.25
15.29
10.40
680,000
Jul 16, 2025
15.40
15.44
15.31
15.40
10.37
559,100
Jul 15, 2025
15.42
15.46
15.34
15.34
10.33
476,100
Jul 14, 2025
15.29
15.37
15.25
15.34
10.33
755,100
Jul 11, 2025
15.20
15.34
15.19
15.31
10.31
628,300
Jul 10, 2025
0.126 Dividend 

Jul 10, 2025
15.20
15.28
15.13
15.25
10.27
485,200
Jul 9, 2025
15.20
15.34
15.20
15.30
10.22
666,100
Jul 8, 2025
15.20
15.23
15.13
15.15
10.12
572,700
Jul 7, 2025
15.20
15.22
15.10
15.17
10.13
1,085,300
Jul 3, 2025
0.055 Dividend 

Jul 3, 2025
15.28
15.35
15.27
15.32
10.23
629,100
Jul 2, 2025
15.14
15.29
15.13
15.27
10.16
1,031,500
Jul 1, 2025
15.20
15.24
15.04
15.17
10.10
767,900
Jun 30, 2025
15.30
15.35
15.23
15.25
10.15
767,900
Jun 27, 2025
15.23
15.30
15.11
15.28
10.17
823,700
Jun 26, 2025
0.157 Dividend 

Jun 26, 2025
15.11
15.21
15.07
15.20
10.12
573,600
Jun 25, 2025
15.27
15.31
15.19
15.25
10.05
685,000
Jun 24, 2025
15.26
15.27
15.19
15.22
10.03
765,100
Jun 23, 2025
14.96
15.15
14.93
15.11
9.95
905,200
Jun 20, 2025
0.169 Dividend 

Jun 20, 2025
15.16
15.19
14.91
14.95
9.85
910,200
Jun 18, 2025
15.18
15.33
15.18
15.24
9.93
696,800
Jun 17, 2025
15.25
15.29
15.17
15.18
9.89
522,500
Jun 16, 2025
15.18
15.32
15.18
15.32
9.98
566,200
Jun 13, 2025
15.05
15.24
15.02
15.08
9.82
791,800
Jun 12, 2025
0.171 Dividend 

Jun 12, 2025
15.17
15.25
15.15
15.20
9.90
434,000
Jun 11, 2025
15.52
15.53
15.30
15.34
9.88
1,139,000
Jun 10, 2025
15.35
15.44
15.30
15.44
9.95
710,200
Jun 9, 2025
15.16
15.28
15.11
15.26
9.83
900,000
Jun 6, 2025
15.10
15.21
15.10
15.19
9.79
800,400
Jun 5, 2025
0.209 Dividend 

Jun 5, 2025
15.26
15.28
14.79
14.89
9.59
998,700
Jun 4, 2025
15.49
15.50
15.35
15.46
9.82
1,041,600
Jun 3, 2025
15.45
15.55
15.38
15.41
9.79
811,500
Jun 2, 2025
15.26
15.41
15.22
15.41
9.79
950,000
May 30, 2025
15.41
15.43
15.15
15.33
9.74
1,217,600
May 29, 2025
0.293 Dividend 

May 29, 2025
15.56
15.56
15.37
15.42
9.80
603,500
May 28, 2025
15.72
15.73
15.60
15.62
9.74
850,300
May 27, 2025
15.51
15.65
15.46
15.65
9.76
697,500
May 23, 2025
15.23
15.34
15.14
15.31
9.55
531,100
May 22, 2025
0.26 Dividend 

May 22, 2025
15.38
15.54
15.32
15.41
9.61
404,700
May 21, 2025
15.65
15.86
15.52
15.59
9.56
744,000
May 20, 2025
15.79
15.80
15.61
15.71
9.63
391,700
May 19, 2025
15.59
15.78
15.54
15.77
9.67
422,500
May 16, 2025
15.82
15.82
15.63
15.77
9.67
434,600
May 15, 2025
0.2 Dividend 

May 15, 2025
15.75
15.82
15.63
15.79
9.68
517,100
May 14, 2025
15.98
16.05
15.89
16.05
9.72
462,200
May 13, 2025
15.66
15.88
15.65
15.82
9.58
387,500
May 12, 2025
15.63
15.63
15.45
15.61
9.45
557,900
May 9, 2025
15.03
15.17
15.01
15.07
9.12
258,400
May 8, 2025
0.106 Dividend 

May 8, 2025
14.99
15.09
14.85
14.96
9.06
249,800
May 7, 2025
14.97
15.05
14.69
14.89
8.95
507,300
May 6, 2025
14.90
15.01
14.85
14.89
8.95
207,800
May 5, 2025
15.03
15.11
14.96
15.02
9.03
284,300
May 2, 2025
15.03
15.20
14.97
15.14
9.10
394,500
May 1, 2025
0.101 Dividend 

May 1, 2025
14.98
15.08
14.89
14.90
8.96
306,400
Apr 30, 2025
14.54
14.73
14.34
14.72
8.79
265,000
Apr 29, 2025
14.69
14.81
14.60
14.81
8.84
257,700
Apr 28, 2025
14.78
14.84
14.52
14.70
8.78
345,500
Apr 25, 2025
14.53
14.74
14.52
14.69
8.77
261,900
Apr 24, 2025
0.092 Dividend 

Apr 24, 2025
14.14
14.44
14.14
14.42
8.61
235,200
Apr 23, 2025
14.33
14.42
14.18
14.28
8.47
361,100
Apr 22, 2025
13.61
13.92
13.55
13.82
8.20
287,800
Apr 21, 2025
13.58
13.63
13.28
13.42
7.96
392,900
Apr 17, 2025
0.094 Dividend 

Apr 17, 2025
14.02
14.02
13.73
13.80
8.19
215,400
Apr 16, 2025
14.18
14.28
13.76
13.97
8.23
368,500
Apr 15, 2025
14.51
14.61
14.40
14.50
8.54
319,900
Apr 14, 2025
14.78
14.80
14.38
14.52
8.56
385,700
Apr 11, 2025
14.17
14.48
14.08
14.45
8.51
293,300
Apr 10, 2025
0.097 Dividend 

Apr 10, 2025
14.43
14.43
13.78
14.22
8.38
308,100
Apr 9, 2025
13.38
14.76
13.29
14.71
8.61
589,000
Apr 8, 2025
14.10
14.18
13.12
13.35
7.81
436,100
Apr 7, 2025
12.93
14.09
12.85
13.53
7.92
770,100
Apr 4, 2025
13.79
14.02
13.49
13.50
7.90
809,500
Apr 3, 2025
0.097 Dividend 

Apr 3, 2025
14.50
14.58
14.30
14.35
8.40
681,400
Apr 2, 2025
14.95
15.39
14.89
15.33
8.92
384,100
Apr 1, 2025
14.94
15.26
14.90
15.16
8.82
270,700
Mar 31, 2025
14.70
14.98
14.51
14.93
8.68
594,400
Mar 28, 2025
15.41
15.45
14.96
14.99
8.72
502,300
Mar 27, 2025
0.084 Dividend 

Mar 27, 2025
15.41
15.60
15.38
15.42
8.97
348,400
Mar 26, 2025
15.90
15.90
15.50
15.56
9.00
446,300
Mar 25, 2025
15.84
15.92
15.74
15.92
9.21
341,700
Mar 24, 2025
15.62
15.78
15.61
15.78
9.13
407,500
Mar 21, 2025
15.16
15.43
15.16
15.42
8.92
241,500
Mar 20, 2025
0.085 Dividend 

Mar 20, 2025
15.19
15.45
15.13
15.27
8.83
272,600
Mar 19, 2025
15.19
15.48
15.15
15.39
8.85
386,800
Mar 18, 2025
15.32
15.32
14.97
15.10
8.69
459,900
Mar 17, 2025
15.55
15.55
15.27
15.42
8.87
503,100
Mar 14, 2025
15.41
15.52
15.27
15.52
8.93
442,600
Mar 13, 2025
0.145 Dividend 

Mar 13, 2025
15.53
15.53
15.06
15.18
8.73
302,400
Mar 12, 2025
15.65
15.69
15.40
15.68
8.94
304,300
Mar 11, 2025
15.15
15.49
15.07
15.30
8.72
523,700
Mar 10, 2025
15.65
15.69
15.05
15.25
8.69
1,028,400
Mar 7, 2025
15.89
16.05
15.58
15.97
9.10
634,300
Mar 6, 2025
0.151 Dividend 

Mar 6, 2025
16.07
16.26
15.82
15.90
9.06
424,100
Mar 5, 2025
16.28
16.51
16.11
16.50
9.32
366,900
Mar 4, 2025
16.06
16.50
15.86
16.21
9.15
649,100
Mar 3, 2025
16.90
16.90
16.16
16.32
9.22
670,000
Feb 28, 2025
16.37
16.78
16.24
16.78
9.48
716,600
Feb 27, 2025
0.176 Dividend 

Feb 27, 2025
17.03
17.11
16.44
16.48
9.31
744,000
Feb 26, 2025
17.14
17.32
16.99
17.08
9.55
423,900
Feb 25, 2025
17.40
17.44
16.90
17.08
9.55
1,122,500
Feb 24, 2025
17.80
17.86
17.44
17.47
9.76
910,200
Feb 21, 2025
18.09
18.12
17.67
17.71
9.90
826,200
Feb 20, 2025
0.137 Dividend 

Feb 20, 2025
18.10
18.13
17.92
18.10
10.12
459,000
Feb 19, 2025
18.18
18.25
18.11
18.25
10.12
502,300
Feb 18, 2025
18.33
18.34
18.06
18.21
10.10
885,600
Feb 14, 2025
18.18
18.27
18.17
18.26
10.13
700,900
Feb 13, 2025
0.051 Dividend 

Feb 13, 2025
18.05
18.20
18.00
18.19
10.09
629,600
Feb 12, 2025
17.91
18.08
17.85
18.04
9.98
850,500
Feb 11, 2025
18.07
18.12
17.95
18.01
9.96
771,600
Feb 10, 2025
18.13
18.21
18.07
18.07
10.00
893,600
Feb 7, 2025
18.24
18.34
18.00
18.07
10.00
1,066,500
Feb 6, 2025
0.186 Dividend 

Feb 6, 2025
18.21
18.29
18.14
18.29
10.12
635,400
Feb 5, 2025
18.37
18.40
18.24
18.40
10.08
1,057,900
Feb 4, 2025
18.37
18.55
18.29
18.55
10.16
553,400
Feb 3, 2025
18.18
18.34
18.03
18.29
10.02
1,047,100
Jan 31, 2025
18.65
18.81
18.46
18.57
10.17
720,300
Jan 30, 2025
0.19 Dividend 

Jan 30, 2025
18.64
18.64
18.25
18.55
10.16
1,083,200
Jan 29, 2025
18.77
18.79
18.51
18.72
10.15
721,400
Jan 28, 2025
18.48
18.83
18.35
18.82
10.20
976,100
Jan 27, 2025
18.27
18.53
18.18
18.39
9.97
1,254,400
Jan 24, 2025
19.00
19.07
18.83
18.93
10.26
848,900
Jan 23, 2025
0.1 Dividend 

Jan 23, 2025
18.94
18.97
18.85
18.94
10.27
585,200
Jan 22, 2025
18.94
19.09
18.90
19.06
10.28
622,000
Jan 21, 2025
18.99
18.99
18.64
18.90
10.19
1,081,300
Jan 17, 2025
18.80
18.91
18.74
18.79
10.13
724,700
Jan 16, 2025
0.05 Dividend 

Jan 16, 2025
18.85
18.85
18.55
18.59
10.02
527,000
Jan 15, 2025
18.67
18.90
18.59
18.85
10.14
873,000
Jan 14, 2025
18.70
18.70
18.29
18.44
9.92
819,000
Jan 13, 2025
18.36
18.60
18.25
18.60
10.00
1,060,400
Jan 10, 2025
18.79
18.80
18.42
18.71
10.06
1,155,500
Jan 8, 2025
0.158 Dividend 

Jan 8, 2025
18.93
18.99
18.71
18.84
10.13
1,197,200
Jan 7, 2025
19.48
19.51
18.96
19.09
10.18
1,625,700
Jan 6, 2025
19.40
19.50
19.31
19.45
10.37
1,325,500
Jan 3, 2025
0.31 Dividend 

Jan 3, 2025
19.00
19.20
18.93
19.20
10.24
938,100
Jan 2, 2025
19.33
19.35
18.95
19.18
10.06
1,747,500
Dec 31, 2024
19.58
19.58
19.19
19.25
10.10
794,900
Dec 30, 2024
19.43
19.58
19.33
19.51
10.24
1,049,300
Dec 27, 2024
0.174 Dividend 

Dec 27, 2024
19.92
19.92
19.45
19.72
10.35
781,200
Dec 26, 2024
20.21
20.21
20.05
20.18
10.50
572,900
Dec 24, 2024
20.00
20.21
19.93
20.21
10.51
400,000
Dec 23, 2024
19.80
19.89
19.56
19.88
10.34
937,500
Dec 20, 2024
19.34
19.91
19.26
19.63
10.21
835,600
Dec 19, 2024
0.059 Dividend 

Dec 19, 2024
19.87
19.87
19.58
19.60
10.20
719,400
Dec 18, 2024
20.34
20.41
19.51
19.62
10.18
1,304,800
Dec 17, 2024
20.31
20.35
20.14
20.35
10.55
729,400
Dec 16, 2024
20.16
20.33
20.08
20.31
10.53
879,200
Dec 13, 2024
20.08
20.12
19.90
20.00
10.37
1,419,600
Dec 12, 2024
0.168 Dividend 

Dec 12, 2024
20.14
20.16
20.02
20.10
10.42
774,800
Dec 11, 2024
20.09
20.30
20.04
20.30
10.44
1,042,200
Dec 10, 2024
19.97
20.11
19.84
19.91
10.24
760,400
Dec 9, 2024
19.90
19.92
19.73
19.90
10.23
1,167,500
Dec 6, 2024
19.76
19.92
19.71
19.92
10.25
784,300
Dec 5, 2024
0.277 Dividend 

Dec 5, 2024
19.72
19.75
19.66
19.74
10.15
766,200
Dec 4, 2024
19.87
19.93
19.81
19.92
10.10
1,062,000
Dec 3, 2024
19.63
19.77
19.57
19.77
10.03
497,000
Dec 2, 2024
19.44
19.64
19.39
19.63
9.96
796,500
Nov 29, 2024
0.203 Dividend 

Nov 29, 2024
19.28
19.37
19.13
19.37
9.82
358,700
Nov 27, 2024
19.50
19.50
19.24
19.39
9.73
548,900
Nov 26, 2024
19.32
19.47
19.32
19.47
9.77
413,400
Nov 25, 2024
19.40
19.49
19.26
19.29
9.68
544,100
Nov 22, 2024
19.27
19.36
19.25
19.28
9.68
781,900
Nov 21, 2024
0.061 Dividend 

Nov 21, 2024
19.53
19.58
19.11
19.33
9.70
793,400
Nov 20, 2024
19.70
19.70
19.32
19.52
9.77
735,700
Nov 19, 2024
19.34
19.63
19.27
19.63
9.82
671,800
Nov 18, 2024
19.37
19.47
19.24
19.36
9.69
757,800
Nov 15, 2024
19.40
19.40
19.09
19.20
9.61
783,500
Nov 14, 2024
0.21 Dividend 

Nov 14, 2024
19.68
19.74
19.46
19.54
9.78
554,500
Nov 13, 2024
19.92
19.99
19.77
19.94
9.87
886,000
Nov 12, 2024
19.91
19.96
19.76
19.87
9.84
601,200
Nov 11, 2024
19.95
19.95
19.71
19.90
9.85
955,600
Nov 8, 2024
19.64
19.80
19.61
19.73
9.77
686,900
Nov 7, 2024
0.207 Dividend 

Nov 7, 2024
19.38
19.65
19.37
19.63
9.72
549,800
Nov 6, 2024
19.30
19.53
19.27
19.48
9.54
1,195,400
Nov 5, 2024
18.77
19.00
18.77
18.96
9.29
375,300
Nov 4, 2024
18.74
18.81
18.58
18.69
9.15
431,200
Nov 1, 2024
18.78
18.92
18.75
18.79
9.20
396,500
Oct 31, 2024
0.153 Dividend 

Oct 31, 2024
18.94
18.99
18.59
18.59
9.10
592,800
Oct 30, 2024
19.42
19.47
19.25
19.29
9.37
478,600
Oct 29, 2024
19.21
19.32
19.12
19.30
9.38
275,900
Oct 28, 2024
19.30
19.30
19.14
19.14
9.30
442,800
Oct 25, 2024
18.99
19.25
18.99
19.14
9.30
596,800
Oct 24, 2024
0.055 Dividend 

Oct 24, 2024
18.79
19.02
18.79
19.02
9.24
626,400
Oct 23, 2024
18.88
18.90
18.51
18.63
9.03
964,200
Oct 22, 2024
18.82
18.96
18.76
18.93
9.17
524,700
Oct 21, 2024
18.76
18.87
18.70
18.87
9.14
552,500
Oct 18, 2024
18.78
18.82
18.73
18.76
9.09
472,100
Oct 17, 2024
0.226 Dividend 

Oct 17, 2024
18.80
18.80
18.62
18.67
9.04
528,200
Oct 16, 2024
18.86
18.89
18.71
18.87
9.03
761,800
Oct 15, 2024
19.00
19.03
18.73
18.86
9.03
594,800
Oct 14, 2024
18.94
18.99
18.87
18.94
9.07
515,400
Oct 11, 2024
18.80
18.86
18.69
18.80
9.00
532,000
Oct 10, 2024
0.282 Dividend 

Oct 10, 2024
18.95
18.99
18.79
18.93
9.06
452,600
Oct 9, 2024
19.23
19.24
19.09
19.21
9.06
791,400
Oct 8, 2024
19.08
19.20
19.00
19.20
9.05
556,000
Oct 7, 2024
19.14
19.16
18.87
18.92
8.92
307,700
Oct 4, 2024
19.15
19.16
18.98
19.16
9.04
239,500
Oct 3, 2024
0.164 Dividend 

Oct 3, 2024
18.94
19.05
18.87
18.97
8.95
211,800
Oct 2, 2024
19.12
19.24
18.95
19.14
8.95
437,200
Oct 1, 2024
19.51
19.51
19.05
19.25
9.00
594,900
Sep 30, 2024
19.32
19.45
19.23
19.45
9.09
279,700
Sep 27, 2024
19.44
19.44
19.27
19.35
9.05
270,200
Sep 26, 2024
0.17 Dividend 

Sep 26, 2024
19.50
19.55
19.27
19.38
9.06
287,600
Sep 25, 2024
19.50
19.57
19.42
19.54
9.06
318,100
Sep 24, 2024
19.45
19.48
19.20
19.48
9.03
275,400
Sep 23, 2024
19.27
19.40
19.26
19.36
8.97
351,900
Sep 20, 2024
19.22
19.30
19.10
19.24
8.92
205,400
Sep 19, 2024
0.198 Dividend 

Sep 19, 2024
19.31
19.31
19.20
19.30
8.95
621,200
Sep 18, 2024
19.15
19.30
19.09
19.18
8.80
644,300
Sep 17, 2024
19.12
19.22
19.05
19.10
8.76
196,100
Sep 16, 2024
19.06
19.06
18.87
19.05
8.74
202,700
Sep 13, 2024
19.07
19.12
19.00
19.08
8.75
284,800
Sep 12, 2024
18.90
19.03
18.82
19.02
8.72
195,600
Sep 11, 2024
18.63
18.85
18.35
18.84
8.64
111,100
Sep 10, 2024
18.48
18.60
18.36
18.57
8.52
170,100
Sep 9, 2024
18.40
18.46
18.18
18.38
8.43
188,900
Sep 6, 2024
18.82
18.82
18.12
18.16
8.33
176,500
Sep 5, 2024
18.65
18.90
18.62
18.75
8.60
53,500
Sep 4, 2024
18.50
18.73
18.43
18.61
8.54
157,000
Sep 3, 2024
19.01
19.02
18.52
18.62
8.54
390,400
Aug 30, 2024
19.00
19.12
18.90
19.12
8.77
185,000
Aug 29, 2024
18.89
19.15
18.81
18.88
8.66
89,400
Aug 28, 2024
19.05
19.05
18.70
18.85
8.65
101,300
Aug 27, 2024
19.07
19.07
18.88
19.02
8.72
90,000
Aug 26, 2024
19.15
19.18
18.88
19.05
8.74
137,000
Aug 23, 2024
19.10
19.26
18.96
19.16
8.79
128,900
Aug 22, 2024
19.28
19.34
18.91
18.91
8.67
154,600
Aug 21, 2024
19.21
19.29
19.13
19.28
8.84
98,600
Aug 20, 2024
19.18
19.24
19.09
19.18
8.80
249,000
Aug 19, 2024
19.03
19.15
18.94
19.15
8.78
321,200
Aug 16, 2024
18.87
19.00
18.85
18.96
8.70
189,000
Aug 15, 2024
0.576 Dividend 

Aug 15, 2024
18.84
18.94
18.81
18.87
8.66
279,400
Aug 14, 2024
19.41
19.41
19.21
19.34
8.61
257,100
Aug 13, 2024
19.17
19.39
19.15
19.39
8.63
314,700
Aug 12, 2024
19.08
19.10
18.92
19.05
8.48
221,600
Aug 9, 2024
18.83
18.97
18.73
18.96
8.44
173,500
Aug 8, 2024
18.63
18.88
18.33
18.78
8.36
152,600
Aug 7, 2024
18.86
18.94
18.30
18.36
8.17
125,000
Aug 6, 2024
18.45
18.77
18.10
18.58
8.27
263,100
Aug 5, 2024
17.16
18.68
17.15
18.19
8.10
417,000
Aug 2, 2024
18.92
19.19
18.65
18.98
8.45
290,200
Aug 1, 2024
19.90
20.15
19.27
19.46
8.66
181,700
Jul 31, 2024
19.52
19.72
19.41
19.69
8.76
103,900
Jul 30, 2024
19.38
19.44
18.91
19.11
8.50
254,800
Jul 29, 2024
19.35
19.53
19.30
19.35
8.61
102,600
Jul 26, 2024
19.25
19.34
19.05
19.24
8.56
122,600
Jul 25, 2024
19.25
19.53
18.72
19.03
8.47
271,600
Jul 24, 2024
19.81
19.81
19.19
19.26
8.57
432,600
Jul 23, 2024
20.26
20.38
20.17
20.19
8.99
220,300
Jul 22, 2024
20.03
20.27
20.03
20.20
8.99
304,300
Jul 19, 2024
19.99
20.06
19.77
19.80
8.81
358,700
Jul 18, 2024
20.29
20.29
19.84
20.02
8.91
281,300
Jul 17, 2024
0.637 Dividend 

Jul 17, 2024
20.38
20.40
19.95
20.05
8.92
863,000
Jul 16, 2024
21.48
21.50
21.15
21.31
9.20
386,700
Jul 15, 2024
21.46
21.61
21.28
21.38
9.23
422,300
Jul 12, 2024
21.19
21.52
21.11
21.33
9.21
544,200
Jul 11, 2024
21.88
21.90
21.17
21.24
9.17
565,400
Jul 10, 2024
21.76
21.90
21.70
21.87
9.44
335,700
Jul 9, 2024
21.73
21.91
21.66
21.69
9.36
533,400
Jul 8, 2024
21.70
21.70
21.57
21.64
9.34
410,400
Jul 5, 2024
21.58
21.65
21.47
21.63
9.34
501,700
Jul 3, 2024
21.23
21.45
21.19
21.45
9.26
166,800
Jul 2, 2024
21.01
21.23
20.97
21.23
9.17
270,100
Jul 1, 2024
20.89
21.10
20.71
21.08
9.10
579,600
Jun 28, 2024
20.99
21.06
20.74
20.77
8.97
168,700
Jun 27, 2024
20.88
20.94
20.82
20.93
9.04
139,900
Jun 26, 2024
20.78
20.90
20.69
20.89
9.02
189,200
Jun 25, 2024
20.49
20.75
20.46
20.75
8.96
218,900
Jun 24, 2024
20.53
20.65
20.39
20.39
8.80
165,300
Jun 21, 2024
20.57
20.68
20.46
20.51
8.86
83,800
Jun 20, 2024
20.70
20.72
20.46
20.56
8.88
158,600
Jun 18, 2024
20.68
20.68
20.52
20.62
8.90
164,600
Jun 17, 2024
20.42
20.72
20.40
20.68
8.93
191,800
Jun 14, 2024
0.677 Dividend 

Jun 14, 2024
20.51
20.51
20.34
20.49
8.85
199,100
Jun 13, 2024
21.20
21.25
21.04
21.08
8.81
227,700
Jun 12, 2024
21.00
21.11
20.95
21.03
8.79
214,600
Jun 11, 2024
20.75
20.86
20.65
20.86
8.72
181,100
Jun 10, 2024
20.81
20.81
20.60
20.72
8.66
286,800
Jun 7, 2024
20.64
20.80
20.55
20.63
8.62
142,700
Jun 6, 2024
20.65
20.66
20.53
20.66
8.63
87,700
Jun 5, 2024
20.49
20.60
20.41
20.60
8.61
103,500
Jun 4, 2024
20.33
20.40
20.22
20.33
8.50
65,400
Jun 3, 2024
20.20
20.37
20.13
20.31
8.49
69,500
May 31, 2024
20.29
20.44
19.72
20.16
8.42
133,900
May 30, 2024
20.36
20.45
20.14
20.21
8.45
118,000
May 29, 2024
20.34
20.46
20.34
20.41
8.53
58,500
May 28, 2024
20.39
20.46
20.30
20.34
8.50
99,900
May 24, 2024
20.13
20.36
20.08
20.36
8.51
68,000
May 23, 2024
20.23
20.29
19.96
19.99
8.35
71,500
May 22, 2024
20.11
20.19
20.01
20.15
8.42
54,400
May 21, 2024
20.00
20.17
19.95
20.17
8.43
89,500
May 20, 2024
20.00
20.07
19.95
20.03
8.37
139,400
May 17, 2024
19.94
20.00
19.85
20.00
8.36
95,600
May 16, 2024
19.97
19.98
19.85
19.94
8.33
58,400
May 15, 2024
0.637 Dividend 

May 15, 2024
19.92
19.97
19.79
19.92
8.32
146,300
May 14, 2024
20.31
20.47
20.25
20.46
8.28
144,700
May 13, 2024
20.26
20.30
20.15
20.29
8.21
153,800
May 10, 2024
20.31
20.31
20.12
20.22
8.19
131,400
May 9, 2024
20.30
20.31
20.18
20.25
8.20
95,500
May 8, 2024
20.15
20.28
20.11
20.28
8.21
62,900
May 7, 2024
20.38
20.38
20.26
20.30
8.22
227,000
May 6, 2024
20.25
20.37
20.18
20.37
8.25
195,400
May 3, 2024
20.05
20.18
19.99
20.18
8.17
239,400
May 2, 2024
19.71
19.83
19.50
19.82
8.02
91,400
May 1, 2024
19.52
19.85
19.37
19.54
7.91
50,400
Apr 30, 2024
19.78
19.79
19.46
19.48
7.89
58,500
Apr 29, 2024
19.87
19.87
19.65
19.78
8.01
112,700
Apr 26, 2024
19.52
19.65
19.44
19.60
7.94
43,400
Apr 25, 2024
18.74
19.28
18.56
19.19
7.77
54,400
Apr 24, 2024
19.61
19.72
19.36
19.50
7.89
67,500
Apr 23, 2024
19.02
19.26
19.00
19.26
7.80
51,000
Apr 22, 2024
18.81
19.03
18.68
18.94
7.67
93,200
Apr 19, 2024
19.33
19.33
18.68
18.78
7.60
129,500
Apr 18, 2024
19.45
19.55
19.29
19.34
7.83
85,400
Apr 17, 2024
0.623 Dividend 

Apr 17, 2024
19.80
19.80
19.30
19.46
7.88
141,100
Apr 16, 2024
20.37
20.40
20.16
20.27
7.95
137,500
Apr 15, 2024
20.76
20.80
20.33
20.36
7.99
111,000
Apr 12, 2024
20.96
20.96
20.66
20.68
8.12
104,800
Apr 11, 2024
20.63
20.95
20.58
20.95
8.22
132,700
Apr 10, 2024
20.67
20.67
20.40
20.63
8.10
128,700
Apr 9, 2024
20.60
20.69
20.45
20.64
8.10
108,400
Apr 8, 2024
20.47
20.67
20.47
20.61
8.09
129,400
Apr 5, 2024
20.36
20.54
20.31
20.47
8.03
62,400
Apr 4, 2024
20.48
20.70
20.33
20.33
7.98
95,900
Apr 3, 2024
20.40
20.52
20.27
20.42
8.01
56,900
Apr 2, 2024
20.27
20.38
20.17
20.38
8.00
37,800
Apr 1, 2024
20.55
20.61
20.40
20.54
8.06
38,300
Mar 28, 2024
20.54
20.54
20.36
20.46
8.03
36,800
Mar 27, 2024
20.62
20.62
20.35
20.49
8.04
37,300
Mar 26, 2024
20.65
20.71
20.47
20.47
8.03
69,800
Mar 25, 2024
20.55
20.62
20.45
20.55
8.07
124,700
Mar 22, 2024
20.37
20.59
20.35
20.59
8.08
35,700
Mar 21, 2024
20.50
20.51
20.38
20.42
8.01
136,800
Mar 20, 2024
20.29
20.40
20.19
20.40
8.01
74,300
Mar 19, 2024
20.05
20.24
19.94
20.24
7.94
133,900
Mar 18, 2024
20.20
20.20
20.03
20.11
7.89
101,300
Mar 15, 2024
19.77
19.93
19.75
19.86
7.79
60,500
Mar 14, 2024
0.592 Dividend 

Mar 14, 2024
20.10
20.11
19.83
19.94
7.83
181,200
Mar 13, 2024
20.80
20.82
20.54
20.66
7.88
326,100
Mar 12, 2024
20.49
20.77
20.34
20.77
7.92
150,800
Mar 11, 2024
20.43
20.46
20.25
20.32
7.75
176,300
Mar 8, 2024
20.81
20.88
20.35
20.44
7.79
98,300
Mar 7, 2024
20.45
20.76
20.40
20.65
7.87
100,900
Mar 6, 2024
20.50
20.50
20.27
20.37
7.76
45,700
Mar 5, 2024
20.58
20.58
20.28
20.41
7.78
59,600
Mar 4, 2024
21.00
21.00
20.70
20.74
7.91
62,800
Mar 1, 2024
20.84
21.00
20.74
21.00
8.00
83,300
Feb 29, 2024
20.69
20.80
20.55
20.80
7.93
75,400
Feb 28, 2024
20.57
20.61
20.47
20.56
7.84
34,600
Feb 27, 2024
20.60
20.65
20.50
20.64
7.87
38,600
Feb 26, 2024
20.67
20.67
20.49
20.51
7.82
70,700
Feb 23, 2024
20.77
20.80
20.57
20.62
7.86
74,000
Feb 22, 2024
20.24
20.65
20.24
20.62
7.86
145,600
Feb 21, 2024
19.78
19.83
19.66
19.79
7.54
52,400
Feb 20, 2024
20.03
20.03
19.62
19.80
7.55
96,800
Feb 16, 2024
20.11
20.13
19.93
20.01
7.63
106,500
Feb 15, 2024
0.431 Dividend 

Feb 15, 2024
20.02
20.09
19.90
20.09
7.66
126,100
Feb 14, 2024
20.35
20.49
20.25
20.46
7.63
153,200
Feb 13, 2024
20.14
20.39
20.06
20.23
7.55
201,600
Feb 12, 2024
20.77
20.77
20.44
20.52
7.66
310,000
Feb 9, 2024
20.59
20.64
20.53
20.62
7.69
163,500
Feb 8, 2024
20.49
20.51
20.38
20.49
7.65
60,700
Feb 7, 2024
20.28
20.47
20.28
20.47
7.64
78,500
Feb 6, 2024
20.16
20.28
20.05
20.20
7.54
73,200
Feb 5, 2024
20.34
20.34
19.95
20.19
7.53
168,900
Feb 2, 2024
20.18
20.32
19.99
20.30
7.58
117,700
Feb 1, 2024
19.68
19.76
19.60
19.75
7.37
92,300
Jan 31, 2024
19.69
19.69
19.45
19.49
7.27
59,200
Jan 30, 2024
20.10
20.10
19.89
19.89
7.42
58,100
