Date
Open
High
Low
Close 

Adj Close 

Volume

May 22, 2026
8.41
8.52
8.41
8.44
8.44
1,287,500
May 21, 2026
8.41
8.49
8.33
8.44
8.44
1,759,900
May 20, 2026
0.091 Dividend 

May 20, 2026
8.25
8.42
8.25
8.38
8.38
1,606,500
May 19, 2026
8.27
8.36
8.21
8.29
8.20
2,047,100
May 18, 2026
8.44
8.46
8.30
8.38
8.29
2,174,900
May 15, 2026
8.51
8.54
8.41
8.45
8.36
1,612,000
May 14, 2026
8.51
8.66
8.49
8.62
8.53
1,865,800
May 13, 2026
0.093 Dividend 

May 13, 2026
8.55
8.57
8.38
8.51
8.42
1,116,300
May 12, 2026
8.68
8.68
8.46
8.63
8.44
2,057,100
May 11, 2026
8.72
8.81
8.68
8.72
8.53
1,359,300
May 8, 2026
8.64
8.72
8.58
8.72
8.53
1,608,300
May 7, 2026
8.61
8.63
8.49
8.54
8.36
1,911,800
May 6, 2026
0.082 Dividend 

May 6, 2026
8.53
8.65
8.52
8.64
8.45
1,481,900
May 5, 2026
8.50
8.52
8.44
8.49
8.23
1,054,000
May 4, 2026
8.45
8.52
8.41
8.45
8.19
1,517,200
May 1, 2026
8.43
8.51
8.43
8.45
8.19
1,355,300
Apr 30, 2026
8.28
8.42
8.24
8.41
8.15
1,503,900
Apr 29, 2026
0.1 Dividend 

Apr 29, 2026
8.31
8.31
8.17
8.27
8.01
1,509,400
Apr 28, 2026
8.49
8.49
8.34
8.42
8.06
1,149,100
Apr 27, 2026
8.57
8.59
8.51
8.57
8.20
920,600
Apr 24, 2026
8.48
8.61
8.48
8.57
8.20
1,012,600
Apr 23, 2026
8.51
8.53
8.31
8.41
8.05
1,379,200
Apr 22, 2026
0.1 Dividend 

Apr 22, 2026
8.44
8.56
8.43
8.56
8.20
699,300
Apr 21, 2026
8.64
8.64
8.42
8.48
8.02
1,278,800
Apr 20, 2026
8.44
8.61
8.40
8.58
8.12
1,556,300
Apr 17, 2026
8.41
8.63
8.41
8.51
8.05
1,514,700
Apr 16, 2026
8.30
8.43
8.19
8.41
7.96
1,846,600
Apr 15, 2026
0.092 Dividend 

Apr 15, 2026
8.10
8.28
8.07
8.27
7.82
989,500
Apr 14, 2026
8.00
8.18
7.99
8.15
7.62
1,243,000
Apr 13, 2026
7.65
7.94
7.65
7.92
7.41
1,407,000
Apr 10, 2026
7.77
7.79
7.66
7.71
7.21
758,600
Apr 9, 2026
7.80
7.81
7.64
7.74
7.24
1,476,400
Apr 8, 2026
0.09 Dividend 

Apr 8, 2026
7.96
7.97
7.76
7.80
7.30
819,700
Apr 7, 2026
7.73
7.79
7.63
7.79
7.20
1,735,400
Apr 6, 2026
7.77
7.84
7.73
7.78
7.19
1,229,800
Apr 2, 2026
7.61
7.74
7.50
7.72
7.14
1,115,300
Apr 1, 2026
0.088 Dividend 

Apr 1, 2026
7.83
7.83
7.69
7.71
7.13
1,157,900
Mar 31, 2026
7.57
7.84
7.57
7.83
7.16
2,007,500
Mar 30, 2026
7.60
7.70
7.47
7.51
6.87
2,419,000
Mar 27, 2026
7.80
7.83
7.57
7.57
6.92
2,547,900
Mar 26, 2026
7.85
8.04
7.85
7.86
7.19
2,203,300
Mar 25, 2026
0.034 Dividend 

Mar 25, 2026
7.90
8.11
7.90
8.00
7.31
1,936,400
Mar 24, 2026
8.19
8.19
7.89
7.94
7.23
2,791,500
Mar 23, 2026
8.06
8.25
8.06
8.19
7.46
2,346,200
Mar 20, 2026
8.25
8.25
7.96
8.05
7.33
3,184,000
Mar 19, 2026
8.22
8.34
8.13
8.30
7.56
2,130,200
Mar 18, 2026
0.082 Dividend 

Mar 18, 2026
8.50
8.51
8.26
8.26
7.52
2,086,400
Mar 17, 2026
8.50
8.66
8.49
8.60
7.75
1,292,000
Mar 16, 2026
8.35
8.54
8.33
8.49
7.65
1,634,700
Mar 13, 2026
8.40
8.48
8.31
8.32
7.50
1,760,200
Mar 12, 2026
8.44
8.47
8.36
8.38
7.56
1,472,400
Mar 11, 2026
0.083 Dividend 

Mar 11, 2026
8.45
8.60
8.45
8.51
7.67
1,403,500
Mar 10, 2026
8.58
8.70
8.54
8.60
7.68
1,711,500
Mar 9, 2026
8.27
8.61
8.24
8.60
7.68
3,102,200
Mar 6, 2026
8.42
8.47
8.36
8.40
7.50
1,922,500
Mar 5, 2026
8.60
8.70
8.46
8.56
7.64
1,947,100
Mar 4, 2026
0.081 Dividend 

Mar 4, 2026
8.49
8.68
8.49
8.65
7.72
1,909,900
Mar 3, 2026
8.52
8.61
8.33
8.53
7.54
1,952,100
Mar 2, 2026
8.44
8.69
8.39
8.65
7.65
2,102,800
Feb 27, 2026
8.58
8.66
8.53
8.62
7.62
1,671,600
Feb 26, 2026
8.65
8.73
8.52
8.63
7.63
3,575,600
Feb 25, 2026
0.072 Dividend 

Feb 25, 2026
8.47
8.68
8.47
8.66
7.66
1,778,200
Feb 24, 2026
8.35
8.53
8.28
8.51
7.46
2,937,200
Feb 23, 2026
8.46
8.47
8.32
8.37
7.34
2,630,300
Feb 20, 2026
8.46
8.55
8.44
8.48
7.44
2,451,700
Feb 19, 2026
8.39
8.50
8.38
8.48
7.44
2,491,200
Feb 18, 2026
0.078 Dividend 

Feb 18, 2026
8.36
8.52
8.36
8.44
7.40
2,004,800
Feb 17, 2026
8.39
8.49
8.31
8.47
7.36
2,823,100
Feb 13, 2026
8.34
8.51
8.34
8.46
7.35
2,403,000
Feb 12, 2026
8.66
8.66
8.32
8.37
7.27
3,114,700
Feb 11, 2026
0.074 Dividend 

Feb 11, 2026
8.70
8.73
8.54
8.66
7.52
3,059,300
Feb 10, 2026
8.82
8.94
8.80
8.80
7.58
2,228,900
Feb 9, 2026
8.65
8.88
8.65
8.79
7.57
2,193,400
Feb 6, 2026
8.57
8.81
8.52
8.76
7.55
2,248,500
Feb 5, 2026
8.64
8.74
8.41
8.43
7.26
3,372,200
Feb 4, 2026
0.082 Dividend 

Feb 4, 2026
8.81
8.95
8.67
8.84
7.62
3,563,000
Feb 3, 2026
9.23
9.26
8.91
9.05
7.73
3,622,900
Feb 2, 2026
9.19
9.38
9.18
9.23
7.88
2,661,300
Jan 30, 2026
9.47
9.53
9.31
9.34
7.97
3,089,400
Jan 29, 2026
9.67
9.72
9.46
9.57
8.17
3,369,600
Jan 28, 2026
0.083 Dividend 

Jan 28, 2026
9.78
9.83
9.68
9.70
8.28
1,809,700
Jan 27, 2026
9.84
9.88
9.82
9.84
8.33
1,415,600
Jan 26, 2026
9.82
9.91
9.80
9.85
8.34
1,805,300
Jan 23, 2026
9.82
9.94
9.82
9.87
8.36
1,831,800
Jan 22, 2026
9.85
9.92
9.84
9.87
8.36
2,426,800
Jan 21, 2026
0.082 Dividend 

Jan 21, 2026
9.71
9.87
9.67
9.82
8.31
3,603,800
Jan 20, 2026
9.85
9.93
9.78
9.79
8.22
3,358,700
Jan 16, 2026
10.07
10.10
10.00
10.06
8.45
1,832,600
Jan 15, 2026
10.12
10.15
10.02
10.06
8.45
1,621,100
Jan 14, 2026
0.082 Dividend 

Jan 14, 2026
10.13
10.16
10.04
10.12
8.50
1,714,300
Jan 13, 2026
10.16
10.25
10.10
10.25
8.54
1,781,800
Jan 12, 2026
10.08
10.17
10.05
10.12
8.43
1,614,100
Jan 9, 2026
10.09
10.13
10.00
10.12
8.43
1,596,100
Jan 8, 2026
10.12
10.15
10.04
10.09
8.40
1,291,300
Jan 7, 2026
0.088 Dividend 

Jan 7, 2026
10.18
10.18
10.09
10.13
8.44
1,030,900
Jan 6, 2026
10.25
10.28
10.20
10.27
8.48
1,341,600
Jan 5, 2026
10.14
10.29
10.14
10.25
8.46
2,061,200
Jan 2, 2026
10.05
10.09
9.99
10.06
8.31
2,457,200
Dec 31, 2025
0.106 Dividend 

Dec 31, 2025
10.08
10.09
9.98
9.98
8.24
2,452,200
Dec 30, 2025
10.21
10.28
10.19
10.19
8.33
3,049,800
Dec 29, 2025
10.18
10.27
10.16
10.21
8.34
2,023,600
Dec 26, 2025
10.26
10.30
10.21
10.27
8.39
2,288,500
Dec 24, 2025
0.094 Dividend 

Dec 24, 2025
10.27
10.31
10.23
10.27
8.39
1,161,300
Dec 23, 2025
10.40
10.41
10.31
10.38
8.40
1,374,100
Dec 22, 2025
10.44
10.51
10.42
10.42
8.44
2,060,500
Dec 19, 2025
10.28
10.42
10.28
10.38
8.40
2,997,900
Dec 18, 2025
10.31
10.39
10.23
10.24
8.29
3,418,400
Dec 17, 2025
0.124 Dividend 

Dec 17, 2025
10.41
10.46
10.19
10.20
8.26
4,778,000
Dec 16, 2025
10.37
10.51
10.36
10.48
8.38
3,832,800
Dec 15, 2025
10.54
10.57
10.38
10.39
8.31
2,570,400
Dec 12, 2025
10.68
10.75
10.49
10.54
8.43
2,590,300
Dec 11, 2025
10.64
10.69
10.55
10.69
8.55
1,788,200
Dec 10, 2025
0.114 Dividend 

Dec 10, 2025
10.68
10.76
10.62
10.71
8.57
2,477,200
Dec 9, 2025
10.70
10.86
10.68
10.81
8.56
1,978,100
Dec 8, 2025
10.70
10.75
10.67
10.74
8.50
1,895,400
Dec 5, 2025
10.68
10.77
10.66
10.70
8.47
1,610,700
Dec 4, 2025
10.65
10.74
10.62
10.72
8.49
1,570,000
Dec 3, 2025
0.096 Dividend 

Dec 3, 2025
10.57
10.69
10.52
10.66
8.44
1,916,800
Dec 2, 2025
10.60
10.73
10.60
10.64
8.35
3,087,000
Dec 1, 2025
10.50
10.64
10.47
10.60
8.32
2,164,000
Nov 28, 2025
10.57
10.72
10.57
10.69
8.39
1,136,400
Nov 26, 2025
0.101 Dividend 

Nov 26, 2025
10.45
10.60
10.45
10.56
8.28
3,062,800
Nov 25, 2025
10.41
10.55
10.33
10.52
8.17
1,546,900
Nov 24, 2025
10.29
10.49
10.27
10.45
8.12
1,770,400
Nov 21, 2025
10.13
10.33
10.01
10.22
7.94
3,693,400
Nov 20, 2025
10.67
10.70
10.14
10.14
7.88
3,683,100
Nov 19, 2025
0.13 Dividend 

Nov 19, 2025
10.54
10.63
10.36
10.48
8.14
2,461,500
Nov 18, 2025
10.58
10.77
10.55
10.68
8.20
3,148,900
Nov 17, 2025
10.77
10.90
10.60
10.70
8.21
4,138,100
Nov 14, 2025
10.67
10.99
10.65
10.86
8.34
3,480,200
Nov 13, 2025
11.21
11.24
10.87
10.91
8.37
3,466,200
Nov 12, 2025
0.151 Dividend 

Nov 12, 2025
11.33
11.37
11.22
11.27
8.65
2,051,400
Nov 11, 2025
11.50
11.53
11.43
11.47
8.69
1,388,700
Nov 10, 2025
11.50
11.56
11.44
11.52
8.73
1,973,400
Nov 7, 2025
11.03
11.36
11.03
11.35
8.60
3,778,200
Nov 6, 2025
11.65
11.65
11.27
11.28
8.54
3,591,400
Nov 5, 2025
0.174 Dividend 

Nov 5, 2025
11.58
11.66
11.52
11.58
8.77
1,944,000
Nov 4, 2025
11.95
11.95
11.68
11.69
8.72
3,326,700
Nov 3, 2025
12.18
12.19
12.00
12.06
9.00
2,239,300
Oct 31, 2025
12.16
12.22
12.05
12.14
9.06
2,158,700
Oct 30, 2025
12.12
12.14
11.95
11.95
8.92
2,517,300
Oct 29, 2025
0.194 Dividend 

Oct 29, 2025
12.35
12.37
12.18
12.27
9.16
2,010,100
Oct 28, 2025
12.58
12.64
12.52
12.54
9.21
1,818,500
Oct 27, 2025
12.51
12.58
12.51
12.54
9.21
1,788,900
Oct 24, 2025
12.38
12.45
12.36
12.39
9.10
1,778,700
Oct 23, 2025
12.14
12.29
12.11
12.27
9.01
1,998,200
Oct 22, 2025
0.157 Dividend 

Oct 22, 2025
12.38
12.38
11.95
12.14
8.92
3,220,300
Oct 21, 2025
12.59
12.60
12.49
12.55
9.10
1,345,400
Oct 20, 2025
12.50
12.65
12.49
12.60
9.14
1,648,200
Oct 17, 2025
12.33
12.41
12.23
12.34
8.95
2,466,700
Oct 16, 2025
12.64
12.66
12.34
12.40
8.99
2,009,900
Oct 15, 2025
0.174 Dividend 

Oct 15, 2025
12.55
12.68
12.44
12.60
9.14
1,653,100
Oct 14, 2025
12.52
12.74
12.37
12.63
9.04
1,927,400
Oct 13, 2025
12.64
12.70
12.55
12.70
9.09
1,596,300
Oct 10, 2025
12.95
13.02
12.41
12.43
8.89
4,515,000
Oct 9, 2025
0.147 Dividend 

Oct 9, 2025
13.03
13.03
12.88
12.98
9.29
1,607,200
Oct 8, 2025
13.00
13.15
12.99
13.14
9.30
1,566,200
Oct 7, 2025
13.07
13.10
12.85
12.94
9.15
2,059,900
Oct 6, 2025
12.95
13.05
12.89
13.02
9.21
3,015,300
Oct 3, 2025
12.89
12.90
12.73
12.81
9.06
1,977,700
Oct 2, 2025
0.14 Dividend 

Oct 2, 2025
12.84
12.89
12.76
12.85
9.09
1,416,500
Oct 1, 2025
12.75
12.90
12.75
12.88
9.01
1,535,500
Sep 30, 2025
12.85
12.86
12.73
12.81
8.96
1,475,400
Sep 29, 2025
12.74
12.86
12.74
12.85
8.99
2,641,400
Sep 26, 2025
12.61
12.67
12.53
12.65
8.85
2,641,300
Sep 25, 2025
0.082 Dividend 

Sep 25, 2025
12.69
12.72
12.51
12.60
8.82
1,884,300
Sep 24, 2025
12.90
12.98
12.85
12.86
8.94
2,332,100
Sep 23, 2025
13.00
13.04
12.84
12.86
8.94
1,803,200
Sep 22, 2025
12.88
12.99
12.84
12.99
9.03
1,791,900
Sep 19, 2025
12.90
12.95
12.88
12.92
8.98
1,441,000
Sep 18, 2025
0.129 Dividend 

Sep 18, 2025
12.80
12.90
12.78
12.86
8.94
1,278,700
Sep 17, 2025
12.86
12.92
12.73
12.89
8.87
1,886,000
Sep 16, 2025
12.79
12.88
12.75
12.85
8.84
1,279,400
Sep 15, 2025
12.70
12.78
12.70
12.76
8.78
1,871,900
Sep 12, 2025
12.66
12.69
12.64
12.67
8.72
1,518,800
Sep 11, 2025
0.132 Dividend 

Sep 11, 2025
12.61
12.66
12.57
12.66
8.71
1,197,700
Sep 10, 2025
12.79
12.80
12.65
12.67
8.63
1,435,200
Sep 9, 2025
12.60
12.75
12.60
12.75
8.68
1,546,200
Sep 8, 2025
12.56
12.64
12.56
12.59
8.58
2,354,300
Sep 5, 2025
12.64
12.66
12.41
12.53
8.53
2,680,700
Sep 4, 2025
0.109 Dividend 

Sep 4, 2025
12.47
12.57
12.45
12.55
8.55
1,874,300
Sep 3, 2025
12.72
12.74
12.61
12.65
8.54
2,070,700
Sep 2, 2025
12.57
12.69
12.47
12.69
8.57
2,545,400
Aug 29, 2025
12.77
12.79
12.66
12.71
8.58
2,307,300
Aug 28, 2025
0.137 Dividend 

Aug 28, 2025
12.75
12.81
12.73
12.80
8.64
1,361,400
Aug 27, 2025
12.84
12.87
12.79
12.82
8.56
1,572,900
Aug 26, 2025
12.77
12.82
12.72
12.82
8.56
1,244,700
Aug 25, 2025
12.81
12.84
12.72
12.76
8.52
2,132,100
Aug 22, 2025
12.54
12.87
12.53
12.85
8.58
2,866,400
Aug 21, 2025
0.162 Dividend 

Aug 21, 2025
12.56
12.60
12.48
12.56
8.39
1,621,100
Aug 20, 2025
12.79
12.81
12.50
12.75
8.41
3,111,000
Aug 19, 2025
13.12
13.13
12.79
12.83
8.46
3,193,800
Aug 18, 2025
13.05
13.15
13.04
13.12
8.65
2,461,900
Aug 15, 2025
13.08
13.11
13.03
13.10
8.64
2,462,200
Aug 14, 2025
0.11 Dividend 

Aug 14, 2025
13.09
13.13
13.01
13.11
8.65
2,973,800
Aug 13, 2025
13.24
13.32
13.21
13.26
8.67
3,393,500
Aug 12, 2025
13.10
13.19
13.05
13.18
8.62
2,557,400
Aug 11, 2025
13.15
13.17
13.03
13.05
8.54
4,135,900
Aug 8, 2025
13.20
13.24
13.11
13.14
8.59
2,725,800
Aug 7, 2025
0.145 Dividend 

Aug 7, 2025
13.21
13.28
13.07
13.16
8.61
2,221,300
Aug 6, 2025
13.21
13.28
13.11
13.28
8.59
3,208,200
Aug 5, 2025
13.40
13.42
13.22
13.27
8.58
2,491,300
Aug 4, 2025
13.25
13.36
13.22
13.35
8.64
3,040,400
Aug 1, 2025
13.37
13.37
13.01
13.14
8.50
5,218,800
Jul 31, 2025
0.165 Dividend 

Jul 31, 2025
13.72
13.76
13.55
13.56
8.77
3,068,600
Jul 30, 2025
13.76
13.83
13.64
13.69
8.75
2,966,300
Jul 29, 2025
13.93
13.93
13.68
13.74
8.78
3,863,900
Jul 28, 2025
13.93
13.94
13.85
13.90
8.88
3,933,100
Jul 25, 2025
13.82
13.85
13.74
13.85
8.85
2,543,000
Jul 24, 2025
0.184 Dividend 

Jul 24, 2025
13.88
13.88
13.73
13.77
8.80
2,487,500
Jul 23, 2025
14.03
14.03
13.91
14.00
8.83
2,777,300
Jul 22, 2025
13.95
14.00
13.76
13.97
8.81
2,851,000
Jul 21, 2025
13.99
14.11
13.93
13.93
8.79
3,652,400
Jul 18, 2025
14.08
14.08
13.90
13.93
8.79
3,345,900
Jul 17, 2025
0.104 Dividend 

Jul 17, 2025
13.90
14.02
13.89
13.98
8.82
2,931,400
Jul 16, 2025
13.88
14.02
13.85
13.99
8.76
3,820,700
Jul 15, 2025
13.95
13.97
13.87
13.87
8.68
2,699,500
Jul 14, 2025
13.74
13.91
13.74
13.87
8.68
2,750,700
Jul 11, 2025
13.76
13.86
13.73
13.77
8.62
2,500,700
Jul 10, 2025
0.135 Dividend 

Jul 10, 2025
13.71
13.82
13.67
13.78
8.63
2,213,200
Jul 9, 2025
13.75
13.85
13.71
13.82
8.57
3,130,300
Jul 8, 2025
13.76
13.78
13.66
13.70
8.49
2,986,700
Jul 7, 2025
13.74
13.74
13.57
13.65
8.46
3,856,300
Jul 3, 2025
0.157 Dividend 

Jul 3, 2025
13.75
13.78
13.72
13.75
8.52
1,475,700
Jul 2, 2025
13.70
13.90
13.67
13.90
8.52
2,905,200
Jul 1, 2025
13.73
13.75
13.54
13.68
8.38
2,499,400
Jun 30, 2025
13.70
13.77
13.69
13.76
8.43
2,519,800
Jun 27, 2025
13.68
13.70
13.52
13.60
8.34
2,779,600
Jun 26, 2025
0.155 Dividend 

Jun 26, 2025
13.56
13.68
13.54
13.65
8.37
1,996,400
Jun 25, 2025
13.70
13.75
13.64
13.69
8.30
2,378,600
Jun 24, 2025
13.54
13.64
13.49
13.63
8.26
2,772,900
Jun 23, 2025
13.38
13.45
13.21
13.42
8.13
3,491,600
Jun 20, 2025
0.142 Dividend 

Jun 20, 2025
13.45
13.49
13.31
13.38
8.11
1,762,700
Jun 18, 2025
13.50
13.55
13.40
13.49
8.09
2,251,100
Jun 17, 2025
13.50
13.53
13.38
13.45
8.06
1,740,400
Jun 16, 2025
13.44
13.56
13.43
13.53
8.11
2,057,600
Jun 13, 2025
13.39
13.42
13.26
13.30
7.97
3,171,800
Jun 12, 2025
0.18 Dividend 

Jun 12, 2025
13.57
13.59
13.49
13.52
8.11
1,784,800
Jun 11, 2025
13.85
13.85
13.69
13.77
8.15
2,978,300
Jun 10, 2025
13.78
13.78
13.66
13.78
8.15
1,903,800
Jun 9, 2025
13.66
13.73
13.60
13.73
8.13
2,683,500
Jun 6, 2025
13.50
13.60
13.50
13.57
8.03
1,902,200
Jun 5, 2025
0.172 Dividend 

Jun 5, 2025
13.66
13.67
13.27
13.35
7.90
2,243,500
Jun 4, 2025
13.75
13.77
13.63
13.75
8.04
2,084,500
Jun 3, 2025
13.63
13.74
13.56
13.72
8.02
2,096,000
Jun 2, 2025
13.48
13.58
13.40
13.58
7.94
2,239,300
May 30, 2025
13.53
13.55
13.30
13.48
7.88
2,315,300
May 29, 2025
0.215 Dividend 

May 29, 2025
13.67
13.68
13.49
13.52
7.90
1,773,300
May 28, 2025
13.85
13.85
13.65
13.67
7.86
2,004,300
May 27, 2025
13.66
13.80
13.65
13.78
7.93
1,998,100
May 23, 2025
13.47
13.56
13.37
13.48
7.75
2,226,000
May 22, 2025
0.186 Dividend 

May 22, 2025
13.50
13.72
13.50
13.60
7.82
1,573,000
May 21, 2025
13.88
13.96
13.60
13.67
7.76
2,916,800
May 20, 2025
13.92
13.94
13.77
13.86
7.86
1,810,500
May 19, 2025
13.73
13.91
13.71
13.91
7.89
1,960,100
May 16, 2025
13.79
13.92
13.78
13.92
7.90
1,333,400
May 15, 2025
0.191 Dividend 

May 15, 2025
13.80
13.83
13.59
13.75
7.80
1,697,200
May 14, 2025
14.01
14.14
13.99
14.08
7.88
2,388,400
May 13, 2025
13.80
13.99
13.74
13.99
7.83
1,682,700
May 12, 2025
13.75
13.78
13.56
13.64
7.63
2,176,200
May 9, 2025
13.42
13.45
13.27
13.34
7.47
1,164,500
May 8, 2025
0.168 Dividend 

May 8, 2025
13.21
13.38
13.19
13.30
7.44
1,012,000
May 7, 2025
13.20
13.21
13.01
13.16
7.27
1,412,400
May 6, 2025
13.11
13.17
13.01
13.10
7.24
1,299,700
May 5, 2025
13.26
13.28
13.16
13.19
7.29
1,543,900
May 2, 2025
13.23
13.36
13.19
13.35
7.38
1,318,700
May 1, 2025
0.174 Dividend 

May 1, 2025
13.26
13.32
13.15
13.16
7.27
984,800
Apr 30, 2025
13.13
13.25
12.90
13.24
7.22
1,384,000
Apr 29, 2025
13.25
13.38
13.20
13.36
7.28
1,124,200
Apr 28, 2025
13.30
13.35
13.07
13.24
7.22
1,089,100
Apr 25, 2025
13.12
13.26
13.09
13.21
7.20
1,054,000
Apr 24, 2025
0.137 Dividend 

Apr 24, 2025
12.86
13.09
12.82
13.07
7.13
742,900
Apr 23, 2025
13.00
13.08
12.89
12.89
6.95
1,011,400
Apr 22, 2025
12.44
12.72
12.43
12.62
6.81
1,025,000
Apr 21, 2025
12.35
12.44
12.14
12.25
6.61
1,359,500
Apr 17, 2025
0.133 Dividend 

Apr 17, 2025
12.54
12.56
12.33
12.52
6.75
910,200
Apr 16, 2025
12.68
12.74
12.36
12.52
6.68
1,209,700
Apr 15, 2025
12.80
12.93
12.77
12.83
6.85
1,095,900
Apr 14, 2025
12.97
12.97
12.64
12.74
6.80
1,231,200
Apr 11, 2025
12.35
12.66
12.29
12.66
6.76
979,100
Apr 10, 2025
0.129 Dividend 

Apr 10, 2025
12.46
12.54
11.97
12.32
6.58
1,481,600
Apr 9, 2025
11.65
12.94
11.64
12.81
6.77
1,644,700
Apr 8, 2025
12.40
12.44
11.50
11.71
6.19
1,792,700
Apr 7, 2025
11.30
12.44
11.21
11.94
6.31
2,600,700
Apr 4, 2025
12.20
12.36
11.65
11.92
6.30
2,908,600
Apr 3, 2025
0.178 Dividend 

Apr 3, 2025
12.91
12.98
12.65
12.75
6.74
1,790,400
Apr 2, 2025
13.37
13.79
13.32
13.76
7.18
1,042,700
Apr 1, 2025
13.39
13.58
13.27
13.57
7.08
794,600
Mar 31, 2025
13.16
13.41
12.95
13.36
6.97
2,514,500
Mar 28, 2025
13.88
13.90
13.44
13.50
7.04
1,623,800
Mar 27, 2025
0.132 Dividend 

Mar 27, 2025
13.95
14.11
13.86
13.91
7.25
977,000
Mar 26, 2025
14.43
14.50
14.10
14.19
7.33
1,047,700
Mar 25, 2025
14.50
14.52
14.42
14.51
7.50
1,077,600
Mar 24, 2025
14.25
14.50
14.24
14.50
7.49
1,328,100
Mar 21, 2025
13.91
14.10
13.83
14.10
7.29
948,800
Mar 20, 2025
0.153 Dividend 

Mar 20, 2025
13.90
14.12
13.90
13.96
7.21
831,300
Mar 19, 2025
14.03
14.26
13.95
14.17
7.24
1,090,600
Mar 18, 2025
14.00
14.08
13.81
13.95
7.13
977,900
Mar 17, 2025
14.02
14.20
13.99
14.13
7.22
943,500
Mar 14, 2025
13.75
14.03
13.75
14.02
7.17
1,368,000
Mar 13, 2025
0.1 Dividend 

Mar 13, 2025
13.95
13.96
13.55
13.59
6.95
1,108,400
Mar 12, 2025
14.05
14.10
13.78
14.07
7.14
1,163,500
Mar 11, 2025
13.70
13.95
13.53
13.76
6.98
1,455,800
Mar 10, 2025
14.12
14.18
13.51
13.72
6.96
2,550,100
Mar 7, 2025
14.31
14.52
14.07
14.48
7.35
1,679,400
Mar 6, 2025
0.241 Dividend 

Mar 6, 2025
14.50
14.70
14.23
14.29
7.25
1,475,200
Mar 5, 2025
14.84
15.01
14.63
14.97
7.47
1,793,600
Mar 4, 2025
14.39
14.90
14.17
14.63
7.30
2,002,500
Mar 3, 2025
15.13
15.23
14.49
14.61
7.29
1,710,700
Feb 28, 2025
14.63
14.94
14.51
14.92
7.45
1,821,700
Feb 27, 2025
0.133 Dividend 

Feb 27, 2025
15.30
15.38
14.76
14.76
7.37
1,591,100
Feb 26, 2025
15.23
15.46
15.19
15.36
7.60
1,600,100
Feb 25, 2025
15.53
15.59
15.00
15.13
7.49
3,499,300
Feb 24, 2025
16.05
16.05
15.53
15.65
7.75
3,775,500
Feb 21, 2025
16.61
16.64
16.04
16.06
7.95
3,267,500
Feb 20, 2025
0.185 Dividend 

Feb 20, 2025
16.66
16.68
16.34
16.59
8.21
2,231,200
Feb 19, 2025
17.00
17.04
16.77
16.84
8.24
2,463,000
Feb 18, 2025
16.93
16.95
16.79
16.93
8.29
2,029,200
Feb 14, 2025
16.67
16.81
16.66
16.76
8.20
1,605,500
Feb 13, 2025
0.15 Dividend 

Feb 13, 2025
16.47
16.64
16.38
16.64
8.15
1,260,300
Feb 12, 2025
16.39
16.62
16.33
16.60
8.05
1,549,600
Feb 11, 2025
16.57
16.63
16.39
16.41
7.96
2,028,800
Feb 10, 2025
16.53
16.68
16.53
16.67
8.09
1,752,200
Feb 7, 2025
16.51
16.69
16.40
16.44
7.98
1,592,600
Feb 6, 2025
0.194 Dividend 

Feb 6, 2025
16.49
16.51
16.36
16.48
7.99
1,172,800
Feb 5, 2025
16.68
16.69
16.54
16.57
7.94
1,663,000
Feb 4, 2025
16.58
16.73
16.56
16.68
8.00
1,233,000
Feb 3, 2025
16.17
16.53
16.16
16.43
7.88
2,449,900
Jan 31, 2025
16.79
16.90
16.55
16.60
7.96
1,372,600
Jan 30, 2025
0.147 Dividend 

Jan 30, 2025
16.63
16.80
16.61
16.71
8.01
1,019,300
Jan 29, 2025
16.79
16.80
16.55
16.70
7.94
1,347,400
Jan 28, 2025
16.57
16.73
16.33
16.73
7.95
1,018,600
Jan 27, 2025
16.44
16.62
16.23
16.40
7.79
2,555,200
Jan 24, 2025
17.00
17.08
16.86
16.89
8.03
1,394,000
Jan 23, 2025
0.172 Dividend 

Jan 23, 2025
16.80
16.97
16.77
16.96
8.06
1,025,700
Jan 22, 2025
17.04
17.09
16.97
17.03
8.01
1,471,800
Jan 21, 2025
17.08
17.08
16.72
16.88
7.94
1,579,300
Jan 17, 2025
16.68
16.80
16.64
16.77
7.89
1,037,900
Jan 16, 2025
0.112 Dividend 

Jan 16, 2025
16.57
16.64
16.50
16.51
7.77
759,900
Jan 15, 2025
16.64
16.74
16.52
16.67
7.79
1,420,500
Jan 14, 2025
16.45
16.50
16.22
16.31
7.62
973,100
Jan 13, 2025
16.10
16.26
15.99
16.25
7.59
1,995,500
Jan 10, 2025
16.65
16.67
16.33
16.52
7.72
1,867,800
Jan 8, 2025
0.14 Dividend 

Jan 8, 2025
16.96
16.96
16.53
16.73
7.82
2,376,200
Jan 7, 2025
17.51
17.53
17.01
17.11
7.93
2,100,700
Jan 6, 2025
17.46
17.52
17.38
17.47
8.10
2,438,700
Jan 3, 2025
0.181 Dividend 

Jan 3, 2025
16.97
17.25
16.93
17.25
7.99
1,418,500
Jan 2, 2025
17.12
17.18
16.88
17.04
7.81
2,370,900
Dec 31, 2024
17.19
17.19
16.88
16.95
7.77
2,004,200
Dec 30, 2024
17.18
17.18
16.88
17.08
7.83
2,737,200
Dec 27, 2024
0.245 Dividend 

Dec 27, 2024
17.53
17.54
17.15
17.30
7.93
1,761,100
Dec 26, 2024
17.88
17.88
17.70
17.79
8.04
1,377,900
Dec 24, 2024
17.68
17.85
17.61
17.85
8.07
817,600
Dec 23, 2024
17.60
17.60
17.34
17.54
7.93
1,436,100
Dec 20, 2024
17.10
17.63
17.05
17.53
7.93
1,626,700
Dec 19, 2024
0.139 Dividend 

Dec 19, 2024
17.61
17.68
17.25
17.29
7.82
1,954,200
Dec 18, 2024
18.30
18.31
17.39
17.50
7.85
3,072,900
Dec 17, 2024
18.32
18.33
18.16
18.26
8.19
1,409,700
Dec 16, 2024
18.19
18.30
18.17
18.30
8.21
1,710,700
Dec 13, 2024
18.30
18.32
18.01
18.18
8.16
2,169,400
Dec 12, 2024
0.123 Dividend 

Dec 12, 2024
18.31
18.37
18.18
18.25
8.19
1,741,000
Dec 11, 2024
18.36
18.49
18.23
18.46
8.23
2,143,700
Dec 10, 2024
18.51
18.54
18.24
18.26
8.14
2,839,600
Dec 9, 2024
18.82
18.82
18.46
18.50
8.24
3,515,700
Dec 6, 2024
18.51
18.65
18.46
18.65
8.31
2,082,200
Dec 5, 2024
0.238 Dividend 

Dec 5, 2024
18.56
18.57
18.35
18.40
8.20
2,643,000
Dec 4, 2024
18.58
18.66
18.48
18.65
8.20
2,403,100
Dec 3, 2024
18.39
18.44
18.28
18.44
8.11
1,900,900
Dec 2, 2024
18.28
18.38
18.25
18.37
8.08
1,979,200
Nov 29, 2024
0.306 Dividend 

Nov 29, 2024
18.25
18.25
18.08
18.12
7.97
1,402,600
Nov 27, 2024
18.48
18.48
18.18
18.35
7.94
1,695,600
Nov 26, 2024
18.45
18.49
18.16
18.24
7.89
1,480,000
Nov 25, 2024
18.51
18.54
18.34
18.45
7.98
1,609,400
Nov 22, 2024
18.20
18.38
18.12
18.35
7.94
1,146,400
Nov 21, 2024
0.244 Dividend 

Nov 21, 2024
18.19
18.31
17.92
18.13
7.84
988,900
Nov 20, 2024
18.39
18.39
18.03
18.19
7.76
1,295,200
Nov 19, 2024
17.70
18.25
17.70
18.22
7.78
904,200
Nov 18, 2024
17.61
17.89
17.59
17.86
7.62
809,700
Nov 15, 2024
17.62
17.63
17.42
17.59
7.51
896,400
Nov 14, 2024
0.152 Dividend 

Nov 14, 2024
17.85
17.89
17.60
17.62
7.52
634,900
Nov 13, 2024
18.16
18.24
17.86
17.94
7.59
1,210,000
Nov 12, 2024
18.03
18.16
17.92
18.10
7.66
832,700
Nov 11, 2024
17.84
18.12
17.84
18.12
7.67
1,295,000
Nov 8, 2024
17.60
17.72
17.60
17.72
7.50
900,900
Nov 7, 2024
0.12 Dividend 

Nov 7, 2024
17.55
17.77
17.55
17.71
7.49
949,700
Nov 6, 2024
17.47
17.70
17.37
17.70
7.44
2,135,800
Nov 5, 2024
17.01
17.17
17.01
17.12
7.20
1,035,700
Nov 4, 2024
16.95
17.01
16.84
16.91
7.11
1,253,900
Nov 1, 2024
17.07
17.14
16.92
16.94
7.12
1,202,900
Oct 31, 2024
0.225 Dividend 

Oct 31, 2024
17.29
17.29
16.91
16.92
7.11
2,055,100
Oct 30, 2024
17.66
17.66
17.50
17.51
7.26
1,793,600
Oct 29, 2024
17.61
17.67
17.53
17.65
7.32
937,200
Oct 28, 2024
17.55
17.56
17.48
17.55
7.28
960,100
Oct 25, 2024
17.38
17.50
17.31
17.36
7.20
886,900
Oct 24, 2024
0.227 Dividend 

Oct 24, 2024
17.34
17.34
17.17
17.32
7.19
727,000
Oct 23, 2024
17.53
17.54
17.20
17.32
7.09
1,444,600
Oct 22, 2024
17.55
17.59
17.50
17.53
7.18
722,500
Oct 21, 2024
17.59
17.62
17.46
17.62
7.21
661,800
Oct 18, 2024
17.43
17.60
17.42
17.57
7.19
772,000
Oct 17, 2024
0.175 Dividend 

Oct 17, 2024
17.52
17.52
17.31
17.33
7.10
945,100
Oct 16, 2024
17.64
17.64
17.45
17.59
7.13
747,700
Oct 15, 2024
17.73
17.73
17.44
17.49
7.09
853,700
Oct 14, 2024
17.67
17.77
17.67
17.69
7.17
867,000
Oct 11, 2024
17.40
17.63
17.36
17.61
7.14
657,000
Oct 10, 2024
0.204 Dividend 

Oct 10, 2024
17.41
17.49
17.34
17.43
7.07
535,900
Oct 9, 2024
17.59
17.69
17.51
17.64
7.07
728,600
Oct 8, 2024
17.52
17.60
17.48
17.59
7.05
800,200
Oct 7, 2024
17.60
17.64
17.45
17.52
7.02
601,000
Oct 4, 2024
17.40
17.60
17.37
17.60
7.05
525,900
Oct 3, 2024
0.208 Dividend 

Oct 3, 2024
17.31
17.36
17.18
17.30
6.93
373,800
Oct 2, 2024
17.58
17.62
17.41
17.55
6.95
894,400
Oct 1, 2024
17.85
17.85
17.40
17.57
6.96
676,400
Sep 30, 2024
17.80
17.87
17.69
17.83
7.06
808,100
Sep 27, 2024
17.82
17.90
17.82
17.89
7.08
486,200
Sep 26, 2024
0.222 Dividend 

Sep 26, 2024
17.85
17.85
17.66
17.81
7.05
467,400
Sep 25, 2024
17.93
17.94
17.83
17.87
6.99
732,200
Sep 24, 2024
17.84
17.91
17.68
17.91
7.00
628,600
Sep 23, 2024
17.73
17.80
17.68
17.76
6.94
532,400
Sep 20, 2024
17.61
17.69
17.52
17.64
6.90
612,000
Sep 19, 2024
0.227 Dividend 

Sep 19, 2024
17.59
17.78
17.56
17.72
6.93
510,000
Sep 18, 2024
17.67
17.81
17.51
17.60
6.79
504,000
Sep 17, 2024
17.60
17.74
17.53
17.61
6.80
258,400
Sep 16, 2024
17.49
17.51
17.39
17.50
6.75
269,500
Sep 13, 2024
17.50
17.52
17.41
17.51
6.76
243,200
Sep 12, 2024
17.35
17.44
17.22
17.44
6.73
219,400
Sep 11, 2024
17.07
17.35
16.89
17.35
6.70
199,900
Sep 10, 2024
17.14
17.18
16.90
17.17
6.63
213,800
Sep 9, 2024
16.86
17.11
16.86
17.03
6.57
247,700
Sep 6, 2024
17.20
17.27
16.65
16.71
6.45
327,100
Sep 5, 2024
17.16
17.33
17.11
17.21
6.64
111,200
Sep 4, 2024
17.16
17.40
17.10
17.25
6.66
218,100
Sep 3, 2024
17.58
17.64
17.15
17.23
6.65
313,600
Aug 30, 2024
17.62
17.75
17.54
17.74
6.85
147,000
Aug 29, 2024
17.61
17.85
17.60
17.60
6.79
136,500
Aug 28, 2024
17.83
17.83
17.43
17.57
6.78
260,300
Aug 27, 2024
17.92
17.92
17.76
17.85
6.89
201,700
Aug 26, 2024
17.90
18.05
17.87
17.92
6.92
394,400
Aug 23, 2024
17.79
18.00
17.79
17.87
6.90
220,900
Aug 22, 2024
18.01
18.04
17.67
17.70
6.83
252,500
Aug 21, 2024
17.95
18.05
17.90
18.05
6.97
334,800
Aug 20, 2024
18.02
18.08
17.83
17.91
6.91
284,600
Aug 19, 2024
17.76
17.99
17.75
17.93
6.92
529,700
Aug 16, 2024
17.62
17.84
17.62
17.82
6.88
426,500
Aug 15, 2024
0.591 Dividend 

Aug 15, 2024
17.62
17.76
17.61
17.65
6.81
410,500
Aug 14, 2024
18.20
18.20
17.98
18.13
6.77
426,100
Aug 13, 2024
17.95
18.15
17.90
18.14
6.77
323,100
Aug 12, 2024
17.94
17.94
17.70
17.84
6.66
335,300
Aug 9, 2024
17.75
17.88
17.66
17.86
6.67
294,400
Aug 8, 2024
17.42
17.75
17.28
17.75
6.63
222,800
Aug 7, 2024
17.69
17.70
17.11
17.18
6.41
306,900
Aug 6, 2024
17.40
17.64
17.00
17.41
6.50
390,500
Aug 5, 2024
15.76
17.39
15.69
17.05
6.37
785,400
Aug 2, 2024
17.87
18.09
17.63
17.75
6.63
543,700
Aug 1, 2024
18.78
18.87
18.06
18.20
6.80
425,600
Jul 31, 2024
18.74
18.95
18.74
18.82
7.03
316,000
Jul 30, 2024
18.65
18.80
18.37
18.51
6.91
358,100
Jul 29, 2024
18.63
18.80
18.55
18.61
6.95
281,900
Jul 26, 2024
18.53
18.65
18.45
18.58
6.94
208,000
Jul 25, 2024
18.49
18.70
18.07
18.33
6.84
405,600
Jul 24, 2024
19.00
19.00
18.46
18.49
6.90
652,000
Jul 23, 2024
19.20
19.30
19.13
19.15
7.15
296,600
Jul 22, 2024
19.14
19.25
19.05
19.24
7.18
574,900
Jul 19, 2024
19.00
19.06
18.91
18.99
7.09
435,100
Jul 18, 2024
19.37
19.37
18.87
18.95
7.08
733,500
Jul 17, 2024
0.652 Dividend 

Jul 17, 2024
19.42
19.42
19.10
19.21
7.17
883,400
Jul 16, 2024
20.26
20.26
20.08
20.18
7.29
972,600
Jul 15, 2024
20.19
20.28
20.10
20.20
7.30
739,300
Jul 12, 2024
19.95
20.09
19.88
19.97
7.22
679,200
Jul 11, 2024
20.05
20.17
19.80
19.87
7.18
672,300
Jul 10, 2024
19.98
20.00
19.86
19.99
7.22
502,000
Jul 9, 2024
19.96
19.96
19.83
19.87
7.18
689,600
Jul 8, 2024
20.00
20.00
19.81
19.89
7.19
604,500
Jul 5, 2024
19.84
19.88
19.65
19.88
7.18
585,200
Jul 3, 2024
19.70
19.80
19.65
19.74
7.13
348,000
Jul 2, 2024
19.60
19.68
19.56
19.68
7.11
489,800
Jul 1, 2024
19.51
19.64
19.46
19.58
7.07
469,100
Jun 28, 2024
19.75
19.75
19.45
19.51
7.05
469,500
Jun 27, 2024
19.55
19.70
19.54
19.70
7.12
438,800
Jun 26, 2024
19.67
19.68
19.51
19.57
7.07
310,800
Jun 25, 2024
19.43
19.66
19.42
19.66
7.10
448,500
Jun 24, 2024
19.56
19.59
19.32
19.39
7.01
538,500
Jun 21, 2024
19.55
19.57
19.44
19.57
7.07
372,200
Jun 20, 2024
19.60
19.64
19.42
19.58
7.07
491,700
Jun 18, 2024
19.65
19.65
19.51
19.54
7.06
565,700
Jun 17, 2024
19.59
19.75
19.38
19.67
7.11
895,300
Jun 14, 2024
0.73 Dividend 

Jun 14, 2024
19.60
19.70
19.46
19.59
7.08
1,148,500
Jun 13, 2024
20.73
20.73
20.35
20.42
7.11
1,000,700
Jun 12, 2024
20.69
20.73
20.55
20.62
7.18
595,400
Jun 11, 2024
20.51
20.55
20.21
20.44
7.12
766,100
Jun 10, 2024
20.70
20.89
20.40
20.51
7.15
1,328,300
Jun 7, 2024
20.52
20.61
20.40
20.42
7.11
461,400
Jun 6, 2024
20.48
20.55
20.40
20.52
7.15
359,700
Jun 5, 2024
20.39
20.45
20.20
20.45
7.13
383,400
Jun 4, 2024
20.22
20.29
20.13
20.26
7.06
414,700
Jun 3, 2024
20.29
20.31
20.02
20.21
7.04
440,800
May 31, 2024
20.32
20.35
19.70
20.11
7.01
345,000
May 30, 2024
20.20
20.35
20.13
20.20
7.04
202,700
May 29, 2024
20.14
20.20
20.05
20.19
7.03
195,200
May 28, 2024
20.35
20.36
20.10
20.30
7.07
386,600
May 24, 2024
20.04
20.27
19.99
20.26
7.06
173,100
May 23, 2024
20.39
20.39
19.85
19.94
6.95
443,400
May 22, 2024
20.39
20.39
20.13
20.22
7.04
344,900
May 21, 2024
20.25
20.37
20.24
20.37
7.10
190,600
May 20, 2024
20.17
20.35
20.14
20.34
7.09
384,700
May 17, 2024
20.11
20.17
20.01
20.17
7.03
374,900
May 16, 2024
20.11
20.11
20.00
20.03
6.98
214,700
May 15, 2024
0.732 Dividend 

May 15, 2024
20.11
20.11
19.93
20.06
6.99
449,400
May 14, 2024
20.51
20.65
20.45
20.63
6.93
470,500
May 13, 2024
20.45
20.48
20.35
20.45
6.87
404,000
May 10, 2024
20.59
20.59
20.26
20.29
6.82
303,300
May 9, 2024
20.54
20.57
20.35
20.51
6.89
257,000
May 8, 2024
20.41
20.50
20.30
20.45
6.87
165,100
May 7, 2024
20.71
20.71
20.47
20.52
6.90
343,800
May 6, 2024
20.58
20.68
20.50
20.68
6.95
299,200
May 3, 2024
20.39
20.55
20.28
20.46
6.88
215,200
May 2, 2024
20.00
20.23
19.80
20.21
6.79
126,700
May 1, 2024
19.81
20.14
19.60
19.79
6.65
136,600
Apr 30, 2024
20.01
20.30
19.90
19.92
6.69
135,700
Apr 29, 2024
20.38
20.38
20.20
20.31
6.83
175,500
Apr 26, 2024
20.05
20.23
20.01
20.22
6.80
138,100
Apr 25, 2024
19.61
19.97
19.50
19.96
6.71
176,300
Apr 24, 2024
20.22
20.23
19.96
20.06
6.74
124,200
Apr 23, 2024
19.80
20.06
19.70
20.01
6.72
216,300
Apr 22, 2024
19.59
19.77
19.40
19.69
6.62
305,000
Apr 19, 2024
19.83
19.84
19.38
19.38
6.51
278,300
Apr 18, 2024
19.98
20.11
19.77
19.85
6.67
201,900
Apr 17, 2024
0.632 Dividend 

Apr 17, 2024
20.31
20.31
19.77
19.92
6.69
325,800
Apr 16, 2024
20.80
20.86
20.56
20.73
6.75
449,200
Apr 15, 2024
21.46
21.46
20.75
20.81
6.78
288,700
Apr 12, 2024
21.68
21.68
21.22
21.28
6.93
316,300
Apr 11, 2024
21.47
21.69
21.34
21.68
7.06
279,400
Apr 10, 2024
21.57
21.57
21.25
21.43
6.98
440,600
Apr 9, 2024
21.52
21.62
21.35
21.52
7.01
353,900
Apr 8, 2024
21.36
21.58
21.34
21.49
7.00
380,300
Apr 5, 2024
21.18
21.39
21.12
21.34
6.95
156,100
Apr 4, 2024
21.50
21.66
21.15
21.17
6.90
258,600
Apr 3, 2024
21.43
21.54
21.30
21.47
7.00
121,900
Apr 2, 2024
21.38
21.43
21.09
21.41
6.98
129,900
Apr 1, 2024
21.75
21.75
21.47
21.60
7.04
120,300
Mar 28, 2024
21.64
21.72
21.55
21.68
7.06
111,300
Mar 27, 2024
21.75
21.75
21.45
21.64
7.05
95,100
Mar 26, 2024
21.77
21.77
21.56
21.62
7.04
256,600
Mar 25, 2024
21.48
21.66
21.48
21.65
7.05
215,000
Mar 22, 2024
21.46
21.50
21.31
21.43
6.98
122,400
Mar 21, 2024
21.50
21.54
21.42
21.44
6.99
225,900
Mar 20, 2024
21.11
21.33
20.99
21.31
6.94
209,200
Mar 19, 2024
20.96
21.11
20.75
21.11
6.88
311,800
Mar 18, 2024
21.12
21.17
21.00
21.16
6.89
243,600
Mar 15, 2024
20.70
20.98
20.70
20.94
6.82
214,200
Mar 14, 2024
0.568 Dividend 

Mar 14, 2024
21.26
21.26
20.72
20.90
6.81
284,600
Mar 13, 2024
21.80
21.91
21.75
21.81
6.92
370,000
Mar 12, 2024
21.88
21.88
21.47
21.87
6.94
610,600
Mar 11, 2024
21.69
21.78
21.57
21.60
6.85
531,700
Mar 8, 2024
21.72
21.94
21.51
21.62
6.86
328,500
Mar 7, 2024
21.50
21.65
21.40
21.65
6.87
276,000
Mar 6, 2024
21.45
21.50
21.25
21.38
6.78
172,700
Mar 5, 2024
21.42
21.43
21.04
21.17
6.72
154,600
Mar 4, 2024
21.79
21.79
21.51
21.60
6.85
179,300
Mar 1, 2024
21.66
21.67
21.38
21.67
6.88
122,900
Feb 29, 2024
21.48
21.62
21.35
21.55
6.84
123,800
Feb 28, 2024
21.15
21.28
21.09
21.22
6.73
101,700
Feb 27, 2024
21.12
21.22
21.04
21.18
6.72
146,000
Feb 26, 2024
20.92
20.99
20.85
20.98
6.66
195,300
Feb 23, 2024
20.99
21.05
20.81
20.91
6.64
167,600
Feb 22, 2024
20.30
20.82
20.30
20.75
6.58
259,600
Feb 21, 2024
20.05
20.13
19.92
20.07
6.37
101,300
Feb 20, 2024
20.59
20.59
20.01
20.20
6.41
233,300
Feb 16, 2024
20.66
20.70
20.53
20.59
6.53
210,700
Feb 15, 2024
0.534 Dividend 

Feb 15, 2024
20.55
20.69
20.50
20.69
6.57
228,400
Feb 14, 2024
20.80
21.01
20.75
21.01
6.50
526,900
Feb 13, 2024
20.56
20.72
20.44
20.57
6.36
256,900
Feb 12, 2024
20.84
21.04
20.80
20.93
6.47
343,700
Feb 9, 2024
20.88
20.88
20.74
20.78
6.43
230,100
Feb 8, 2024
20.75
20.86
20.70
20.80
6.43
113,900
Feb 7, 2024
20.71
20.80
20.55
20.78
6.43
92,900
Feb 6, 2024
20.45
20.61
20.41
20.61
6.37
76,300
Feb 5, 2024
20.70
20.70
20.24
20.44
6.32
101,700
Feb 2, 2024
20.59
20.70
20.42
20.70
6.40
85,400
Feb 1, 2024
20.37
20.39
20.12
20.39
6.31
56,700
Jan 31, 2024
20.40
20.49
20.17
20.20
6.25
140,000
Jan 30, 2024
20.68
20.68
20.43
20.50
6.34
57,200
Jan 29, 2024
20.43
20.66
20.35
20.66
6.39
97,500
Jan 26, 2024
20.27
20.39
20.21
20.35
6.29
110,600
Jan 25, 2024
20.37
20.38
20.15
20.27
6.27
131,300
Jan 24, 2024
20.51
20.53
20.35
20.36
6.30
139,600
Jan 23, 2024
20.21
20.28
20.17
20.27
6.27
140,800
Jan 22, 2024
20.13
20.31
20.11
20.18
6.24
254,500
Jan 19, 2024
20.03
20.12
19.88
20.12
6.22
245,500
Jan 18, 2024
21.00
21.35
19.82
19.92
6.16
254,900
Jan 17, 2024
19.80
19.91
19.69
19.90
6.15
93,500
