Date
Open
High
Low
Close 

Adj Close 

Volume

May 22, 2026
10.25
10.30
10.25
10.27
10.27
38,400
May 21, 2026
0.043 Dividend 

May 21, 2026
10.40
10.40
10.30
10.32
10.32
26,100
May 20, 2026
10.45
10.47
10.38
10.38
10.34
19,600
May 19, 2026
10.51
10.54
10.42
10.48
10.44
46,300
May 18, 2026
10.29
10.49
10.29
10.43
10.39
59,300
May 15, 2026
10.37
10.42
10.32
10.38
10.33
32,800
May 14, 2026
0.044 Dividend 

May 14, 2026
10.26
10.29
10.21
10.23
10.19
68,800
May 13, 2026
10.44
10.46
10.32
10.35
10.26
20,800
May 12, 2026
10.39
10.55
10.39
10.44
10.35
79,900
May 11, 2026
10.41
10.41
10.32
10.35
10.27
64,700
May 8, 2026
10.52
10.52
10.36
10.38
10.29
105,700
May 7, 2026
0.048 Dividend 

May 7, 2026
10.54
10.63
10.51
10.60
10.51
102,600
May 6, 2026
10.76
10.76
10.62
10.62
10.48
81,100
May 5, 2026
10.89
10.89
10.81
10.83
10.69
115,700
May 4, 2026
10.91
11.00
10.90
10.95
10.81
36,200
May 1, 2026
10.96
10.98
10.88
10.93
10.78
63,800
Apr 30, 2026
0.051 Dividend 

Apr 30, 2026
11.06
11.16
10.99
11.00
10.86
35,300
Apr 29, 2026
11.20
11.20
11.15
11.15
10.96
47,300
Apr 28, 2026
11.22
11.25
11.16
11.20
11.00
55,300
Apr 27, 2026
11.08
11.12
11.07
11.08
10.89
65,500
Apr 24, 2026
11.19
11.19
11.07
11.07
10.88
55,400
Apr 23, 2026
0.059 Dividend 

Apr 23, 2026
11.26
11.32
11.18
11.26
11.06
103,500
Apr 22, 2026
11.31
11.35
11.26
11.26
11.01
35,700
Apr 21, 2026
11.38
11.43
11.31
11.41
11.16
62,700
Apr 20, 2026
11.36
11.42
11.34
11.36
11.10
67,500
Apr 17, 2026
11.36
11.39
11.30
11.33
11.07
209,800
Apr 16, 2026
0.062 Dividend 

Apr 16, 2026
11.46
11.52
11.41
11.45
11.19
108,400
Apr 15, 2026
11.70
11.71
11.56
11.57
11.25
81,800
Apr 14, 2026
11.84
11.85
11.70
11.72
11.39
107,600
Apr 13, 2026
12.02
12.05
11.63
11.92
11.59
158,200
Apr 10, 2026
11.98
12.02
11.96
12.01
11.68
58,800
Apr 9, 2026
0.078 Dividend 

Apr 9, 2026
12.09
12.12
12.00
12.02
11.68
229,200
Apr 8, 2026
12.08
12.24
11.47
12.17
11.76
194,500
Apr 7, 2026
12.55
12.70
12.53
12.53
12.10
138,900
Apr 6, 2026
12.57
12.59
12.49
12.53
12.11
103,700
Apr 2, 2026
0.107 Dividend 

Apr 2, 2026
12.80
12.80
12.53
12.59
12.16
114,100
Apr 1, 2026
12.71
12.73
12.58
12.66
12.12
168,000
Mar 31, 2026
13.05
13.06
12.76
12.80
12.26
184,300
Mar 30, 2026
13.00
13.18
12.99
13.15
12.60
185,400
Mar 27, 2026
12.94
13.01
12.93
13.00
12.46
172,400
Mar 26, 2026
0.094 Dividend 

Mar 26, 2026
12.75
12.88
12.69
12.88
12.33
75,300
Mar 25, 2026
12.69
12.73
12.65
12.71
12.09
160,300
Mar 24, 2026
12.76
12.79
12.69
12.77
12.14
60,900
Mar 23, 2026
12.58
12.68
12.52
12.65
12.03
233,800
Mar 20, 2026
12.65
12.84
12.62
12.81
12.18
179,400
Mar 19, 2026
0.071 Dividend 

Mar 19, 2026
12.60
12.68
12.54
12.61
11.99
121,600
Mar 18, 2026
12.50
12.60
12.42
12.59
11.91
71,100
Mar 17, 2026
12.39
12.51
12.39
12.45
11.77
69,500
Mar 16, 2026
12.47
12.51
12.43
12.48
11.79
48,300
Mar 13, 2026
12.40
12.59
12.39
12.58
11.89
97,200
Mar 12, 2026
0.067 Dividend 

Mar 12, 2026
12.43
12.48
12.37
12.45
11.77
46,700
Mar 11, 2026
12.28
12.39
12.27
12.36
11.62
24,800
Mar 10, 2026
12.33
12.39
12.23
12.34
11.60
37,300
Mar 9, 2026
12.57
12.59
12.31
12.32
11.59
127,400
Mar 6, 2026
12.51
12.51
12.32
12.43
11.68
28,000
Mar 5, 2026
0.067 Dividend 

Mar 5, 2026
12.23
12.39
12.20
12.26
11.53
20,000
Mar 4, 2026
12.40
12.40
12.25
12.30
11.50
28,200
Mar 3, 2026
12.45
12.51
12.36
12.40
11.59
70,300
Mar 2, 2026
12.45
12.45
12.25
12.29
11.49
77,200
Feb 27, 2026
12.31
12.35
12.27
12.30
11.50
20,600
Feb 26, 2026
0.056 Dividend 

Feb 26, 2026
12.08
12.33
12.08
12.26
11.46
45,700
Feb 25, 2026
12.21
12.21
12.12
12.15
11.31
69,700
Feb 24, 2026
12.36
12.36
12.26
12.29
11.44
20,900
Feb 23, 2026
12.26
12.41
12.26
12.38
11.52
45,900
Feb 20, 2026
12.36
12.37
12.19
12.25
11.40
96,900
Feb 19, 2026
0.068 Dividend 

Feb 19, 2026
12.34
12.40
12.29
12.36
11.50
47,800
Feb 18, 2026
12.41
12.41
12.26
12.35
11.43
62,000
Feb 17, 2026
12.44
12.51
12.37
12.40
11.48
62,300
Feb 13, 2026
12.42
12.42
12.29
12.39
11.47
56,600
Feb 12, 2026
0.063 Dividend 

Feb 12, 2026
12.15
12.38
12.12
12.36
11.44
68,300
Feb 11, 2026
12.13
12.30
12.12
12.23
11.26
36,800
Feb 10, 2026
12.13
12.23
12.12
12.23
11.27
8,300
Feb 9, 2026
12.34
12.34
12.12
12.18
11.22
26,400
Feb 6, 2026
12.39
12.39
12.23
12.27
11.30
36,100
Feb 5, 2026
0.039 Dividend 

Feb 5, 2026
12.35
12.40
12.24
12.32
11.35
72,400
Feb 4, 2026
12.25
12.38
12.22
12.31
11.30
48,300
Feb 3, 2026
12.03
12.22
12.03
12.18
11.18
57,300
Feb 2, 2026
12.10
12.10
11.96
12.02
11.03
27,600
Jan 30, 2026
11.97
12.10
11.92
12.07
11.08
29,400
Jan 29, 2026
0.035 Dividend 

Jan 29, 2026
11.86
12.11
11.85
11.92
10.94
43,100
Jan 28, 2026
11.85
11.91
11.79
11.87
10.86
37,200
Jan 27, 2026
11.90
11.98
11.87
11.91
10.90
58,900
Jan 26, 2026
12.00
12.05
11.95
11.99
10.98
90,400
Jan 23, 2026
12.10
12.10
11.97
12.00
10.98
51,200
Jan 22, 2026
0.039 Dividend 

Jan 22, 2026
12.04
12.13
12.01
12.05
11.03
139,000
Jan 21, 2026
12.18
12.20
12.06
12.15
11.08
323,000
Jan 20, 2026
12.20
12.22
12.12
12.18
11.11
70,600
Jan 16, 2026
11.92
12.07
11.92
12.04
10.99
71,400
Jan 15, 2026
0.037 Dividend 

Jan 15, 2026
11.91
12.03
11.91
12.01
10.95
38,800
Jan 14, 2026
12.02
12.11
12.02
12.06
10.97
34,500
Jan 13, 2026
11.90
11.98
11.89
11.94
10.86
22,300
Jan 12, 2026
12.01
12.01
11.90
11.91
10.83
30,000
Jan 9, 2026
12.00
12.03
11.91
11.92
10.84
30,500
Jan 8, 2026
0.053 Dividend 

Jan 8, 2026
12.04
12.07
11.99
12.00
10.92
16,200
Jan 7, 2026
12.01
12.02
11.93
12.00
10.87
27,800
Jan 6, 2026
12.06
12.09
12.00
12.01
10.88
13,400
Jan 5, 2026
12.12
12.12
12.04
12.10
10.96
38,300
Jan 2, 2026
0.042 Dividend 

Jan 2, 2026
12.09
12.19
12.04
12.18
11.03
56,600
Dec 31, 2025
12.14
12.18
12.11
12.15
10.96
41,100
Dec 30, 2025
12.08
12.10
12.04
12.08
10.91
22,300
Dec 29, 2025
12.05
12.10
12.00
12.06
10.89
36,100
Dec 26, 2025
0.044 Dividend 

Dec 26, 2025
12.00
12.03
11.99
12.01
10.84
14,200
Dec 24, 2025
12.07
12.08
12.03
12.04
10.83
12,200
Dec 23, 2025
12.13
12.13
12.04
12.06
10.84
17,800
Dec 22, 2025
12.02
12.11
12.02
12.09
10.87
55,100
Dec 19, 2025
12.18
12.18
12.10
12.13
10.90
55,600
Dec 18, 2025
0.055 Dividend 

Dec 18, 2025
12.22
12.26
12.16
12.26
11.02
31,700
Dec 17, 2025
12.27
12.36
12.26
12.35
11.05
42,100
Dec 16, 2025
12.29
12.30
12.25
12.25
10.97
57,000
Dec 15, 2025
12.15
12.26
12.15
12.23
10.95
37,000
Dec 12, 2025
12.07
12.21
12.02
12.19
10.91
51,600
Dec 11, 2025
0.054 Dividend 

Dec 11, 2025
12.03
12.12
11.98
11.99
10.73
53,000
Dec 10, 2025
12.05
12.08
11.95
11.98
10.67
27,000
Dec 9, 2025
12.06
12.07
11.98
12.01
10.70
27,900
Dec 8, 2025
11.99
12.06
11.96
12.03
10.72
18,600
Dec 5, 2025
12.00
12.03
11.93
12.00
10.69
74,000
Dec 4, 2025
0.057 Dividend 

Dec 4, 2025
12.01
12.05
12.01
12.03
10.72
18,100
Dec 3, 2025
12.12
12.14
12.03
12.06
10.69
62,600
Dec 2, 2025
12.15
12.15
12.05
12.07
10.71
121,600
Dec 1, 2025
12.21
12.22
12.10
12.18
10.80
36,500
Nov 28, 2025
0.114 Dividend 

Nov 28, 2025
12.12
12.18
12.10
12.13
10.76
47,500
Nov 26, 2025
12.31
12.39
12.26
12.29
10.80
19,600
Nov 25, 2025
12.52
12.57
12.35
12.39
10.88
21,800
Nov 24, 2025
12.63
12.63
12.42
12.44
10.93
65,500
Nov 21, 2025
12.67
12.75
12.57
12.70
11.16
86,400
Nov 20, 2025
0.07 Dividend 

Nov 20, 2025
12.37
12.69
12.32
12.66
11.13
70,700
Nov 19, 2025
12.58
12.66
12.52
12.58
10.99
40,600
Nov 18, 2025
12.60
12.65
12.54
12.59
11.00
54,500
Nov 17, 2025
12.49
12.56
12.38
12.54
10.96
78,400
Nov 14, 2025
12.54
12.54
12.34
12.45
10.88
79,900
Nov 13, 2025
0.105 Dividend 

Nov 13, 2025
12.29
12.43
12.27
12.40
10.83
39,600
Nov 12, 2025
12.20
12.37
12.20
12.31
10.66
20,100
Nov 11, 2025
12.28
12.37
12.28
12.30
10.65
13,000
Nov 10, 2025
12.36
12.39
12.24
12.24
10.60
143,700
Nov 7, 2025
12.55
12.61
12.47
12.50
10.83
62,600
Nov 6, 2025
0.05 Dividend 

Nov 6, 2025
12.32
12.45
12.32
12.43
10.76
29,200
Nov 5, 2025
12.44
12.44
12.33
12.38
10.68
28,100
Nov 4, 2025
12.33
12.44
12.28
12.41
10.71
69,100
Nov 3, 2025
12.15
12.24
12.13
12.22
10.54
30,600
Oct 31, 2025
12.16
12.29
12.14
12.24
10.56
62,600
Oct 30, 2025
0.046 Dividend 

Oct 30, 2025
12.21
12.31
12.16
12.28
10.59
41,400
Oct 29, 2025
12.13
12.28
12.12
12.15
10.44
43,000
Oct 28, 2025
12.28
12.28
12.18
12.19
10.48
29,400
Oct 27, 2025
12.33
12.37
12.30
12.31
10.58
106,100
Oct 24, 2025
12.54
12.54
12.45
12.48
10.73
63,900
Oct 23, 2025
0.042 Dividend 

Oct 23, 2025
12.70
12.73
12.58
12.61
10.84
19,500
Oct 22, 2025
12.60
12.84
12.60
12.74
10.92
75,100
Oct 21, 2025
12.61
12.66
12.58
12.60
10.80
19,200
Oct 20, 2025
12.70
12.70
12.58
12.61
10.80
35,900
Oct 17, 2025
12.82
12.83
12.72
12.73
10.91
168,100
Oct 16, 2025
0.126 Dividend 

Oct 16, 2025
12.66
12.79
12.62
12.75
10.93
26,000
Oct 15, 2025
12.81
12.86
12.74
12.84
10.89
28,500
Oct 14, 2025
12.90
12.93
12.80
12.84
10.89
44,700
Oct 13, 2025
12.80
12.85
12.77
12.82
10.88
31,700
Oct 10, 2025
12.65
12.90
12.62
12.88
10.93
82,300
Oct 9, 2025
12.64
12.69
12.61
12.65
10.73
9,100
Oct 8, 2025
12.75
12.75
12.58
12.61
10.70
43,100
Oct 7, 2025
12.69
12.74
12.65
12.73
10.80
9,500
Oct 6, 2025
12.68
12.70
12.65
12.67
10.75
14,800
Oct 3, 2025
12.71
12.77
12.66
12.74
10.81
12,800
Oct 2, 2025
12.69
12.74
12.66
12.69
10.77
58,300
Oct 1, 2025
12.81
12.87
12.71
12.72
10.79
41,200
Sep 30, 2025
12.83
12.86
12.77
12.77
10.83
12,100
Sep 29, 2025
12.81
12.82
12.72
12.78
10.84
32,300
Sep 26, 2025
12.86
12.91
12.82
12.85
10.90
23,800
Sep 25, 2025
0.211 Dividend 

Sep 25, 2025
12.86
12.94
12.85
12.88
10.93
16,900
Sep 24, 2025
12.92
13.08
12.91
13.03
10.87
34,600
Sep 23, 2025
12.91
13.00
12.90
12.97
10.82
43,500
Sep 22, 2025
13.00
13.00
12.89
12.90
10.76
47,700
Sep 19, 2025
13.01
13.03
12.95
12.97
10.82
33,700
Sep 18, 2025
13.06
13.06
12.92
13.01
10.85
99,100
Sep 17, 2025
13.08
13.20
13.08
13.13
10.96
36,100
Sep 16, 2025
13.07
13.12
13.07
13.10
10.93
12,000
Sep 15, 2025
13.17
13.17
13.09
13.10
10.93
44,300
Sep 12, 2025
13.23
13.23
13.15
13.18
11.00
30,000
Sep 11, 2025
13.24
13.26
13.20
13.21
11.03
43,200
Sep 10, 2025
13.21
13.31
13.21
13.28
11.09
19,700
Sep 9, 2025
13.31
13.35
13.23
13.27
11.07
35,800
Sep 8, 2025
13.30
13.33
13.25
13.31
11.11
32,900
Sep 5, 2025
13.24
13.42
13.23
13.35
11.14
23,100
Sep 4, 2025
13.44
13.47
13.30
13.31
11.11
75,000
Sep 3, 2025
13.43
13.46
13.37
13.43
11.21
21,200
Sep 2, 2025
13.52
13.55
13.43
13.46
11.23
51,400
Aug 29, 2025
13.31
13.39
13.27
13.37
11.16
43,300
Aug 28, 2025
0.236 Dividend 

Aug 28, 2025
13.30
13.35
13.23
13.23
11.05
22,100
Aug 27, 2025
13.60
13.61
13.52
13.53
11.10
16,300
Aug 26, 2025
13.63
13.63
13.55
13.55
11.11
21,200
Aug 25, 2025
13.58
13.63
13.53
13.63
11.18
20,200
Aug 22, 2025
13.70
13.70
13.49
13.55
11.11
132,400
Aug 21, 2025
13.68
13.72
13.65
13.71
11.24
56,700
Aug 20, 2025
13.66
13.70
13.62
13.66
11.20
177,800
Aug 19, 2025
13.55
13.64
13.54
13.63
11.18
83,600
Aug 18, 2025
13.48
13.54
13.47
13.53
11.09
35,600
Aug 15, 2025
13.44
13.52
13.44
13.51
11.07
35,400
Aug 14, 2025
13.46
13.47
13.39
13.41
11.00
53,200
Aug 13, 2025
13.38
13.45
13.31
13.38
10.97
38,300
Aug 12, 2025
13.53
13.56
13.39
13.41
10.99
136,900
Aug 11, 2025
13.54
13.60
13.49
13.57
11.13
69,300
Aug 8, 2025
13.60
13.60
13.52
13.53
11.10
27,400
Aug 7, 2025
13.59
13.69
13.54
13.64
11.19
33,000
Aug 6, 2025
13.81
13.81
13.65
13.66
11.20
26,000
Aug 5, 2025
13.72
13.80
13.64
13.80
11.31
26,600
Aug 4, 2025
13.76
13.81
13.72
13.72
11.25
36,000
Aug 1, 2025
13.82
13.89
13.78
13.85
11.36
54,200
Jul 31, 2025
0.179 Dividend 

Jul 31, 2025
13.50
13.70
13.46
13.67
11.21
54,600
Jul 30, 2025
13.81
13.86
13.73
13.81
11.17
63,700
Jul 29, 2025
13.76
13.81
13.67
13.80
11.17
47,000
Jul 28, 2025
13.81
13.82
13.77
13.79
11.16
45,900
Jul 25, 2025
13.85
13.85
13.77
13.81
11.18
37,700
Jul 24, 2025
13.82
13.85
13.81
13.82
11.18
23,900
Jul 23, 2025
13.91
13.93
13.82
13.82
11.19
27,200
Jul 22, 2025
13.83
13.93
13.81
13.87
11.23
30,400
Jul 21, 2025
13.90
13.90
13.76
13.82
11.19
84,100
Jul 18, 2025
13.85
13.93
13.85
13.88
11.24
114,400
Jul 17, 2025
13.94
13.94
13.82
13.85
11.21
72,800
Jul 16, 2025
13.95
14.00
13.93
13.94
11.28
22,900
Jul 15, 2025
13.88
13.93
13.84
13.93
11.27
13,100
Jul 14, 2025
14.00
14.03
13.94
13.94
11.28
25,400
Jul 11, 2025
13.95
13.99
13.91
13.94
11.28
35,500
Jul 10, 2025
13.93
14.00
13.90
13.92
11.27
12,100
Jul 9, 2025
14.00
14.00
13.88
13.94
11.29
18,800
Jul 8, 2025
13.99
14.05
13.98
14.04
11.36
20,300
Jul 7, 2025
13.91
14.07
13.91
14.02
11.34
44,000
Jul 3, 2025
0.234 Dividend 

Jul 3, 2025
14.01
14.01
13.85
13.88
11.23
38,400
Jul 2, 2025
14.39
14.39
14.26
14.30
11.38
46,000
Jul 1, 2025
14.24
14.37
14.24
14.35
11.42
16,800
Jun 30, 2025
14.27
14.29
14.18
14.23
11.33
25,000
Jun 27, 2025
14.29
14.39
14.23
14.32
11.40
15,600
Jun 26, 2025
14.43
14.44
14.30
14.34
11.42
31,200
Jun 25, 2025
14.42
14.50
14.39
14.46
11.51
16,500
Jun 24, 2025
14.56
14.57
14.43
14.50
11.54
16,000
Jun 23, 2025
14.77
14.85
14.64
14.64
11.66
21,700
Jun 20, 2025
14.69
14.84
14.63
14.83
11.81
7,700
Jun 18, 2025
14.63
14.71
14.58
14.71
11.71
11,500
Jun 17, 2025
14.63
14.66
14.57
14.65
11.66
10,100
Jun 16, 2025
14.56
14.64
14.51
14.58
11.61
23,400
Jun 13, 2025
14.70
14.70
14.59
14.67
11.68
37,900
Jun 12, 2025
14.60
14.60
14.50
14.55
11.58
13,100
Jun 11, 2025
14.45
14.58
14.44
14.52
11.56
15,600
Jun 10, 2025
14.52
14.60
14.46
14.52
11.56
14,900
Jun 9, 2025
14.57
14.63
14.50
14.58
11.61
14,600
Jun 6, 2025
14.52
14.60
14.51
14.57
11.60
20,600
Jun 5, 2025
0.265 Dividend 

Jun 5, 2025
14.59
14.72
14.44
14.64
11.66
29,500
Jun 4, 2025
14.86
14.89
14.80
14.88
11.64
22,100
Jun 3, 2025
15.01
15.01
14.83
14.89
11.64
22,200
Jun 2, 2025
15.11
15.15
14.99
15.00
11.73
16,500
May 30, 2025
15.08
15.25
15.01
15.08
11.79
33,100
May 29, 2025
14.86
15.06
14.86
14.99
11.72
19,100
May 28, 2025
14.90
15.06
14.89
15.06
11.78
8,800
May 27, 2025
15.15
15.15
14.96
14.99
11.72
13,900
May 23, 2025
15.22
15.32
15.16
15.20
11.89
23,700
May 22, 2025
15.11
15.11
14.96
15.11
11.82
15,400
May 21, 2025
14.95
15.13
14.86
15.10
11.81
36,300
May 20, 2025
14.91
15.00
14.90
14.94
11.68
31,900
May 19, 2025
15.05
15.05
14.83
14.88
11.64
42,200
May 16, 2025
14.90
14.98
14.83
14.87
11.63
14,000
May 15, 2025
14.99
14.99
14.84
14.92
11.67
9,300
May 14, 2025
14.91
14.98
14.84
14.88
11.64
27,600
May 13, 2025
15.22
15.22
14.90
14.96
11.70
67,400
May 12, 2025
15.25
15.44
15.21
15.22
11.90
88,100
May 9, 2025
15.70
15.88
15.70
15.80
12.35
11,500
May 8, 2025
0.436 Dividend 

May 8, 2025
15.80
15.90
15.65
15.75
12.32
34,300
May 7, 2025
16.36
16.67
16.31
16.35
12.44
38,300
May 6, 2025
16.53
16.53
16.34
16.45
12.52
16,500
May 5, 2025
16.31
16.32
16.21
16.30
12.41
46,800
May 2, 2025
16.18
16.28
16.10
16.12
12.27
33,400
May 1, 2025
16.36
16.40
16.16
16.32
12.42
35,100
Apr 30, 2025
16.88
16.98
16.46
16.58
12.62
23,300
Apr 29, 2025
16.77
16.77
16.51
16.56
12.60
9,300
Apr 28, 2025
16.55
16.82
16.55
16.62
12.65
15,800
Apr 25, 2025
16.74
16.77
16.56
16.57
12.61
31,100
Apr 24, 2025
17.13
17.13
16.72
16.72
12.73
31,200
Apr 23, 2025
17.12
17.24
16.88
17.23
13.11
15,900
Apr 22, 2025
17.62
17.70
17.42
17.49
13.31
29,000
Apr 21, 2025
17.72
17.91
17.61
17.84
13.58
41,200
Apr 17, 2025
17.38
17.54
17.35
17.52
13.33
17,300
Apr 16, 2025
17.20
17.60
17.16
17.45
13.28
19,500
Apr 15, 2025
16.86
16.97
16.76
16.96
12.91
43,900
Apr 14, 2025
16.72
17.05
16.66
16.97
12.92
59,800
Apr 11, 2025
17.18
17.37
16.90
17.01
12.95
60,100
Apr 10, 2025
0.444 Dividend 

Apr 10, 2025
17.05
17.63
16.85
17.28
13.15
93,700
Apr 9, 2025
18.92
18.92
16.92
17.00
12.60
174,400
Apr 8, 2025
18.13
18.95
17.81
18.75
13.90
78,400
Apr 7, 2025
19.05
19.19
17.90
18.56
13.76
195,300
Apr 4, 2025
18.25
18.42
18.18
18.31
13.57
89,500
Apr 3, 2025
18.10
18.19
17.96
18.14
13.45
132,000
Apr 2, 2025
17.82
17.82
17.40
17.53
12.99
25,900
Apr 1, 2025
17.71
17.82
17.56
17.63
13.07
63,400
Mar 31, 2025
17.85
17.96
17.69
17.70
13.12
97,600
Mar 28, 2025
17.59
17.67
17.59
17.61
13.05
56,100
Mar 27, 2025
17.50
17.54
17.40
17.52
12.99
17,800
Mar 26, 2025
17.14
17.47
17.14
17.43
12.92
79,500
Mar 25, 2025
17.20
17.22
17.10
17.13
12.70
14,000
Mar 24, 2025
17.26
17.33
17.20
17.25
12.79
51,300
Mar 21, 2025
17.66
17.75
17.50
17.50
12.97
16,700
Mar 20, 2025
17.61
17.63
17.35
17.58
13.03
23,300
Mar 19, 2025
17.58
17.66
17.40
17.45
12.93
40,500
Mar 18, 2025
17.62
17.72
17.62
17.71
13.13
12,200
Mar 17, 2025
17.44
17.56
17.27
17.36
12.87
35,700
Mar 14, 2025
17.58
17.65
17.43
17.49
12.96
64,100
Mar 13, 2025
0.448 Dividend 

Mar 13, 2025
17.53
17.77
17.53
17.70
13.12
43,300
Mar 12, 2025
17.92
18.07
17.81
18.01
13.02
130,700
Mar 11, 2025
18.00
18.08
17.88
18.05
13.05
96,600
Mar 10, 2025
17.84
18.06
17.72
17.98
13.00
134,900
Mar 7, 2025
17.61
17.73
17.52
17.57
12.70
19,300
Mar 6, 2025
17.43
17.58
17.27
17.51
12.66
28,800
Mar 5, 2025
17.31
17.38
17.12
17.19
12.42
16,600
Mar 4, 2025
17.36
17.43
17.06
17.29
12.50
34,600
Mar 3, 2025
16.91
17.28
16.83
17.26
12.48
19,100
Feb 28, 2025
17.07
17.17
16.91
16.93
12.24
53,600
Feb 27, 2025
16.67
17.11
16.67
17.11
12.37
31,600
Feb 26, 2025
16.66
16.81
16.57
16.69
12.06
33,800
Feb 25, 2025
16.74
16.82
16.67
16.77
12.12
27,800
Feb 24, 2025
16.45
16.71
16.45
16.71
12.08
18,700
Feb 21, 2025
16.27
16.50
16.24
16.48
11.91
17,600
Feb 20, 2025
16.18
16.36
16.18
16.28
11.77
17,000
Feb 19, 2025
16.25
16.27
16.17
16.22
11.72
11,700
Feb 18, 2025
16.20
16.27
16.16
16.22
11.72
34,600
Feb 14, 2025
16.29
16.29
16.18
16.21
11.72
20,800
Feb 13, 2025
0.25 Dividend 

Feb 13, 2025
16.45
16.45
16.26
16.27
11.76
73,300
Feb 12, 2025
16.81
16.85
16.68
16.68
11.88
26,100
Feb 11, 2025
16.75
16.75
16.66
16.73
11.91
12,000
Feb 10, 2025
16.64
16.73
16.60
16.65
11.85
21,700
Feb 7, 2025
16.53
16.85
16.53
16.79
11.95
19,500
Feb 6, 2025
16.56
16.69
16.54
16.62
11.83
19,100
Feb 5, 2025
16.73
16.81
16.65
16.66
11.86
10,100
Feb 4, 2025
16.77
16.77
16.65
16.72
11.90
5,400
Feb 3, 2025
16.83
16.87
16.70
16.73
11.91
55,800
Jan 31, 2025
16.55
16.83
16.45
16.81
11.97
30,900
Jan 30, 2025
16.62
16.83
16.60
16.67
11.87
43,700
Jan 29, 2025
16.65
16.77
16.65
16.73
11.91
24,900
Jan 28, 2025
16.78
16.80
16.62
16.65
11.85
4,800
Jan 27, 2025
16.92
16.92
16.70
16.80
11.96
29,400
Jan 24, 2025
16.34
16.54
16.32
16.47
11.73
31,900
Jan 23, 2025
16.39
16.52
16.39
16.40
11.68
31,900
Jan 22, 2025
16.41
16.44
16.32
16.36
11.65
36,100
Jan 21, 2025
16.57
16.72
16.55
16.56
11.79
14,900
Jan 17, 2025
16.54
16.74
16.54
16.66
11.86
35,000
Jan 16, 2025
0.387 Dividend 

Jan 16, 2025
16.73
16.93
16.70
16.93
12.05
19,100
Jan 15, 2025
17.31
17.32
17.11
17.20
11.97
61,300
Jan 14, 2025
17.35
17.60
17.34
17.48
12.16
72,400
Jan 13, 2025
17.56
17.63
17.49
17.50
12.18
38,600
Jan 10, 2025
17.31
17.54
17.31
17.41
12.12
217,700
Jan 8, 2025
17.28
17.37
17.26
17.28
12.03
16,200
Jan 7, 2025
17.00
17.31
17.00
17.24
12.00
35,900
Jan 6, 2025
17.09
17.10
16.95
17.06
11.87
21,300
Jan 3, 2025
17.40
17.41
17.21
17.21
11.98
9,400
Jan 2, 2025
17.48
17.56
17.43
17.53
12.20
104,400
Dec 31, 2024
17.36
17.50
17.36
17.50
12.18
18,900
Dec 30, 2024
17.39
17.43
17.34
17.42
12.12
28,900
Dec 27, 2024
17.16
17.34
17.16
17.28
12.03
14,900
Dec 26, 2024
17.04
17.07
17.01
17.03
11.85
4,200
Dec 24, 2024
17.20
17.20
17.04
17.04
11.86
3,800
Dec 23, 2024
17.35
17.38
17.20
17.21
11.98
12,000
Dec 20, 2024
17.57
17.59
17.18
17.34
12.07
24,900
Dec 19, 2024
0.274 Dividend 

Dec 19, 2024
17.27
17.48
17.24
17.44
12.14
41,000
Dec 18, 2024
17.27
17.65
17.21
17.62
12.07
31,900
Dec 17, 2024
17.18
17.29
17.18
17.25
11.82
17,800
Dec 16, 2024
17.32
17.32
17.13
17.18
11.77
29,200
Dec 13, 2024
17.36
17.46
17.30
17.39
11.91
16,300
Dec 12, 2024
17.47
17.48
17.42
17.47
11.97
13,700
Dec 11, 2024
17.45
17.45
17.35
17.38
11.91
26,000
Dec 10, 2024
17.51
17.64
17.49
17.63
12.08
13,100
Dec 9, 2024
17.45
17.59
17.45
17.53
12.01
35,800
Dec 6, 2024
17.53
17.53
17.42
17.46
11.96
27,200
Dec 5, 2024
17.45
17.55
17.45
17.51
12.00
10,900
Dec 4, 2024
17.60
17.61
17.48
17.50
11.99
21,300
Dec 3, 2024
17.73
17.77
17.70
17.71
12.13
18,900
Dec 2, 2024
17.81
17.82
17.72
17.75
12.16
19,900
Nov 29, 2024
17.74
17.98
17.74
17.87
12.24
13,900
Nov 27, 2024
17.79
18.08
17.79
18.01
12.34
20,600
Nov 26, 2024
17.90
17.91
17.83
17.84
12.22
10,400
Nov 25, 2024
17.82
17.97
17.78
17.94
12.29
11,300
Nov 22, 2024
17.93
17.95
17.86
17.89
12.26
13,400
Nov 21, 2024
0.327 Dividend 

Nov 21, 2024
17.77
18.01
17.77
17.85
12.23
14,500
Nov 20, 2024
18.19
18.33
18.17
18.23
12.27
32,400
Nov 19, 2024
18.67
18.67
18.17
18.19
12.24
12,000
Nov 18, 2024
18.25
18.30
18.19
18.27
12.29
14,300
Nov 15, 2024
18.19
18.32
18.17
18.28
12.30
24,300
Nov 14, 2024
17.97
18.06
17.95
18.06
12.15
11,200
Nov 13, 2024
17.93
17.98
17.89
17.93
12.07
9,100
Nov 12, 2024
17.89
18.01
17.84
17.90
12.04
24,600
Nov 11, 2024
17.79
17.96
17.77
17.88
12.03
15,000
Nov 8, 2024
17.89
17.91
17.83
17.86
12.02
20,800
Nov 7, 2024
18.01
18.01
17.84
17.87
12.02
31,100
Nov 6, 2024
18.26
18.31
18.05
18.08
12.16
39,300
Nov 5, 2024
18.66
18.66
18.51
18.54
12.48
9,100
Nov 4, 2024
18.68
18.74
18.60
18.72
12.59
16,800
Nov 1, 2024
18.57
18.65
18.57
18.63
12.53
17,800
Oct 31, 2024
18.44
18.59
18.44
18.58
12.50
22,800
Oct 30, 2024
18.14
18.30
18.14
18.30
12.31
10,300
Oct 29, 2024
18.30
18.30
18.10
18.16
12.22
18,100
Oct 28, 2024
18.14
18.30
18.14
18.30
12.31
20,000
Oct 25, 2024
18.32
18.32
18.15
18.30
12.31
22,200
Oct 24, 2024
0.355 Dividend 

Oct 24, 2024
18.46
18.48
18.36
18.40
12.38
24,900
Oct 23, 2024
18.67
18.88
18.64
18.85
12.44
45,900
Oct 22, 2024
18.71
18.71
18.58
18.58
12.27
22,500
Oct 21, 2024
18.69
18.73
18.60
18.64
12.31
23,300
Oct 18, 2024
18.64
18.66
18.58
18.64
12.31
21,200
Oct 17, 2024
18.60
18.69
18.58
18.68
12.33
13,700
Oct 16, 2024
18.72
18.78
18.68
18.70
12.35
13,700
Oct 15, 2024
18.45
18.71
18.45
18.70
12.35
5,900
Oct 14, 2024
18.52
18.52
18.42
18.45
12.18
21,500
Oct 11, 2024
18.69
18.69
18.54
18.58
12.26
12,700
Oct 10, 2024
18.63
18.63
18.57
18.58
12.27
3,000
Oct 9, 2024
18.71
18.72
18.51
18.52
12.23
11,700
Oct 8, 2024
18.74
18.75
18.65
18.65
12.31
6,700
Oct 7, 2024
18.79
18.90
18.73
18.85
12.44
4,000
Oct 4, 2024
18.69
18.85
18.65
18.67
12.32
8,300
Oct 3, 2024
18.89
18.95
18.82
18.86
12.45
16,100
Oct 2, 2024
18.87
18.91
18.78
18.81
12.42
6,100
Oct 1, 2024
18.67
18.92
18.67
18.85
12.44
28,800
Sep 30, 2024
18.72
18.80
18.65
18.67
12.33
11,500
Sep 27, 2024
18.55
18.69
18.53
18.65
12.31
12,300
Sep 26, 2024
18.60
18.69
18.44
18.54
12.24
33,900
Sep 25, 2024
18.72
18.72
18.62
18.67
12.33
9,900
Sep 24, 2024
18.74
18.81
18.65
18.69
12.34
9,500
Sep 23, 2024
18.72
18.80
18.71
18.75
12.38
17,400
Sep 20, 2024
18.73
18.85
18.68
18.76
12.39
16,100
Sep 19, 2024
18.76
18.82
18.60
18.70
12.34
50,100
Sep 18, 2024
19.02
19.16
18.95
19.16
12.65
14,600
Sep 17, 2024
18.99
19.14
18.95
19.10
12.61
19,600
Sep 16, 2024
19.09
19.54
19.06
19.07
12.59
18,500
Sep 13, 2024
19.10
19.10
18.95
18.96
12.52
20,900
Sep 12, 2024
19.18
19.25
19.01
19.07
12.59
18,200
Sep 11, 2024
19.58
19.84
19.14
19.14
12.64
21,400
Sep 10, 2024
19.72
19.84
19.60
19.60
12.94
16,300
Sep 9, 2024
19.81
19.94
19.73
19.78
13.06
17,300
Sep 6, 2024
0.423 Dividend 

Sep 6, 2024
19.83
19.97
19.81
19.85
13.10
18,100
Sep 5, 2024
20.23
20.25
20.16
20.22
13.07
16,100
Sep 4, 2024
20.19
20.33
20.12
20.17
13.04
37,300
Sep 3, 2024
19.88
20.55
19.88
20.14
13.02
20,300
Aug 30, 2024
19.80
19.99
19.74
19.74
12.76
8,200
Aug 29, 2024
19.75
19.97
19.63
19.94
12.89
30,100
Aug 28, 2024
19.65
20.05
19.63
19.83
12.82
15,600
Aug 27, 2024
19.80
19.81
19.63
19.64
12.69
29,100
Aug 26, 2024
19.49
19.73
19.49
19.70
12.73
17,300
Aug 23, 2024
19.54
19.64
19.42
19.52
12.62
32,100
Aug 22, 2024
19.28
19.67
19.26
19.65
12.70
11,800
Aug 21, 2024
19.42
19.44
19.34
19.34
12.50
28,900
Aug 20, 2024
19.39
19.47
19.34
19.41
12.55
12,600
Aug 19, 2024
19.63
19.67
19.38
19.38
12.53
9,700
Aug 16, 2024
19.64
19.69
19.55
19.60
12.67
10,000
Aug 15, 2024
19.87
19.87
19.62
19.64
12.69
9,100
